1 0.87353515625 0.4597602739726027 0.0380859375 0.07705479452054795
0 0.8798828125 0.5967465753424658 0.119140625 0.3544520547945205
1 0.841796875 0.3065068493150685 0.029296875 0.06506849315068493
0 0.81982421875 0.488013698630137 0.1259765625 0.4349315068493151
1 0.78515625 0.3056506849315068 0.025390625 0.059931506849315065
0 0.78857421875 0.4785958904109589 0.0654296875 0.4160958904109589
1 0.728515625 0.3013698630136986 0.025390625 0.05821917808219178
0 0.7275390625 0.461472602739726 0.064453125 0.3818493150684932
1 0.71435546875 0.4511986301369863 0.0322265625 0.0702054794520548
0 0.69873046875 0.634417808219178 0.1162109375 0.4503424657534247
1 0.67626953125 0.4280821917808219 0.0283203125 0.0547945205479452
0 0.68359375 0.5222602739726028 0.078125 0.25
1 0.66748046875 0.3476027397260274 0.0263671875 0.06164383561643835
0 0.66943359375 0.473458904109589 0.0634765625 0.3441780821917808
1 0.6259765625 0.3236301369863014 0.0234375 0.0547945205479452
0 0.6240234375 0.4597602739726027 0.056640625 0.3441780821917808
1 0.61474609375 0.4554794520547945 0.0322265625 0.05821917808219178
0 0.56298828125 0.6181506849315068 0.1826171875 0.4075342465753425
1 0.5830078125 0.3339041095890411 0.0234375 0.05136986301369863
0 0.5810546875 0.4726027397260274 0.06640625 0.339041095890411
1 0.5234375 0.3219178082191781 0.02734375 0.06164383561643835
0 0.5234375 0.4606164383561644 0.0859375 0.3595890410958904
1 0.48876953125 0.5171232876712328 0.0341796875 0.07191780821917808
0 0.4306640625 0.7003424657534246 0.193359375 0.4452054794520548
1 0.53759765625 0.4974315068493151 0.0322265625 0.06678082191780822
0 0.48681640625 0.6695205479452054 0.1943359375 0.4315068493150685
1 0.56298828125 0.4529109589041096 0.0283203125 0.059931506849315065
0 0.56640625 0.5436643835616438 0.10546875 0.2756849315068493