1 0.223125 0.39625 0.05875 0.1475
0 0.249375 0.655 0.26625 0.69
1 0.3125 0.415 0.055 0.135
0 0.26 0.67375 0.23 0.6525
1 0.41 0.4325 0.0475 0.135
0 0.4025 0.67875 0.2875 0.6425
1 0.454375 0.4975 0.04875 0.135
0 0.436875 0.7125 0.13375 0.575
1 0.494375 0.43 0.05125 0.13
0 0.50625 0.67375 0.215 0.6525
1 0.56 0.48125 0.0525 0.1375
0 0.56375 0.7025 0.14 0.595
1 0.60875 0.43125 0.0475 0.1225
0 0.650625 0.68 0.25375 0.64
1 0.66 0.42875 0.0525 0.1275
0 0.67125 0.67375 0.14 0.6525
1 0.724375 0.445 0.04625 0.13
0 0.7325 0.68375 0.2075 0.6325
1 0.79125 0.41875 0.05 0.1275
0 0.81 0.67375 0.22 0.6525