1 0.199462890625 0.20695970695970695 0.06103515625 0.1282051282051282
0 0.187255859375 0.4794871794871795 0.15478515625 0.7142857142857143
1 0.27197265625 0.2468864468864469 0.0673828125 0.12454212454212454
0 0.25 0.5146520146520146 0.1767578125 0.7391941391941392
1 0.3369140625 0.3117216117216117 0.0810546875 0.13406593406593406
0 0.33447265625 0.5677655677655677 0.1943359375 0.7208791208791209
1 0.453857421875 0.3424908424908425 0.05126953125 0.10329670329670329
0 0.441650390625 0.5516483516483517 0.13232421875 0.6095238095238096
1 0.56005859375 0.30512820512820515 0.0703125 0.12527472527472527
0 0.530029296875 0.5604395604395604 0.15283203125 0.652014652014652
1 0.6015625 0.2549450549450549 0.0751953125 0.1347985347985348
0 0.634033203125 0.5373626373626373 0.29443359375 0.7963369963369963
1 0.96044921875 0.05567765567765568 0.076171875 0.11135531135531136
0 0.876708984375 0.5 0.24658203125 1
1 0.768310546875 0.05347985347985348 0.06591796875 0.10695970695970695
0 0.739990234375 0.5 0.29638671875 1