1 0.9548245614035088 0.5 0.04473684210526316 0.10720562390158173
0 0.9526315789473684 0.6739894551845342 0.09473684210526316 0.45869947275922673
1 0.9118421052631579 0.3216168717047452 0.034210526315789476 0.08787346221441125
0 0.925 0.5632688927943761 0.09210526315789473 0.5782073813708261
1 0.8482456140350877 0.3163444639718805 0.0456140350877193 0.08787346221441125
0 0.8486842105263158 0.5509666080843585 0.11666666666666667 0.5606326889279437
1 0.8381578947368421 0.5509666080843585 0.04298245614035088 0.10720562390158173
0 0.8285087719298245 0.687170474516696 0.12719298245614036 0.4077328646748682
1 0.7714912280701754 0.29964850615114236 0.039473684210526314 0.09314586994727592
0 0.7697368421052632 0.5404217926186292 0.09385964912280702 0.5746924428822495
1 0.7263157894736842 0.48945518453427067 0.0456140350877193 0.11072056239015818
0 0.7105263157894737 0.6687170474516696 0.14210526315789473 0.4833040421792619
1 0.6605263157894737 0.2697715289982425 0.03684210526315789 0.10720562390158173
0 0.6758771929824562 0.5175746924428822 0.11315789473684211 0.6063268892794376
1 0.5837719298245614 0.28471001757469244 0.039473684210526314 0.1054481546572935
0 0.5807017543859649 0.5342706502636204 0.11578947368421053 0.6115992970123023
1 0.4934210526315789 0.30755711775043937 0.037719298245614034 0.09490333919156414
0 0.48464912280701755 0.5553602811950791 0.10087719298245613 0.6045694200351494
1 0.39824561403508774 0.3602811950790861 0.03333333333333333 0.08787346221441125
0 0.4004385964912281 0.5114235500878734 0.07982456140350877 0.3936731107205624
1 0.35657894736842105 0.32073813708260107 0.039473684210526314 0.10017574692442882
0 0.34649122807017546 0.5474516695957821 0.09473684210526316 0.5606326889279437
1 0.35 0.5289982425307557 0.043859649122807015 0.10896309314586995
0 0.33728070175438596 0.70298769771529 0.14473684210526316 0.46397188049209137
1 0.27807017543859647 0.3224956063268893 0.042105263157894736 0.10720562390158173
0 0.2662280701754386 0.5615114235500879 0.10789473684210527 0.5922671353251318
1 0.24078947368421053 0.5149384885764499 0.05 0.10896309314586995
0 0.21052631578947367 0.7170474516695958 0.17017543859649123 0.5553602811950791
1 0.2026315789473684 0.3189806678383128 0.042105263157894736 0.10720562390158173
0 0.17412280701754385 0.5764499121265377 0.1482456140350877 0.6362038664323374
1 0.06929824561403508 0.23110720562390158 0.04736842105263158 0.12126537785588752
0 0.06447368421052632 0.5456942003514939 0.12894736842105264 0.7680140597539543