1 0.10302734375 0.48308823529411765 0.0537109375 0.10735294117647058
0 0.09326171875 0.6977941176470588 0.1240234375 0.5426470588235294
1 0.2158203125 0.5161764705882353 0.0546875 0.11176470588235295
0 0.20751953125 0.7095588235294118 0.1435546875 0.513235294117647
1 0.291015625 0.48823529411764705 0.05078125 0.10588235294117647
0 0.310546875 0.6654411764705882 0.1328125 0.4838235294117647
1 0.43212890625 0.3669117647058823 0.0634765625 0.1161764705882353
0 0.4326171875 0.6485294117647059 0.142578125 0.6882352941176471
1 0.55078125 0.375 0.05859375 0.09117647058823529
0 0.544921875 0.6227941176470588 0.1640625 0.6044117647058823
1 0.64208984375 0.47794117647058826 0.0439453125 0.07941176470588235
0 0.6318359375 0.6735294117647059 0.09765625 0.4764705882352941
1 0.69580078125 0.4823529411764706 0.0419921875 0.08823529411764706
0 0.72119140625 0.6801470588235294 0.1416015625 0.4985294117647059
1 0.73486328125 0.4970588235294118 0.0498046875 0.09117647058823529
0 0.77880859375 0.6727941176470589 0.1630859375 0.4514705882352941
1 0.79931640625 0.3801470588235294 0.0458984375 0.09264705882352942
0 0.86572265625 0.611764705882353 0.2431640625 0.5647058823529412
1 0.7392578125 0.32573529411764707 0.05078125 0.10441176470588236
0 0.75390625 0.524264705882353 0.130859375 0.5102941176470588
1 0.6884765625 0.26838235294117646 0.044921875 0.08088235294117647
0 0.68896484375 0.4772058823529412 0.1083984375 0.5308823529411765
1 0.6083984375 0.26691176470588235 0.044921875 0.08676470588235294
0 0.603515625 0.48676470588235293 0.11328125 0.538235294117647
1 0.501953125 0.2551470588235294 0.044921875 0.07205882352941176
0 0.5078125 0.47352941176470587 0.119140625 0.5794117647058824
1 0.3701171875 0.2661764705882353 0.048828125 0.09117647058823529
0 0.396484375 0.48161764705882354 0.130859375 0.5279411764705882
1 0.29638671875 0.23455882352941176 0.0439453125 0.0838235294117647
0 0.30615234375 0.4676470588235294 0.1142578125 0.5735294117647058
1 0.220703125 0.28088235294117647 0.046875 0.09411764705882353
0 0.25537109375 0.4676470588235294 0.1396484375 0.6
1 0.189453125 0.2514705882352941 0.044921875 0.07352941176470588
0 0.140625 0.4764705882352941 0.162109375 0.5411764705882353