1 0.7668181818181818 0.5153473344103393 0.042727272727272725 0.08077544426494346
0 0.764090909090909 0.7358642972536349 0.10636363636363637 0.5282714054927302
1 0.675 0.49434571890145396 0.05181818181818182 0.10016155088852989
0 0.6690909090909091 0.7132471728594507 0.09818181818181818 0.5735056542810986
1 0.6090909090909091 0.49192245557350567 0.04363636363636364 0.07592891760904685
0 0.5927272727272728 0.7180936995153473 0.11272727272727273 0.5411954765751211
1 0.5222727272727272 0.48222940226171246 0.046363636363636364 0.08562197092084006
0 0.514090909090909 0.710016155088853 0.1190909090909091 0.5411954765751211
1 0.45545454545454545 0.47415185783521807 0.038181818181818185 0.05977382875605816
0 0.4431818181818182 0.6995153473344103 0.11 0.5460420032310178
1 0.40863636363636363 0.5420032310177706 0.03727272727272727 0.06623586429725363
0 0.4109090909090909 0.7326332794830371 0.08181818181818182 0.45718901453957994
1 0.3572727272727273 0.4507269789983845 0.04181818181818182 0.08077544426494346
0 0.355 0.6793214862681745 0.09 0.5508885298869144
1 0.31772727272727275 0.4676898222940226 0.046363636363636364 0.06946688206785137
0 0.30454545454545456 0.6849757673667205 0.10181818181818182 0.5169628432956381
1 0.27045454545454545 0.3974151857835218 0.04090909090909091 0.07431340872374798
0 0.2631818181818182 0.6429725363489499 0.09909090909090909 0.5815831987075929
1 0.2018181818181818 0.4983844911147011 0.04 0.06946688206785137
0 0.195 0.6922455573505655 0.07545454545454545 0.47334410339256866
1 0.0890909090909091 0.4483037156704362 0.04727272727272727 0.0791599353796446
0 0.09090909090909091 0.6849757673667205 0.12181818181818181 0.617124394184168
1 0.11318181818181818 0.40468497576736673 0.04090909090909091 0.08562197092084006
0 0.1190909090909091 0.6405492730210016 0.09454545454545454 0.5702746365105008
1 0.17136363636363636 0.3594507269789984 0.03727272727272727 0.06623586429725363
0 0.1709090909090909 0.6017770597738288 0.08545454545454545 0.5735056542810986
1 0.10818181818181818 0.34006462035541196 0.04181818181818182 0.05977382875605816
0 0.11772727272727272 0.5856219709208401 0.07545454545454545 0.567043618739903
1 0.2640909090909091 0.3077544426494346 0.04454545454545455 0.07592891760904685
0 0.26136363636363635 0.5799676898222941 0.12090909090909091 0.6365105008077544
1 0.38772727272727275 0.33037156704361875 0.05 0.07269789983844911
0 0.37636363636363634 0.5961227786752827 0.13090909090909092 0.6526655896607432
1 0.4859090909090909 0.3182552504038772 0.046363636363636364 0.07108239095315025
0 0.47909090909090907 0.5726978998384491 0.1 0.592891760904685
1 0.48954545454545456 0.4483037156704362 0.046363636363636364 0.08239095315024232
0 0.485 0.6680129240710824 0.07727272727272727 0.5379644588045234
1 0.5609090909090909 0.32148626817447495 0.034545454545454546 0.07108239095315025
0 0.5263636363636364 0.4717285945072698 0.16545454545454547 0.40064620355411956
1 0.6213636363636363 0.3602584814216478 0.04454545454545455 0.07754442649434572
0 0.6054545454545455 0.5977382875605816 0.09818181818181818 0.7205169628432956
1 0.7004545454545454 0.3562197092084006 0.04090909090909091 0.07269789983844911
0 0.6936363636363636 0.5775444264943457 0.12363636363636364 0.6930533117932148
1 0.8972727272727272 0.33279483037156704 0.04363636363636364 0.10016155088852989
0 0.8790909090909091 0.6381260096930533 0.10909090909090909 0.7237479806138933
1 0.8245454545454546 0.34168012924071084 0.038181818181818185 0.07592891760904685
0 0.8231818181818182 0.6332794830371568 0.09 0.6817447495961227
1 0.8563636363636363 0.10258481421647819 0.04181818181818182 0.06623586429725363
0 0.8572727272727273 0.38126009693053314 0.11818181818181818 0.6365105008077544
1 0.3331818181818182 0.22051696284329564 0.035454545454545454 0.05654281098546042
0 0.3386363636363636 0.4208400646203554 0.08818181818181818 0.47334410339256866
1 0.4068181818181818 0.21082390953150243 0.035454545454545454 0.06623586429725363
0 0.40863636363636363 0.40226171243941844 0.08272727272727273 0.4975767366720517
1 0.48318181818181816 0.18093699515347333 0.03727272727272727 0.06785137318255251
0 0.4681818181818182 0.36348949919224555 0.09090909090909091 0.529886914378029
1 0.5986363636363636 0.18336025848142165 0.03909090909090909 0.0630048465266559
0 0.5895454545454546 0.3667205169628433 0.10636363636363637 0.6009693053311793
1 0.15772727272727272 0.2084006462035541 0.031818181818181815 0.06462035541195477
0 0.15136363636363637 0.37964458804523427 0.09363636363636364 0.42649434571890144
1 0.23272727272727273 0.20920840064620355 0.03272727272727273 0.05654281098546042
0 0.21818181818181817 0.3869143780290792 0.07090909090909091 0.41518578352180935
1 0.09181818181818181 0.17932148626817448 0.034545454545454546 0.05815831987075929
0 0.0890909090909091 0.35218093699515346 0.06909090909090909 0.4297253634894992
1 0.6245454545454545 0.13004846526655897 0.03272727272727273 0.05331179321486268
0 0.62 0.2245557350565428 0.08363636363636363 0.2617124394184168
1 0.6986363636363636 0.2245557350565428 0.035454545454545454 0.07431340872374798
0 0.6831818181818182 0.39176090468497576 0.1009090909090909 0.5702746365105008
1 0.84 0.24151857835218093 0.045454545454545456 0.08239095315024232
0 0.8495454545454545 0.4604200323101777 0.12272727272727273 0.5880452342487884
1 0.7654545454545455 0.22778675282714056 0.04181818181818182 0.07108239095315025
0 0.7577272727272727 0.44507269789983844 0.09727272727272727 0.5153473344103393
1 0.7681818181818182 0.26252019386106623 0.045454545454545456 0.08562197092084006
0 0.7586363636363637 0.46445880452342486 0.09545454545454546 0.5024232633279483
1 0.7927272727272727 0.29806138933764137 0.05454545454545454 0.07592891760904685
0 0.775 0.5339256865912763 0.12272727272727273 0.8190630048465266
1 0.8740909090909091 0.3546042003231018 0.035454545454545454 0.0791599353796446
0 0.8804545454545455 0.624394184168013 0.09181818181818181 0.6768982229402262
1 0.8895454545454545 0.2754442649434572 0.042727272727272725 0.0791599353796446
0 0.8936363636363637 0.5048465266558966 0.07636363636363637 0.567043618739903
1 0.42454545454545456 0.3344103392568659 0.034545454545454546 0.07108239095315025
0 0.4254545454545455 0.5533117932148627 0.08363636363636363 0.5218093699515347