1 0.78125 0.2897091722595078 0.015625 0.05592841163310962
0 0.78125 0.2897091722595078 0.015625 0.05592841163310962
1 0.68828125 0.2639821029082774 0.0046875 0.008948545861297539
0 0.68671875 0.28523489932885904 0.0171875 0.05592841163310962
1 0.4875 0.27181208053691275 0.00625 0.011185682326621925
0 0.48671875 0.2975391498881432 0.0171875 0.06263982102908278
1 0.475 0.2639821029082774 0.00625 0.008948545861297539
0 0.471875 0.2930648769574944 0.015625 0.06711409395973154
1 0.45703125 0.27628635346756153 0.0078125 0.011185682326621925
0 0.45546875 0.2975391498881432 0.0203125 0.06263982102908278
1 0.4390625 0.27740492170022374 0.00625 0.008948545861297539
0 0.43828125 0.29977628635346754 0.0171875 0.06711409395973154
1 0.42578125 0.27069351230425054 0.0078125 0.008948545861297539
0 0.4265625 0.2986577181208054 0.01875 0.06935123042505593
1 0.409375 0.2695749440715884 0.009375 0.011185682326621925
0 0.40625 0.2986577181208054 0.01875 0.0738255033557047
1 0.39296875 0.27628635346756153 0.0078125 0.011185682326621925
0 0.39140625 0.30313199105145416 0.0203125 0.06935123042505593
1 0.34921875 0.2740492170022371 0.0078125 0.011185682326621925
0 0.34765625 0.3053691275167785 0.0234375 0.07829977628635347
1 0.33984375 0.27628635346756153 0.0078125 0.011185682326621925
0 0.33984375 0.3042505592841163 0.0234375 0.07606263982102908
1 0.315625 0.30313199105145416 0.009375 0.015659955257270694
0 0.3140625 0.34451901565995524 0.028125 0.10738255033557047
1 0.2921875 0.3232662192393736 0.01875 0.09172259507829977
0 0.2921875 0.3232662192393736 0.01875 0.09172259507829977
1 0.284375 0.28635346756152125 0.009375 0.013422818791946308
0 0.2828125 0.32550335570469796 0.03125 0.09619686800894854
1 0.253125 0.28523489932885904 0.009375 0.011185682326621925
0 0.25 0.32102908277404923 0.025 0.087248322147651
1 0.421875 0.3277404921700224 0.0125 0.015659955257270694
0 0.4203125 0.3691275167785235 0.021875 0.1029082774049217
1 0.4875 0.348993288590604 0.009375 0.013422818791946308
0 0.484375 0.3959731543624161 0.034375 0.11185682326621924
1 0.5140625 0.3568232662192394 0.009375 0.015659955257270694
0 0.515625 0.40380313199105144 0.028125 0.11409395973154363
1 0.53359375 0.36577181208053694 0.0109375 0.015659955257270694
0 0.52890625 0.41498881431767337 0.0390625 0.1185682326621924
1 0.55234375 0.3668903803131991 0.0109375 0.017897091722595078
0 0.553125 0.4116331096196868 0.025 0.116331096196868
1 0.58125 0.41387024608501116 0.0125 0.017897091722595078
0 0.57890625 0.45861297539149887 0.0296875 0.116331096196868
1 0.54453125 0.412751677852349 0.0109375 0.015659955257270694
0 0.5421875 0.46420581655480986 0.028125 0.11409395973154363
1 0.55 0.4451901565995526 0.0125 0.017897091722595078
0 0.54765625 0.4966442953020134 0.0390625 0.1297539149888143
1 0.521875 0.46756152125279643 0.0125 0.017897091722595078
0 0.521875 0.5212527964205816 0.046875 0.12527964205816555
1 0.48515625 0.4720357941834452 0.0140625 0.017897091722595078
0 0.475 0.5134228187919463 0.034375 0.10961968680089486
1 0.46328125 0.5022371364653244 0.0109375 0.015659955257270694
0 0.4578125 0.5536912751677853 0.03125 0.12751677852348994
1 0.4765625 0.4955257270693512 0.0125 0.015659955257270694
0 0.47578125 0.5592841163310962 0.0421875 0.1476510067114094
1 0.41953125 0.5302013422818792 0.0140625 0.026845637583892617
0 0.415625 0.5950782997762863 0.046875 0.15659955257270694
1 0.3265625 0.5335570469798657 0.015625 0.024608501118568233
0 0.3203125 0.5939597315436241 0.040625 0.15883668903803133
1 0.18203125 0.5514541387024608 0.0203125 0.029082774049217
0 0.18125 0.6364653243847874 0.059375 0.203579418344519