1 0.10081541882876205 0.4638888888888889 0.037064492216456635 0.06333333333333334
0 0.09414381022979985 0.6327777777777778 0.15122312824314307 0.42777777777777776
1 0.04966641957005189 0.4488888888888889 0.0340993328391401 0.057777777777777775
0 0.06968124536693847 0.5994444444444444 0.13936249073387694 0.37444444444444447
1 0.4670126019273536 0.4111111111111111 0.04447739065974796 0.05555555555555555
0 0.49406968124536693 0.5983333333333334 0.10303928836174944 0.43666666666666665
1 0.5177909562638991 0.3511111111111111 0.040770941438102296 0.05555555555555555
0 0.5285396590066717 0.5016666666666667 0.17346182357301704 0.37222222222222223
1 0.7279466271312083 0.3933333333333333 0.0340993328391401 0.06444444444444444
0 0.7246108228317272 0.5694444444444444 0.14603409933283915 0.4211111111111111
1 0.885470719051149 0.41888888888888887 0.02742772424017791 0.04888888888888889
0 0.8958487768717569 0.5744444444444444 0.13713862120088954 0.3688888888888889
1 0.9436619718309859 0.42833333333333334 0.0340993328391401 0.056666666666666664
0 0.9369903632320237 0.5816666666666667 0.11860637509266123 0.37444444444444447