1 0.21140939597315436 0.27660123966942146 0.10789881259679918 0.11518595041322315
0 0.17991739803820342 0.5893595041322314 0.35983479607640684 0.8212809917355371
1 0.30433660299432114 0.20144628099173553 0.09550851832731028 0.12396694214876033
0 0.2620030975735674 0.5361570247933884 0.26174496644295303 0.8388429752066116
1 0.4669592152813629 0.2009297520661157 0.09550851832731028 0.10433884297520661
0 0.43675787299948376 0.5229855371900827 0.22922044398554467 0.809400826446281
1 0.6334537945276201 0.20041322314049587 0.073309241094476 0.10020661157024793
0 0.5601445534331441 0.4930268595041322 0.2725864739287558 0.7050619834710744
1 0.7307692307692307 0.2505165289256198 0.06659783169850284 0.08161157024793389
0 0.7369643779039752 0.4997417355371901 0.1997934950955085 0.6193181818181818
1 0.8740320082601962 0.25490702479338845 0.061951471347444505 0.08419421487603305
0 0.8985544656685597 0.518853305785124 0.20289106866288073 0.6554752066115702