1 0.10986394557823129 0.8365472910927456 0.1 0.14325068870523416
0 0.13197278911564625 0.8764921946740128 0.2639455782312925 0.24701561065197428
1 0.10612244897959183 0.7337006427915519 0.0380952380952381 0.05325987144168962
0 0.11836734693877551 0.8480257116620753 0.12108843537414966 0.3039485766758494
1 0.07108843537414966 0.6841138659320477 0.030612244897959183 0.04040404040404041
0 0.05238095238095238 0.8053259871441689 0.08299319727891157 0.28833792470156105
1 0.02619047619047619 0.6965105601469238 0.025170068027210883 0.028466483011937556
0 0.02312925170068027 0.7718089990817264 0.044897959183673466 0.18824609733700642
1 0.10068027210884353 0.7001836547291093 0.02040816326530612 0.021120293847566574
0 0.09863945578231292 0.7653810835629018 0.04353741496598639 0.1588613406795225
1 0.04217687074829932 0.77089072543618 0.05714285714285714 0.1753902662993572
0 0.04217687074829932 0.77089072543618 0.05714285714285714 0.1753902662993572
1 0.13333333333333333 0.6818181818181818 0.02040816326530612 0.028466483011937556
0 0.1302721088435374 0.7589531680440771 0.05102040816326531 0.18089990817263543
1 0.1523809523809524 0.6873278236914601 0.012244897959183673 0.01928374655647383
0 0.1608843537414966 0.7346189164370982 0.06326530612244897 0.12121212121212122
1 0.1935374149659864 0.6900826446280992 0.015646258503401362 0.024793388429752067
0 0.19047619047619047 0.7506887052341598 0.04897959183673469 0.155188246097337
1 0.18299319727891156 0.6877869605142333 0.009523809523809525 0.014692378328741965
0 0.1816326530612245 0.7332415059687787 0.024489795918367346 0.11294765840220386
1 0.16020408163265307 0.7231404958677686 0.023809523809523808 0.09090909090909091
0 0.16020408163265307 0.7231404958677686 0.023809523809523808 0.09090909090909091
1 0.22108843537414966 0.6932966023875115 0.009523809523809525 0.018365472910927456
0 0.21020408163265306 0.7502295684113865 0.04217687074829932 0.13590449954086317
1 0.2571428571428571 0.6965105601469238 0.01904761904761905 0.028466483011937556
0 0.2370748299319728 0.7718089990817264 0.06462585034013606 0.18457300275482094
1 0.28843537414965986 0.696969696969697 0.01904761904761905 0.02938475665748393
0 0.2510204081632653 0.7938475665748393 0.10884353741496598 0.23048668503213957
1 0.2758503401360544 0.6914600550964187 0.01292517006802721 0.018365472910927456
0 0.2785714285714286 0.7470156106519743 0.029251700680272108 0.1349862258953168
1 0.33537414965986395 0.6937557392102847 0.02312925170068027 0.03213957759412305
0 0.3197278911564626 0.7938475665748393 0.08571428571428572 0.23783287419651056
1 0.32482993197278914 0.6864095500459136 0.022448979591836733 0.03397612488521579
0 0.32142857142857145 0.7800734618916437 0.06326530612244897 0.23415977961432508
1 0.3663265306122449 0.6923783287419651 0.015646258503401362 0.02203856749311295
0 0.36156462585034016 0.7640036730945822 0.04149659863945578 0.17263544536271808
1 0.41870748299319727 0.699265381083563 0.022448979591836733 0.03948576675849403
0 0.41258503401360547 0.8163452708907254 0.09183673469387756 0.2809917355371901
1 0.42108843537414964 0.689623507805326 0.02040816326530612 0.03305785123966942
0 0.4139455782312925 0.788337924701561 0.0782312925170068 0.2359963269054178
1 0.40170068027210887 0.6923783287419651 0.015646258503401362 0.027548209366391185
0 0.3952380952380952 0.7837465564738292 0.06666666666666667 0.2194674012855831
1 0.4748299319727891 0.7185491276400368 0.02040816326530612 0.03213957759412305
0 0.4683673469387755 0.8342516069788797 0.06054421768707483 0.2745638200183655
1 0.4384353741496599 0.7006427915518825 0.01020408163265306 0.01652892561983471
0 0.4357142857142857 0.7543617998163453 0.027891156462585033 0.1349862258953168
1 0.458843537414966 0.6877869605142333 0.011564625850340135 0.020202020202020204
0 0.45782312925170066 0.751147842056933 0.03537414965986395 0.1561065197428834
1 0.482312925170068 0.689623507805326 0.014965986394557823 0.02203856749311295
0 0.47959183673469385 0.758494031221304 0.036734693877551024 0.16712580348943984
1 0.5108843537414965 0.6864095500459136 0.010884353741496598 0.017447199265381085
0 0.5112244897959184 0.7327823691460055 0.030612244897959183 0.11386593204775022
1 0.5510204081632653 0.7098255280073462 0.021768707482993196 0.03489439853076217
0 0.563265306122449 0.839761248852158 0.09795918367346938 0.3204775022956841
1 0.6309523809523809 0.6818181818181818 0.018367346938775512 0.02662993572084481
0 0.6370748299319728 0.7901744719926538 0.07006802721088436 0.25068870523415976
1 0.5833333333333334 0.6955922865013774 0.018367346938775512 0.02662993572084481
0 0.5833333333333334 0.7929292929292929 0.05646258503401361 0.23232323232323232
1 0.6503401360544218 0.6919191919191919 0.012244897959183673 0.017447199265381085
0 0.6513605442176871 0.7442607897153352 0.03469387755102041 0.1258034894398531
1 0.6802721088435374 0.6928374655647382 0.010884353741496598 0.015610651974288337
0 0.6880952380952381 0.7456382001836547 0.04557823129251701 0.1322314049586777
1 0.6986394557823129 0.6932966023875115 0.009523809523809525 0.012855831037649219
0 0.7006802721088435 0.7327823691460055 0.02857142857142857 0.10101010101010101
1 0.7193877551020408 0.6808999081726355 0.007482993197278911 0.010101010101010102
0 0.7197278911564626 0.721763085399449 0.02857142857142857 0.09182736455463728
1 0.7377551020408163 0.6781450872359963 0.014285714285714285 0.01928374655647383
0 0.7418367346938776 0.743801652892562 0.03605442176870748 0.15243342516069788
1 0.7612244897959184 0.7043158861340679 0.009523809523809525 0.012855831037649219
0 0.7642857142857142 0.7341597796143251 0.019727891156462583 0.0780532598714417
1 0.789795918367347 0.6841138659320477 0.012244897959183673 0.02203856749311295
0 0.7894557823129251 0.7474747474747475 0.04013605442176871 0.15426997245179064
1 0.8187074829931973 0.6955922865013774 0.011564625850340135 0.01928374655647383
0 0.8200680272108843 0.7621671258034894 0.05102040816326531 0.15977961432506887
1 0.8156462585034013 0.6804407713498623 0.00816326530612245 0.011019283746556474
0 0.8217687074829932 0.738751147842057 0.04081632653061224 0.1349862258953168
1 0.8564625850340136 0.6850321395775941 0.010884353741496598 0.01652892561983471
0 0.8574829931972789 0.7304866850321395 0.025170068027210883 0.1111111111111111
1 0.8687074829931973 0.6877869605142333 0.014965986394557823 0.018365472910927456
0 0.8792517006802721 0.7539026629935721 0.05374149659863946 0.15243342516069788
1 0.8972789115646258 0.6831955922865014 0.00816326530612245 0.011019283746556474
0 0.9023809523809524 0.7079889807162535 0.022448979591836733 0.0642791551882461
1 0.9275510204081633 0.679981634527089 0.014285714285714285 0.017447199265381085
0 0.923469387755102 0.743801652892562 0.04421768707482993 0.1561065197428834
1 0.9272108843537415 0.6808999081726355 0.014965986394557823 0.021120293847566574
0 0.9275510204081633 0.7346189164370982 0.03469387755102041 0.12121212121212122
1 0.9523809523809523 0.689623507805326 0.014965986394557823 0.020202020202020204
0 0.9636054421768707 0.7520661157024794 0.04829931972789116 0.1487603305785124
1 0.9680272108843537 0.6850321395775941 0.009523809523809525 0.012855831037649219
0 0.9717687074829932 0.7369146005509641 0.03605442176870748 0.12764003673094582