1 0.2353846153846154 0.4408376963350785 0.047692307692307694 0.06492146596858639
0 0.23346153846153847 0.6293193717277487 0.13307692307692306 0.4607329842931937
1 0.27192307692307693 0.43926701570680626 0.02846153846153846 0.04293193717277487
0 0.2692307692307692 0.5539267015706806 0.05846153846153846 0.28272251308900526
1 0.31384615384615383 0.42879581151832463 0.03230769230769231 0.04712041884816754
0 0.3169230769230769 0.5649214659685864 0.11692307692307692 0.32774869109947646
1 0.3219230769230769 0.4109947643979058 0.025384615384615384 0.0387434554973822
0 0.32384615384615384 0.5314136125654451 0.07692307692307693 0.2942408376963351
1 0.39807692307692305 0.44397905759162304 0.02846153846153846 0.04607329842931937
0 0.3873076923076923 0.5696335078534032 0.09153846153846154 0.3078534031413613
1 0.3392307692307692 0.4272251308900524 0.02 0.033507853403141365
0 0.3376923076923077 0.5277486910994764 0.04923076923076923 0.2450261780104712
1 0.4376923076923077 0.4350785340314136 0.023076923076923078 0.03664921465968586
0 0.4503846153846154 0.5549738219895288 0.06384615384615384 0.28272251308900526
1 0.4823076923076923 0.456020942408377 0.027692307692307693 0.04502617801047121
0 0.48923076923076925 0.5680628272251309 0.05692307692307692 0.28167539267015707
1 0.4969230769230769 0.4418848167539267 0.03538461538461538 0.048167539267015703
0 0.51 0.5979057591623037 0.1076923076923077 0.36020942408376966
1 0.4046153846153846 0.4544502617801047 0.021538461538461538 0.02931937172774869
0 0.40615384615384614 0.5513089005235602 0.05076923076923077 0.22303664921465968
1 0.4207692307692308 0.44136125654450264 0.016923076923076923 0.030366492146596858
0 0.4226923076923077 0.5361256544502618 0.04846153846153846 0.23036649214659685
1 0.46615384615384614 0.43455497382198954 0.016923076923076923 0.027225130890052355
0 0.4696153846153846 0.5198952879581152 0.040769230769230766 0.20418848167539266
1 0.4857692307692308 0.4198952879581152 0.019230769230769232 0.031413612565445025
0 0.49038461538461536 0.5392670157068062 0.05 0.2743455497382199
1 0.5188461538461538 0.41832460732984295 0.023846153846153847 0.03664921465968586
0 0.525 0.5445026178010471 0.057692307692307696 0.2973821989528796
1 0.5288461538461539 0.4319371727748691 0.019230769230769232 0.030366492146596858
0 0.5292307692307693 0.5246073298429319 0.043076923076923075 0.22827225130890053
1 0.5534615384615384 0.42670157068062825 0.02076923076923077 0.030366492146596858
0 0.5496153846153846 0.5198952879581152 0.04692307692307692 0.225130890052356
1 0.6134615384615385 0.42879581151832463 0.025384615384615384 0.03664921465968586
0 0.6146153846153846 0.5455497382198953 0.10615384615384615 0.2994764397905759
1 0.8357692307692308 0.40680628272251307 0.04230769230769231 0.05759162303664921
0 0.8392307692307692 0.5869109947643979 0.09384615384615384 0.42408376963350786
1 0.8857692307692308 0.42408376963350786 0.05307692307692308 0.0774869109947644
0 0.8773076923076923 0.6497382198952879 0.10076923076923076 0.53717277486911
1 0.9734615384615385 0.4130890052356021 0.05307692307692308 0.08691099476439791
0 0.9246153846153846 0.6780104712041884 0.15076923076923077 0.643979057591623
1 0.011153846153846153 0.4329842931937173 0.0038461538461538464 0.005235602094240838
0 0.009615384615384616 0.44659685863874343 0.01 0.03664921465968586
1 0.02423076923076923 0.43036649214659684 0.0038461538461538464 0.0062827225130890054
0 0.023846153846153847 0.44607329842931936 0.012307692307692308 0.03769633507853403