1 0.0359375 0.20916666666666667 0.071875 0.16166666666666665
0 0.10208333333333333 0.5625 0.20416666666666666 0.875
1 0.16197916666666667 0.20166666666666666 0.146875 0.26
0 0.15625 0.5325 0.27708333333333335 0.935
1 0.18697916666666667 0.2775 0.06979166666666667 0.105
0 0.19427083333333334 0.6233333333333333 0.16145833333333334 0.7533333333333333
1 0.2989583333333333 0.24 0.03333333333333333 0.07333333333333333
0 0.3125 0.43916666666666665 0.08541666666666667 0.485
1 0.32083333333333336 0.2875 0.03958333333333333 0.08833333333333333
0 0.32916666666666666 0.5083333333333333 0.11875 0.54
1 0.41354166666666664 0.2991666666666667 0.0375 0.075
0 0.40625 0.5125 0.10625 0.525
1 0.48385416666666664 0.2866666666666667 0.065625 0.12
0 0.46875 0.6083333333333333 0.20416666666666666 0.7833333333333333
1 0.5588541666666667 0.265 0.040625 0.07666666666666666
0 0.5630208333333333 0.5 0.10104166666666667 0.56
1 0.6052083333333333 0.32083333333333336 0.06041666666666667 0.12833333333333333
0 0.6239583333333333 0.6258333333333334 0.175 0.7483333333333333
1 0.6739583333333333 0.3175 0.025 0.045
0 0.675 0.4066666666666667 0.04583333333333333 0.23666666666666666
1 0.7052083333333333 0.2775 0.035416666666666666 0.06166666666666667
0 0.7072916666666667 0.455 0.09375 0.42333333333333334
1 0.7453125 0.3358333333333333 0.053125 0.09833333333333333
0 0.7380208333333333 0.6208333333333333 0.14479166666666668 0.7583333333333333
1 0.8395833333333333 0.24666666666666667 0.0375 0.06
0 0.834375 0.43916666666666665 0.10416666666666667 0.475
1 0.8802083333333334 0.2783333333333333 0.029166666666666667 0.056666666666666664
0 0.8833333333333333 0.4558333333333333 0.05416666666666667 0.42833333333333334
1 0.9265625 0.15083333333333335 0.146875 0.3016666666666667
0 0.8479166666666667 0.5 0.30416666666666664 1
1 0.8140625 0.27416666666666667 0.023958333333333335 0.058333333333333334
0 0.8052083333333333 0.44416666666666665 0.07708333333333334 0.425