1 0.007876969242310577 0.575 0.015753938484621154 0.013
0 0.012003000750187547 0.61125 0.024006001500375095 0.0895
1 0.0277569392348087 0.5765 0.019504876219054765 0.016
0 0.02663165791447862 0.61875 0.05326331582895724 0.1025
1 0.00450112528132033 0.565 0.00900225056264066 0.008
0 0.008252063015753939 0.59025 0.016504126031507877 0.0615
1 0.03900975243810953 0.5695 0.016504126031507877 0.012
0 0.04238559639909977 0.6095 0.051762940735183796 0.095
1 0.05776444111027757 0.5725 0.00900225056264066 0.006
0 0.05738934733683421 0.59225 0.023255813953488372 0.0475
1 0.07351837959489872 0.56825 0.00900225056264066 0.0065
0 0.0708927231807952 0.5875 0.03075768942235559 0.047
1 0.1005251312828207 0.5715 0.016504126031507877 0.011
0 0.09789947486871718 0.611 0.05026256564141035 0.096
1 0.1275318829707427 0.56575 0.007501875468867217 0.0055
0 0.12903225806451613 0.5825 0.02250562640660165 0.04
1 0.15491372843210802 0.57125 0.015753938484621154 0.0115
0 0.14816204051012752 0.611 0.05476369092273068 0.095
1 0.20630157539384847 0.58375 0.03600900225056264 0.0295
0 0.2021755438859715 0.66725 0.0967741935483871 0.1975
1 0.24118529632408103 0.571 0.012753188297074268 0.008
0 0.2374343585896474 0.59925 0.03375843960990248 0.0655
1 0.2865716429107277 0.57475 0.03600900225056264 0.0285
0 0.28769692423105775 0.66375 0.1072768192048012 0.2135
1 0.2569392348087022 0.56975 0.006751687921980495 0.0055
0 0.25618904726181546 0.58275 0.015753938484621154 0.0355
1 0.30607651912978245 0.57175 0.007501875468867217 0.0065
0 0.30682670667666917 0.58675 0.019504876219054765 0.0405
1 0.31882970742685673 0.56625 0.006001500375093774 0.0045
0 0.3184546136534134 0.57775 0.015753938484621154 0.0295
1 0.33383345836459116 0.57525 0.01350337584396099 0.0125
0 0.33495873968492124 0.60525 0.03975993998499625 0.0775
1 0.3420855213803451 0.57225 0.006001500375093774 0.0045
0 0.3413353338334584 0.58325 0.012003000750187547 0.0285
1 0.36159039759939987 0.57075 0.015003750937734433 0.0135
0 0.36346586646661666 0.60275 0.05026256564141035 0.0805
1 0.3840960240060015 0.57225 0.007501875468867217 0.0045
0 0.3840960240060015 0.5855 0.016504126031507877 0.033
1 0.413728432108027 0.56975 0.03825956489122281 0.0275
0 0.40772693173293323 0.66225 0.12228057014253563 0.2155
1 0.5247561890472618 0.56675 0.04876219054763691 0.0475
0 0.5262565641410353 0.6815 0.1447861965491373 0.279
1 0.5742685671417854 0.5715 0.014253563390847712 0.011
0 0.5723930982745686 0.597 0.03600900225056264 0.064
1 0.5986496624156039 0.62475 0.021005251312828207 0.0135
0 0.6125281320330083 0.65775 0.051762940735183796 0.0955
1 0.63615903975994 0.68275 0.01800450112528132 0.0115
0 0.6556639159789948 0.69025 0.07351837959489872 0.0365
1 0.5937734433608403 0.56 0.011252813203300824 0.008
0 0.595648912228057 0.58075 0.02700675168792198 0.0515
1 0.6095273818454614 0.56875 0.015753938484621154 0.0075
0 0.6061515378844711 0.59025 0.033008252063015754 0.0545
1 0.618529632408102 0.565 0.012753188297074268 0.01
0 0.6211552888222055 0.58475 0.024006001500375095 0.0515
1 0.6312828207051763 0.57475 0.0172543135783946 0.0135
0 0.6316579144786196 0.619 0.05701425356339085 0.104
1 0.6451612903225806 0.56975 0.010502625656414103 0.0075
0 0.6462865716429107 0.60125 0.02625656414103526 0.0715
1 0.667291822955739 0.57025 0.015753938484621154 0.0135
0 0.667291822955739 0.603 0.04276069017254314 0.086
1 0.6785446361590397 0.5815 0.018754688672168042 0.014
0 0.6830457614403601 0.62275 0.04576144036009002 0.0995
1 0.6811702925731433 0.565 0.010502625656414103 0.008
0 0.6830457614403601 0.58125 0.0277569392348087 0.0425
1 0.6965491372843211 0.5675 0.011252813203300824 0.008
0 0.6935483870967742 0.58125 0.0172543135783946 0.0385
1 0.708927231807952 0.567 0.010502625656414103 0.008
0 0.7066766691672918 0.58425 0.024006001500375095 0.0435
1 0.7490622655663915 0.574 0.07126781695423856 0.057
0 0.7561890472618155 0.729 0.2625656414103526 0.372
1 0.7903225806451613 0.5745 0.02175543885971493 0.017
0 0.7828207051762941 0.6225 0.05776444111027757 0.117
1 0.7985746436609152 0.56975 0.020255063765941484 0.0175
0 0.7989497374343586 0.60775 0.037509377344336084 0.0965
1 0.8173293323330832 0.58175 0.020255063765941484 0.0145
0 0.8177044261065266 0.62475 0.046511627906976744 0.1015
1 0.8207051762940735 0.5615 0.015003750937734433 0.013
0 0.8233308327081771 0.596 0.04126031507876969 0.086
1 0.8675918979744937 0.56725 0.04876219054763691 0.0375
0 0.8578394598649662 0.68125 0.12378094523630907 0.2685
1 0.9227306826706677 0.5645 0.058514628657164294 0.047
0 0.927231807951988 0.7005 0.14103525881470366 0.323