1 0.2048992673992674 0.3989028213166144 0.04945054945054945 0.09012539184952978
0 0.20249542124542125 0.5985501567398119 0.1353021978021978 0.5035266457680251
1 0.3383699633699634 0.38851880877742945 0.07051282051282051 0.14067398119122257
0 0.3334478021978022 0.6573275862068966 0.18795787545787546 0.6853448275862069
1 0.47584706959706957 0.24823667711598746 0.07577838827838827 0.19239811912225704
0 0.5131639194139194 0.5730799373040752 0.21726190476190477 0.8538401253918495
1 0.3913690476190476 0.38969435736677116 0.045558608058608056 0.10462382445141066
0 0.39800824175824173 0.6641849529780565 0.12156593406593406 0.6716300940438872
1 0.30070970695970695 0.43710815047021945 0.031364468864468864 0.06622257053291536
0 0.2938415750915751 0.611873040752351 0.09455128205128205 0.4243730407523511
1 0.41586538461538464 0.4157523510971787 0.025412087912087912 0.052507836990595615
0 0.4170100732600733 0.6030564263322884 0.07348901098901099 0.44043887147335425
1 0.8290979853479854 0.3289576802507837 0.06753663003663003 0.12264890282131662
0 0.8434065934065934 0.6289184952978056 0.2239010989010989 0.7421630094043887
1 0.6504120879120879 0.41810344827586204 0.030677655677655676 0.06426332288401254
0 0.6489239926739927 0.5483934169278997 0.08127289377289378 0.3365987460815047
1 0.6880723443223443 0.44474921630094044 0.011217948717948718 0.018808777429467086
0 0.6889880952380952 0.5096003134796239 0.024496336996336996 0.15478056426332287
1 0.7024954212454212 0.4278996865203762 0.018086080586080588 0.03526645768025078
0 0.7068452380952381 0.5105799373040752 0.03182234432234432 0.21316614420062696
1 0.7219551282051282 0.3996865203761755 0.029075091575091576 0.06974921630094044
0 0.7319139194139194 0.5979623824451411 0.0902014652014652 0.48197492163009403
1 0.7926968864468864 0.4010579937304075 0.028617216117216116 0.05446708463949843
0 0.788804945054945 0.5769984326018809 0.08997252747252747 0.47844827586206895
1 0.8845009157509157 0.38499216300940436 0.03411172161172161 0.05760188087774295
0 0.8870192307692307 0.5023510971786834 0.06662087912087912 0.30956112852664575
1 0.9245650183150184 0.431230407523511 0.03411172161172161 0.06700626959247649
0 0.9314331501831502 0.5977664576802508 0.0625 0.4212382445141066
1 0.9432234432234432 0.41398902821316613 0.026556776556776556 0.04741379310344827
0 0.9538690476190477 0.6024686520376176 0.07303113553113554 0.43299373040752354
1 0.9269688644688645 0.4286833855799373 0.03571428571428571 0.06191222570532915
0 0.9337225274725275 0.5820924764890282 0.06524725274725275 0.4196708463949843