1 0.09389671361502347 0.7395833333333334 0.03286384976525822 0.0625
0 0.08215962441314555 0.8510416666666667 0.11267605633802817 0.29791666666666666
1 0.18427230046948356 0.7020833333333333 0.011737089201877934 0.020833333333333332
0 0.1772300469483568 0.7572916666666667 0.03286384976525822 0.13958333333333334
1 0.1977699530516432 0.7052083333333333 0.005868544600938967 0.010416666666666666
0 0.19718309859154928 0.734375 0.018779342723004695 0.07708333333333334
1 0.2282863849765258 0.6979166666666666 0.01056338028169014 0.020833333333333332
0 0.2306338028169014 0.7552083333333334 0.03403755868544601 0.13958333333333334
1 0.25938967136150237 0.7135416666666666 0.009389671361502348 0.01875
0 0.25821596244131456 0.771875 0.028169014084507043 0.14375
1 0.2852112676056338 0.690625 0.011737089201877934 0.01875
0 0.2846244131455399 0.7604166666666666 0.03403755868544601 0.1625
1 0.31161971830985913 0.7072916666666667 0.01056338028169014 0.01875
0 0.30985915492957744 0.7604166666666666 0.028169014084507043 0.13333333333333333
1 0.34330985915492956 0.678125 0.022300469483568074 0.03958333333333333
0 0.34976525821596244 0.8177083333333334 0.07511737089201878 0.33125
1 0.3961267605633803 0.7104166666666667 0.012910798122065728 0.020833333333333332
0 0.39730046948356806 0.7770833333333333 0.03403755868544601 0.1625
1 0.41960093896713613 0.7166666666666667 0.012910798122065728 0.020833333333333332
0 0.41431924882629106 0.7833333333333333 0.035211267605633804 0.15833333333333333
1 0.42194835680751175 0.6958333333333333 0.012910798122065728 0.020833333333333332
0 0.42018779342723006 0.7666666666666667 0.028169014084507043 0.17083333333333334
1 0.43720657276995306 0.7166666666666667 0.012910798122065728 0.025
0 0.43720657276995306 0.7864583333333334 0.03403755868544601 0.17291666666666666
1 0.4753521126760563 0.709375 0.014084507042253521 0.027083333333333334
0 0.47300469483568075 0.784375 0.035211267605633804 0.18125
1 0.4988262910798122 0.7041666666666667 0.014084507042253521 0.029166666666666667
0 0.5011737089201878 0.78125 0.035211267605633804 0.19166666666666668
1 0.5269953051643192 0.7166666666666667 0.014084507042253521 0.029166666666666667
0 0.5264084507042254 0.7916666666666666 0.03403755868544601 0.1875
1 0.5422535211267606 0.7125 0.014084507042253521 0.029166666666666667
0 0.534037558685446 0.7927083333333333 0.04460093896713615 0.19791666666666666
1 0.5586854460093896 0.7010416666666667 0.014084507042253521 0.03125
0 0.5610328638497653 0.7885416666666667 0.035211267605633804 0.21875
1 0.5663145539906104 0.7052083333333333 0.012910798122065728 0.027083333333333334
0 0.5674882629107981 0.7875 0.03403755868544601 0.2
1 0.596830985915493 0.7125 0.012910798122065728 0.029166666666666667
0 0.5927230046948356 0.8052083333333333 0.04929577464788732 0.22708333333333333
1 0.6214788732394366 0.70625 0.015258215962441314 0.03333333333333333
0 0.6167840375586855 0.8010416666666667 0.04812206572769953 0.23958333333333334
1 0.6525821596244131 0.7114583333333333 0.014084507042253521 0.035416666666666666
0 0.6519953051643192 0.8135416666666667 0.03873239436619718 0.24375
1 0.6842723004694836 0.7197916666666667 0.018779342723004695 0.03958333333333333
0 0.6854460093896714 0.8229166666666666 0.06807511737089202 0.25833333333333336
1 0.7194835680751174 0.7052083333333333 0.01643192488262911 0.03125
0 0.7230046948356808 0.815625 0.051643192488262914 0.26875
1 0.7511737089201878 0.7 0.018779342723004695 0.041666666666666664
0 0.7470657276995305 0.815625 0.04812206572769953 0.28125
1 0.8028169014084507 0.728125 0.02112676056338028 0.03958333333333333
0 0.7934272300469484 0.8375 0.07746478873239436 0.2708333333333333
1 0.8374413145539906 0.696875 0.02464788732394366 0.04375
0 0.840962441314554 0.8270833333333333 0.04812206572769953 0.31666666666666665
1 0.8679577464788732 0.6989583333333333 0.022300469483568074 0.04791666666666667
0 0.8573943661971831 0.8291666666666667 0.07394366197183098 0.31666666666666665
1 0.875 0.6989583333333333 0.022300469483568074 0.03958333333333333
0 0.8761737089201878 0.8364583333333333 0.06690140845070422 0.32708333333333334
1 0.9172535211267606 0.6895833333333333 0.02699530516431925 0.05
0 0.9178403755868545 0.8291666666666667 0.0539906103286385 0.3416666666666667
1 0.9242957746478874 0.7166666666666667 0.022300469483568074 0.0375
0 0.937206572769953 0.84375 0.0528169014084507 0.3125
1 0.9231220657276995 0.71875 0.017605633802816902 0.03333333333333333
0 0.9196009389671361 0.8458333333333333 0.06455399061032864 0.30833333333333335
1 0.9694835680751174 0.7125 0.028169014084507043 0.05416666666666667
0 0.9724178403755869 0.8395833333333333 0.05516431924882629 0.32083333333333336