1 0.1125 0.39716981132075474 0.04 0.07358490566037736
0 0.10625 0.5858490566037736 0.0875 0.4962264150943396
1 0.14625 0.4839622641509434 0.0175 0.035849056603773584
0 0.1475 0.5754716981132075 0.045 0.23018867924528302
1 0.201875 0.4981132075471698 0.01375 0.026415094339622643
0 0.2075 0.5707547169811321 0.045 0.19056603773584907
1 0.343125 0.32452830188679244 0.03875 0.07169811320754717
0 0.345 0.5367924528301887 0.1475 0.5792452830188679
1 0.401875 0.2169811320754717 0.06625 0.12830188679245283
0 0.4025 0.5405660377358491 0.21 0.8811320754716981
1 0.56 0.26132075471698113 0.0575 0.09622641509433963
0 0.56875 0.5481132075471699 0.155 0.7943396226415095
1 0.64875 0.46226415094339623 0.025 0.04905660377358491
0 0.655 0.5933962264150944 0.06 0.330188679245283
1 0.69625 0.44339622641509435 0.03 0.052830188679245285
0 0.700625 0.5924528301886792 0.07875 0.3622641509433962
1 0.771875 0.44339622641509435 0.02875 0.052830188679245285
0 0.773125 0.5735849056603773 0.06375 0.3320754716981132
1 0.804375 0.43113207547169813 0.03375 0.05849056603773585
0 0.825625 0.5952830188679246 0.08625 0.39811320754716983
1 0.87875 0.41320754716981134 0.04 0.04905660377358491
0 0.84125 0.5764150943396227 0.1325 0.38301886792452833
1 0.9325 0.3877358490566038 0.0375 0.05471698113207547
0 0.9275 0.5537735849056604 0.06 0.4056603773584906
1 0.9825 0.37264150943396224 0.0325 0.07358490566037736
0 0.965 0.5839622641509434 0.07 0.5150943396226415
1 0.793125 0.6528301886792452 0.03125 0.04905660377358491
0 0.786875 0.7132075471698113 0.07625 0.18490566037735848
1 0.79375 0.5962264150943396 0.0325 0.052830188679245285
0 0.78625 0.680188679245283 0.125 0.24339622641509434
1 0.913125 0.5481132075471699 0.05125 0.07735849056603773
0 0.916875 0.6858490566037736 0.16625 0.36792452830188677
1 0.88375 0.630188679245283 0.0325 0.06037735849056604
0 0.85125 0.6783018867924528 0.11 0.16792452830188678