1 0.6553846153846153 0.5916666666666667 0.03230769230769231 0.03958333333333333
0 0.6569230769230769 0.7114583333333333 0.0876923076923077 0.28541666666666665
1 0.5607692307692308 0.5927083333333333 0.024615384615384615 0.041666666666666664
0 0.5573076923076923 0.7052083333333333 0.07153846153846154 0.275
1 0.4869230769230769 0.5833333333333334 0.023076923076923078 0.035416666666666666
0 0.495 0.68125 0.07 0.27708333333333335
1 0.3426923076923077 0.5760416666666667 0.025384615384615384 0.041666666666666664
0 0.32846153846153847 0.7046875 0.09846153846153846 0.31354166666666666
1 0.2173076923076923 0.5828125 0.025384615384615384 0.03854166666666667
0 0.22115384615384615 0.6953125 0.08538461538461538 0.2635416666666667
1 0.3088461538461538 0.5802083333333333 0.022307692307692306 0.03333333333333333
0 0.29923076923076924 0.69375 0.06153846153846154 0.26875
1 0.03307692307692308 0.55625 0.013846153846153847 0.016666666666666666
0 0.035 0.6270833333333333 0.07 0.1625
1 0.018461538461538463 0.6302083333333334 0.036923076923076927 0.15833333333333333
0 0.018461538461538463 0.6302083333333334 0.036923076923076927 0.15833333333333333
1 0.07346153846153847 0.5427083333333333 0.011538461538461539 0.016666666666666666
0 0.06961538461538462 0.6104166666666667 0.040769230769230766 0.15416666666666667
1 0.10846153846153846 0.5583333333333333 0.013846153846153847 0.022916666666666665
0 0.10961538461538461 0.628125 0.04692307692307692 0.16875
1 0.09846153846153846 0.5703125 0.012307692307692308 0.019791666666666666
0 0.09923076923076923 0.621875 0.027692307692307693 0.12708333333333333
1 0.095 0.553125 0.008461538461538461 0.0125
0 0.09423076923076923 0.6046875 0.026923076923076925 0.11770833333333333
1 0.08692307692307692 0.5494791666666666 0.009230769230769232 0.015625
0 0.08615384615384615 0.5927083333333333 0.024615384615384615 0.10833333333333334
1 0.1346153846153846 0.5760416666666667 0.012307692307692308 0.01875
0 0.13384615384615384 0.628125 0.033846153846153845 0.13333333333333333
1 0.13307692307692306 0.5625 0.015384615384615385 0.022916666666666665
0 0.13307692307692306 0.6130208333333333 0.03076923076923077 0.12604166666666666
1 0.17807692307692308 0.5614583333333333 0.011538461538461539 0.020833333333333332
0 0.18461538461538463 0.6270833333333333 0.04461538461538461 0.16041666666666668
1 0.20923076923076922 0.5588541666666667 0.012307692307692308 0.015625
0 0.20807692307692308 0.615625 0.03461538461538462 0.13541666666666666
1 0.24653846153846154 0.5635416666666667 0.01 0.014583333333333334
0 0.2469230769230769 0.5947916666666667 0.021538461538461538 0.08125
1 0.26153846153846155 0.5692708333333333 0.010769230769230769 0.015625
0 0.2623076923076923 0.6010416666666667 0.023076923076923078 0.08333333333333333
1 0.3830769230769231 0.5739583333333333 0.010769230769230769 0.014583333333333334
0 0.38269230769230766 0.6223958333333334 0.03 0.115625
1 0.36615384615384616 0.5546875 0.009230769230769232 0.013541666666666667
0 0.3676923076923077 0.6005208333333333 0.026153846153846153 0.109375
1 0.41 0.5765625 0.007692307692307693 0.013541666666666667
0 0.4096153846153846 0.6109375 0.019230769230769232 0.08645833333333333
1 0.4346153846153846 0.5671875 0.009230769230769232 0.013541666666666667
0 0.435 0.6057291666666667 0.019230769230769232 0.09270833333333334
1 0.395 0.5630208333333333 0.006923076923076923 0.011458333333333333
0 0.3973076923076923 0.5989583333333334 0.02076923076923077 0.08958333333333333
1 0.4603846153846154 0.5494791666666666 0.011538461538461539 0.017708333333333333
0 0.4596153846153846 0.6083333333333333 0.03461538461538462 0.13958333333333334
1 0.4715384615384615 0.5744791666666667 0.010769230769230769 0.017708333333333333
0 0.4696153846153846 0.6260416666666667 0.031538461538461536 0.12708333333333333
1 0.4723076923076923 0.5760416666666667 0.010769230769230769 0.016666666666666666
0 0.4684615384615385 0.6239583333333333 0.033846153846153845 0.11458333333333333
1 0.5226923076923077 0.5614583333333333 0.013076923076923076 0.020833333333333332
0 0.52 0.6135416666666667 0.038461538461538464 0.12708333333333333
1 0.578076923076923 0.5734375 0.011538461538461539 0.019791666666666666
0 0.5807692307692308 0.6166666666666667 0.03230769230769231 0.1125
1 0.5992307692307692 0.5682291666666667 0.012307692307692308 0.017708333333333333
0 0.5957692307692307 0.621875 0.03307692307692308 0.13125
1 0.6165384615384616 0.5776041666666667 0.013076923076923076 0.017708333333333333
0 0.6157692307692307 0.6291666666666667 0.03461538461538462 0.125
1 0.6330769230769231 0.5739583333333333 0.012307692307692308 0.01875
0 0.6296153846153846 0.6114583333333333 0.02076923076923077 0.09791666666666667
1 0.7176923076923077 0.5651041666666666 0.010769230769230769 0.015625
0 0.7188461538461538 0.6125 0.03461538461538462 0.11458333333333333
1 0.6634615384615384 0.5703125 0.013076923076923076 0.017708333333333333
0 0.6630769230769231 0.6208333333333333 0.03538461538461538 0.125