1 0.029787234042553193 0.17703349282296652 0.059574468085106386 0.12121212121212122
0 0.07127659574468086 0.37161084529505584 0.1425531914893617 0.5358851674641149
1 0.1425531914893617 0.26156299840510366 0.11914893617021277 0.20414673046251994
0 0.17340425531914894 0.5462519936204147 0.3468085106382979 0.9074960127591707
1 0.300531914893617 0.10606060606060606 0.08404255319148936 0.16108452950558214
0 0.2771276595744681 0.4138755980861244 0.21808510638297873 0.8181818181818182
1 0.3973404255319149 0.2799043062200957 0.10531914893617021 0.20574162679425836
0 0.36436170212765956 0.5725677830940988 0.3797872340425532 0.8548644338118022
1 0.6026595744680852 0.2902711323763955 0.12446808510638298 0.22966507177033493
0 0.6398936170212766 0.5749601275917066 0.3627659574468085 0.8500797448165869
1 0.9462765957446808 0.2711323763955343 0.1074468085106383 0.2966507177033493
0 0.85 0.5558213716108453 0.3 0.8883572567783095
1 0.9521276595744681 0.08293460925039872 0.09574468085106383 0.16586921850079744
0 0.8882978723404256 0.4984051036682616 0.22340425531914893 0.9968102073365231