1 0.9446808510638298 0.20015948963317384 0.03829787234042553 0.07496012759170653
0 0.9351063829787234 0.3803827751196172 0.10212765957446808 0.4513556618819777
1 0.950531914893617 0.36921850079744817 0.039361702127659576 0.06539074960127592
0 0.948404255319149 0.5534290271132376 0.09468085106382979 0.44019138755980863
1 0.9042553191489362 0.4226475279106858 0.03829787234042553 0.0733652312599681
0 0.8936170212765957 0.6076555023923444 0.1127659574468085 0.44976076555023925
1 0.8265957446808511 0.17862838915470494 0.03829787234042553 0.0733652312599681
0 0.8276595744680851 0.3524720893141946 0.10425531914893617 0.44019138755980863
1 0.823404255319149 0.4098883572567783 0.0425531914893617 0.0733652312599681
0 0.825 0.583732057416268 0.12234042553191489 0.430622009569378
1 0.7632978723404256 0.22488038277511962 0.035106382978723406 0.06379585326953748
0 0.7579787234042553 0.3883572567783094 0.08191489361702127 0.4098883572567783
1 0.7037234042553191 0.24322169059011164 0.035106382978723406 0.06539074960127592
0 0.7069148936170213 0.4011164274322169 0.08191489361702127 0.39074960127591707
1 0.6531914893617021 0.21610845295055822 0.036170212765957444 0.0685805422647528
0 0.6526595744680851 0.3915470494417863 0.07553191489361702 0.4226475279106858
1 0.6079787234042553 0.24082934609250398 0.035106382978723406 0.06379585326953748
0 0.6117021276595744 0.405103668261563 0.09787234042553192 0.39872408293460926
1 0.7340425531914894 0.4354066985645933 0.03404255319148936 0.06698564593301436
0 0.7356382978723405 0.5669856459330144 0.08829787234042553 0.34290271132376393
1 0.7308510638297873 0.6451355661881978 0.04468085106382979 0.08133971291866028
0 0.7648936170212766 0.7799043062200957 0.12127659574468085 0.36044657097288674
1 0.6787234042553192 0.6355661881977671 0.03829787234042553 0.07177033492822966
0 0.6909574468085107 0.7575757575757576 0.10319148936170212 0.32216905901116427
1 0.6095744680851064 0.6499202551834131 0.04042553191489362 0.07814992025518341
0 0.6164893617021276 0.7687400318979266 0.11595744680851064 0.3253588516746411
1 0.5313829787234042 0.6379585326953748 0.03723404255319149 0.0733652312599681
0 0.5234042553191489 0.7671451355661882 0.12127659574468085 0.34768740031897927
1 0.4702127659574468 0.6084529505582137 0.031914893617021274 0.06539074960127592
0 0.47127659574468084 0.7384370015948963 0.07872340425531915 0.3317384370015949
1 0.4117021276595745 0.6259968102073366 0.031914893617021274 0.06539074960127592
0 0.39574468085106385 0.7488038277511961 0.10212765957446808 0.3269537480063796
1 0.34308510638297873 0.6363636363636364 0.03297872340425532 0.06698564593301436
0 0.32659574468085106 0.74481658692185 0.10212765957446808 0.2934609250398724
1 0.27393617021276595 0.6523125996810207 0.035106382978723406 0.07017543859649122
0 0.2473404255319149 0.773524720893142 0.1351063829787234 0.32216905901116427
1 0.5590425531914893 0.4154704944178628 0.035106382978723406 0.07496012759170653
0 0.5537234042553192 0.4904306220095694 0.08404255319148936 0.23763955342902712
1 0.48351063829787233 0.39872408293460926 0.035106382978723406 0.06698564593301436
0 0.4851063829787234 0.48484848484848486 0.0851063829787234 0.2551834130781499
1 0.39893617021276595 0.42503987240829344 0.036170212765957444 0.0685805422647528
0 0.39574468085106385 0.4960127591706539 0.1148936170212766 0.22009569377990432
1 0.33404255319148934 0.17304625199362042 0.036170212765957444 0.07496012759170653
0 0.3170212765957447 0.36921850079744817 0.1851063829787234 0.4768740031897927
1 0.2824468085106383 0.18580542264752792 0.035106382978723406 0.07814992025518341
0 0.2696808510638298 0.36762360446570974 0.17340425531914894 0.45454545454545453
1 0.1946808510638298 0.21371610845295055 0.036170212765957444 0.0733652312599681
0 0.19946808510638298 0.38516746411483255 0.17340425531914894 0.43221690590111644
1 0.1271276595744681 0.17464114832535885 0.039361702127659576 0.06539074960127592
0 0.12074468085106382 0.35007974481658694 0.23085106382978723 0.5311004784688995