1 0.12175 0.4027498323272971 0.0195 0.028839704896042925
0 0.12325 0.49061032863849763 0.0565 0.20858484238765929
1 0.19975 0.40073775989268945 0.0195 0.031522468142186455
0 0.19575 0.4869215291750503 0.0675 0.20791415157612342
1 0.227 0.3963782696177062 0.02 0.03085177733065057
0 0.242 0.48490945674044267 0.056 0.21327967806841047
1 0.245 0.39403085177733066 0.017 0.028839704896042925
0 0.24475 0.4788732394366197 0.0585 0.2052313883299799
1 0.3975 0.397719651240778 0.015 0.022803487592219986
0 0.4 0.46847753185781355 0.049 0.18443997317236754
1 0.43375 0.4101274312541918 0.0175 0.02749832327297116
0 0.434 0.47719651240778 0.041 0.1643192488262911
1 0.44475 0.3715627095908786 0.0175 0.029510395707578806
0 0.4555 0.46177062374245476 0.052 0.21260898725687458
1 0.46375 0.40040241448692154 0.0125 0.017437961099932932
0 0.4695 0.4694835680751174 0.049 0.16096579476861167
1 0.511 0.3869885982562039 0.017 0.02682763246143528
0 0.5075 0.46378269617706236 0.047 0.18309859154929578
1 0.5245 0.3846411804158283 0.018 0.028839704896042925
0 0.52625 0.45875251509054327 0.0425 0.17706237424547283
1 0.55325 0.3732394366197183 0.0155 0.02749832327297116
0 0.55525 0.4503688799463447 0.0615 0.19114688128772636
1 0.566 0.3772635814889336 0.016 0.026156941649899398
0 0.57775 0.45271629778672035 0.0535 0.18376928236083165
1 0.74575 0.3886653252850436 0.0135 0.02079141515761234
0 0.74925 0.46042924211938296 0.0445 0.16834339369550638
1 0.77075 0.40878604963112003 0.0115 0.018108651911468814
0 0.77275 0.4694835680751174 0.0385 0.15157612340710933
1 0.80725 0.41884641180415827 0.0125 0.018108651911468814
0 0.80625 0.4778672032193159 0.0415 0.14017437961099932
1 0.838 0.3997317236753856 0.014 0.025486250838363516
0 0.83925 0.4644533869885983 0.0405 0.15761234071093225
1 0.9225 0.3893360160965795 0.018 0.026156941649899398
0 0.92775 0.45774647887323944 0.0445 0.16700201207243462