1 0.007222222222222222 0.5915637860082305 0.014444444444444444 0.026748971193415638
0 0.055 0.6121399176954733 0.11 0.08436213991769548
1 0.030555555555555555 0.5102880658436214 0.016666666666666666 0.03292181069958848
0 0.055 0.5895061728395061 0.07888888888888888 0.19958847736625515
1 0.11444444444444445 0.4773662551440329 0.013333333333333334 0.024691358024691357
0 0.11555555555555555 0.5432098765432098 0.035555555555555556 0.1646090534979424
1 0.19055555555555556 0.455761316872428 0.027777777777777776 0.059670781893004114
0 0.1738888888888889 0.6121399176954733 0.10111111111111111 0.3888888888888889
1 0.4166666666666667 0.45267489711934156 0.0044444444444444444 0.00823045267489712
0 0.41444444444444445 0.46810699588477367 0.013333333333333334 0.043209876543209874
1 0.415 0.4783950617283951 0.005555555555555556 0.0102880658436214
0 0.4177777777777778 0.492798353909465 0.02 0.047325102880658436
1 0.4272222222222222 0.49074074074074076 0.016666666666666666 0.043209876543209874
0 0.4272222222222222 0.49074074074074076 0.016666666666666666 0.043209876543209874
1 0.46 0.492798353909465 0.013333333333333334 0.03909465020576132
0 0.46 0.492798353909465 0.013333333333333334 0.03909465020576132
1 0.4538888888888889 0.5020576131687243 0.0077777777777777776 0.0205761316872428
0 0.4538888888888889 0.5020576131687243 0.0077777777777777776 0.0205761316872428
1 0.44333333333333336 0.4948559670781893 0.013333333333333334 0.03909465020576132
0 0.44333333333333336 0.4948559670781893 0.013333333333333334 0.03909465020576132
1 0.6316666666666667 0.45781893004115226 0.005555555555555556 0.0102880658436214
0 0.6338888888888888 0.48045267489711935 0.01888888888888889 0.059670781893004114
1 0.6172222222222222 0.4763374485596708 0.005555555555555556 0.0102880658436214
0 0.6094444444444445 0.492798353909465 0.021111111111111112 0.051440329218107
1 0.7061111111111111 0.47530864197530864 0.01 0.01646090534979424
0 0.6994444444444444 0.5123456790123457 0.025555555555555557 0.09876543209876543
1 0.7322222222222222 0.4619341563786008 0.011111111111111112 0.018518518518518517
0 0.7277777777777777 0.5051440329218106 0.04888888888888889 0.10905349794238683
1 0.7627777777777778 0.4609053497942387 0.005555555555555556 0.012345679012345678
0 0.7655555555555555 0.4876543209876543 0.015555555555555555 0.06995884773662552
1 0.8461111111111111 0.5082304526748971 0.014444444444444444 0.02880658436213992
0 0.8527777777777777 0.5545267489711934 0.03888888888888889 0.12551440329218108
1 0.9861111111111112 0.5339506172839507 0.027777777777777776 0.051440329218107
0 0.9722222222222222 0.6008230452674898 0.05555555555555555 0.1934156378600823
1 0.46444444444444444 0.6018518518518519 0.015555555555555555 0.026748971193415638
0 0.4711111111111111 0.6347736625514403 0.04666666666666667 0.10082304526748971
1 0.5222222222222223 0.5895061728395061 0.008888888888888889 0.018518518518518517
0 0.5288888888888889 0.6162551440329218 0.057777777777777775 0.08024691358024691
1 0.5788888888888889 0.5936213991769548 0.02 0.030864197530864196
0 0.5705555555555556 0.6450617283950617 0.056666666666666664 0.17901234567901234
1 0.5944444444444444 0.6532921810699589 0.017777777777777778 0.03497942386831276
0 0.5888888888888889 0.7109053497942387 0.08666666666666667 0.15843621399176955
1 0.5888888888888889 0.8106995884773662 0.02666666666666667 0.06172839506172839
0 0.5827777777777777 0.8868312757201646 0.11444444444444445 0.22633744855967078
1 0.4588888888888889 0.7088477366255144 0.017777777777777778 0.047325102880658436
0 0.4627777777777778 0.7901234567901234 0.09444444444444444 0.21810699588477367
1 0.44166666666666665 0.6574074074074074 0.016666666666666666 0.03497942386831276
0 0.4583333333333333 0.7242798353909465 0.07222222222222222 0.17695473251028807
1 0.15722222222222224 0.3425925925925926 0.005555555555555556 0.0102880658436214
0 0.15666666666666668 0.3713991769547325 0.02 0.07613168724279835
1 0.175 0.3436213991769547 0.0077777777777777776 0.01646090534979424
0 0.17277777777777778 0.36934156378600824 0.016666666666666666 0.08024691358024691
1 0.23833333333333334 0.39197530864197533 0.014444444444444444 0.06378600823045268
0 0.23833333333333334 0.39197530864197533 0.014444444444444444 0.06378600823045268