1 0.244140625 0.4850260416666667 0.05078125 0.07942708333333333
0 0.26904296875 0.6875 0.2099609375 0.484375
1 0.1806640625 0.5188802083333334 0.00390625 0.006510416666666667
0 0.1826171875 0.5286458333333334 0.01953125 0.041666666666666664
1 0.0966796875 0.5078125 0.005859375 0.0078125
0 0.0966796875 0.5319010416666666 0.015625 0.05859375
1 0.0693359375 0.51171875 0.005859375 0.0078125
0 0.068359375 0.537109375 0.017578125 0.053385416666666664
1 0.03076171875 0.51171875 0.0068359375 0.010416666666666666
0 0.03125 0.5338541666666666 0.017578125 0.057291666666666664
1 0.57568359375 0.4973958333333333 0.0068359375 0.010416666666666666
0 0.57666015625 0.5084635416666666 0.0205078125 0.03515625
1 0.5830078125 0.4947916666666667 0.005859375 0.0078125
0 0.58349609375 0.5052083333333334 0.0185546875 0.03125
1 0.57373046875 0.490234375 0.0068359375 0.009114583333333334
0 0.57373046875 0.5013020833333334 0.0126953125 0.036458333333333336
1 0.5 0.5045572916666666 0.005859375 0.009114583333333334
0 0.49853515625 0.5110677083333334 0.0146484375 0.02734375
1 0.48193359375 0.5123697916666666 0.0205078125 0.02734375
0 0.48193359375 0.5123697916666666 0.0205078125 0.02734375
1 0.73046875 0.4140625 0.048828125 0.06770833333333333
0 0.68798828125 0.626953125 0.1552734375 0.5065104166666666
1 0.4501953125 0.421875 0.0546875 0.08333333333333333
0 0.46240234375 0.6569010416666666 0.2255859375 0.57421875
1 0.43359375 0.4850260416666667 0.0390625 0.045572916666666664
0 0.3876953125 0.6549479166666666 0.11328125 0.3984375
1 0.36767578125 0.4680989583333333 0.0185546875 0.029947916666666668
0 0.3759765625 0.5625 0.04296875 0.234375
1 0.38671875 0.484375 0.029296875 0.049479166666666664
0 0.38623046875 0.6145833333333334 0.0751953125 0.3359375
1 0.91650390625 0.431640625 0.0341796875 0.053385416666666664
0 0.9130859375 0.5859375 0.091796875 0.3723958333333333
1 0.98583984375 0.4674479166666667 0.0068359375 0.010416666666666666
0 0.9853515625 0.4778645833333333 0.017578125 0.0390625
1 0.96484375 0.4407552083333333 0.005859375 0.009114583333333334
0 0.9677734375 0.4654947916666667 0.015625 0.06380208333333333
1 0.95947265625 0.4720052083333333 0.0068359375 0.01171875
0 0.95947265625 0.482421875 0.0205078125 0.037760416666666664
1 0.552734375 0.5065104166666666 0.005859375 0.0078125
0 0.55126953125 0.5149739583333334 0.0126953125 0.02734375