1 0.3 0.4258064516129032 0.06451612903225806 0.10752688172043011
0 0.2887096774193548 0.6838709677419355 0.1774193548387097 0.632258064516129
1 0.3870967741935484 0.3279569892473118 0.07096774193548387 0.11827956989247312
0 0.38870967741935486 0.6268817204301075 0.14193548387096774 0.7462365591397849
1 0.4153225806451613 0.5086021505376344 0.06612903225806452 0.1053763440860215
0 0.4096774193548387 0.7225806451612903 0.15483870967741936 0.5548387096774193
1 0.525 0.5741935483870968 0.06290322580645161 0.1032258064516129
0 0.525 0.7548387096774194 0.1338709677419355 0.49032258064516127
1 0.49516129032258066 0.4129032258064516 0.054838709677419356 0.1032258064516129
0 0.5 0.6752688172043011 0.14193548387096774 0.6494623655913978
1 0.589516129032258 0.36989247311827955 0.06290322580645161 0.1032258064516129
0 0.6120967741935484 0.6526881720430108 0.1532258064516129 0.6946236559139785
1 0.6943548387096774 0.3827956989247312 0.07258064516129033 0.10752688172043011
0 0.707258064516129 0.6591397849462366 0.1532258064516129 0.6817204301075269
1 0.7798387096774193 0.278494623655914 0.06935483870967742 0.12258064516129032
0 0.8104838709677419 0.6053763440860215 0.18548387096774194 0.789247311827957