1 0.027745664739884393 0.5287769784172662 0.016184971098265895 0.010071942446043165
0 0.020809248554913295 0.556115107913669 0.04161849710982659 0.06762589928057554
1 0.02254335260115607 0.5230215827338129 0.010404624277456647 0.007194244604316547
0 0.02254335260115607 0.541726618705036 0.035838150289017344 0.04748201438848921
1 0.08439306358381503 0.5370503597122303 0.011560693641618497 0.007913669064748202
0 0.07919075144508671 0.5597122302158274 0.03352601156069364 0.05755395683453238
1 0.0953757225433526 0.5294964028776978 0.015028901734104046 0.010071942446043165
0 0.09768786127167631 0.5535971223021583 0.026589595375722544 0.06115107913669065
1 0.27803468208092486 0.5241007194244605 0.019653179190751446 0.01079136690647482
0 0.27109826589595376 0.5611510791366906 0.09132947976878612 0.08776978417266187
1 0.41098265895953756 0.5341726618705036 0.04508670520231214 0.03381294964028777
0 0.4046242774566474 0.6507194244604316 0.16416184971098266 0.2669064748201439
1 0.1375722543352601 0.5302158273381294 0.013872832369942197 0.007194244604316547
0 0.1329479768786127 0.5528776978417266 0.046242774566473986 0.05539568345323741
1 0.1676300578034682 0.5323741007194245 0.016184971098265895 0.010071942446043165
0 0.16184971098265896 0.5618705035971223 0.057803468208092484 0.07050359712230216
1 0.19537572254335261 0.5345323741007194 0.016184971098265895 0.011510791366906475
0 0.1791907514450867 0.5593525179856115 0.06242774566473988 0.06690647482014389
1 0.22716763005780347 0.5323741007194245 0.010404624277456647 0.007194244604316547
0 0.2208092485549133 0.5517985611510792 0.03005780346820809 0.04892086330935252
1 0.3439306358381503 0.5262589928057554 0.005780346820809248 0.0035971223021582736
0 0.34335260115606936 0.5334532374100719 0.011560693641618497 0.020863309352517987
1 0.35433526011560695 0.5258992805755396 0.003468208092485549 0.0028776978417266188
0 0.35433526011560695 0.5338129496402878 0.010404624277456647 0.02014388489208633
1 0.36878612716763004 0.5276978417266187 0.004624277456647399 0.0035971223021582736
0 0.3670520231213873 0.5345323741007194 0.012716763005780347 0.02158273381294964
1 0.36184971098265895 0.5320143884892087 0.009248554913294798 0.019424460431654675
0 0.36184971098265895 0.5320143884892087 0.009248554913294798 0.019424460431654675
1 0.3745664739884393 0.5338129496402878 0.009248554913294798 0.02014388489208633
0 0.3745664739884393 0.5338129496402878 0.009248554913294798 0.02014388489208633
1 0.4485549132947977 0.5255395683453238 0.006936416184971098 0.0035971223021582736
0 0.44913294797687864 0.5345323741007194 0.017341040462427744 0.02446043165467626
1 0.47803468208092487 0.5258992805755396 0.005780346820809248 0.0028776978417266188
0 0.4774566473988439 0.5366906474820143 0.013872832369942197 0.025899280575539568
1 0.4907514450867052 0.5241007194244605 0.005780346820809248 0.0035971223021582736
0 0.49190751445086706 0.5359712230215827 0.012716763005780347 0.02877697841726619
1 0.53121387283237 0.5241007194244605 0.005780346820809248 0.0035971223021582736
0 0.5317919075144508 0.5341726618705036 0.013872832369942197 0.025179856115107913
1 0.5612716763005781 0.5226618705035971 0.010404624277456647 0.006474820143884892
0 0.5583815028901734 0.5420863309352518 0.023121387283236993 0.046762589928057555
1 0.5803468208092486 0.5345323741007194 0.006936416184971098 0.025899280575539568
0 0.5803468208092486 0.5345323741007194 0.006936416184971098 0.025899280575539568
1 0.5878612716763005 0.5248201438848921 0.005780346820809248 0.0035971223021582736
0 0.5867052023121387 0.5359712230215827 0.015028901734104046 0.027338129496402876
1 0.6034682080924856 0.5262589928057554 0.006936416184971098 0.005035971223021582
0 0.6046242774566474 0.539568345323741 0.020809248554913295 0.034532374100719423
1 0.6208092485549133 0.5273381294964029 0.009248554913294798 0.0057553956834532375
0 0.6254335260115607 0.5424460431654676 0.025433526011560695 0.03884892086330935
1 0.5473988439306359 0.5269784172661871 0.008092485549132947 0.006474820143884892
0 0.5445086705202312 0.5392086330935252 0.018497109826589597 0.038129496402877695
1 0.6445086705202312 0.5266187050359712 0.008092485549132947 0.0057553956834532375
0 0.6410404624277457 0.5413669064748201 0.017341040462427744 0.03669064748201439
1 0.661849710982659 0.5287769784172662 0.008092485549132947 0.0057553956834532375
0 0.6635838150289017 0.5424460431654676 0.023121387283236993 0.034532374100719423
1 0.6994219653179191 0.5266187050359712 0.006936416184971098 0.0057553956834532375
0 0.7028901734104046 0.5413669064748201 0.018497109826589597 0.038129496402877695
1 0.6884393063583815 0.5420863309352518 0.012716763005780347 0.03381294964028777
0 0.6884393063583815 0.5420863309352518 0.012716763005780347 0.03381294964028777
1 0.7323699421965318 0.5262589928057554 0.005780346820809248 0.005035971223021582
0 0.7317919075144509 0.5410071942446043 0.020809248554913295 0.03597122302158273
1 0.7508670520231214 0.5276978417266187 0.008092485549132947 0.005035971223021582
0 0.7508670520231214 0.5406474820143885 0.017341040462427744 0.03381294964028777
1 0.8283236994219653 0.5607913669064748 0.06127167630057803 0.038129496402877695
0 0.8254335260115607 0.7007194244604317 0.17341040462427745 0.3194244604316547
1 0.7791907514450868 0.5341726618705036 0.04161849710982659 0.023741007194244605
0 0.7809248554913295 0.602158273381295 0.10751445086705202 0.1683453237410072
1 0.6641618497109827 0.5579136690647482 0.1699421965317919 0.3302158273381295
0 0.6641618497109827 0.5579136690647482 0.1699421965317919 0.3302158273381295
1 0.5965317919075145 0.5273381294964029 0.004624277456647399 0.0028776978417266188
0 0.5971098265895953 0.539568345323741 0.017341040462427744 0.02877697841726619
1 0.48497109826589596 0.5276978417266187 0.005780346820809248 0.0035971223021582736
0 0.484393063583815 0.5356115107913669 0.013872832369942197 0.022302158273381296
1 0.4976878612716763 0.5258992805755396 0.005780346820809248 0.004316546762589928
0 0.49942196531791905 0.5352517985611511 0.013872832369942197 0.025899280575539568
1 0.4572254335260116 0.5244604316546763 0.005780346820809248 0.004316546762589928
0 0.4595375722543353 0.5341726618705036 0.015028901734104046 0.025179856115107913