1 0.5108333333333334 0.5667976424361493 0.018333333333333333 0.0412573673870334
0 0.5129166666666667 0.6463654223968566 0.05416666666666667 0.2200392927308448
1 0.52 0.518664047151277 0.021666666666666667 0.06286836935166994
0 0.5208333333333334 0.6493123772102161 0.08166666666666667 0.3477406679764244
1 0.6375 0.49410609037328096 0.01 0.03339882121807466
0 0.63375 0.587426326129666 0.04083333333333333 0.21611001964636542
1 0.6379166666666667 0.4960707269155206 0.0125 0.03732809430255403
0 0.6383333333333333 0.5795677799607073 0.04666666666666667 0.21611001964636542
1 0.7083333333333334 0.48821218074656186 0.015 0.0412573673870334
0 0.7075 0.5962671905697446 0.04833333333333333 0.2691552062868369
1 0.79 0.4715127701375246 0.02666666666666667 0.07858546168958742
0 0.79 0.7111984282907662 0.08666666666666667 0.5736738703339882
1 0.835 0.5049115913555993 0.016666666666666666 0.03929273084479371
0 0.8395833333333333 0.6178781925343811 0.0525 0.28487229862475444
1 0.82875 0.4950884086444008 0.0075 0.019646365422396856
0 0.8270833333333333 0.5599214145383105 0.0275 0.16110019646365423
1 0.8491666666666666 0.4823182711198428 0.01 0.025540275049115914
0 0.8529166666666667 0.5491159135559921 0.030833333333333334 0.17092337917485265
1 0.8566666666666667 0.48919449901768175 0.005 0.015717092337917484
0 0.85625 0.5225933202357563 0.015833333333333335 0.09037328094302555
1 0.865 0.4931237721021611 0.005 0.011787819253438114
0 0.8654166666666666 0.5284872298624754 0.0175 0.09430255402750491
1 0.8775 0.4911591355599214 0.005 0.011787819253438114
0 0.8770833333333333 0.5225933202357563 0.014166666666666666 0.0825147347740668