1 0.010333333333333333 0.463875 0.020666666666666667 0.01875
0 0.029166666666666667 0.525125 0.058333333333333334 0.14425
1 0.057833333333333334 0.469375 0.024333333333333332 0.01925
0 0.0595 0.52275 0.043 0.1295
1 0.084 0.477 0.014 0.0115
0 0.08766666666666667 0.514375 0.04 0.08775
1 0.0875 0.470125 0.014333333333333333 0.01175
0 0.09216666666666666 0.500125 0.049 0.07225
1 0.11916666666666667 0.473 0.011 0.008
0 0.11583333333333333 0.496875 0.026333333333333334 0.05675
1 0.18533333333333332 0.45675 0.027333333333333334 0.0185
0 0.18633333333333332 0.533625 0.08266666666666667 0.17975
1 0.21033333333333334 0.462625 0.027333333333333334 0.02075
0 0.21516666666666667 0.532125 0.065 0.16675
1 0.22033333333333333 0.450875 0.014666666666666666 0.01225
0 0.21766666666666667 0.48275 0.038 0.083
1 0.2495 0.467625 0.014333333333333333 0.01075
0 0.24716666666666667 0.489 0.033 0.06
1 0.27616666666666667 0.432375 0.014333333333333333 0.01325
0 0.2758333333333333 0.47675 0.044333333333333336 0.104
1 0.317 0.44025 0.013333333333333334 0.0135
0 0.307 0.481375 0.03666666666666667 0.10025
1 0.3308333333333333 0.441 0.014333333333333333 0.013
0 0.3328333333333333 0.4835 0.03766666666666667 0.099
1 0.35233333333333333 0.47525 0.011333333333333334 0.009
0 0.3521666666666667 0.496625 0.031 0.05625
1 0.37883333333333336 0.447625 0.013666666666666667 0.01275
0 0.378 0.482125 0.03666666666666667 0.08325
1 0.41483333333333333 0.45225 0.011666666666666667 0.011
0 0.4146666666666667 0.474875 0.03266666666666666 0.06275
1 0.38266666666666665 0.46925 0.027333333333333334 0.0205
0 0.3625 0.534 0.08366666666666667 0.1595
1 0.3985 0.480375 0.026333333333333334 0.02575
0 0.39216666666666666 0.5495 0.07633333333333334 0.172
1 0.44416666666666665 0.43875 0.009666666666666667 0.009
0 0.442 0.4755 0.048 0.087
1 0.42033333333333334 0.465875 0.018 0.01425
0 0.4186666666666667 0.505 0.038 0.098
1 0.4548333333333333 0.46425 0.034333333333333334 0.0295
0 0.4638333333333333 0.542625 0.071 0.19125
1 0.509 0.444875 0.012666666666666666 0.00975
0 0.5035 0.475625 0.043666666666666666 0.07625
1 0.601 0.424875 0.07866666666666666 0.07675
0 0.5555 0.67225 0.24166666666666667 0.5895
1 0.7035 0.36125 0.08633333333333333 0.092
0 0.7585 0.647 0.325 0.69
1 0.9073333333333333 0.48575 0.019333333333333334 0.015
0 0.9053333333333333 0.532875 0.046 0.11225
1 0.9218333333333333 0.491 0.01633333333333333 0.013
0 0.9205 0.52925 0.034333333333333334 0.0925
1 0.9338333333333333 0.49125 0.012333333333333333 0.009
0 0.9361666666666667 0.527125 0.031 0.08275
1 0.9896666666666667 0.484125 0.020666666666666667 0.01975
0 0.9743333333333334 0.532625 0.051333333333333335 0.11875
1 0.9933333333333333 0.490125 0.013333333333333334 0.02025
0 0.9856666666666667 0.541875 0.028666666666666667 0.12775