1 0.837890625 0.28254847645429365 0.068359375 0.11911357340720222
0 0.85888671875 0.5117728531855956 0.1357421875 0.5803324099722992
1 0.9755859375 0.3656509695290859 0.048828125 0.09695290858725762
0 0.9599609375 0.5893351800554016 0.080078125 0.574792243767313
1 0.8017578125 0.4452908587257618 0.078125 0.15373961218836565
0 0.794921875 0.6786703601108033 0.1796875 0.6426592797783933
1 0.93408203125 0.4162049861495845 0.1220703125 0.19806094182825484
0 0.794921875 0.6565096952908587 0.41015625 0.6869806094182825
1 0.98828125 0.5401662049861495 0.0234375 0.16897506925207756
0 0.8125 0.7029085872576177 0.375 0.5941828254847645
1 0.6494140625 0.3601108033240997 0.041015625 0.060941828254847646
0 0.673828125 0.5893351800554016 0.154296875 0.5277008310249307
1 0.484375 0.19390581717451524 0.033203125 0.05817174515235457
0 0.4853515625 0.3386426592797784 0.126953125 0.3670360110803324
1 0.61767578125 0.32271468144044324 0.0947265625 0.1634349030470914
0 0.61962890625 0.6080332409972299 0.2666015625 0.7839335180055401
1 0.4951171875 0.3171745152354571 0.07421875 0.13573407202216067
0 0.49951171875 0.5560941828254847 0.1787109375 0.6191135734072022
1 0.4677734375 0.43490304709141275 0.103515625 0.1772853185595568
0 0.470703125 0.6710526315789473 0.234375 0.6578947368421053
1 0.36376953125 0.30817174515235457 0.0791015625 0.16204986149584488
0 0.3623046875 0.6094182825484764 0.212890625 0.7811634349030471
1 0.17724609375 0.4487534626038781 0.1064453125 0.2077562326869806
0 0.1875 0.6731301939058172 0.298828125 0.6537396121883656
1 0.17822265625 0.3518005540166205 0.0927734375 0.15789473684210525
0 0.173828125 0.6329639889196675 0.23046875 0.7340720221606648
1 0.0517578125 0.3739612188365651 0.087890625 0.12742382271468145
0 0.07958984375 0.5713296398891967 0.1591796875 0.5415512465373962
1 0.087890625 0.6821329639889196 0.17578125 0.25346260387811637
0 0.27490234375 0.7797783933518005 0.5498046875 0.4404432132963989
1 0.17626953125 0.453601108033241 0.1025390625 0.19806094182825484
0 0.2900390625 0.6738227146814404 0.580078125 0.6523545706371191