1 0.24036458333333333 0.17044270833333333 0.08454861111111112 0.16067708333333333
0 0.22118055555555555 0.539453125 0.22569444444444445 0.92109375
1 0.33090277777777777 0.16796875 0.07013888888888889 0.140625
0 0.2668402777777778 0.547265625 0.3246527777777778 0.90546875
1 0.4084201388888889 0.24153645833333334 0.0609375 0.11171875
0 0.42109375 0.5889322916666667 0.15850694444444444 0.8221354166666667
1 0.5048611111111111 0.2875 0.06145833333333333 0.11770833333333333
0 0.5129340277777777 0.6087239583333334 0.16510416666666666 0.7825520833333334
1 0.6409722222222223 0.30325520833333336 0.059722222222222225 0.10546875
0 0.6329861111111111 0.61953125 0.17222222222222222 0.7609375
1 0.7484375 0.27486979166666664 0.06041666666666667 0.11015625
0 0.7644965277777778 0.6071614583333333 0.17760416666666667 0.7856770833333333
1 0.88046875 0.2501302083333333 0.06059027777777778 0.11380208333333333
0 0.8885416666666667 0.5908854166666667 0.17777777777777778 0.8182291666666667