1 0.7052698682532936 0.7814968033095149 0.012324691882702932 0.012034599473486273
0 0.708244793880153 0.8172245204964272 0.04717382065448364 0.08875517111696127
1 0.15575860603484912 0.7798044377585559 0.008924776880577986 0.009402030838661151
0 0.15575860603484912 0.8018051899210229 0.025074373140671482 0.056412185031966905
1 0.040161495962600935 0.7730349755547198 0.008924776880577986 0.009402030838661151
0 0.0369740756481088 0.7963520120345995 0.027199320016999574 0.05979691613388492
1 0.17658308542286444 0.7734110567882663 0.006374840628984276 0.007145543437382475
0 0.17870803229919252 0.7950357277171869 0.01827454313642159 0.054155697630688227
1 0.14938376540586484 0.773223016171493 0.006374840628984276 0.0052651372696502444
0 0.1483212919677008 0.7963520120345995 0.020399490012749683 0.05453177886423467
1 0.2821929451763706 0.7784881534411433 0.005949851253718657 0.006017299736743136
0 0.28134296642583934 0.7972922151184656 0.021249468763280918 0.046634072959759305