1 0.035416666666666666 0.388125 0.07083333333333333 0.16625
0 0.13166666666666665 0.650625 0.2633333333333333 0.69875
1 0.04041666666666666 0.37875 0.08083333333333333 0.1625
0 0.22583333333333333 0.645 0.45166666666666666 0.71
1 0.275 0.44875 0.08666666666666667 0.1325
0 0.24208333333333334 0.67125 0.2675 0.5875
1 0.18791666666666668 0.38875 0.07583333333333334 0.12
0 0.24875 0.656875 0.2791666666666667 0.66625
1 0.2991666666666667 0.40125 0.06833333333333333 0.125
0 0.35583333333333333 0.641875 0.24333333333333335 0.62625
1 0.41125 0.44375 0.06916666666666667 0.1
0 0.4175 0.645 0.22833333333333333 0.57
1 0.4125 0.4475 0.06833333333333333 0.1075
0 0.4845833333333333 0.63625 0.25583333333333336 0.5025
1 0.5229166666666667 0.3925 0.06416666666666666 0.0925
0 0.5325 0.61125 0.19833333333333333 0.5375
1 0.5866666666666667 0.429375 0.06333333333333334 0.11125
0 0.5866666666666667 0.610625 0.14666666666666667 0.47875
1 0.7629166666666667 0.1675 0.09916666666666667 0.13
0 0.7095833333333333 0.5 0.5058333333333334 0.9075