1 0.2023076923076923 0.4962441314553991 0.052307692307692305 0.07417840375586854
0 0.2173076923076923 0.611737089201878 0.16692307692307692 0.323943661971831
1 0.38653846153846155 0.30375586854460096 0.057692307692307696 0.0892018779342723
0 0.29115384615384615 0.44647887323943664 0.26076923076923075 0.39342723004694835
1 0.22076923076923077 0.16150234741784036 0.046153846153846156 0.0676056338028169
0 0.22076923076923077 0.31971830985915495 0.10307692307692308 0.39530516431924884
1 0.25461538461538463 0.1267605633802817 0.043076923076923075 0.06009389671361502
0 0.2592307692307692 0.3023474178403756 0.12461538461538461 0.42065727699530514
1 0.5657692307692308 0.2830985915492958 0.03461538461538462 0.044131455399061034
0 0.5638461538461539 0.3699530516431925 0.09846153846153846 0.23098591549295774
1 0.6038461538461538 0.3816901408450704 0.047692307692307694 0.07605633802816901
0 0.5869230769230769 0.47464788732394364 0.11692307692307692 0.27699530516431925
1 0.6638461538461539 0.5300469483568075 0.055384615384615386 0.08544600938967137
0 0.6603846153846153 0.652112676056338 0.1930769230769231 0.352112676056338
1 0.3892307692307692 0.539906103286385 0.05846153846153846 0.09577464788732394
0 0.4269230769230769 0.6708920187793427 0.3646153846153846 0.37089201877934275
1 0.7207692307692307 0.41502347417840374 0.052307692307692305 0.07887323943661972
0 0.7246153846153847 0.515962441314554 0.17846153846153845 0.28450704225352114
1 0.6488461538461539 0.32723004694835683 0.03307692307692308 0.046009389671361506
0 0.6484615384615384 0.3873239436619718 0.06307692307692307 0.17370892018779344
1 0.7015384615384616 0.3075117370892019 0.027692307692307693 0.038497652582159626
0 0.6976923076923077 0.3812206572769953 0.05692307692307692 0.19154929577464788
1 0.7492307692307693 0.28356807511737087 0.03538461538461538 0.0431924882629108
0 0.7534615384615385 0.3671361502347418 0.06538461538461539 0.2140845070422535
1 0.7665384615384615 0.3516431924882629 0.03769230769230769 0.04976525821596244
0 0.7765384615384615 0.43051643192488265 0.08846153846153847 0.21502347417840376
1 0.8303846153846154 0.46619718309859154 0.045384615384615384 0.07042253521126761
0 0.84 0.5300469483568075 0.11076923076923077 0.2112676056338028
1 0.9080769230769231 0.4915492957746479 0.05153846153846154 0.06666666666666667
0 0.8876923076923077 0.5488262910798122 0.18307692307692308 0.19248826291079812
1 0.7423076923076923 0.12910798122065728 0.03230769230769231 0.04225352112676056
0 0.7573076923076923 0.23615023474178404 0.09615384615384616 0.26948356807511736
1 0.9076923076923077 0.29577464788732394 0.036923076923076927 0.05258215962441314
0 0.9019230769230769 0.41737089201877936 0.08692307692307692 0.30140845070422534
1 0.9488461538461539 0.355868544600939 0.040769230769230766 0.061971830985915494
0 0.9453846153846154 0.4328638497652582 0.08461538461538462 0.21971830985915494
1 0.9834615384615385 0.3845070422535211 0.03307692307692308 0.06666666666666667
0 0.9626923076923077 0.4624413145539906 0.07461538461538461 0.22816901408450704
1 0.9723076923076923 0.29389671361502345 0.03076923076923077 0.03568075117370892
0 0.9688461538461538 0.34460093896713617 0.04230769230769231 0.14460093896713616
1 0.8588461538461538 0.2755868544600939 0.026923076923076925 0.04037558685446009
0 0.86 0.3389671361502347 0.05692307692307692 0.17464788732394365
1 0.025 0.13192488262910798 0.019230769230769232 0.023474178403755867
0 0.026923076923076925 0.19483568075117372 0.038461538461538464 0.1568075117370892
1 0.025384615384615384 0.08779342723004695 0.009230769230769232 0.012206572769953052
0 0.023846153846153847 0.11971830985915492 0.023076923076923078 0.0835680751173709
1 0.075 0.12300469483568074 0.014615384615384615 0.022535211267605635
0 0.06923076923076923 0.19436619718309858 0.043076923076923075 0.17089201877934274
1 0.11576923076923076 0.1056338028169014 0.011538461538461539 0.014084507042253521
0 0.11269230769230769 0.18591549295774648 0.06692307692307692 0.18215962441314554
1 0.11538461538461539 0.10657276995305165 0.013846153846153847 0.01784037558685446
0 0.12153846153846154 0.1591549295774648 0.04 0.14178403755868543
1 0.19038461538461537 0.11690140845070422 0.014615384615384615 0.0215962441314554
0 0.17923076923076922 0.1699530516431925 0.03538461538461538 0.13333333333333333
1 0.20076923076923076 0.10845070422535211 0.015384615384615385 0.02535211267605634
0 0.19615384615384615 0.15305164319248826 0.033846153846153845 0.11830985915492957
1 0.22884615384615384 0.10845070422535211 0.014615384615384615 0.02535211267605634
0 0.22 0.16666666666666666 0.046153846153846156 0.14553990610328638
1 0.3173076923076923 0.10657276995305165 0.011538461538461539 0.01784037558685446
0 0.3176923076923077 0.1727699530516432 0.03076923076923077 0.1596244131455399
1 0.32884615384615384 0.09718309859154929 0.011538461538461539 0.01596244131455399
0 0.335 0.14413145539906103 0.03769230769230769 0.11737089201877934
1 0.35923076923076924 0.10938967136150235 0.015384615384615385 0.0215962441314554
0 0.35115384615384615 0.15352112676056337 0.036153846153846154 0.1136150234741784
1 0.3792307692307692 0.10985915492957747 0.015384615384615385 0.016901408450704224
0 0.37423076923076926 0.16619718309859155 0.036153846153846154 0.1352112676056338
1 0.3953846153846154 0.1624413145539906 0.02923076923076923 0.13333333333333333
0 0.3953846153846154 0.1624413145539906 0.02923076923076923 0.13333333333333333
1 0.4123076923076923 0.10234741784037558 0.013846153846153847 0.018779342723004695
0 0.41115384615384615 0.1647887323943662 0.036153846153846154 0.14929577464788732
1 0.4373076923076923 0.10938967136150235 0.011538461538461539 0.012206572769953052
0 0.4453846153846154 0.16384976525821596 0.05076923076923077 0.12488262910798122
1 0.465 0.1136150234741784 0.011538461538461539 0.016901408450704224
0 0.4634615384615385 0.1568075117370892 0.026923076923076925 0.10704225352112676
1 0.49846153846153846 0.17370892018779344 0.012307692307692308 0.016901408450704224
0 0.4926923076923077 0.19765258215962442 0.03769230769230769 0.07230046948356808
1 0.5138461538461538 0.1732394366197183 0.012307692307692308 0.01784037558685446
0 0.5203846153846153 0.19389671361502347 0.04384615384615385 0.0647887323943662
1 0.5 0.1107981220657277 0.012307692307692308 0.018779342723004695
0 0.49538461538461537 0.14835680751173708 0.026153846153846153 0.10140845070422536
1 0.5230769230769231 0.11220657276995305 0.010769230769230769 0.014084507042253521
0 0.5242307692307693 0.15023474178403756 0.031538461538461536 0.10140845070422536
1 0.5784615384615385 0.16901408450704225 0.010769230769230769 0.016901408450704224
0 0.5792307692307692 0.19014084507042253 0.05076923076923077 0.06291079812206572
1 0.5623076923076923 0.16291079812206571 0.012307692307692308 0.01784037558685446
0 0.5665384615384615 0.17981220657276994 0.036153846153846154 0.05539906103286385
1 0.568076923076923 0.10046948356807511 0.011538461538461539 0.016901408450704224
0 0.5673076923076923 0.13896713615023473 0.02846153846153846 0.09577464788732394
1 0.6111538461538462 0.10046948356807511 0.011538461538461539 0.015023474178403756
0 0.6088461538461538 0.13802816901408452 0.02846153846153846 0.09577464788732394
1 0.6642307692307692 0.1572769953051643 0.011538461538461539 0.01596244131455399
0 0.6580769230769231 0.17746478873239438 0.03 0.06009389671361502
1 0.6569230769230769 0.11549295774647887 0.010769230769230769 0.015023474178403756
0 0.655 0.13943661971830987 0.023846153846153847 0.06666666666666667
1 0.17807692307692308 0.06995305164319249 0.013076923076923076 0.01784037558685446
0 0.18076923076923077 0.10140845070422536 0.033846153846153845 0.08826291079812207
1 0.925 0.14178403755868543 0.008461538461538461 0.011267605633802818
0 0.9242307692307692 0.17370892018779344 0.023846153846153847 0.08826291079812207