1 0.05401234567901234 0.4675925925925926 0.043209876543209874 0.06481481481481481
0 0.05015432098765432 0.6712962962962963 0.09722222222222222 0.5
1 0.16049382716049382 0.4699074074074074 0.040123456790123455 0.07407407407407407
0 0.17901234567901234 0.6458333333333334 0.10493827160493827 0.4398148148148148
1 0.1728395061728395 0.5856481481481481 0.05555555555555555 0.09722222222222222
0 0.19290123456790123 0.7650462962962963 0.16666666666666666 0.4699074074074074
1 0.31558641975308643 0.49074074074074076 0.044753086419753084 0.0787037037037037
0 0.3148148148148148 0.7002314814814815 0.10185185185185185 0.4976851851851852
1 0.39891975308641975 0.4976851851851852 0.020061728395061727 0.037037037037037035
0 0.3881172839506173 0.5995370370370371 0.06327160493827161 0.25462962962962965
1 0.41435185185185186 0.4826388888888889 0.020061728395061727 0.03935185185185185
0 0.42052469135802467 0.5925925925925926 0.06018518518518518 0.26851851851851855
1 0.4691358024691358 0.5092592592592593 0.018518518518518517 0.032407407407407406
0 0.4699074074074074 0.5949074074074074 0.047839506172839504 0.20833333333333334
1 0.503858024691358 0.5185185185185185 0.026234567901234566 0.041666666666666664
0 0.5146604938271605 0.6284722222222222 0.06944444444444445 0.27546296296296297
1 0.5208333333333334 0.4837962962962963 0.016975308641975308 0.023148148148148147
0 0.5192901234567902 0.5370370370370371 0.038580246913580245 0.13425925925925927
1 0.5848765432098766 0.4652777777777778 0.009259259259259259 0.013888888888888888
0 0.5848765432098766 0.49189814814814814 0.024691358024691357 0.0763888888888889
1 0.6026234567901234 0.45023148148148145 0.007716049382716049 0.011574074074074073
0 0.6003086419753086 0.4826388888888889 0.024691358024691357 0.08564814814814815
1 0.7175925925925926 0.4618055555555556 0.006172839506172839 0.011574074074074073
0 0.7183641975308642 0.49074074074074076 0.023148148148148147 0.0787037037037037
1 0.7600308641975309 0.5381944444444444 0.010802469135802469 0.02546296296296296
0 0.753858024691358 0.5879629629629629 0.032407407407407406 0.13425925925925927
1 0.8009259259259259 0.5208333333333334 0.012345679012345678 0.018518518518518517
0 0.8016975308641975 0.5625 0.026234567901234566 0.10648148148148148
1 0.8410493827160493 0.4849537037037037 0.033950617283950615 0.05787037037037037
0 0.8294753086419753 0.6423611111111112 0.12808641975308643 0.3819444444444444
1 0.8479938271604939 0.4988425925925926 0.026234567901234566 0.04398148148148148
0 0.845679012345679 0.6412037037037037 0.08024691358024691 0.3472222222222222