1 0.1384 0.3248520710059172 0.1552 0.12662721893491125
0 0.2872 0.5976331360946746 0.4848 0.6816568047337278
1 0.224 0.3136094674556213 0.1056 0.09940828402366864
0 0.2304 0.5633136094674556 0.224 0.6745562130177515
1 0.316 0.34201183431952664 0.12 0.10177514792899409
0 0.336 0.5650887573964497 0.1888 0.6
1 0.4296 0.3349112426035503 0.1104 0.09467455621301775
0 0.4256 0.5467455621301776 0.2016 0.5822485207100592
1 0.5416 0.3680473372781065 0.1104 0.08994082840236686
0 0.5192 0.5520710059171597 0.2096 0.5076923076923077
1 0.584 0.2106508875739645 0.112 0.10177514792899409
0 0.5312 0.46094674556213017 0.2176 0.6236686390532544
1 0.696 0.27928994082840236 0.0896 0.07100591715976332
0 0.6896 0.46449704142011833 0.2016 0.5313609467455621
1 0.4728 0.2272189349112426 0.1712 0.1680473372781065
0 0.6808 0.5644970414201184 0.6384 0.8520710059171598
1 0.5808 0.2183431952662722 0.1216 0.11715976331360947
0 0.5912 0.4757396449704142 0.1744 0.5443786982248521