1 0.92578125 0.4360294117647059 0.0234375 0.039705882352941174
0 0.9375 0.5301470588235294 0.056640625 0.23676470588235293
1 0.87060546875 0.37058823529411766 0.0205078125 0.03529411764705882
0 0.87255859375 0.49779411764705883 0.0634765625 0.33088235294117646
1 0.83154296875 0.4338235294117647 0.0146484375 0.023529411764705882
0 0.8310546875 0.5205882352941177 0.072265625 0.23529411764705882
1 0.7626953125 0.3764705882352941 0.025390625 0.047058823529411764
0 0.7421875 0.4963235294117647 0.068359375 0.2926470588235294
1 0.88525390625 0.40808823529411764 0.0205078125 0.030882352941176472
0 0.8876953125 0.5205882352941177 0.076171875 0.2735294117647059
1 0.84619140625 0.4 0.0205078125 0.03235294117647059
0 0.84619140625 0.5102941176470588 0.0654296875 0.25882352941176473
1 0.640625 0.44779411764705884 0.017578125 0.030882352941176472
0 0.64013671875 0.5036764705882353 0.0615234375 0.20441176470588235
1 0.56884765625 0.39191176470588235 0.0166015625 0.030882352941176472
0 0.56005859375 0.47794117647058826 0.0615234375 0.21176470588235294
1 0.5126953125 0.4522058823529412 0.01953125 0.030882352941176472
0 0.50830078125 0.5286764705882353 0.0478515625 0.18676470588235294
1 0.4638671875 0.425 0.015625 0.03235294117647059
0 0.4521484375 0.5125 0.095703125 0.21029411764705883
1 0.4580078125 0.4088235294117647 0.017578125 0.026470588235294117
0 0.455078125 0.47794117647058826 0.046875 0.19411764705882353
1 0.4873046875 0.43161764705882355 0.01171875 0.022058823529411766
0 0.48779296875 0.5058823529411764 0.0537109375 0.17941176470588235
1 0.39990234375 0.4551470588235294 0.0107421875 0.01911764705882353
0 0.39697265625 0.5169117647058824 0.0302734375 0.14852941176470588
1 0.3662109375 0.43529411764705883 0.021484375 0.029411764705882353
0 0.36328125 0.5161764705882353 0.046875 0.19705882352941176
1 0.3388671875 0.4602941176470588 0.009765625 0.01764705882352941
0 0.33642578125 0.5139705882352941 0.0341796875 0.1338235294117647
1 0.29931640625 0.4345588235294118 0.0146484375 0.025
0 0.29296875 0.5110294117647058 0.08203125 0.21323529411764705
1 0.27392578125 0.4485294117647059 0.0166015625 0.026470588235294117
0 0.27099609375 0.5191176470588236 0.0478515625 0.17941176470588235
1 0.2431640625 0.40808823529411764 0.017578125 0.025
0 0.23095703125 0.5044117647058823 0.0771484375 0.22941176470588234
1 0.2138671875 0.45588235294117646 0.017578125 0.029411764705882353
0 0.212890625 0.5161764705882353 0.037109375 0.17941176470588235
1 0.20751953125 0.43308823529411766 0.0146484375 0.022058823529411766
0 0.20361328125 0.5066176470588235 0.0439453125 0.17794117647058824
1 0.1806640625 0.4022058823529412 0.017578125 0.030882352941176472
0 0.1748046875 0.48676470588235293 0.048828125 0.20294117647058824
1 0.15576171875 0.4375 0.0166015625 0.025
0 0.1552734375 0.513235294117647 0.037109375 0.18823529411764706
1 0.1328125 0.45441176470588235 0.013671875 0.020588235294117647
0 0.12646484375 0.5213235294117647 0.0439453125 0.16029411764705884
1 0.09375 0.43529411764705883 0.015625 0.026470588235294117
0 0.09326171875 0.5198529411764706 0.0419921875 0.20441176470588235
1 0.05908203125 0.43970588235294117 0.0185546875 0.03235294117647059
0 0.05908203125 0.5036764705882353 0.0439453125 0.2514705882352941
1 0.00830078125 0.4345588235294118 0.0166015625 0.033823529411764704
0 0.03125 0.5235294117647059 0.0625 0.2235294117647059
1 0.0068359375 0.4985294117647059 0.013671875 0.026470588235294117
0 0.0283203125 0.5573529411764706 0.056640625 0.14411764705882352
1 0.16748046875 0.34411764705882353 0.0126953125 0.020588235294117647
0 0.1630859375 0.39558823529411763 0.033203125 0.1264705882352941