1 0.13330078125 0.3483063328424153 0.0576171875 0.11634756995581738
0 0.13134765625 0.5832106038291606 0.1337890625 0.5891016200294551
1 0.22314453125 0.32032400589101623 0.0556640625 0.101620029455081
0 0.22705078125 0.5633284241531664 0.1044921875 0.593519882179676
1 0.31982421875 0.3276877761413844 0.0537109375 0.09278350515463918
0 0.3154296875 0.5471281296023565 0.111328125 0.540500736377025
1 0.34814453125 0.33505154639175255 0.0380859375 0.0898379970544919
0 0.34228515625 0.5301914580265096 0.0888671875 0.4889543446244477
1 0.41845703125 0.3247422680412371 0.0478515625 0.08689248895434462
0 0.41845703125 0.5228276877761414 0.0947265625 0.4889543446244477
1 0.5166015625 0.3232695139911635 0.05078125 0.10751104565537556
0 0.51318359375 0.5456553755522827 0.1943359375 0.5581737849779087
1 0.669921875 0.3181148748159057 0.04296875 0.10014727540500737
0 0.6669921875 0.5287187039764359 0.18359375 0.5419734904270986
1 0.91162109375 0.38880706921944036 0.0458984375 0.09720176730486009
0 0.89697265625 0.6119293078055965 0.1318359375 0.5493372606774669
1 0.94677734375 0.3475699558173785 0.0478515625 0.08836524300441827
0 0.92333984375 0.5552282768777614 0.1279296875 0.5301914580265096
1 0.84326171875 0.3703976435935199 0.0517578125 0.0898379970544919
0 0.82373046875 0.5743740795287187 0.1162109375 0.5007363770250368
1 0.8017578125 0.3483063328424153 0.041015625 0.08394698085419734
0 0.787109375 0.5360824742268041 0.123046875 0.47128129602356406
1 0.76123046875 0.30633284241531666 0.0400390625 0.08836524300441827
0 0.7529296875 0.508100147275405 0.091796875 0.4948453608247423
1 0.88720703125 0.30927835051546393 0.0439453125 0.09131075110456553
0 0.88232421875 0.5184094256259205 0.0908203125 0.5272459499263623
1 0.83935546875 0.296759941089838 0.0458984375 0.08100147275405008
0 0.84326171875 0.4963181148748159 0.0830078125 0.4948453608247423
1 0.78662109375 0.25625920471281294 0.0400390625 0.07952871870397643
0 0.79052734375 0.4572901325478645 0.0888671875 0.49337260677466865
1 0.7373046875 0.25846833578792344 0.03515625 0.07511045655375552
0 0.73828125 0.4565537555228277 0.080078125 0.48306332842415317
1 0.697265625 0.2341678939617084 0.03515625 0.06774668630338733
0 0.69921875 0.43078055964653905 0.0859375 0.46686303387334316
1 0.6318359375 0.23932253313696614 0.04296875 0.08100147275405008
0 0.64111328125 0.4167893961708395 0.0986328125 0.45066273932253315
1 0.58984375 0.29455081001472755 0.037109375 0.07069219440353461
0 0.58984375 0.47569955817378495 0.078125 0.4565537555228277
1 0.5380859375 0.2916053019145803 0.0390625 0.07952871870397643
0 0.537109375 0.4580265095729013 0.087890625 0.4212076583210604
1 0.54150390625 0.21575846833578793 0.0419921875 0.0780559646539028
0 0.53857421875 0.40353460972017674 0.0888671875 0.46244477172312226
1 0.44580078125 0.28792341678939615 0.0400390625 0.08689248895434462
0 0.435546875 0.46023564064801176 0.083984375 0.44329896907216493
1 0.47412109375 0.280559646539028 0.0341796875 0.08100147275405008
0 0.4658203125 0.44624447717231225 0.07421875 0.43004418262150224
1 0.13232421875 0.23564064801178203 0.0478515625 0.09131075110456553
0 0.1259765625 0.47128129602356406 0.1171875 0.5714285714285714
1 0.2080078125 0.23269513991163476 0.0546875 0.07952871870397643
0 0.20458984375 0.4572901325478645 0.0986328125 0.5375552282768777
1 0.25830078125 0.2658321060382916 0.0498046875 0.09572901325478646
0 0.2646484375 0.4808541973490427 0.099609375 0.5346097201767305
1 0.3017578125 0.25184094256259204 0.04296875 0.08541973490427099
0 0.30615234375 0.4528718703976436 0.0966796875 0.4963181148748159
1 0.3466796875 0.22974963181148747 0.04296875 0.06774668630338733
0 0.3427734375 0.43961708394698085 0.08203125 0.49042709867452133
1 0.3828125 0.26804123711340205 0.044921875 0.07952871870397643
0 0.38623046875 0.4565537555228277 0.0927734375 0.46244477172312226
1 0.392578125 0.20986745213549338 0.04296875 0.08394698085419734
0 0.39599609375 0.4057437407952872 0.0927734375 0.4845360824742268
1 0.4384765625 0.23048600883652431 0.044921875 0.06921944035346098
0 0.431640625 0.406480117820324 0.080078125 0.43004418262150224
1 0.47412109375 0.22901325478645065 0.0361328125 0.06921944035346098
0 0.4697265625 0.41237113402061853 0.08203125 0.4536082474226804
1 0.1416015625 0.3173784977908689 0.056640625 0.101620029455081
0 0.15185546875 0.5147275405007363 0.1064453125 0.508100147275405