1 0.17125 0.21857410881801126 0.0775 0.13320825515947468
0 0.18625 0.5694183864915572 0.18 0.8611632270168855
1 0.261875 0.22889305816135083 0.05875 0.0975609756097561
0 0.2825 0.4878048780487805 0.1775 0.649155722326454
1 0.43875 0.23827392120075047 0.0625 0.11632270168855535
0 0.431875 0.5300187617260788 0.13875 0.7223264540337712
1 0.4575 0.30206378986866794 0.035 0.0675422138836773
0 0.47 0.49343339587242024 0.1075 0.45778611632270166
1 0.524375 0.2673545966228893 0.05375 0.09193245778611632
0 0.521875 0.50187617260788 0.11125 0.5722326454033771
1 0.5475 0.25609756097560976 0.0375 0.07317073170731707
0 0.57375 0.45684803001876173 0.115 0.4821763602251407
1 0.57625 0.2682926829268293 0.0225 0.0450281425891182
0 0.583125 0.3921200750469043 0.06375 0.300187617260788
1 0.639375 0.3048780487804878 0.02375 0.05065666041275797
0 0.62125 0.44934333958724204 0.0875 0.3433395872420263
1 0.6775 0.28330206378986866 0.035 0.0600375234521576
0 0.676875 0.44934333958724204 0.09125 0.399624765478424
1 0.71 0.33677298311444653 0.035 0.06566604127579738
0 0.7025 0.49624765478424016 0.085 0.3921200750469043
1 0.70875 0.2945590994371482 0.0325 0.0525328330206379
0 0.716875 0.44090056285178236 0.07375 0.35647279549718575
1 0.894375 0.25046904315197 0.06625 0.09193245778611632
0 0.85125 0.5046904315196998 0.18 0.649155722326454
1 0.841875 0.2870544090056285 0.03875 0.06378986866791744
0 0.840625 0.4699812382739212 0.08875 0.4371482176360225
1 0.798125 0.300187617260788 0.03375 0.05628517823639775
0 0.803125 0.4437148217636023 0.06375 0.34709193245778613