1 0.048846153846153845 0.2084639498432602 0.09769230769230769 0.15778474399164055
0 0.1346153846153846 0.5141065830721003 0.2692307692307692 0.800417972831766
1 0.03461538461538462 0.0438871473354232 0.06923076923076923 0.0877742946708464
0 0.08961538461538461 0.3176593521421108 0.17923076923076922 0.6353187042842215
1 0.2692307692307692 0.5741901776384535 0.12307692307692308 0.1974921630094044
0 0.28807692307692306 0.7324973876698014 0.31 0.5350052246603971
1 0.20307692307692307 0.26384535005224663 0.11384615384615385 0.14942528735632185
0 0.20653846153846153 0.5303030303030303 0.1946153846153846 0.6927899686520376
1 0.19153846153846155 0.060083594566353184 0.08153846153846153 0.11180773249738767
0 0.2123076923076923 0.3166144200626959 0.15384615384615385 0.6332288401253918
1 0.7419230769230769 0.6630094043887147 0.09461538461538462 0.19540229885057472
0 0.725 0.7774294670846394 0.23307692307692307 0.445141065830721
1 0.5438461538461539 0.39184952978056425 0.09846153846153846 0.1755485893416928
0 0.5538461538461539 0.6473354231974922 0.24153846153846154 0.7053291536050157
1 0.671923076923077 0.3286311389759666 0.07307692307692308 0.14106583072100312
0 0.6576923076923077 0.6128526645768025 0.23846153846153847 0.774294670846395
1 0.40192307692307694 0.109717868338558 0.08692307692307692 0.13584117032392895
0 0.4257692307692308 0.44148380355276906 0.20076923076923076 0.8160919540229885
1 0.40076923076923077 0.04963427377220481 0.06769230769230769 0.09926854754440961
0 0.4065384615384615 0.3845350052246604 0.18846153846153846 0.7690700104493208
1 0.36730769230769234 0.04911180773249739 0.06846153846153846 0.09822361546499478
0 0.375 0.3437826541274817 0.23307692307692307 0.6875653082549634
1 0.5703846153846154 0.04649947753396029 0.07 0.09299895506792058
0 0.5788461538461539 0.361546499477534 0.16846153846153847 0.723092998955068
1 0.6888461538461539 0.03396029258098224 0.05615384615384615 0.06792058516196448
0 0.6873076923076923 0.3437826541274817 0.15153846153846154 0.6875653082549634
1 0.7465384615384615 0.10606060606060606 0.07461538461538461 0.11389759665621735
0 0.7311538461538462 0.35841170323928945 0.2023076923076923 0.6311389759665622
1 0.9288461538461539 0.07157784743991641 0.08076923076923077 0.11180773249738767
0 0.8903846153846153 0.3542319749216301 0.21923076923076923 0.6938349007314525
1 0.9261538461538461 0.047021943573667714 0.06153846153846154 0.09404388714733543
0 0.885 0.3275862068965517 0.21153846153846154 0.6551724137931034