1 0.3952205882352941 0.7365196078431373 0.020833333333333332 0.03676470588235294
0 0.38985906862745096 0.8327205882352942 0.06893382352941177 0.23488562091503268
1 0.4413296568627451 0.7947303921568627 0.015625 0.025735294117647058
0 0.4378063725490196 0.8541666666666666 0.041666666666666664 0.14787581699346405
1 0.4756433823529412 0.7453022875816994 0.021752450980392156 0.026552287581699346
0 0.4736519607843137 0.8335375816993464 0.0778186274509804 0.2079248366013072
1 0.47610294117647056 0.7540849673202614 0.016544117647058824 0.02287581699346405
0 0.4840686274509804 0.8339460784313726 0.051470588235294115 0.18341503267973855
1 0.5589767156862745 0.7450980392156863 0.008884803921568627 0.014705882352941176
0 0.5574448529411765 0.784109477124183 0.03707107843137255 0.10008169934640523
1 0.5888480392156863 0.7389705882352942 0.00857843137254902 0.014705882352941176
0 0.5899203431372549 0.7816584967320261 0.033394607843137254 0.10416666666666667
1 0.6041666666666666 0.7389705882352942 0.00428921568627451 0.005718954248366013
0 0.6026348039215687 0.7587826797385621 0.014705882352941176 0.04861111111111111
1 0.6230085784313726 0.744281045751634 0.005208333333333333 0.008986928104575163
0 0.6217830882352942 0.7671568627450981 0.016237745098039217 0.05800653594771242
1 0.6361825980392157 0.7422385620915033 0.005208333333333333 0.007352941176470588
0 0.6349571078431373 0.764297385620915 0.013786764705882353 0.05228758169934641
1 0.640625 0.7438725490196079 0.004901960784313725 0.007352941176470588
0 0.6432291666666666 0.7653186274509803 0.013786764705882353 0.051879084967320264
1 0.6623774509803921 0.7491830065359477 0.0055147058823529415 0.008169934640522876
0 0.6628370098039216 0.7704248366013072 0.01991421568627451 0.05228758169934641
1 0.6781556372549019 0.7510212418300654 0.004595588235294118 0.006127450980392157
0 0.6801470588235294 0.7771650326797386 0.014705882352941176 0.06004901960784314
1 0.6878063725490197 0.7459150326797386 0.006127450980392157 0.00980392156862745
0 0.6917892156862745 0.7741013071895425 0.016544117647058824 0.06862745098039216
1 0.7017463235294118 0.7448937908496732 0.006433823529411764 0.010212418300653595
0 0.7020526960784313 0.7732843137254902 0.015625 0.06862745098039216
1 0.6979166666666666 0.744281045751634 0.00428921568627451 0.007352941176470588
0 0.6971507352941176 0.7589869281045751 0.008884803921568627 0.0392156862745098
1 0.7231924019607843 0.7446895424836601 0.003982843137254902 0.005718954248366013
0 0.7233455882352942 0.7630718954248366 0.011029411764705883 0.04411764705882353
1 0.7380514705882353 0.7418300653594772 0.003676470588235294 0.004901960784313725
0 0.7380514705882353 0.7610294117647058 0.01715686274509804 0.04738562091503268
1 0.7268688725490197 0.744281045751634 0.0033700980392156864 0.004901960784313725
0 0.7313112745098039 0.7589869281045751 0.013480392156862746 0.0457516339869281
1 0.7515318627450981 0.7412173202614379 0.003676470588235294 0.0053104575163398695
0 0.7498468137254902 0.7608251633986928 0.014399509803921568 0.046977124183006536
1 0.7691482843137255 0.7426470588235294 0.004595588235294118 0.007352941176470588
0 0.7686887254901961 0.7604166666666666 0.010416666666666666 0.04534313725490196
1 0.7794117647058824 0.744281045751634 0.007352941176470588 0.00980392156862745
0 0.7774203431372549 0.7751225490196079 0.022365196078431373 0.07475490196078431
1 0.7994791666666666 0.7418300653594772 0.004595588235294118 0.008169934640522876
0 0.8002450980392157 0.7663398692810458 0.015318627450980392 0.059640522875817
1 0.8105085784313726 0.7512254901960784 0.0070465686274509805 0.010620915032679739
0 0.8089767156862745 0.7759395424836601 0.018075980392156864 0.061683006535947715
1 0.8115808823529411 0.7430555555555556 0.004901960784313725 0.007352941176470588
0 0.8143382352941176 0.7624591503267973 0.014705882352941176 0.04861111111111111
1 0.828125 0.7444852941176471 0.003676470588235294 0.0053104575163398695
0 0.8284313725490197 0.7616421568627451 0.011029411764705883 0.039624183006535946
1 0.8388480392156863 0.7463235294117647 0.00428921568627451 0.006535947712418301
0 0.8414522058823529 0.7647058823529411 0.016237745098039217 0.04656862745098039
1 0.8408394607843137 0.7420343137254902 0.004595588235294118 0.006127450980392157
0 0.8434436274509803 0.7622549019607843 0.012867647058823529 0.04820261437908497
1 0.8455882352941176 0.7395833333333334 0.00428921568627451 0.0053104575163398695
0 0.8465073529411765 0.7581699346405228 0.011029411764705883 0.04493464052287582
1 0.8541666666666666 0.7465277777777778 0.006127450980392157 0.00857843137254902
0 0.8553921568627451 0.772671568627451 0.017769607843137254 0.0625
1 0.867953431372549 0.7475490196078431 0.0055147058823529415 0.008986928104575163
0 0.8722426470588235 0.7730800653594772 0.02267156862745098 0.06331699346405228
1 0.883578431372549 0.7422385620915033 0.0055147058823529415 0.007352941176470588
0 0.8834252450980392 0.7608251633986928 0.015625 0.0494281045751634
1 0.8877144607843137 0.752859477124183 0.008272058823529412 0.00980392156862745
0 0.8918504901960784 0.7853349673202614 0.02389705882352941 0.0755718954248366
1 0.9016544117647058 0.7448937908496732 0.00428921568627451 0.006944444444444444
0 0.9036458333333334 0.7616421568627451 0.012561274509803922 0.042075163398692814
1 0.9117647058823529 0.7444852941176471 0.00428921568627451 0.006944444444444444
0 0.9125306372549019 0.7634803921568627 0.015012254901960785 0.049019607843137254
1 0.9181985294117647 0.7461192810457516 0.004901960784313725 0.006944444444444444
0 0.9191176470588235 0.7679738562091504 0.013480392156862746 0.05473856209150327
1 0.9439338235294118 0.7348856209150327 0.009191176470588236 0.013071895424836602
0 0.9465379901960784 0.7745098039215687 0.02665441176470588 0.09722222222222222
1 0.9638480392156863 0.7524509803921569 0.007352941176470588 0.011437908496732025
0 0.9646139705882353 0.7826797385620915 0.030330882352941176 0.07679738562091504
1 0.9952512254901961 0.7399918300653595 0.009497549019607842 0.01919934640522876
0 0.9779411764705882 0.8127042483660131 0.04411764705882353 0.16544117647058823
1 0.9678308823529411 0.7502042483660131 0.0024509803921568627 0.003676470588235294
0 0.967984068627451 0.7616421568627451 0.009497549019607842 0.026552287581699346
1 0.5140931372549019 0.7377450980392157 0.003676470588235294 0.005718954248366013
0 0.5134803921568627 0.7579656862745098 0.014093137254901961 0.04779411764705882
1 0.5096507352941176 0.7483660130718954 0.005208333333333333 0.00980392156862745
0 0.5099571078431373 0.7704248366013072 0.010723039215686275 0.056372549019607844
1 0.5004595588235294 0.7475490196078431 0.005208333333333333 0.008169934640522876
0 0.5004595588235294 0.7710375816993464 0.015012254901960785 0.05841503267973856
1 0.4886642156862745 0.744281045751634 0.006127450980392157 0.008986928104575163
0 0.49019607843137253 0.7712418300653595 0.018995098039215685 0.06372549019607843
1 0.46629901960784315 0.7418300653594772 0.003676470588235294 0.005718954248366013
0 0.46568627450980393 0.7583741830065359 0.014093137254901961 0.04125816993464052
1 0.4569546568627451 0.7526552287581699 0.003982843137254902 0.006127450980392157
0 0.45618872549019607 0.7655228758169934 0.013480392156862746 0.03676470588235294
1 0.4476102941176471 0.7526552287581699 0.00428921568627451 0.006127450980392157
0 0.4489889705882353 0.7655228758169934 0.014399509803921568 0.03676470588235294
1 0.4488357843137255 0.7569444444444444 0.00428921568627451 0.007352941176470588
0 0.44699754901960786 0.7683823529411765 0.016544117647058824 0.032679738562091505
1 0.4345894607843137 0.7424428104575164 0.005208333333333333 0.007761437908496732
0 0.4322916666666667 0.7628676470588235 0.015318627450980392 0.05024509803921569
1 0.42693014705882354 0.7534722222222222 0.003982843137254902 0.006127450980392157
0 0.42723651960784315 0.7677696078431373 0.014399509803921568 0.037173202614379085
1 0.4180453431372549 0.7540849673202614 0.003982843137254902 0.007352941176470588
0 0.42003676470588236 0.7681781045751634 0.013480392156862746 0.0363562091503268
1 0.4137561274509804 0.7534722222222222 0.004595588235294118 0.006944444444444444
0 0.41574754901960786 0.7683823529411765 0.012254901960784314 0.03758169934640523
1 0.4096200980392157 0.7514297385620915 0.0055147058823529415 0.007761437908496732
0 0.4091605392156863 0.7677696078431373 0.011948529411764705 0.04125816993464052
1 0.3483455882352941 0.7563316993464052 0.0055147058823529415 0.007761437908496732
0 0.34987745098039214 0.7730800653594772 0.01838235294117647 0.044526143790849675
1 0.33409926470588236 0.7587826797385621 0.005208333333333333 0.007761437908496732
0 0.33746936274509803 0.7734885620915033 0.019301470588235295 0.039624183006535946
1 0.3319546568627451 0.7618464052287581 0.005821078431372549 0.008169934640522876
0 0.32965686274509803 0.7765522875816994 0.0196078431372549 0.04084967320261438
1 0.3196997549019608 0.7573529411764706 0.005208333333333333 0.008169934640522876
0 0.32046568627450983 0.7757352941176471 0.012254901960784314 0.0457516339869281
1 0.3049938725490196 0.7508169934640523 0.005821078431372549 0.00980392156862745
0 0.3088235294117647 0.7743055555555556 0.016544117647058824 0.05923202614379085
1 0.26700367647058826 0.7685866013071896 0.004595588235294118 0.006944444444444444
0 0.265625 0.7749183006535948 0.012867647058823529 0.021241830065359478
1 0.27190563725490197 0.7581699346405228 0.006433823529411764 0.010620915032679739
0 0.2772671568627451 0.7771650326797386 0.025122549019607844 0.051879084967320264
1 0.29580269607843135 0.7542892156862745 0.008272058823529412 0.013480392156862746
0 0.2942708333333333 0.7933006535947712 0.040747549019607844 0.09395424836601307
1 0.24004289215686275 0.7581699346405228 0.0070465686274509805 0.00980392156862745
0 0.2426470588235294 0.7796160130718954 0.030637254901960783 0.054330065359477125
1 0.17279411764705882 0.7465277777777778 0.010416666666666666 0.015931372549019607
0 0.16697303921568626 0.7935049019607843 0.03002450980392157 0.11233660130718955
1 0.19163602941176472 0.7418300653594772 0.01011029411764706 0.013888888888888888
0 0.18887867647058823 0.792687908496732 0.03216911764705882 0.11642156862745098
1 0.21537990196078433 0.7598039215686274 0.006127450980392157 0.00980392156862745
0 0.2189031862745098 0.7824754901960784 0.019301470588235295 0.0559640522875817
1 0.20726102941176472 0.7657271241830066 0.0070465686274509805 0.01184640522875817
0 0.20557598039215685 0.7853349673202614 0.02022058823529412 0.053513071895424834
1 0.21783088235294118 0.7463235294117647 0.00428921568627451 0.006535947712418301
0 0.21798406862745098 0.7563316993464052 0.008884803921568627 0.028186274509803922
1 0.2034313725490196 0.7440767973856209 0.00428921568627451 0.006127450980392157
0 0.20189950980392157 0.7571486928104575 0.012254901960784314 0.03553921568627451
1 0.13097426470588236 0.7647058823529411 0.007659313725490196 0.012254901960784314
0 0.13143382352941177 0.7881944444444444 0.025735294117647058 0.061683006535947715
1 0.1130514705882353 0.7634803921568627 0.007965686274509803 0.013071895424836602
0 0.11366421568627451 0.7890114379084967 0.025735294117647058 0.06576797385620915
1 0.0935968137254902 0.764297385620915 0.008272058823529412 0.011437908496732025
0 0.09819240196078431 0.7906454248366013 0.033394607843137254 0.06576797385620915
1 0.07322303921568628 0.7691993464052288 0.007965686274509803 0.012254901960784314
0 0.07552083333333333 0.7930964052287581 0.03952205882352941 0.06658496732026144
1 0.0389093137254902 0.7665441176470589 0.00857843137254902 0.013480392156862746
0 0.042738970588235295 0.7943218954248366 0.024816176470588234 0.06985294117647059
1 0.0194546568627451 0.7659313725490197 0.009497549019607842 0.013071895424836602
0 0.021139705882352942 0.7947303921568627 0.03308823529411765 0.07312091503267974
1 0.026348039215686275 0.7608251633986928 0.007352941176470588 0.01184640522875817
0 0.025122549019607844 0.7871732026143791 0.02022058823529412 0.06699346405228758
1 0.011795343137254902 0.7655228758169934 0.007659313725490196 0.011437908496732025
0 0.015318627450980392 0.7861519607843137 0.028799019607843136 0.053513071895424834
1 0.14537377450980393 0.7481617647058824 0.0033700980392156864 0.0053104575163398695
0 0.14506740196078433 0.7604166666666666 0.013174019607843137 0.03308823529411765
1 0.13128063725490197 0.7436683006535948 0.004595588235294118 0.006127450980392157
0 0.13036151960784315 0.755718954248366 0.010723039215686275 0.031862745098039214
1 0.12025122549019608 0.7475490196078431 0.0033700980392156864 0.004901960784313725
0 0.12009803921568628 0.7604166666666666 0.00980392156862745 0.03227124183006536
1 0.11075367647058823 0.7438725490196079 0.003982843137254902 0.005718954248366013
0 0.11014093137254902 0.7602124183006536 0.01133578431372549 0.0392156862745098
1 0.09512867647058823 0.7483660130718954 0.003982843137254902 0.006535947712418301
0 0.09528186274509803 0.7591911764705882 0.013480392156862746 0.030637254901960783
1 0.008118872549019608 0.747140522875817 0.006433823529411764 0.00980392156862745
0 0.0078125 0.7714460784313726 0.015625 0.060866013071895424
1 0.0352328431372549 0.7463235294117647 0.004901960784313725 0.007352941176470588
0 0.03569240196078431 0.7663398692810458 0.014399509803921568 0.05228758169934641
1 0.04932598039215686 0.7436683006535948 0.003676470588235294 0.0053104575163398695
0 0.04886642156862745 0.7602124183006536 0.013174019607843137 0.04003267973856209
1 0.06357230392156862 0.7563316993464052 0.004595588235294118 0.007761437908496732
0 0.06418504901960784 0.764501633986928 0.013786764705882353 0.025735294117647058
1 0.25827205882352944 0.7514297385620915 0.00428921568627451 0.006127450980392157
0 0.2549019607843137 0.7602124183006536 0.014093137254901961 0.025326797385620915
1 0.16038602941176472 0.7457107843137255 0.002144607843137255 0.0028594771241830064
0 0.15962009803921567 0.7522467320261438 0.006740196078431373 0.017565359477124183
1 0.2665441176470588 0.7522467320261438 0.003676470588235294 0.0053104575163398695
0 0.2662377450980392 0.7600081699346405 0.013480392156862746 0.02165032679738562