1 0.0415 0.30861723446893785 0.083 0.20841683366733466
0 0.109 0.5921843687374749 0.218 0.8156312625250501
1 0.1665 0.24749498997995992 0.079 0.15030060120240482
0 0.1595 0.564128256513026 0.273 0.8717434869739479
1 0.364 0.3867735470941884 0.008 0.02004008016032064
0 0.364 0.4408817635270541 0.022 0.13226452905811623
1 0.3905 0.3927855711422846 0.009 0.02004008016032064
0 0.3905 0.43587174348697394 0.019 0.11422845691382766
1 0.4065 0.3927855711422846 0.007 0.02004008016032064
0 0.4085 0.43286573146292584 0.035 0.10821643286573146
1 0.416 0.3847695390781563 0.01 0.02404809619238477
0 0.4155 0.4258517034068136 0.027 0.11422845691382766
1 0.438 0.37374749498997994 0.01 0.026052104208416832
0 0.4425 0.42685370741482964 0.029 0.1402805611222445
1 0.453 0.3637274549098196 0.006 0.014028056112224449
0 0.452 0.40380761523046094 0.018 0.1062124248496994
1 0.475 0.3627254509018036 0.006 0.01603206412825651
0 0.476 0.405811623246493 0.02 0.11422845691382766
1 0.503 0.3627254509018036 0.01 0.02404809619238477
0 0.5045 0.40681362725450904 0.025 0.12424849699398798
1 0.516 0.374749498997996 0.01 0.02404809619238477
0 0.5155 0.4258517034068136 0.027 0.1342685370741483
1 0.542 0.37074148296593185 0.008 0.02004008016032064
0 0.5435 0.4188376753507014 0.027 0.12424849699398798
1 0.556 0.3627254509018036 0.008 0.01603206412825651
0 0.5545 0.40781563126252507 0.019 0.11422845691382766
1 0.5755 0.3687374749498998 0.009 0.02004008016032064
0 0.576 0.4198396793587174 0.018 0.13026052104208416
1 0.5905 0.3807615230460922 0.011 0.02404809619238477
0 0.5915 0.44288577154308617 0.023 0.1523046092184369
1 0.6195 0.3667334669338677 0.013 0.028056112224448898
0 0.621 0.45691382765531063 0.028 0.2124248496993988
1 0.64 0.35771543086172347 0.01 0.022044088176352707
0 0.638 0.43286573146292584 0.034 0.18837675350701402
1 0.651 0.375751503006012 0.014 0.03006012024048096
0 0.6515 0.4649298597194389 0.031 0.23246492985971945
1 0.65 0.3527054108216433 0.014 0.03206412825651302
0 0.6495 0.4278557114228457 0.031 0.18637274549098196
1 0.667 0.35370741482965934 0.01 0.026052104208416832
0 0.665 0.4278557114228457 0.026 0.18637274549098196
1 0.6845 0.3667334669338677 0.015 0.036072144288577156
0 0.684 0.4619238476953908 0.032 0.24649298597194388
1 0.7035 0.36172344689378755 0.011 0.026052104208416832
0 0.702 0.43587174348697394 0.03 0.18637274549098196
1 0.7195 0.3667334669338677 0.015 0.03206412825651302
0 0.7185 0.44889779559118237 0.029 0.20841683366733466
1 0.722 0.3897795591182365 0.014 0.03406813627254509
0 0.7195 0.47695390781563124 0.029 0.22444889779559118
1 0.741 0.35971943887775554 0.012 0.03006012024048096
0 0.741 0.4468937875751503 0.032 0.22044088176352705
1 0.7615 0.3637274549098196 0.017 0.03807615230460922
0 0.7605 0.44589178356713427 0.037 0.21442885771543085
1 0.7725 0.3817635270541082 0.019 0.04208416833667335
0 0.77 0.4589178356713427 0.038 0.22845691382765532
1 0.782 0.3527054108216433 0.012 0.028056112224448898
0 0.779 0.4148296593186373 0.036 0.1843687374749499
1 0.799 0.3777555110220441 0.018 0.03406813627254509
0 0.799 0.48296593186372744 0.038 0.2845691382765531
1 0.82 0.3486973947895792 0.016 0.036072144288577156
0 0.8195 0.46392785571142287 0.043 0.2865731462925852
1 0.8205 0.39879759519038077 0.021 0.04008016032064128
0 0.819 0.5190380761523046 0.05 0.30861723446893785
1 0.858 0.3897795591182365 0.018 0.04609218436873747
0 0.854 0.49298597194388777 0.042 0.2725450901803607
1 0.8765 0.41082164328657317 0.023 0.04809619238476954
0 0.873 0.531062124248497 0.05 0.3246492985971944
1 0.909 0.3717434869739479 0.022 0.04208416833667335
0 0.909 0.5 0.056 0.3306613226452906
1 0.955 0.3557114228456914 0.028 0.05811623246492986
0 0.948 0.5230460921843687 0.078 0.41282565130260523
1 0.9915 0.4228456913827655 0.017 0.04408817635270541
0 0.9825 0.5450901803607214 0.035 0.3286573146292585
1 0.3425 0.4028056112224449 0.005 0.012024048096192385
0 0.3425 0.4278557114228457 0.015 0.07014028056112225
1 0.4015 0.4318637274549098 0.011 0.022044088176352707
0 0.379 0.4789579158316633 0.062 0.1282565130260521
1 0.403 0.4288577154308617 0.012 0.028056112224448898
0 0.3915 0.48597194388777554 0.057 0.15030060120240482
1 0.4155 0.43987975951903807 0.011 0.026052104208416832
0 0.399 0.48897795591182364 0.046 0.1402805611222445
1 0.407 0.5060120240480962 0.046 0.16633266533066132
0 0.407 0.5060120240480962 0.046 0.16633266533066132
1 0.414 0.5200400801603207 0.06 0.20641282565130262
0 0.414 0.5200400801603207 0.06 0.20641282565130262
1 0.442 0.4408817635270541 0.018 0.04008016032064128
0 0.43 0.5240480961923848 0.05 0.21042084168336672
1 0.4555 0.44789579158316634 0.017 0.04208416833667335
0 0.4415 0.5320641282565131 0.053 0.218436873747495
1 0.4725 0.46092184368737477 0.021 0.036072144288577156
0 0.4545 0.533066132264529 0.067 0.20841683366733466
1 0.488 0.45991983967935873 0.022 0.03807615230460922
0 0.4655 0.5440881763527055 0.077 0.25851703406813625
1 0.5075 0.4709418837675351 0.021 0.04809619238476954
0 0.466 0.5721442885771543 0.104 0.25851703406813625
1 0.527 0.4759519038076152 0.024 0.05410821643286573
0 0.5065 0.5821643286573146 0.075 0.2745490981963928
1 0.541 0.4649298597194389 0.026 0.056112224448897796
0 0.5265 0.5851703406813628 0.083 0.3286573146292585
1 0.567 0.4879759519038076 0.028 0.07414829659318638
0 0.5565 0.627254509018036 0.103 0.3727454909819639
1 0.776 0.48096192384769537 0.028 0.052104208416833664
0 0.7445 0.6002004008016032 0.123 0.2985971943887776
1 0.747 0.46593186372745493 0.026 0.05410821643286573
0 0.6995 0.5711422845691383 0.143 0.27655310621242485