1 0.26015625 0.5880281690140845 0.0234375 0.04460093896713615
0 0.2625 0.704225352112676 0.078125 0.29107981220657275
1 0.34140625 0.6103286384976526 0.0234375 0.03755868544600939
0 0.334375 0.710093896713615 0.090625 0.2793427230046948
1 0.3484375 0.5434272300469484 0.0125 0.01643192488262911
0 0.34921875 0.6220657276995305 0.0421875 0.18309859154929578
1 0.3859375 0.5481220657276995 0.01875 0.03051643192488263
0 0.38203125 0.6091549295774648 0.0390625 0.17136150234741784
1 0.37421875 0.5974178403755869 0.0234375 0.04929577464788732
0 0.371875 0.710093896713615 0.0875 0.2934272300469484
1 0.37890625 0.5762910798122066 0.0203125 0.035211267605633804
0 0.3828125 0.6619718309859155 0.065625 0.22065727699530516
1 0.421875 0.5598591549295775 0.015625 0.025821596244131457
0 0.41484375 0.6443661971830986 0.0484375 0.20422535211267606
1 0.465625 0.545774647887324 0.01875 0.035211267605633804
0 0.4625 0.6326291079812206 0.046875 0.2323943661971831
1 0.465625 0.5434272300469484 0.01875 0.035211267605633804
0 0.4625 0.6619718309859155 0.05625 0.19718309859154928
1 0.48671875 0.5328638497652582 0.0203125 0.03755868544600939
0 0.48515625 0.5997652582159625 0.0484375 0.19014084507042253
1 0.5984375 0.5211267605633803 0.0125 0.018779342723004695
0 0.60390625 0.5598591549295775 0.0328125 0.11032863849765258
1 0.4953125 0.6185446009389671 0.025 0.04460093896713615
0 0.48046875 0.7429577464788732 0.1203125 0.31220657276995306
1 0.5046875 0.6208920187793427 0.028125 0.04929577464788732
0 0.50390625 0.7429577464788732 0.1265625 0.31690140845070425
1 0.60234375 0.6173708920187794 0.0296875 0.051643192488262914
0 0.6109375 0.7464788732394366 0.09375 0.30985915492957744
1 0.66640625 0.5469483568075117 0.0140625 0.023474178403755867
0 0.65859375 0.6373239436619719 0.0578125 0.2136150234741784
1 0.5265625 0.5563380281690141 0.015625 0.03286384976525822
0 0.525 0.6314553990610329 0.046875 0.18779342723004694
1 0.5328125 0.5481220657276995 0.015625 0.03051643192488263
0 0.5375 0.6314553990610329 0.05625 0.20187793427230047
1 0.83828125 0.6267605633802817 0.0171875 0.03286384976525822
0 0.83046875 0.6772300469483568 0.0578125 0.13380281690140844
1 0.87890625 0.607981220657277 0.0234375 0.03755868544600939
0 0.8890625 0.7323943661971831 0.078125 0.29577464788732394