1 0.08504398826979472 0.22121212121212122 0.07917888563049853 0.1393939393939394
0 0.08504398826979472 0.5585858585858586 0.17008797653958943 0.8343434343434344
1 0.1598240469208211 0.15151515151515152 0.06158357771260997 0.11313131313131314
0 0.12390029325513197 0.48484848484848486 0.24780058651026393 0.804040404040404
1 0.29765395894428154 0.13232323232323231 0.05865102639296188 0.1111111111111111
0 0.2939882697947214 0.42828282828282827 0.14516129032258066 0.7353535353535353
1 0.40982404692082114 0.13636363636363635 0.06304985337243402 0.09494949494949495
0 0.4149560117302053 0.4353535353535353 0.15249266862170088 0.705050505050505
1 0.5601173020527859 0.1393939393939394 0.06451612903225806 0.12525252525252525
0 0.5564516129032258 0.47474747474747475 0.1627565982404692 0.8080808080808081
1 0.7221407624633431 0.10101010101010101 0.07771260997067449 0.12121212121212122
0 0.7316715542521994 0.45151515151515154 0.17595307917888564 0.8262626262626263
1 0.9149560117302052 0.2101010101010101 0.10557184750733138 0.16161616161616163
0 0.906891495601173 0.5595959595959596 0.18621700879765396 0.8808080808080808
1 0.780791788856305 0.20202020202020202 0.08651026392961877 0.1414141414141414
0 0.8130498533724341 0.5616161616161616 0.22727272727272727 0.8767676767676768
1 0.624633431085044 0.19090909090909092 0.07917888563049853 0.13535353535353536
0 0.6304985337243402 0.5585858585858586 0.17302052785923755 0.8828282828282829
1 0.4714076246334311 0.16565656565656567 0.06304985337243402 0.1292929292929293
0 0.4875366568914956 0.5373737373737374 0.15689149560117302 0.8848484848484849
1 0.3629032258064516 0.2585858585858586 0.0718475073313783 0.13737373737373737
0 0.38343108504398826 0.5616161616161616 0.15102639296187684 0.7555555555555555
1 0.3196480938416422 0.298989898989899 0.07331378299120235 0.12525252525252525
0 0.2932551319648094 0.6070707070707071 0.20821114369501467 0.7454545454545455
1 0.26173020527859236 0.2676767676767677 0.0747800586510264 0.13131313131313133
0 0.2126099706744868 0.5585858585858586 0.20527859237536658 0.7252525252525253