1 0.035238095238095235 0.35798319327731093 0.07047619047619047 0.08739495798319327
0 0.09142857142857143 0.5756302521008403 0.18285714285714286 0.5428571428571428
1 0.23714285714285716 0.34705882352941175 0.07047619047619047 0.07899159663865546
0 0.23142857142857143 0.5663865546218487 0.17333333333333334 0.5714285714285714
1 0.33714285714285713 0.326890756302521 0.06476190476190476 0.08571428571428572
0 0.3352380952380952 0.5386554621848739 0.18666666666666668 0.5327731092436975
1 0.49238095238095236 0.3302521008403361 0.07428571428571429 0.08571428571428572
0 0.48857142857142855 0.5605042016806723 0.21523809523809523 0.5697478991596638
1 0.7219047619047619 0.31596638655462184 0.08761904761904762 0.09411764705882353
0 0.7228571428571429 0.5596638655462185 0.2419047619047619 0.5915966386554622
1 0.9152380952380952 0.3521008403361345 0.08190476190476191 0.0957983193277311
0 0.8933333333333333 0.5873949579831933 0.21333333333333335 0.6100840336134454
1 0.03333333333333333 0.28823529411764703 0.06666666666666667 0.07226890756302522
0 0.06761904761904762 0.5117647058823529 0.13523809523809524 0.5394957983193277
1 0.11714285714285715 0.31512605042016806 0.05904761904761905 0.07563025210084033
0 0.1180952380952381 0.5302521008403361 0.1523809523809524 0.5159663865546219
1 0.2019047619047619 0.3369747899159664 0.06095238095238095 0.07899159663865546
0 0.21523809523809523 0.5453781512605042 0.15619047619047619 0.5159663865546219
1 0.1295238095238095 0.25546218487394956 0.06476190476190476 0.07394957983193277
0 0.11619047619047619 0.47983193277310926 0.1676190476190476 0.5428571428571428
1 0.2257142857142857 0.2680672268907563 0.05523809523809524 0.06890756302521009
0 0.21904761904761905 0.5 0.14857142857142858 0.5495798319327732
1 0.30095238095238097 0.2722689075630252 0.06476190476190476 0.08067226890756303
0 0.3180952380952381 0.4966386554621849 0.14095238095238094 0.5529411764705883
1 0.43333333333333335 0.27983193277310925 0.05904761904761905 0.07899159663865546
0 0.4380952380952381 0.5058823529411764 0.16380952380952382 0.5647058823529412
1 0.5676190476190476 0.28823529411764703 0.08 0.0957983193277311
0 0.58 0.5294117647058824 0.18857142857142858 0.5915966386554622
1 0.6580952380952381 0.21764705882352942 0.06666666666666667 0.08907563025210084
0 0.6714285714285714 0.4789915966386555 0.21523809523809523 0.6352941176470588