1 0.9622857142857143 0.7046728971962617 0.036571428571428574 0.056074766355140186
0 0.9474285714285714 0.8327102803738318 0.10514285714285715 0.33457943925233646
1 0.9382857142857143 0.6934579439252336 0.029714285714285714 0.052336448598130844
0 0.9388571428571428 0.8299065420560747 0.088 0.3401869158878505
1 0.7434285714285714 0.6766355140186916 0.06285714285714286 0.1308411214953271
0 0.7697142857142857 0.7934579439252336 0.20914285714285713 0.4130841121495327
1 0.36114285714285715 0.7700934579439253 0.12114285714285715 0.19439252336448598
0 0.36457142857142855 0.8364485981308412 0.3474285714285714 0.32710280373831774
1 0.6394285714285715 0.6626168224299065 0.04228571428571429 0.08785046728971962
0 0.6371428571428571 0.805607476635514 0.18171428571428572 0.38878504672897196
1 0.6737142857142857 0.6757009345794392 0.026285714285714287 0.05046728971962617
0 0.6737142857142857 0.8252336448598131 0.09257142857142857 0.34953271028037386
1 0.5674285714285714 0.6551401869158878 0.03314285714285714 0.05046728971962617
0 0.5691428571428572 0.8121495327102803 0.096 0.37570093457943926
1 0.4777142857142857 0.6495327102803738 0.029714285714285714 0.05420560747663551
0 0.472 0.8084112149532711 0.10057142857142858 0.38317757009345793
1 0.284 0.6495327102803738 0.026285714285714287 0.05420560747663551
0 0.28114285714285714 0.8084112149532711 0.07542857142857143 0.38317757009345793
1 0.24914285714285714 0.6130841121495327 0.016 0.029906542056074768
0 0.2422857142857143 0.7317757009345794 0.06857142857142857 0.2822429906542056
1 0.084 0.6495327102803738 0.014857142857142857 0.028037383177570093
0 0.07942857142857143 0.7401869158878505 0.060571428571428575 0.2205607476635514
1 0.15142857142857144 0.6542056074766355 0.021714285714285714 0.037383177570093455
0 0.148 0.7598130841121495 0.07657142857142857 0.2560747663551402
1 0.8525714285714285 0.6373831775700934 0.016 0.03364485981308411
0 0.86 0.7224299065420561 0.04 0.2261682242990654
1 0.68 0.6149532710280374 0.018285714285714287 0.029906542056074768
0 0.692 0.7214953271028037 0.06285714285714286 0.2542056074766355
1 0.5914285714285714 0.6205607476635514 0.019428571428571427 0.03364485981308411
0 0.5914285714285714 0.7327102803738318 0.06514285714285714 0.2616822429906542
1 0.5142857142857142 0.611214953271028 0.011428571428571429 0.018691588785046728
0 0.5114285714285715 0.6635514018691588 0.03542857142857143 0.12710280373831775
1 0.5337142857142857 0.6074766355140186 0.009142857142857144 0.011214953271028037
0 0.536 0.6626168224299065 0.027428571428571427 0.14018691588785046
1 0.37142857142857144 0.6196261682242991 0.009142857142857144 0.013084112149532711
0 0.37085714285714283 0.6560747663551402 0.024 0.09345794392523364
1 0.33314285714285713 0.6224299065420561 0.012571428571428572 0.018691588785046728
0 0.3377142857142857 0.6607476635514019 0.030857142857142857 0.10654205607476636
1 0.3182857142857143 0.6261682242990654 0.012571428571428572 0.022429906542056073
0 0.316 0.6794392523364486 0.02857142857142857 0.13644859813084112
1 0.136 0.6439252336448598 0.018285714285714287 0.028037383177570093
0 0.12857142857142856 0.7308411214953271 0.04914285714285714 0.20934579439252338
1 0.022857142857142857 0.6196261682242991 0.011428571428571429 0.020560747663551402
0 0.023428571428571427 0.6906542056074766 0.046857142857142854 0.18130841121495328