1 0.3373333333333333 0.7330357142857142 0.013333333333333334 0.019642857142857142
0 0.32966666666666666 0.7933035714285714 0.046 0.14732142857142858
1 0.39066666666666666 0.7370535714285714 0.013333333333333334 0.022321428571428572
0 0.38433333333333336 0.7928571428571428 0.038 0.1357142857142857
1 0.4116666666666667 0.734375 0.014 0.020535714285714286
0 0.4103333333333333 0.7821428571428571 0.05 0.11964285714285715
1 0.43533333333333335 0.7236607142857143 0.010666666666666666 0.016964285714285713
0 0.432 0.7825892857142858 0.032 0.13660714285714284
1 0.45366666666666666 0.7383928571428572 0.011333333333333334 0.017857142857142856
0 0.4563333333333333 0.7883928571428571 0.024666666666666667 0.12857142857142856
1 0.4653333333333333 0.7477678571428571 0.010666666666666666 0.016964285714285713
0 0.469 0.7941964285714286 0.028666666666666667 0.11517857142857142
1 0.4856666666666667 0.7357142857142858 0.012666666666666666 0.019642857142857142
0 0.48233333333333334 0.7870535714285715 0.034 0.12589285714285714
1 0.502 0.7397321428571428 0.012 0.016964285714285713
0 0.503 0.7892857142857143 0.038 0.11964285714285715
1 0.5313333333333333 0.728125 0.012 0.01875
0 0.53 0.7839285714285714 0.04133333333333333 0.13392857142857142
1 0.55 0.7285714285714285 0.010666666666666666 0.017857142857142856
0 0.553 0.7825892857142858 0.026 0.12946428571428573
1 0.585 0.7272321428571429 0.01 0.013392857142857142
0 0.5856666666666667 0.7852678571428572 0.042 0.13303571428571428
1 0.5793333333333334 0.7321428571428571 0.012 0.01607142857142857
0 0.5803333333333334 0.7870535714285715 0.03133333333333333 0.12767857142857142
1 0.641 0.7151785714285714 0.012666666666666666 0.019642857142857142
0 0.6446666666666667 0.7776785714285714 0.034666666666666665 0.15
1 0.816 0.7486607142857142 0.010666666666666666 0.01875
0 0.8196666666666667 0.7883928571428571 0.034 0.10178571428571428
1 0.5893333333333334 0.6169642857142857 0.009333333333333334 0.010714285714285714
0 0.5963333333333334 0.6334821428571429 0.03133333333333333 0.05267857142857143
1 0.5746666666666667 0.6165178571428571 0.008 0.013392857142857142
0 0.5763333333333334 0.6308035714285715 0.028666666666666667 0.045535714285714284
1 0.102 0.5986607142857143 0.010666666666666666 0.015178571428571428
0 0.10766666666666666 0.6129464285714286 0.035333333333333335 0.06517857142857143
1 0.25333333333333335 0.596875 0.010666666666666666 0.016964285714285713
0 0.26033333333333336 0.6165178571428571 0.038 0.06696428571428571
1 0.392 0.6120535714285714 0.013333333333333334 0.020535714285714286
0 0.394 0.6294642857142857 0.042666666666666665 0.0625
1 0.016 0.7276785714285714 0.006666666666666667 0.008928571428571428
0 0.013333333333333334 0.7486607142857142 0.017333333333333333 0.05625
1 0.025333333333333333 0.728125 0.005333333333333333 0.009821428571428571
0 0.024333333333333332 0.7486607142857142 0.015333333333333332 0.054464285714285715