1 0.0078125 0.45694444444444443 0.0140625 0.030555555555555555
0 0.01640625 0.5201388888888889 0.0328125 0.1625
1 0.1 0.4618055555555556 0.00625 0.0125
0 0.10078125 0.5 0.015625 0.09444444444444444
1 0.1265625 0.4638888888888889 0.0078125 0.013888888888888888
0 0.12109375 0.5027777777777778 0.025 0.10555555555555556
1 0.16953125 0.46875 0.00625 0.0125
0 0.1703125 0.5020833333333333 0.0203125 0.08472222222222223
1 0.22578125 0.4722222222222222 0.00625 0.013888888888888888
0 0.225 0.5048611111111111 0.01875 0.0875
1 0.2 0.4666666666666667 0.00625 0.013888888888888888
0 0.197265625 0.4986111111111111 0.01484375 0.09166666666666666
1 0.2015625 0.4708333333333333 0.00625 0.013888888888888888
0 0.2 0.5027777777777778 0.01875 0.08611111111111111
1 0.2375 0.47430555555555554 0.003125 0.006944444444444444
0 0.23671875 0.4909722222222222 0.0078125 0.04861111111111111
1 0.24765625 0.4701388888888889 0.00625 0.0125
0 0.245703125 0.4951388888888889 0.01015625 0.06805555555555555
1 0.254296875 0.4673611111111111 0.00703125 0.015277777777777777
0 0.2546875 0.5034722222222222 0.01875 0.09305555555555556
1 0.2875 0.47152777777777777 0.00625 0.0125
0 0.29140625 0.5006944444444444 0.01875 0.0763888888888889
1 0.30859375 0.46944444444444444 0.0046875 0.011111111111111112
0 0.307421875 0.4986111111111111 0.01640625 0.07777777777777778
1 0.347265625 0.48055555555555557 0.00859375 0.013888888888888888
0 0.34453125 0.5229166666666667 0.0234375 0.10416666666666667
1 0.387109375 0.4708333333333333 0.00546875 0.011111111111111112
0 0.3875 0.5020833333333333 0.0171875 0.0763888888888889
1 0.37265625 0.47638888888888886 0.0046875 0.008333333333333333
0 0.3734375 0.5034722222222222 0.0125 0.06805555555555555
1 0.367578125 0.47430555555555554 0.00390625 0.006944444444444444
0 0.3671875 0.4979166666666667 0.0109375 0.059722222222222225
1 0.359765625 0.46944444444444444 0.00390625 0.008333333333333333
0 0.356640625 0.4930555555555556 0.00859375 0.058333333333333334
1 0.399609375 0.4708333333333333 0.00390625 0.008333333333333333
0 0.398828125 0.49027777777777776 0.01015625 0.05
1 0.390234375 0.4722222222222222 0.00390625 0.008333333333333333
0 0.390625 0.4888888888888889 0.0109375 0.04722222222222222
1 0.41484375 0.4722222222222222 0.0046875 0.008333333333333333
0 0.414453125 0.4895833333333333 0.01015625 0.04583333333333333
1 0.427734375 0.4909722222222222 0.00859375 0.04583333333333333
0 0.427734375 0.4909722222222222 0.00859375 0.04583333333333333
1 0.43671875 0.47708333333333336 0.0046875 0.006944444444444444
0 0.434765625 0.49583333333333335 0.00859375 0.04722222222222222
1 0.424609375 0.46944444444444444 0.00390625 0.005555555555555556
0 0.423828125 0.48541666666666666 0.00859375 0.043055555555555555
1 0.467578125 0.48680555555555555 0.00390625 0.006944444444444444
0 0.468359375 0.5034722222222222 0.01015625 0.04583333333333333
1 0.333203125 0.475 0.00390625 0.008333333333333333
0 0.330078125 0.49166666666666664 0.00859375 0.044444444444444446
1 0.337109375 0.47708333333333336 0.00546875 0.009722222222222222
0 0.335546875 0.4979166666666667 0.01015625 0.05416666666666667
1 0.3578125 0.4534722222222222 0.0046875 0.009722222222222222
0 0.35625 0.46875 0.009375 0.043055555555555555
1 0.524609375 0.47152777777777777 0.00703125 0.0125
0 0.52265625 0.5041666666666667 0.028125 0.08333333333333333
1 0.4953125 0.4777777777777778 0.003125 0.008333333333333333
0 0.49453125 0.49930555555555556 0.009375 0.05694444444444444
1 0.50078125 0.475 0.0046875 0.008333333333333333
0 0.499609375 0.4965277777777778 0.01171875 0.05694444444444444
1 0.54375 0.48333333333333334 0.003125 0.005555555555555556
0 0.543359375 0.4986111111111111 0.00859375 0.041666666666666664
1 0.52890625 0.49166666666666664 0.0078125 0.041666666666666664
0 0.52890625 0.49166666666666664 0.0078125 0.041666666666666664
1 0.551953125 0.4840277777777778 0.00390625 0.006944444444444444
0 0.55078125 0.5006944444444444 0.009375 0.043055555555555555
1 0.57578125 0.4826388888888889 0.0046875 0.006944444444444444
0 0.574609375 0.5034722222222222 0.01328125 0.04583333333333333
1 0.565625 0.4736111111111111 0.003125 0.005555555555555556
0 0.563671875 0.4888888888888889 0.00859375 0.03888888888888889
1 0.63515625 0.47847222222222224 0.00625 0.0125
0 0.636328125 0.5076388888888889 0.01640625 0.07916666666666666
1 0.6578125 0.4826388888888889 0.0078125 0.015277777777777777
0 0.657421875 0.5326388888888889 0.02890625 0.12083333333333333
1 0.87890625 0.47708333333333336 0.0046875 0.009722222222222222
0 0.87578125 0.5006944444444444 0.0125 0.059722222222222225
1 0.88203125 0.48333333333333334 0.00625 0.011111111111111112
0 0.878125 0.5020833333333333 0.0125 0.05416666666666667
1 0.862890625 0.49166666666666664 0.00859375 0.013888888888888888
0 0.862890625 0.5277777777777778 0.01796875 0.09166666666666666
1 0.84609375 0.48194444444444445 0.00625 0.011111111111111112
0 0.84609375 0.5159722222222223 0.0171875 0.08472222222222223
1 0.839453125 0.48680555555555555 0.00703125 0.0125
0 0.837890625 0.5215277777777778 0.02265625 0.10416666666666667
1 0.815625 0.4756944444444444 0.00625 0.0125
0 0.81640625 0.5048611111111111 0.01875 0.0763888888888889
1 0.7859375 0.47638888888888886 0.003125 0.008333333333333333
0 0.7859375 0.4965277777777778 0.009375 0.05416666666666667
1 0.765234375 0.48194444444444445 0.00546875 0.011111111111111112
0 0.766796875 0.5118055555555555 0.01796875 0.0763888888888889
1 0.752734375 0.4791666666666667 0.00390625 0.008333333333333333
0 0.75234375 0.49722222222222223 0.0109375 0.04722222222222222
1 0.744140625 0.48055555555555557 0.00390625 0.005555555555555556
0 0.742578125 0.4965277777777778 0.01015625 0.04583333333333333
1 0.723828125 0.4777777777777778 0.00390625 0.008333333333333333
0 0.723828125 0.4986111111111111 0.01015625 0.05277777777777778
1 0.7078125 0.4736111111111111 0.003125 0.005555555555555556
0 0.707421875 0.48819444444444443 0.00859375 0.0375
1 0.71484375 0.47638888888888886 0.003125 0.005555555555555556
0 0.7140625 0.4875 0.0078125 0.03333333333333333
1 0.69296875 0.4847222222222222 0.00625 0.027777777777777776
0 0.69296875 0.4847222222222222 0.00625 0.027777777777777776
1 0.689453125 0.4840277777777778 0.00546875 0.029166666666666667
0 0.689453125 0.4840277777777778 0.00546875 0.029166666666666667
1 0.67578125 0.475 0.003125 0.005555555555555556
0 0.675 0.4875 0.0078125 0.03333333333333333
1 0.667578125 0.4895833333333333 0.00703125 0.04027777777777778
0 0.667578125 0.4895833333333333 0.00703125 0.04027777777777778
1 0.409375 0.4847222222222222 0.00625 0.03888888888888889
0 0.409375 0.4847222222222222 0.00625 0.03888888888888889
1 0.2578125 0.46458333333333335 0.0046875 0.009722222222222222
0 0.258203125 0.49444444444444446 0.01640625 0.075