1 0.18603515625 0.29062957540263545 0.0537109375 0.0746705710102489
0 0.20556640625 0.6024890190336749 0.2568359375 0.7071742313323572
1 0.2734375 0.3404099560761347 0.046875 0.10102489019033675
0 0.26611328125 0.6200585651537335 0.2900390625 0.6691068814055637
1 0.375 0.28184480234260617 0.056640625 0.0951683748169839
0 0.3642578125 0.5915080527086384 0.3515625 0.7203513909224012
1 0.49267578125 0.23792093704245973 0.0576171875 0.08638360175695461
0 0.5078125 0.5775988286969254 0.396484375 0.7745241581259151
1 0.6083984375 0.28989751098096633 0.060546875 0.0849194729136164
0 0.6064453125 0.6010248901903368 0.341796875 0.7247437774524158
1 0.71435546875 0.2862371888726208 0.0498046875 0.0629575402635432
0 0.720703125 0.6024890190336749 0.3203125 0.7071742313323572
1 0.81787109375 0.2547584187408492 0.0556640625 0.09663250366032211
0 0.7802734375 0.5790629575402635 0.2578125 0.7569546120058566