1 0.7691666666666667 0.6 0.025 0.04
0 0.7870833333333334 0.716875 0.11083333333333334 0.27875
1 0.8141666666666667 0.62125 0.013333333333333334 0.03
0 0.82 0.701875 0.055 0.19875
1 0.7104166666666667 0.635625 0.014166666666666666 0.02375
0 0.7083333333333334 0.70875 0.041666666666666664 0.175
1 0.64 0.645 0.013333333333333334 0.025
0 0.6329166666666667 0.713125 0.04416666666666667 0.16875
1 0.5641666666666667 0.585625 0.028333333333333332 0.04125
0 0.5629166666666666 0.683125 0.1025 0.37375
1 0.57375 0.6 0.024166666666666666 0.0325
0 0.5770833333333333 0.696875 0.08583333333333333 0.24625
1 0.5133333333333333 0.59875 0.018333333333333333 0.0325
0 0.5075 0.705 0.06166666666666667 0.2525
1 0.4625 0.47625 0.028333333333333332 0.045
0 0.45375 0.6275 0.0675 0.41
1 0.42375 0.5625 0.035833333333333335 0.0525
0 0.41791666666666666 0.70375 0.09416666666666666 0.34
1 0.3275 0.584375 0.028333333333333332 0.03625
0 0.32958333333333334 0.69875 0.06916666666666667 0.2775
1 0.37125 0.58 0.0275 0.0425
0 0.3675 0.694375 0.055 0.27875
1 0.9829166666666667 0.689375 0.015833333333333335 0.02625
0 0.9766666666666667 0.7425 0.04666666666666667 0.14
1 0.93875 0.66375 0.015833333333333335 0.025
0 0.9383333333333334 0.70125 0.041666666666666664 0.1175
1 0.9054166666666666 0.636875 0.0125 0.02125
0 0.90375 0.6775 0.034166666666666665 0.105
1 0.9270833333333334 0.64125 0.015833333333333335 0.025
0 0.9266666666666666 0.68 0.04 0.105
1 0.9695833333333334 0.651875 0.015833333333333335 0.02875
0 0.9683333333333334 0.698125 0.051666666666666666 0.12625
1 0.92375 0.618125 0.010833333333333334 0.02125
0 0.9216666666666666 0.6425 0.02666666666666667 0.075
1 0.9416666666666667 0.620625 0.013333333333333334 0.02125
0 0.94375 0.645625 0.0275 0.07875
1 0.9725 0.613125 0.013333333333333334 0.02375
0 0.9720833333333333 0.6475 0.0325 0.095
1 0.9954166666666666 0.608125 0.009166666666666667 0.02375
0 0.98875 0.639375 0.0225 0.09125
1 0.9379166666666666 0.591875 0.010833333333333334 0.01875
0 0.9379166666666666 0.619375 0.029166666666666667 0.08625
1 0.95375 0.584375 0.014166666666666666 0.02625
0 0.9570833333333333 0.615625 0.0325 0.09375
1 0.9829166666666667 0.58625 0.014166666666666666 0.0225
0 0.9841666666666666 0.616875 0.03166666666666667 0.09125
1 0.9691666666666666 0.563125 0.011666666666666667 0.02125
0 0.9675 0.594375 0.03166666666666667 0.08875
1 0.99 0.55625 0.013333333333333334 0.0225
0 0.9870833333333333 0.590625 0.025833333333333333 0.09625