1 0.02576923076923077 0.5758317025440313 0.025384615384615384 0.03816046966731898
0 0.030384615384615385 0.6815068493150684 0.05307692307692308 0.2690802348336595
1 0.05346153846153846 0.5768101761252447 0.03 0.040117416829745595
0 0.06192307692307692 0.7098825831702544 0.07 0.3101761252446184
1 0.04038461538461539 0.5821917808219178 0.023846153846153847 0.03913894324853229
0 0.03192307692307692 0.7045009784735812 0.057692307692307696 0.29158512720156554
1 0.09615384615384616 0.5831702544031311 0.03538461538461538 0.043052837573385516
0 0.10115384615384615 0.7064579256360078 0.06384615384615384 0.29354207436399216
1 0.13653846153846153 0.5768101761252447 0.023846153846153847 0.036203522504892366
0 0.13615384615384615 0.6854207436399217 0.052307692307692305 0.2573385518590998
1 0.13576923076923078 0.576320939334638 0.023846153846153847 0.033268101761252444
0 0.13384615384615384 0.6805283757338552 0.06307692307692307 0.2534246575342466
1 0.1946153846153846 0.5567514677103719 0.03538461538461538 0.046966731898238745
0 0.20461538461538462 0.7000978473581213 0.14923076923076922 0.34540117416829746
1 0.3026923076923077 0.5709393346379648 0.03307692307692308 0.04598825831702544
0 0.3096153846153846 0.7045009784735812 0.08384615384615385 0.31702544031311153
1 0.39153846153846156 0.5704500978473581 0.03076923076923077 0.0410958904109589
0 0.38961538461538464 0.7103718199608611 0.07769230769230769 0.32289628180039137
1 0.31846153846153846 0.5728962818003914 0.027692307692307693 0.03816046966731898
0 0.3261538461538461 0.6893346379647749 0.07076923076923076 0.27690802348336596
1 0.35923076923076924 0.5645792563600783 0.024615384615384615 0.0410958904109589
0 0.36038461538461536 0.6682974559686888 0.06384615384615384 0.25440313111545987
1 0.37884615384615383 0.5562622309197651 0.023846153846153847 0.03228962818003914
0 0.38461538461538464 0.675146771037182 0.06 0.27788649706457924
1 0.43153846153846154 0.5826810176125244 0.026153846153846153 0.036203522504892366
0 0.4246153846153846 0.7035225048923679 0.052307692307692305 0.2857142857142857
1 0.42730769230769233 0.5836594911937377 0.026923076923076925 0.036203522504892366
0 0.4326923076923077 0.6961839530332681 0.06076923076923077 0.2690802348336595
1 0.44884615384615384 0.5807240704500979 0.022307692307692306 0.030332681017612523
0 0.4584615384615385 0.687866927592955 0.06153846153846154 0.2465753424657534
1 0.5276923076923077 0.5611545988258317 0.033846153846153845 0.04598825831702544
0 0.5411538461538462 0.6952054794520548 0.09 0.3238747553816047