1 0.9616666666666667 0.41259259259259257 0.052222222222222225 0.07555555555555556
0 0.9461111111111111 0.6029629629629629 0.10777777777777778 0.4651851851851852
1 0.955 0.35259259259259257 0.043333333333333335 0.07111111111111111
0 0.9477777777777778 0.5422222222222223 0.10444444444444445 0.4562962962962963
1 0.9338888888888889 0.17851851851851852 0.04111111111111111 0.0637037037037037
0 0.9283333333333333 0.3274074074074074 0.11666666666666667 0.37037037037037035
1 0.8244444444444444 0.16518518518518518 0.04 0.0637037037037037
0 0.825 0.30814814814814817 0.09666666666666666 0.3585185185185185
1 0.8544444444444445 0.3459259259259259 0.04666666666666667 0.0725925925925926
0 0.855 0.5333333333333333 0.09444444444444444 0.4562962962962963
1 0.8605555555555555 0.4325925925925926 0.05 0.07407407407407407
0 0.8533333333333334 0.6103703703703703 0.11333333333333333 0.4444444444444444
1 0.7161111111111111 0.43037037037037035 0.05444444444444444 0.07555555555555556
0 0.7205555555555555 0.6066666666666667 0.09888888888888889 0.43703703703703706
1 0.7733333333333333 0.3851851851851852 0.04666666666666667 0.07407407407407407
0 0.7738888888888888 0.58 0.10555555555555556 0.4696296296296296
1 0.7522222222222222 0.35185185185185186 0.04666666666666667 0.07555555555555556
0 0.7594444444444445 0.5325925925925926 0.09666666666666666 0.44592592592592595
1 0.7194444444444444 0.16518518518518518 0.04111111111111111 0.06666666666666667
0 0.7161111111111111 0.3074074074074074 0.09444444444444444 0.36
1 0.6177777777777778 0.15407407407407409 0.035555555555555556 0.05925925925925926
0 0.6155555555555555 0.302962962962963 0.10888888888888888 0.3748148148148148
1 0.6044444444444445 0.3288888888888889 0.044444444444444446 0.07111111111111111
0 0.6033333333333334 0.5155555555555555 0.09555555555555556 0.45925925925925926
1 0.6766666666666666 0.3503703703703704 0.04666666666666667 0.06962962962962962
0 0.6744444444444444 0.5274074074074074 0.09111111111111111 0.4414814814814815
1 0.6283333333333333 0.4222222222222222 0.04555555555555556 0.07703703703703704
0 0.6305555555555555 0.6007407407407407 0.11444444444444445 0.44592592592592595
1 0.5727777777777778 0.3748148148148148 0.04555555555555556 0.07111111111111111
0 0.5761111111111111 0.5607407407407408 0.0811111111111111 0.46074074074074073
1 0.5255555555555556 0.3896296296296296 0.05333333333333334 0.08296296296296296
0 0.5255555555555556 0.5785185185185185 0.12 0.4666666666666667
1 0.515 0.32592592592592595 0.04555555555555556 0.07407407407407407
0 0.5183333333333333 0.5288888888888889 0.11 0.4948148148148148
1 0.5266666666666666 0.12814814814814815 0.03777777777777778 0.0637037037037037
0 0.5244444444444445 0.2911111111111111 0.10222222222222223 0.39555555555555555
1 0.4211111111111111 0.13777777777777778 0.03777777777777778 0.06222222222222222
0 0.4216666666666667 0.2940740740740741 0.09222222222222222 0.38666666666666666
1 0.4722222222222222 0.3977777777777778 0.04888888888888889 0.08148148148148149
0 0.4722222222222222 0.5896296296296296 0.08 0.4740740740740741
1 0.4222222222222222 0.3888888888888889 0.051111111111111114 0.08148148148148149
0 0.41944444444444445 0.5955555555555555 0.10111111111111111 0.5096296296296297
1 0.41333333333333333 0.34074074074074073 0.03777777777777778 0.06814814814814815
0 0.41055555555555556 0.5474074074074075 0.08555555555555555 0.49333333333333335
1 0.33555555555555555 0.14222222222222222 0.044444444444444446 0.06222222222222222
0 0.3338888888888889 0.2962962962962963 0.09 0.38222222222222224
1 0.2688888888888889 0.15333333333333332 0.04 0.06962962962962962
0 0.25722222222222224 0.3022222222222222 0.09222222222222222 0.3762962962962963
1 0.24833333333333332 0.27111111111111114 0.06111111111111111 0.10962962962962963
0 0.21833333333333332 0.5651851851851852 0.2611111111111111 0.7125925925925926
1 0.10222222222222223 0.2859259259259259 0.06444444444444444 0.10962962962962963
0 0.1361111111111111 0.585925925925926 0.2411111111111111 0.7214814814814815
1 0.17944444444444443 0.36814814814814817 0.05 0.0874074074074074
0 0.19555555555555557 0.5459259259259259 0.10444444444444445 0.4874074074074074
1 0.3438888888888889 0.3496296296296296 0.052222222222222225 0.09185185185185185
0 0.3427777777777778 0.5881481481481482 0.15444444444444444 0.6103703703703703