1 0.09916666666666667 0.5727459016393442 0.04666666666666667 0.13729508196721313
0 0.08166666666666667 0.7510245901639344 0.16333333333333333 0.4979508196721312
1 0.2175 0.5747950819672131 0.04 0.13319672131147542
0 0.2075 0.742827868852459 0.13333333333333333 0.514344262295082
1 0.33208333333333334 0.5983606557377049 0.035833333333333335 0.11065573770491803
0 0.32375 0.7663934426229508 0.12083333333333333 0.4672131147540984
1 0.43291666666666667 0.5655737704918032 0.0375 0.12295081967213115
0 0.43916666666666665 0.75 0.12333333333333334 0.5
1 0.5379166666666667 0.576844262295082 0.034166666666666665 0.12090163934426229
0 0.5483333333333333 0.75 0.11 0.5
1 0.6570833333333334 0.5870901639344263 0.0425 0.12090163934426229
0 0.6583333333333333 0.7602459016393442 0.11166666666666666 0.47950819672131145
1 0.75875 0.5850409836065574 0.03916666666666667 0.1290983606557377
0 0.7625 0.7581967213114754 0.12833333333333333 0.48360655737704916
1 0.06708333333333333 0.2540983606557377 0.0475 0.12704918032786885
0 0.06916666666666667 0.5922131147540983 0.13333333333333333 0.8155737704918032
1 0.17708333333333334 0.36577868852459017 0.0425 0.11270491803278689
0 0.18041666666666667 0.6516393442622951 0.1125 0.6967213114754098
1 0.2604166666666667 0.3237704918032787 0.0375 0.11885245901639344
0 0.26125 0.625 0.1025 0.7459016393442623
1 0.3175 0.3668032786885246 0.035 0.11885245901639344
0 0.3204166666666667 0.6526639344262295 0.11416666666666667 0.694672131147541
1 0.4083333333333333 0.3524590163934426 0.035 0.11475409836065574
0 0.4033333333333333 0.6424180327868853 0.09666666666666666 0.7151639344262295
1 0.48 0.3709016393442623 0.03333333333333333 0.11475409836065574
0 0.47708333333333336 0.6495901639344263 0.1025 0.7008196721311475
1 0.5070833333333333 0.3514344262295082 0.030833333333333334 0.10860655737704918
0 0.5120833333333333 0.6403688524590164 0.08416666666666667 0.7110655737704918
1 0.5520833333333334 0.3391393442622951 0.035833333333333335 0.125
0 0.5516666666666666 0.632172131147541 0.09666666666666666 0.735655737704918
1 0.64625 0.3401639344262295 0.0375 0.11475409836065574
0 0.6408333333333334 0.6383196721311475 0.10333333333333333 0.7233606557377049
1 0.6829166666666666 0.3524590163934426 0.03916666666666667 0.09836065573770492
0 0.6779166666666666 0.5594262295081968 0.06583333333333333 0.5327868852459017
1 0.7175 0.38934426229508196 0.03833333333333333 0.11475409836065574
0 0.7195833333333334 0.6567622950819673 0.09083333333333334 0.6700819672131147
1 0.7695833333333333 0.33299180327868855 0.0375 0.1168032786885246
0 0.7675 0.6301229508196722 0.09166666666666666 0.7233606557377049
1 0.8054166666666667 0.3739754098360656 0.0425 0.125
0 0.8033333333333333 0.6516393442622951 0.12 0.6967213114754098
1 0.91 0.2807377049180328 0.04833333333333333 0.12704918032786885
0 0.915 0.6075819672131147 0.145 0.7848360655737705
1 0.9229166666666667 0.3944672131147541 0.0525 0.14549180327868852
0 0.9175 0.6567622950819673 0.13833333333333334 0.6864754098360656