1 0.11139455782312925 0.1865222623345367 0.05102040816326531 0.08904933814681107
0 0.12032312925170068 0.4482551143200963 0.15391156462585034 0.631768953068592
1 0.18537414965986396 0.1967509025270758 0.05782312925170068 0.1095066185318893
0 0.18877551020408162 0.470517448856799 0.1377551020408163 0.6714801444043321
1 0.29124149659863946 0.1444043321299639 0.055272108843537414 0.10348977135980746
0 0.2895408163265306 0.4223826714801444 0.14200680272108843 0.6690734055354994
1 0.3086734693877551 0.4121540312876053 0.04931972789115646 0.09747292418772563
0 0.30017006802721086 0.6299638989169675 0.14285714285714285 0.53309265944645
1 0.40433673469387754 0.21359807460890493 0.05187074829931973 0.0950661853188929
0 0.407312925170068 0.4428399518652226 0.1292517006802721 0.5655836341756919
1 0.477891156462585 0.14560770156438027 0.05442176870748299 0.098676293622142
0 0.4851190476190476 0.37725631768953066 0.14370748299319727 0.5667870036101083
1 0.41581632653061223 0.4121540312876053 0.05442176870748299 0.09747292418772563
0 0.41284013605442177 0.6263537906137184 0.1488095238095238 0.5403128760529483
1 0.5123299319727891 0.3941034897713598 0.05357142857142857 0.09987966305655836
0 0.5272108843537415 0.614921780986763 0.14795918367346939 0.5439229843561973
1 0.5790816326530612 0.21600481347773767 0.04421768707482993 0.09025270758122744
0 0.5744047619047619 0.43381468110709986 0.10459183673469388 0.5403128760529483
1 0.6352040816326531 0.19253910950661854 0.05102040816326531 0.0914560770156438
0 0.6258503401360545 0.457280385078219 0.14795918367346939 0.6329723225030084
1 0.7113095238095238 0.2148014440433213 0.055272108843537414 0.09987966305655836
0 0.7172619047619048 0.4981949458483754 0.125 0.6787003610108303
1 0.7818877551020408 0.148014440433213 0.06037414965986394 0.10108303249097472
0 0.7831632653061225 0.4404332129963899 0.16666666666666666 0.6979542719614922