1 0.3175 0.6714501510574018 0.027 0.04984894259818731
0 0.281 0.7764350453172205 0.146 0.26586102719033233
1 0.332 0.6608761329305136 0.026 0.04078549848942598
0 0.307 0.7628398791540786 0.114 0.2537764350453172
1 0.3915 0.6268882175226587 0.023 0.03625377643504532
0 0.394 0.7175226586102719 0.056 0.23564954682779457
1 0.4525 0.6842900302114804 0.033 0.05740181268882175
0 0.415 0.7726586102719033 0.12 0.2794561933534743
1 0.4875 0.6465256797583081 0.021 0.04229607250755287
0 0.4915 0.7575528700906344 0.047 0.2764350453172205
1 0.532 0.6661631419939577 0.026 0.04229607250755287
0 0.5175 0.763595166163142 0.081 0.243202416918429
1 0.5215 0.6910876132930514 0.033 0.04984894259818731
0 0.5075 0.775679758308157 0.065 0.2552870090634441
1 0.57 0.6790030211480362 0.028 0.055891238670694864
0 0.526 0.7605740181268882 0.128 0.22507552870090636
1 0.675 0.7802114803625377 0.122 0.2583081570996979
0 0.675 0.7802114803625377 0.122 0.2583081570996979
1 0.684 0.6782477341389728 0.026 0.04229607250755287
0 0.6855 0.763595166163142 0.067 0.22205438066465258