1 0.8846774193548387 0.17067307692307693 0.06935483870967742 0.125
0 0.9056451612903226 0.5300480769230769 0.17258064516129032 0.8870192307692307
1 0.771774193548387 0.15745192307692307 0.05967741935483871 0.10817307692307693
0 0.7685483870967742 0.49399038461538464 0.19838709677419356 0.8341346153846154
1 0.7330645161290322 0.07091346153846154 0.056451612903225805 0.11298076923076923
0 0.7258064516129032 0.40865384615384615 0.14516129032258066 0.8076923076923077
1 0.6395161290322581 0.11177884615384616 0.05967741935483871 0.11298076923076923
0 0.6419354838709678 0.44591346153846156 0.15806451612903225 0.8197115384615384
1 0.5782258064516129 0.109375 0.05 0.0985576923076923
0 0.5620967741935484 0.41346153846153844 0.13709677419354838 0.7403846153846154
1 0.5096774193548387 0.1346153846153846 0.054838709677419356 0.11538461538461539
0 0.5209677419354839 0.4735576923076923 0.15483870967741936 0.7980769230769231
1 0.43870967741935485 0.10216346153846154 0.054838709677419356 0.0985576923076923
0 0.43951612903225806 0.40625 0.13064516129032258 0.7307692307692307
1 0.38548387096774195 0.109375 0.05806451612903226 0.10817307692307693
0 0.38467741935483873 0.44711538461538464 0.16612903225806452 0.7932692307692307
1 0.30806451612903224 0.171875 0.054838709677419356 0.0985576923076923
0 0.32661290322580644 0.43990384615384615 0.12419354838709677 0.6586538461538461
1 0.2306451612903226 0.12379807692307693 0.054838709677419356 0.09375
0 0.2306451612903226 0.4206730769230769 0.13225806451612904 0.7115384615384616
1 0.20483870967741935 0.18389423076923078 0.06451612903225806 0.11778846153846154
0 0.20806451612903226 0.4987980769230769 0.14516129032258066 0.7764423076923077
1 0.13870967741935483 0.15144230769230768 0.06451612903225806 0.1201923076923077
0 0.13306451612903225 0.53125 0.22096774193548388 0.9230769230769231