1 0.884375 0.14656771799628943 0.06125 0.1261595547309833
0 0.875625 0.46382189239332094 0.20375 0.7866419294990723
1 0.774375 0.17439703153988867 0.04375 0.10760667903525047
0 0.764375 0.461038961038961 0.16625 0.7179962894248608
1 0.584375 0.18738404452690166 0.04375 0.1038961038961039
0 0.585625 0.47217068645640076 0.17375 0.6846011131725418
1 0.405625 0.12337662337662338 0.06375 0.11688311688311688
0 0.401875 0.43692022263450836 0.20625 0.8144712430426716
1 0.16125 0.22727272727272727 0.045 0.07977736549165121
0 0.1525 0.44341372912801486 0.2675 0.5343228200371057
1 0.479375 0.11317254174397032 0.02625 0.059369202226345084
0 0.4725 0.2300556586270872 0.09 0.3116883116883117
1 0.3375 0.16048237476808905 0.0525 0.10575139146567718
0 0.350625 0.45269016697588127 0.16875 0.712430426716141
1 0.62625 0.14471243042671614 0.0475 0.09276437847866419
0 0.62625 0.42207792207792205 0.155 0.6623376623376623
1 0.70375 0.1326530612244898 0.045 0.09461966604823747
0 0.7125 0.41465677179962895 0.1325 0.6697588126159555