1 0.95947265625 0.6826384567517113 0.0810546875 0.23771001866832608
0 0.950927734375 0.7787803360298693 0.09814453125 0.44243932794026136
1 0.925048828125 0.20846297448662104 0.13232421875 0.2016179215930305
0 0.911865234375 0.5491599253266957 0.17626953125 0.9016801493466086
1 0.784912109375 0.16988176726820162 0.21142578125 0.2924704418170504
0 0.778076171875 0.5121344119477287 0.44384765625 0.9757311761045426
1 0.40625 0.775980087118855 0.2119140625 0.19663970130678282
0 0.49267578125 0.836341008089608 0.388671875 0.3273179838207841
1 0.23095703125 0.589607965152458 0.2138671875 0.20099564405724954
0 0.31689453125 0.7426882389545737 0.3642578125 0.5146235220908525
1 0.23193359375 0.5989421281891724 0.21484375 0.20099564405724954
0 0.277099609375 0.7485998755444928 0.55419921875 0.5028002489110143
1 0.0546875 0.18761667703795892 0.109375 0.22215308027380212
0 0.14111328125 0.5413814561294338 0.2822265625 0.9172370877411326
1 0.134033203125 0.1238332296204107 0.10986328125 0.15930304915992533
0 0.14453125 0.43217174859987556 0.1689453125 0.8332296204107031
1 0.199951171875 0.22184194150591163 0.12060546875 0.20846297448662104
0 0.193603515625 0.5690728064716863 0.24853515625 0.8618543870566272
1 0.3671875 0.3674548848786559 0.16796875 0.22339763534536403
0 0.45068359375 0.6260112009956441 0.41015625 0.7479775980087119