1 0.6348148148148148 0.3942307692307692 0.06666666666666667 0.1076923076923077
0 0.6414814814814814 0.6365384615384615 0.17185185185185184 0.6230769230769231
1 0.705925925925926 0.31826923076923075 0.06666666666666667 0.12115384615384615
0 0.6807407407407408 0.5644230769230769 0.18518518518518517 0.6365384615384615
1 0.6918518518518518 0.1125 0.07703703703703704 0.125
0 0.717037037037037 0.46057692307692305 0.2785185185185185 0.8442307692307692
1 0.5259259259259259 0.4115384615384615 0.05925925925925926 0.08846153846153847
0 0.5466666666666666 0.6028846153846154 0.13037037037037036 0.5288461538461539
1 0.4822222222222222 0.48653846153846153 0.057777777777777775 0.10384615384615385
0 0.49037037037037035 0.6509615384615385 0.10074074074074074 0.4519230769230769
1 0.4014814814814815 0.425 0.07111111111111111 0.11153846153846154
0 0.4162962962962963 0.65 0.13925925925925925 0.573076923076923
1 0.2822222222222222 0.21346153846153845 0.0637037037037037 0.1076923076923077
0 0.3125925925925926 0.5163461538461539 0.2725925925925926 0.7326923076923076
1 0.21555555555555556 0.5288461538461539 0.05185185185185185 0.09230769230769231
0 0.2037037037037037 0.6807692307692308 0.14962962962962964 0.4346153846153846
1 0.2311111111111111 0.18461538461538463 0.05925925925925926 0.10384615384615385
0 0.2437037037037037 0.4375 0.14666666666666667 0.625
1 0.4162962962962963 0.12115384615384615 0.05037037037037037 0.08461538461538462
0 0.4066666666666667 0.3557692307692308 0.16148148148148148 0.5807692307692308
1 0.11777777777777777 0.11634615384615385 0.04296296296296296 0.07115384615384615
0 0.1274074074074074 0.34423076923076923 0.11851851851851852 0.5461538461538461
1 0.06518518518518518 0.1625 0.044444444444444446 0.075
0 0.06 0.3663461538461538 0.12 0.5019230769230769