1 0.10774946921443737 0.177 0.06263269639065817 0.126
0 0.10721868365180467 0.546 0.1932059447983015 0.9
1 0.22983014861995754 0.155 0.05201698513800425 0.126
0 0.22929936305732485 0.51 0.13800424628450106 0.904
1 0.3099787685774947 0.219 0.050955414012738856 0.126
0 0.3375796178343949 0.527 0.15074309978768577 0.79
1 0.43418259023354566 0.172 0.04883227176220807 0.112
0 0.4272823779193206 0.483 0.13906581740976645 0.746
1 0.5005307855626328 0.234 0.04777070063694268 0.112
0 0.48991507430997877 0.528 0.13694267515923567 0.736
1 0.6024416135881104 0.209 0.04777070063694268 0.118
0 0.6040339702760085 0.523 0.12738853503184713 0.758
1 0.6863057324840764 0.168 0.04777070063694268 0.112
0 0.6841825902335457 0.496 0.1178343949044586 0.788
1 0.7813163481953291 0.184 0.055201698513800426 0.128
0 0.7919320594479831 0.517 0.18471337579617833 0.81
1 0.9193205944798302 0.087 0.050955414012738856 0.118
0 0.935244161358811 0.483 0.12314225053078556 0.914