1 0.91 0.3361904761904762 0.16933333333333334 0.1457142857142857
0 0.7873333333333333 0.520952380952381 0.42533333333333334 0.9580952380952381
1 0.8826666666666667 0.8142857142857143 0.23466666666666666 0.20095238095238097
0 0.8093333333333333 0.8342857142857143 0.38133333333333336 0.3314285714285714
1 0.3913333333333333 0.06380952380952382 0.10533333333333333 0.09904761904761905
0 0.4766666666666667 0.33666666666666667 0.388 0.659047619047619
1 0.4656666666666667 0.11190476190476191 0.11266666666666666 0.11238095238095239
0 0.4806666666666667 0.4247619047619048 0.45466666666666666 0.7609523809523809
1 0.4106666666666667 0.22428571428571428 0.14933333333333335 0.13142857142857142
0 0.3636666666666667 0.5692857142857143 0.45666666666666667 0.8614285714285714
1 0.4106666666666667 0.2261904761904762 0.156 0.13714285714285715
0 0.3933333333333333 0.5545238095238095 0.452 0.8909523809523809
1 0.418 0.29285714285714287 0.08533333333333333 0.06095238095238095
0 0.36466666666666664 0.559047619047619 0.7293333333333333 0.8819047619047619