1 0.13120039682539683 0.22701719576719576 0.03373015873015873 0.05324074074074074
0 0.09809027777777778 0.37648809523809523 0.109375 0.37202380952380953
1 0.07614087301587301 0.34011243386243384 0.012896825396825396 0.021494708994708994
0 0.07490079365079365 0.3955026455026455 0.0441468253968254 0.19973544973544974
1 0.2604166666666667 0.3741732804232804 0.03373015873015873 0.03935185185185185
0 0.25930059523809523 0.5170304232804233 0.1212797619047619 0.39186507936507936
1 0.24479166666666666 0.3845899470899471 0.020833333333333332 0.03571428571428571
0 0.2449156746031746 0.5 0.08258928571428571 0.2718253968253968
1 0.2993551587301587 0.37863756613756616 0.008432539682539682 0.011904761904761904
0 0.30183531746031744 0.42080026455026454 0.023809523809523808 0.10152116402116403
1 0.34833829365079366 0.3854166666666667 0.020089285714285716 0.03670634920634921
0 0.3472222222222222 0.4887566137566138 0.06349206349206349 0.24404761904761904
1 0.3767361111111111 0.4037698412698413 0.018353174603174604 0.031084656084656083
0 0.37785218253968256 0.48561507936507936 0.04935515873015873 0.19874338624338625
1 0.3994295634920635 0.40145502645502645 0.012648809523809524 0.017857142857142856
0 0.4021577380952381 0.4576719576719577 0.0339781746031746 0.13624338624338625
1 0.3373015873015873 0.39285714285714285 0.008928571428571428 0.01521164021164021
0 0.33482142857142855 0.435515873015873 0.029265873015873016 0.10317460317460317
1 0.4272073412698413 0.3968253968253968 0.018105158730158732 0.028439153439153438
0 0.4208829365079365 0.49007936507936506 0.05704365079365079 0.22023809523809523
1 0.45002480158730157 0.4226190476190476 0.028025793650793652 0.051587301587301584
0 0.4480406746031746 0.5588624338624338 0.08705357142857142 0.3306878306878307
1 0.4833829365079365 0.4156746031746032 0.017361111111111112 0.025793650793650792
0 0.4781746031746032 0.5004960317460317 0.04513888888888889 0.20866402116402116
1 0.578125 0.39897486772486773 0.027281746031746032 0.060515873015873016
0 0.5755208333333334 0.527281746031746 0.09647817460317461 0.3210978835978836
1 0.6902281746031746 0.4236111111111111 0.027281746031746032 0.047619047619047616
0 0.6953125 0.5540674603174603 0.09449404761904762 0.31845238095238093
1 0.8184523809523809 0.4183201058201058 0.061507936507936505 0.10714285714285714
0 0.8483382936507936 0.6810515873015873 0.23983134920634921 0.6378968253968254
1 0.9213789682539683 0.46147486772486773 0.01984126984126984 0.0248015873015873
0 0.9153025793650794 0.533068783068783 0.04290674603174603 0.17261904761904762
1 0.949156746031746 0.4538690476190476 0.018849206349206348 0.02414021164021164
0 0.9441964285714286 0.5307539682539683 0.03968253968253968 0.1832010582010582
1 0.37375992063492064 0.38955026455026454 0.01240079365079365 0.018518518518518517
0 0.37686011904761907 0.4522156084656085 0.034970238095238096 0.14517195767195767