1 0.06908267270668177 0.4486404833836858 0.0362400906002265 0.054380664652567974
0 0.05605889014722537 0.6132930513595166 0.07814269535673839 0.3987915407854985
1 0.1404303510758777 0.49244712990936557 0.04077010192525481 0.0634441087613293
0 0.12570781426953567 0.6616314199395771 0.10192525481313704 0.41389728096676737
1 0.22366930917327293 0.4984894259818731 0.028312570781426953 0.04229607250755287
0 0.21121177802944507 0.629154078549849 0.08720271800679502 0.3157099697885196
1 0.25028312570781425 0.4826283987915408 0.04303510758776897 0.0649546827794562
0 0.24292185730464327 0.6729607250755287 0.10305775764439411 0.45468277945619334
1 0.3250283125707814 0.5241691842900302 0.031710079275198186 0.05740181268882175
0 0.31540203850509624 0.6623867069486404 0.08493771234428087 0.34894259818731116
1 0.3437146092865232 0.49244712990936557 0.028312570781426953 0.0513595166163142
0 0.3459796149490374 0.6374622356495468 0.07814269535673839 0.35347432024169184
1 0.42412231030577574 0.47507552870090636 0.039637599093997736 0.0649546827794562
0 0.4139297848244621 0.6638972809667674 0.10305775764439411 0.45770392749244715
1 0.4546998867497169 0.48564954682779454 0.03284258210645526 0.052870090634441085
0 0.4445073612684032 0.6616314199395771 0.10305775764439411 0.42900302114803623
1 0.5249150622876557 0.5158610271903323 0.028312570781426953 0.04984894259818731
0 0.4988674971687429 0.6442598187311178 0.10079275198187995 0.3157099697885196
1 0.5503963759909399 0.4984894259818731 0.03850509626274066 0.04833836858006042
0 0.5436013590033975 0.6759818731117825 0.07701019252548132 0.4123867069486405
1 0.5764439411098528 0.5226586102719033 0.0362400906002265 0.06042296072507553
0 0.5764439411098528 0.6963746223564955 0.09966024915062288 0.4199395770392749
1 0.6234428086070215 0.4879154078549849 0.03284258210645526 0.04833836858006042
0 0.6189127972819932 0.6427492447129909 0.08720271800679502 0.36706948640483383
1 0.6772366930917327 0.5415407854984894 0.031710079275198186 0.04984894259818731
0 0.6715741789354474 0.6873111782477341 0.09513023782559456 0.3595166163141994
1 0.7876557191392979 0.5226586102719033 0.035107587768969425 0.054380664652567974
0 0.7785956964892412 0.6850453172205438 0.11211778029445074 0.3821752265861027
1 0.9269535673839184 0.48338368580060426 0.06002265005662514 0.09063444108761329
0 0.9060022650056625 0.7152567975830816 0.13590033975084936 0.5694864048338368
1 0.9575311438278595 0.5128398791540786 0.035107587768969425 0.052870090634441085
0 0.9518686296715742 0.6880664652567976 0.09626274065685164 0.43051359516616317
1 0.4190260475651189 0.47507552870090636 0.031710079275198186 0.04682779456193353
0 0.4088335220838052 0.6200906344410876 0.10192525481313704 0.3459214501510574