1 0.0712890625 0.5885416666666666 0.037109375 0.0763888888888889
0 0.05517578125 0.7725694444444444 0.1005859375 0.4548611111111111
1 0.1513671875 0.6085069444444444 0.033203125 0.08159722222222222
0 0.1083984375 0.7421875 0.162109375 0.515625
1 0.14306640625 0.6788194444444444 0.0380859375 0.0763888888888889
0 0.1279296875 0.8151041666666666 0.103515625 0.3697916666666667
1 0.09814453125 0.5677083333333334 0.0283203125 0.0625
0 0.09521484375 0.6666666666666666 0.0849609375 0.4895833333333333
1 0.123046875 0.5512152777777778 0.025390625 0.050347222222222224
0 0.11865234375 0.6822916666666666 0.0595703125 0.3333333333333333
1 0.18505859375 0.5737847222222222 0.0302734375 0.06770833333333333
0 0.18359375 0.7204861111111112 0.07421875 0.3715277777777778
1 0.2021484375 0.6085069444444444 0.033203125 0.07118055555555555
0 0.2021484375 0.7803819444444444 0.083984375 0.4392361111111111
1 0.23193359375 0.5798611111111112 0.0283203125 0.052083333333333336
0 0.2275390625 0.7395833333333334 0.068359375 0.4027777777777778
1 0.22509765625 0.6762152777777778 0.0341796875 0.07465277777777778
0 0.2138671875 0.8090277777777778 0.1171875 0.3819444444444444
1 0.2861328125 0.6388888888888888 0.03515625 0.07291666666666667
0 0.27490234375 0.7960069444444444 0.0947265625 0.4079861111111111
1 0.314453125 0.6762152777777778 0.037109375 0.08159722222222222
0 0.306640625 0.7387152777777778 0.099609375 0.5225694444444444
1 0.33154296875 0.5868055555555556 0.0302734375 0.06944444444444445
0 0.3271484375 0.7743055555555556 0.078125 0.4513888888888889
1 0.37109375 0.6189236111111112 0.03125 0.06770833333333333
0 0.36962890625 0.7890625 0.0751953125 0.421875
1 0.38671875 0.6866319444444444 0.033203125 0.08159722222222222
0 0.37451171875 0.7708333333333334 0.1083984375 0.4583333333333333
1 0.4248046875 0.6449652777777778 0.029296875 0.06770833333333333
0 0.42578125 0.8012152777777778 0.076171875 0.3975694444444444
1 0.44140625 0.6085069444444444 0.025390625 0.06076388888888889
0 0.44091796875 0.7769097222222222 0.0732421875 0.4149305555555556
1 0.46142578125 0.6979166666666666 0.0341796875 0.07291666666666667
0 0.44384765625 0.7986111111111112 0.1123046875 0.4027777777777778
1 0.49951171875 0.6536458333333334 0.0283203125 0.06076388888888889
0 0.4970703125 0.8090277777777778 0.08203125 0.3819444444444444
1 0.5283203125 0.5581597222222222 0.025390625 0.057291666666666664
0 0.53125 0.7196180555555556 0.072265625 0.390625
1 0.52783203125 0.6623263888888888 0.0341796875 0.078125
0 0.5322265625 0.8055555555555556 0.091796875 0.3888888888888889
1 0.59375 0.5815972222222222 0.029296875 0.059027777777777776
0 0.58837890625 0.7612847222222222 0.0947265625 0.4774305555555556
1 0.576171875 0.6206597222222222 0.033203125 0.07118055555555555
0 0.57421875 0.7899305555555556 0.080078125 0.4201388888888889
1 0.607421875 0.546875 0.025390625 0.05555555555555555
0 0.60498046875 0.6953125 0.0693359375 0.3628472222222222
1 0.61767578125 0.6996527777777778 0.0341796875 0.0763888888888889
0 0.60546875 0.8220486111111112 0.119140625 0.3559027777777778
1 0.64990234375 0.5711805555555556 0.0302734375 0.06597222222222222
0 0.66259765625 0.7421875 0.1005859375 0.4149305555555556
1 0.65966796875 0.6319444444444444 0.0302734375 0.0763888888888889
0 0.66162109375 0.7934027777777778 0.0849609375 0.4131944444444444
1 0.6962890625 0.7248263888888888 0.03515625 0.06770833333333333
0 0.70068359375 0.8394097222222222 0.1142578125 0.3211805555555556
1 0.72607421875 0.6319444444444444 0.0322265625 0.06944444444444445
0 0.734375 0.7951388888888888 0.0859375 0.4097222222222222
1 0.70849609375 0.578125 0.0283203125 0.059027777777777776
0 0.7119140625 0.7300347222222222 0.07421875 0.3697916666666667
1 0.69189453125 0.5434027777777778 0.0263671875 0.052083333333333336
0 0.69384765625 0.7065972222222222 0.0751953125 0.3958333333333333
1 0.75048828125 0.5590277777777778 0.0224609375 0.052083333333333336
0 0.7529296875 0.6996527777777778 0.07421875 0.3541666666666667
1 0.77734375 0.5954861111111112 0.02734375 0.059027777777777776
0 0.77880859375 0.7621527777777778 0.0751953125 0.4166666666666667
1 0.77685546875 0.6961805555555556 0.0361328125 0.0798611111111111
0 0.78564453125 0.8185763888888888 0.0947265625 0.3628472222222222
1 0.80615234375 0.6362847222222222 0.0361328125 0.07118055555555555
0 0.81005859375 0.796875 0.0869140625 0.40625
1 0.85693359375 0.5798611111111112 0.0244140625 0.041666666666666664
0 0.85546875 0.6796875 0.046875 0.2517361111111111
1 0.8779296875 0.5520833333333334 0.01953125 0.03819444444444445
0 0.8837890625 0.6631944444444444 0.044921875 0.2743055555555556
1 0.87841796875 0.6206597222222222 0.0380859375 0.07118055555555555
0 0.89501953125 0.7725694444444444 0.1162109375 0.4548611111111111
1 0.8466796875 0.7100694444444444 0.037109375 0.06944444444444445
0 0.85302734375 0.8315972222222222 0.0927734375 0.3368055555555556
1 0.9169921875 0.7022569444444444 0.041015625 0.0920138888888889
0 0.92919921875 0.8263888888888888 0.1044921875 0.3472222222222222