1 0.06103515625 0.30409356725146197 0.0478515625 0.08771929824561403
0 0.06787109375 0.5489766081871345 0.1337890625 0.618421052631579
1 0.1357421875 0.3252923976608187 0.046875 0.08333333333333333
0 0.14501953125 0.5453216374269005 0.0947265625 0.5380116959064327
1 0.208984375 0.3508771929824561 0.05078125 0.09064327485380116
0 0.1923828125 0.5679824561403509 0.130859375 0.5423976608187134
1 0.24853515625 0.2997076023391813 0.0458984375 0.0847953216374269
0 0.2490234375 0.5029239766081871 0.091796875 0.5
1 0.306640625 0.3442982456140351 0.048828125 0.08625730994152046
0 0.29833984375 0.5833333333333334 0.1240234375 0.5789473684210527
1 0.3681640625 0.2821637426900585 0.04296875 0.08187134502923976
0 0.3681640625 0.5109649122807017 0.095703125 0.5453216374269005
1 0.4072265625 0.3369883040935672 0.046875 0.0891812865497076
0 0.3974609375 0.5555555555555556 0.10546875 0.5497076023391813
1 0.486328125 0.31432748538011696 0.05078125 0.0935672514619883
0 0.49072265625 0.5635964912280702 0.1611328125 0.6067251461988304
1 0.53662109375 0.25877192982456143 0.0458984375 0.09064327485380116
0 0.54248046875 0.4904970760233918 0.1064453125 0.5628654970760234
1 0.6103515625 0.3230994152046784 0.046875 0.08187134502923976
0 0.6171875 0.5628654970760234 0.111328125 0.5701754385964912
1 0.6796875 0.31140350877192985 0.048828125 0.08771929824561403
0 0.69189453125 0.5460526315789473 0.1005859375 0.5716374269005848
1 0.78173828125 0.2916666666666667 0.0458984375 0.09210526315789473
0 0.7890625 0.5482456140350878 0.134765625 0.6140350877192983
1 0.91357421875 0.2741228070175439 0.0556640625 0.09502923976608187
0 0.91845703125 0.5416666666666666 0.1513671875 0.6388888888888888