1 0.2459375 0.6294559099437148 0.026875 0.043151969981238276
0 0.201875 0.7176360225140713 0.13375 0.24202626641651032
1 0.2296875 0.600375234521576 0.026875 0.04878048780487805
0 0.25125 0.6843339587242027 0.09375 0.22420262664165103
1 0.699375 0.599437148217636 0.01875 0.028142589118198873
0 0.7196875 0.6561913696060038 0.068125 0.1529080675422139
1 0.7271875 0.5970919324577861 0.015625 0.025328330206378986
0 0.756875 0.6547842401500938 0.08875 0.150093808630394
1 0.51375 0.5347091932457786 0.00625 0.01125703564727955
0 0.5184375 0.5605065666041276 0.018125 0.0647279549718574
1 0.541875 0.5272045028142589 0.005 0.009380863039399626
0 0.541875 0.550656660412758 0.015 0.058161350844277676
1 0.558125 0.5403377110694184 0.0025 0.00375234521575985
0 0.5575 0.5478424015009381 0.00625 0.020637898686679174
1 0.5528125 0.5408067542213884 0.001875 0.0028142589118198874
0 0.5521875 0.5487804878048781 0.005625 0.020637898686679174