1 0.08222222222222222 0.4508333333333333 0.04 0.065
0 0.06777777777777778 0.6416666666666667 0.10222222222222223 0.46
1 0.16833333333333333 0.4633333333333333 0.034444444444444444 0.06333333333333334
0 0.15888888888888889 0.64 0.09333333333333334 0.42333333333333334
1 0.24166666666666667 0.47583333333333333 0.03222222222222222 0.065
0 0.23 0.6375 0.09111111111111111 0.395
1 0.31277777777777777 0.4766666666666667 0.027777777777777776 0.056666666666666664
0 0.30944444444444447 0.6408333333333334 0.10333333333333333 0.395
1 0.37277777777777776 0.49083333333333334 0.027777777777777776 0.051666666666666666
0 0.37222222222222223 0.6466666666666666 0.06222222222222222 0.37666666666666665
1 0.425 0.46 0.027777777777777776 0.05333333333333334
0 0.42388888888888887 0.6033333333333334 0.09888888888888889 0.36
1 0.45666666666666667 0.44 0.03111111111111111 0.05333333333333334
0 0.4627777777777778 0.5866666666666667 0.06555555555555556 0.35333333333333333
1 0.5088888888888888 0.42333333333333334 0.03111111111111111 0.056666666666666664
0 0.5111111111111111 0.5958333333333333 0.08222222222222222 0.4083333333333333
1 0.5672222222222222 0.41083333333333333 0.03 0.058333333333333334
0 0.5666666666666667 0.5758333333333333 0.07777777777777778 0.39166666666666666
1 0.6127777777777778 0.435 0.03 0.05
0 0.6055555555555555 0.5916666666666667 0.09111111111111111 0.37
1 0.6411111111111111 0.4608333333333333 0.035555555555555556 0.06833333333333333
0 0.6483333333333333 0.6516666666666666 0.09888888888888889 0.45666666666666667
1 0.6738888888888889 0.43333333333333335 0.03 0.06
0 0.6727777777777778 0.5958333333333333 0.06777777777777778 0.39166666666666666
1 0.7177777777777777 0.43333333333333335 0.03111111111111111 0.06
0 0.7205555555555555 0.6191666666666666 0.09888888888888889 0.44166666666666665
1 0.9172222222222223 0.5 0.04777777777777778 0.08333333333333333
0 0.9105555555555556 0.7275 0.15 0.545
1 0.8233333333333334 0.5166666666666667 0.04 0.06666666666666667
0 0.8244444444444444 0.7183333333333334 0.13777777777777778 0.48333333333333334
1 0.7205555555555555 0.5041666666666667 0.03666666666666667 0.065
0 0.715 0.6941666666666667 0.08555555555555555 0.45166666666666666
1 0.6872222222222222 0.5416666666666666 0.03666666666666667 0.07333333333333333
0 0.6938888888888889 0.735 0.11444444444444445 0.47333333333333333
1 0.5944444444444444 0.4866666666666667 0.03777777777777778 0.07
0 0.5927777777777777 0.6925 0.11444444444444445 0.48833333333333334
1 0.48833333333333334 0.6325 0.03666666666666667 0.06833333333333333
0 0.48333333333333334 0.7583333333333333 0.1 0.32666666666666666
1 0.3938888888888889 0.6708333333333333 0.034444444444444444 0.065
0 0.3927777777777778 0.7825 0.09666666666666666 0.29833333333333334
1 0.3194444444444444 0.6733333333333333 0.03 0.06333333333333334
0 0.3011111111111111 0.7908333333333334 0.10888888888888888 0.31166666666666665