1 0.053142857142857144 0.42884697813973427 0.038285714285714284 0.07243891984569224
0 0.047285714285714285 0.5295756536648093 0.09457142857142857 0.27818259751393054
1 0.11471428571428571 0.4089155593656237 0.06771428571428571 0.09944277753964852
0 0.132 0.6101585940848693 0.19942857142857143 0.5122160308615517
1 0.29628571428571426 0.4155593656236605 0.03314285714285714 0.05786540934419203
0 0.30242857142857144 0.550150021431633 0.08314285714285714 0.33561937419631377
1 0.371 0.42456065152164596 0.02942857142857143 0.055293613373339046
0 0.3787142857142857 0.5531504500642949 0.09057142857142857 0.33819117016716677
1 0.4377142857142857 0.42477496785255037 0.026285714285714287 0.04629232747535362
0 0.43957142857142856 0.5544363480497214 0.06942857142857142 0.30990141448778397
1 0.5531428571428572 0.45906558079725673 0.028 0.05572224603514788
0 0.5562857142857143 0.5681525932276039 0.10742857142857143 0.28675525075010716
1 0.6154285714285714 0.44299185597942564 0.025142857142857144 0.05015002143163309
0 0.617 0.5510072867552508 0.07914285714285714 0.2747535362194599
1 0.6484285714285715 0.46485212173167595 0.026571428571428572 0.04757822546078011
0 0.612 0.584226318045435 0.18514285714285714 0.30518645520788684
1 0.7108571428571429 0.4337762537505358 0.037142857142857144 0.06258036862408915
0 0.6442857142857142 0.5784397771110159 0.192 0.3647663951993142
1 0.7437142857142857 0.4249892841834548 0.04 0.07243891984569224
0 0.7037142857142857 0.5756536648092585 0.16514285714285715 0.3874839262751822
1 0.7938571428571428 0.4279897128161166 0.048285714285714286 0.06729532790398629
0 0.7457142857142857 0.5859408486926704 0.16285714285714287 0.3909129875696528
1 0.8587142857142858 0.4046292327475354 0.04485714285714286 0.07372481783111873
0 0.7901428571428571 0.5891555936562366 0.214 0.46506643806258036
1 0.9 0.3939134162023146 0.056 0.09429918559794256
0 0.8605714285714285 0.5977282468924132 0.21885714285714286 0.5122160308615517
1 0.9814285714285714 0.37998285469352766 0.037142857142857144 0.09815687955422203
0 0.8861428571428571 0.6210887269609944 0.2277142857142857 0.5855122160308616
1 0.34285714285714286 0.35469352764680667 0.02457142857142857 0.04072010287183883
0 0.3385714285714286 0.4804972138876982 0.07028571428571428 0.30432918988426916
1 0.4014285714285714 0.33883411915988 0.025714285714285714 0.04929275610801543
0 0.3995714285714286 0.46056579511358764 0.06771428571428571 0.30132876125160735
1 0.4531428571428571 0.37526789541363054 0.022285714285714287 0.041577368195456495
0 0.45385714285714285 0.4779254179168453 0.06371428571428571 0.25975139305615086
1 0.5864285714285714 0.37012430347192454 0.031142857142857142 0.055293613373339046
0 0.5875714285714285 0.4738534076296614 0.07228571428571429 0.2713244749249893
1 0.6318571428571429 0.37291041577368195 0.024857142857142855 0.04972138876982426
0 0.6328571428571429 0.46656665237891126 0.07428571428571429 0.25675096442348905
1 0.6878571428571428 0.37741105872267466 0.024285714285714285 0.041577368195456495
0 0.6877142857142857 0.46228032576082295 0.07142857142857142 0.224174882126018
1 0.8288571428571428 0.3634804972138877 0.022857142857142857 0.05229318474067724
0 0.8287142857142857 0.4511358765537934 0.07685714285714286 0.23446206600942993
1 0.5167142857142857 0.23360480068581227 0.046 0.0848692670381483
0 0.4727142857142857 0.49464209172738965 0.17342857142857143 0.6180882983283326
1 0.24014285714285713 0.10072867552507501 0.06885714285714285 0.11573081868838406
0 0.2292857142857143 0.48949849978568366 0.218 0.9644234890698671
1 0.7372857142857143 0.37033861980282895 0.023714285714285716 0.04029147021003
0 0.7318571428571429 0.4532790398628376 0.066 0.224174882126018
1 0.7751428571428571 0.37483926275182167 0.022285714285714287 0.04072010287183883
0 0.7758571428571429 0.4569224174882126 0.06314285714285714 0.21174453493356193