1 0.516796875 0.90390625 0.021875 0.034895833333333334
0 0.515625 0.9393229166666667 0.046875 0.12135416666666667
1 0.5517578125 0.9026041666666667 0.022265625 0.0375
0 0.5537109375 0.9401041666666666 0.058984375 0.11979166666666667
1 0.5671875 0.9057291666666667 0.01796875 0.029166666666666667
0 0.5736328125 0.9442708333333333 0.038671875 0.11145833333333334
1 0.3986328125 0.8875 0.009765625 0.016666666666666666
0 0.399609375 0.9328125 0.034375 0.11145833333333334
1 0.37890625 0.8919270833333334 0.00859375 0.016145833333333335
0 0.3736328125 0.9317708333333333 0.032421875 0.10833333333333334
1 0.315234375 0.88984375 0.02109375 0.033854166666666664
0 0.3078125 0.9354166666666667 0.0515625 0.12916666666666668
1 0.353125 0.87890625 0.0078125 0.013020833333333334
0 0.3478515625 0.91328125 0.018359375 0.08385416666666666
1 0.3349609375 0.87734375 0.005859375 0.008854166666666666
0 0.331640625 0.9041666666666667 0.01640625 0.06458333333333334
1 0.344140625 0.8755208333333333 0.00625 0.008333333333333333
0 0.34140625 0.9033854166666667 0.01328125 0.0640625
1 0.2728515625 0.88828125 0.008984375 0.013020833333333334
0 0.2689453125 0.9252604166666667 0.023046875 0.0890625
1 0.262890625 0.8734375 0.0046875 0.00625
0 0.2603515625 0.9018229166666667 0.019921875 0.06510416666666667
1 0.2357421875 0.88203125 0.012109375 0.021354166666666667
0 0.23359375 0.9325520833333333 0.03828125 0.13177083333333334
1 0.2818359375 0.8716145833333333 0.003515625 0.0046875
0 0.28046875 0.8895833333333333 0.009375 0.041666666666666664
1 0.29453125 0.8716145833333333 0.00546875 0.0078125
0 0.29453125 0.89375 0.0125 0.053125
1 0.3064453125 0.8723958333333334 0.005078125 0.007291666666666667
0 0.3060546875 0.8924479166666667 0.008203125 0.050520833333333334
1 0.2875 0.8919270833333334 0.009375 0.04010416666666667
0 0.2875 0.8919270833333334 0.009375 0.04010416666666667
1 0.140234375 0.8799479166666667 0.00703125 0.0109375
0 0.137890625 0.9125 0.01875 0.07916666666666666
1 0.5900390625 0.9252604166666667 0.008203125 0.013020833333333334
0 0.592578125 0.94921875 0.01953125 0.0671875
1 0.593359375 0.9049479166666666 0.01640625 0.05677083333333333
0 0.593359375 0.9049479166666666 0.01640625 0.05677083333333333
1 0.1970703125 0.8979166666666667 0.012890625 0.042708333333333334
0 0.1970703125 0.8979166666666667 0.012890625 0.042708333333333334