1 0.7448529411764706 0.42134831460674155 0.11029411764705882 0.24044943820224718
0 0.8220588235294117 0.6426966292134831 0.35294117647058826 0.7146067415730337
1 0.21764705882352942 0.37865168539325844 0.12058823529411765 0.23146067415730337
0 0.18235294117647058 0.6123595505617978 0.36470588235294116 0.7752808988764045
1 0.5014705882352941 0.46179775280898877 0.09117647058823529 0.18651685393258427
0 0.5176470588235295 0.6651685393258427 0.2735294117647059 0.6696629213483146
1 0.3683823529411765 0.18876404494382024 0.10147058823529412 0.18876404494382024
0 0.3713235294117647 0.5359550561797752 0.20441176470588235 0.9280898876404494
1 0.5066176470588235 0.12134831460674157 0.08088235294117647 0.1707865168539326
0 0.4602941176470588 0.5146067415730337 0.39705882352941174 0.9707865168539326
1 0.6801470588235294 0.18202247191011237 0.08970588235294118 0.1662921348314607
0 0.7044117647058824 0.5 0.21470588235294116 1