1 0.986875 0.5380997177798683 0.01375 0.022577610536218252
0 0.9890625 0.5898400752587017 0.021875 0.1279397930385701
1 0.86625 0.5456255879586077 0.0075 0.011288805268109126
0 0.8709375 0.5846660395108184 0.026875 0.09125117591721543
1 0.86625 0.5460959548447789 0.00875 0.012229539040451553
0 0.8728125 0.5832549388523048 0.028125 0.08654750705550329
1 0.6865625 0.5564440263405456 0.008125 0.012229539040451553
0 0.6865625 0.5921919096895578 0.020625 0.08748824082784572
1 0.60375 0.5719661335841957 0.00875 0.01317027281279398
0 0.6078125 0.6161806208842897 0.030625 0.10724365004703669
1 0.5890625 0.5738476011288806 0.004375 0.007525870178739417
0 0.588125 0.5954844778927564 0.015 0.05268109125117592
1 0.56375 0.5724365004703669 0.00875 0.014111006585136407
0 0.56375 0.6175917215428034 0.025 0.10818438381937912
1 0.4884375 0.47318908748824084 0.034375 0.060206961429915336
0 0.4815625 0.6669802445907808 0.085625 0.45719661335841955
1 0.4353125 0.5846660395108184 0.003125 0.00658513640639699
0 0.4346875 0.5997177798682972 0.009375 0.04045155221072436
1 0.4128125 0.587958607714017 0.003125 0.0037629350893697085
0 0.4128125 0.6001881467544685 0.009375 0.030103480714957668
1 0.3890625 0.5790216368767639 0.008125 0.014111006585136407
0 0.3890625 0.6124176857949201 0.021875 0.08842897460018814
1 0.3559375 0.5780809031044214 0.008125 0.014111006585136407
0 0.3559375 0.6142991533396049 0.026875 0.08842897460018814
1 0.3375 0.5860771401693321 0.00625 0.011288805268109126
0 0.3353125 0.6142991533396049 0.018125 0.07149576669802446
1 0.329375 0.5841956726246472 0.00625 0.00940733772342427
0 0.3284375 0.6124176857949201 0.016875 0.0658513640639699
1 0.304375 0.590310442144873 0.00625 0.010348071495766699
0 0.305625 0.616650987770461 0.0175 0.06302916274694262
1 0.291875 0.5931326434619003 0.005 0.008466603951081843
0 0.2915625 0.6171213546566322 0.015625 0.060206961429915336
1 0.263125 0.6095954844778928 0.0125 0.020696142991533398
0 0.2603125 0.6547507055503292 0.043125 0.11288805268109126
1 0.2421875 0.5893697083725306 0.008125 0.014111006585136407
0 0.243125 0.6218250235183443 0.02 0.08278457196613359
1 0.225 0.5936030103480715 0.0075 0.01317027281279398
0 0.2265625 0.6251175917215428 0.024375 0.08184383819379115
1 0.1990625 0.561618062088429 0.013125 0.022577610536218252
0 0.2028125 0.6307619943555973 0.040625 0.16839134524929444
1 0.1675 0.506585136406397 0.03625 0.053621825023518345
0 0.1590625 0.6792097836312324 0.116875 0.3988711194731891
1 0.1365625 0.5056444026340545 0.036875 0.05738476011288805
0 0.13625 0.6641580432737535 0.07875 0.3781749764816557
1 0.0978125 0.5790216368767639 0.005625 0.008466603951081843
0 0.1015625 0.6105362182502352 0.016875 0.07337723424270931
1 0.0896875 0.5884289746001882 0.008125 0.012229539040451553
0 0.083125 0.6204139228598307 0.0325 0.08748824082784572
1 0.049375 0.5888993414863594 0.00875 0.011288805268109126
0 0.0484375 0.6222953904045155 0.021875 0.08184383819379115
1 0.013125 0.5940733772342427 0.00875 0.014111006585136407
0 0.0159375 0.6237064910630291 0.026875 0.07714016933207903
1 0.0040625 0.583725305738476 0.008125 0.014111006585136407
0 0.0090625 0.6185324553151458 0.018125 0.08560677328316087