1 0.22646604938271606 0.10416666666666667 0.11496913580246913 0.19804526748971193
0 0.19193672839506173 0.5 0.38387345679012347 1
1 0.36921296296296297 0.17463991769547324 0.10262345679012345 0.1661522633744856
0 0.38040123456790126 0.539866255144033 0.3140432098765432 0.9202674897119342
1 0.5131172839506173 0.15329218106995884 0.14891975308641975 0.19855967078189302
0 0.5979938271604939 0.5236625514403292 0.3611111111111111 0.9526748971193416
1 0.21103395061728394 0.3330761316872428 0.1257716049382716 0.2361111111111111
0 0.28665123456790126 0.581275720164609 0.44753086419753085 0.8374485596707819
1 0.5100308641975309 0.2960390946502058 0.13040123456790123 0.24022633744855967
0 0.49864969135802467 0.5895061728395061 0.5366512345679012 0.8209876543209876
1 0.5046296296296297 0.2950102880658436 0.1388888888888889 0.24331275720164608
0 0.5268132716049383 0.5635288065843621 0.36689814814814814 0.8729423868312757
1 0.8198302469135802 0.30092592592592593 0.11496913580246913 0.19855967078189302
0 0.7876157407407407 0.5802469135802469 0.42476851851851855 0.8395061728395061
1 0.5775462962962963 0.4722222222222222 0.12654320987654322 0.25617283950617287
0 0.6168981481481481 0.6638374485596708 0.3194444444444444 0.6723251028806584