1 0.009248554913294798 0.7219424460431655 0.018497109826589597 0.039568345323741004
0 0.009248554913294798 0.7219424460431655 0.018497109826589597 0.039568345323741004
1 0.03757225433526012 0.6985611510791367 0.008092485549132947 0.0057553956834532375
0 0.03699421965317919 0.7136690647482015 0.03236994219653179 0.03741007194244604
1 0.047398843930635835 0.706115107913669 0.006936416184971098 0.005035971223021582
0 0.04508670520231214 0.720863309352518 0.027745664739884393 0.04028776978417266
1 0.06242774566473988 0.6942446043165468 0.009248554913294798 0.0057553956834532375
0 0.061849710982658956 0.7100719424460432 0.021965317919075144 0.04028776978417266
1 0.07514450867052024 0.6989208633093525 0.009248554913294798 0.006474820143884892
0 0.07167630057803469 0.7143884892086331 0.03236994219653179 0.04028776978417266
1 0.1416184971098266 0.7046762589928057 0.008092485549132947 0.005035971223021582
0 0.1393063583815029 0.7190647482014388 0.028901734104046242 0.038129496402877695
1 0.019653179190751446 0.7388489208633093 0.009248554913294798 0.007194244604316547
0 0.02023121387283237 0.7600719424460431 0.03352601156069364 0.05107913669064748
1 0.12716763005780346 0.7507194244604316 0.011560693641618497 0.00935251798561151
0 0.12080924855491329 0.7701438848920863 0.04046242774566474 0.05107913669064748
1 0.1578034682080925 0.7532374100719424 0.012716763005780347 0.010071942446043165
0 0.15606936416184972 0.7712230215827338 0.03699421965317919 0.04892086330935252
1 0.18554913294797687 0.7654676258992805 0.010404624277456647 0.007194244604316547
0 0.18439306358381502 0.7863309352517985 0.04046242774566474 0.051798561151079135
1 0.21907514450867052 0.7571942446043165 0.012716763005780347 0.00935251798561151
0 0.21560693641618497 0.7820143884892087 0.03121387283236994 0.0618705035971223
1 0.22601156069364162 0.7618705035971223 0.012716763005780347 0.008633093525179856
0 0.2254335260115607 0.7820143884892087 0.03236994219653179 0.051798561151079135
1 0.1601156069364162 0.8122302158273381 0.017341040462427744 0.012949640287769784
0 0.16127167630057804 0.8384892086330935 0.047398843930635835 0.07122302158273382
1 0.20346820809248556 0.8363309352517986 0.020809248554913295 0.01223021582733813
0 0.2069364161849711 0.8769784172661871 0.055491329479768786 0.09928057553956834
1 0.27572254335260116 0.7866906474820143 0.015028901734104046 0.01079136690647482
0 0.2791907514450867 0.8172661870503597 0.04971098265895954 0.07913669064748201
1 0.26936416184971096 0.7629496402877698 0.011560693641618497 0.007913669064748202
0 0.2705202312138728 0.7892086330935252 0.04393063583815029 0.06330935251798561
1 0.2930635838150289 0.7370503597122302 0.010404624277456647 0.006474820143884892
0 0.292485549132948 0.7550359712230216 0.03005780346820809 0.05251798561151079
1 0.3265895953757225 0.762589928057554 0.010404624277456647 0.008633093525179856
0 0.3236994219653179 0.7877697841726619 0.05086705202312139 0.06474820143884892
1 0.3439306358381503 0.75431654676259 0.012716763005780347 0.007913669064748202
0 0.3398843930635838 0.7787769784172662 0.04161849710982659 0.06115107913669065
1 0.38439306358381503 0.7482014388489209 0.012716763005780347 0.008633093525179856
0 0.3809248554913295 0.7690647482014389 0.03815028901734104 0.053237410071942444
1 0.3965317919075145 0.7323741007194244 0.009248554913294798 0.007194244604316547
0 0.3976878612716763 0.7521582733812949 0.03468208092485549 0.05539568345323741
1 0.2855491329479769 0.9158273381294963 0.03468208092485549 0.027338129496402876
0 0.2907514450867052 0.95 0.07976878612716763 0.1
1 0.37976878612716763 0.8920863309352518 0.026589595375722544 0.017266187050359712
0 0.3560693641618497 0.9392086330935252 0.08092485549132948 0.11726618705035971
1 0.6104046242774567 0.8859712230215827 0.025433526011560695 0.017985611510791366
0 0.6017341040462427 0.9294964028776979 0.07052023121387284 0.11223021582733812
1 0.6497109826589595 0.9032374100719425 0.018497109826589597 0.016546762589928057
0 0.653757225433526 0.9424460431654677 0.06589595375722543 0.10071942446043165
1 0.708092485549133 0.889568345323741 0.026589595375722544 0.017985611510791366
0 0.7086705202312139 0.9316546762589928 0.07398843930635839 0.11366906474820145
1 0.6011560693641619 0.8575539568345324 0.025433526011560695 0.01870503597122302
0 0.6092485549132948 0.883453237410072 0.09248554913294797 0.07913669064748201
1 0.6450867052023121 0.8690647482014389 0.018497109826589597 0.014388489208633094
0 0.6491329479768786 0.891726618705036 0.04508670520231214 0.07266187050359713
1 0.8063583815028902 0.8176258992805755 0.019653179190751446 0.01223021582733813
0 0.8057803468208092 0.8517985611510791 0.04393063583815029 0.08633093525179857
1 0.8433526011560694 0.8654676258992806 0.019653179190751446 0.015827338129496403
0 0.8404624277456647 0.9035971223021583 0.06011560693641618 0.09928057553956834
1 0.8872832369942196 0.8661870503597122 0.021965317919075144 0.015827338129496403
0 0.8861271676300578 0.9068345323741007 0.06358381502890173 0.10287769784172662
1 0.9589595375722544 0.8528776978417266 0.019653179190751446 0.015107913669064749
0 0.9549132947976878 0.8996402877697842 0.055491329479768786 0.11294964028776978
1 0.9780346820809248 0.85431654676259 0.023121387283236993 0.017985611510791366
0 0.9734104046242774 0.8920863309352518 0.05317919075144509 0.09928057553956834
1 0.056647398843930635 0.6967625899280575 0.006936416184971098 0.005035971223021582
0 0.056647398843930635 0.7089928057553957 0.018497109826589597 0.03381294964028777
1 0.8670520231213873 0.9035971223021583 0.027745664739884393 0.01870503597122302
0 0.8780346820809248 0.9435251798561151 0.07514450867052024 0.10431654676258993