1 0.3228346456692913 0.4234135667396061 0.10236220472440945 0.13347921225382933
0 0.3612204724409449 0.6739606126914661 0.33661417322834647 0.6520787746170679
1 0.5442913385826772 0.4059080962800875 0.10826771653543307 0.11597374179431072
0 0.5639763779527559 0.6542669584245077 0.2933070866141732 0.6345733041575492
1 0.734251968503937 0.3533916849015317 0.08267716535433071 0.09409190371991247
0 0.7598425196850394 0.574398249452954 0.24803149606299213 0.5492341356673961
1 0.12598425196850394 0.24835886214442013 0.06692913385826772 0.08096280087527352
0 0.12303149606299213 0.462800875273523 0.16338582677165353 0.5185995623632386
1 0.39173228346456695 0.20021881838074398 0.09055118110236221 0.12035010940919037
0 0.3927165354330709 0.487964989059081 0.1830708661417323 0.6958424507658644
1 0.47539370078740156 0.2100656455142232 0.06496062992125984 0.087527352297593
0 0.4793307086614173 0.45295404814004375 0.1594488188976378 0.5864332603938731
1 0.9311023622047244 0.22647702407002188 0.015748031496062992 0.019693654266958426
0 0.9281496062992126 0.28665207877461707 0.04921259842519685 0.15317286652078774
1 0.9183070866141733 0.24726477024070023 0.013779527559055118 0.01312910284463895
0 0.9124015748031497 0.29540481400437635 0.03346456692913386 0.13129102844638948
1 0.8562992125984252 0.29978118161925604 0.03543307086614173 0.10065645514223195
0 0.8562992125984252 0.29978118161925604 0.03543307086614173 0.10065645514223195
1 0.8188976377952756 0.23522975929978118 0.01968503937007874 0.024070021881838075
0 0.8169291338582677 0.2899343544857768 0.03543307086614173 0.1422319474835886
1 0.765748031496063 0.23085339168490154 0.015748031496062992 0.019693654266958426
0 0.764763779527559 0.2855579868708972 0.04133858267716536 0.14660831509846828
1 0.7066929133858267 0.23522975929978118 0.015748031496062992 0.019693654266958426
0 0.7047244094488189 0.2888402625820569 0.031496062992125984 0.13129102844638948
1 0.6446850393700787 0.2800875273522976 0.00984251968503937 0.01312910284463895
0 0.6377952755905512 0.3161925601750547 0.03937007874015748 0.09409190371991247
1 0.6082677165354331 0.2188183807439825 0.015748031496062992 0.02188183807439825
0 0.6122047244094488 0.2844638949671772 0.03543307086614173 0.16192560175054704
1 0.20866141732283464 0.2188183807439825 0.031496062992125984 0.0350109409190372
0 0.21358267716535434 0.33807439824945296 0.08464566929133858 0.28227571115973743
1 0.297244094488189 0.21663019693654267 0.03543307086614173 0.04814004376367615
0 0.296259842519685 0.3424507658643326 0.09251968503937008 0.3085339168490153
1 0.010826771653543307 0.21991247264770242 0.021653543307086614 0.03282275711159737
0 0.028543307086614175 0.3161925601750547 0.05708661417322835 0.24726477024070023
1 0.1702755905511811 0.19474835886214442 0.025590551181102362 0.0350109409190372
0 0.17716535433070865 0.2603938730853392 0.051181102362204724 0.17943107221006566
1 0.5265748031496063 0.23413566739606126 0.021653543307086614 0.030634573304157548
0 0.53248031496063 0.2964989059080963 0.04921259842519685 0.16849015317286653