1 0.015957446808510637 0.13106235565819863 0.031914893617021274 0.05196304849884527
0 0.03150572831423895 0.35912240184757505 0.05973813420621931 0.5150115473441108
1 0.10065466448445172 0.23556581986143188 0.03436988543371522 0.06235565819861432
0 0.10106382978723404 0.44226327944572746 0.11374795417348608 0.5011547344110855
1 0.2176759410801964 0.10103926096997691 0.049099836333878884 0.08660508083140878
0 0.2074468085106383 0.40993071593533487 0.17103109656301146 0.7274826789838337
1 0.16080196399345337 0.4659353348729792 0.05319148936170213 0.08660508083140878
0 0.15507364975450083 0.6535796766743649 0.13338788870703763 0.48036951501154734
1 0.25859247135842883 0.4630484988452656 0.054009819967266774 0.08775981524249422
0 0.2704582651391162 0.6610854503464203 0.1432078559738134 0.4953810623556582
1 0.32037643207855976 0.23960739030023095 0.06464811783960721 0.10969976905311778
0 0.32569558101472995 0.5381062355658198 0.18494271685761046 0.7344110854503464
1 0.3932078559738134 0.1922632794457275 0.04828150572831424 0.07505773672055427
0 0.395253682487725 0.4636258660508083 0.1407528641571195 0.640877598152425
1 0.4594926350245499 0.24422632794457275 0.04991816693944354 0.09815242494226328
0 0.4746317512274959 0.5259815242494227 0.20294599018003273 0.684757505773672
1 0.4492635024549918 0.38799076212471134 0.05564648117839607 0.10161662817551963
0 0.4439443535188216 0.6212471131639723 0.1546644844517185 0.581986143187067
1 0.4779050736497545 0.44399538106235564 0.05564648117839607 0.09815242494226328
0 0.49427168576104746 0.6530023094688222 0.19639934533551553 0.5300230946882217
1 0.6738952536824877 0.17494226327944573 0.0662847790507365 0.11893764434180139
0 0.676759410801964 0.5132794457274826 0.2602291325695581 0.8279445727482679
1 0.5045008183306056 0.13337182448036952 0.03355155482815057 0.05658198614318707
0 0.5008183306055647 0.3279445727482679 0.10801963993453355 0.46420323325635104
1 0.39566284779050737 0.20092378752886836 0.04828150572831424 0.08083140877598152
0 0.3895253682487725 0.3568129330254042 0.10638297872340426 0.47575057736720555
1 0.5482815057283142 0.2222863741339492 0.03927986906710311 0.06351039260969978
0 0.544189852700491 0.44399538106235564 0.10801963993453355 0.5300230946882217
1 0.6219312602291326 0.17609699769053117 0.04746317512274959 0.08198614318706697
0 0.6190671031096563 0.4035796766743649 0.13502454991816695 0.5554272517321016
1 0.6947626841243862 0.20958429561200922 0.049099836333878884 0.07967667436489607
0 0.6914893617021277 0.5242494226327945 0.2896890343698854 0.7621247113163973
1 0.894026186579378 0.24884526558891454 0.04991816693944354 0.07043879907621248
0 0.8932078559738135 0.4653579676674365 0.10229132569558101 0.5127020785219399
1 0.7745499181669394 0.16454965357967669 0.04991816693944354 0.07274826789838337
0 0.7880523731587561 0.42321016166281755 0.12274959083469722 0.5969976905311778