1 0.022916666666666665 0.38 0.0125 0.0225
0 0.02625 0.4525 0.035833333333333335 0.1775
1 0.15291666666666667 0.4375 0.015833333333333335 0.025
0 0.16458333333333333 0.49625 0.050833333333333335 0.1475
1 0.21125 0.4025 0.019166666666666665 0.0275
0 0.22 0.49 0.06166666666666667 0.2
1 0.31333333333333335 0.373125 0.018333333333333333 0.02875
0 0.30583333333333335 0.47125 0.041666666666666664 0.2275
1 0.33625 0.385625 0.014166666666666666 0.03125
0 0.335 0.45375 0.023333333333333334 0.1725
1 0.35375 0.39625 0.0175 0.03
0 0.35625 0.484375 0.0575 0.21375
1 0.3670833333333333 0.4075 0.0125 0.025
0 0.36875 0.468125 0.029166666666666667 0.16125
1 0.3908333333333333 0.389375 0.015 0.02875
0 0.3904166666666667 0.468125 0.05416666666666667 0.19875
1 0.42083333333333334 0.4025 0.008333333333333333 0.015
0 0.42083333333333334 0.459375 0.025 0.13375
1 0.45625 0.38375 0.015833333333333335 0.0275
0 0.45458333333333334 0.47125 0.04416666666666667 0.21
1 0.47125 0.3975 0.030833333333333334 0.055
0 0.45125 0.555625 0.11583333333333333 0.38625
1 0.5583333333333333 0.379375 0.03166666666666667 0.05875
0 0.565 0.54375 0.09833333333333333 0.4
1 0.7541666666666667 0.37875 0.051666666666666666 0.085
0 0.7458333333333333 0.63625 0.17333333333333334 0.6175
1 0.19333333333333333 0.390625 0.008333333333333333 0.01625
0 0.19 0.428125 0.025 0.09375
1 0.17416666666666666 0.39625 0.006666666666666667 0.01
0 0.17458333333333334 0.428125 0.024166666666666666 0.07625
1 0.15833333333333333 0.3975 0.005 0.01
0 0.15833333333333333 0.424375 0.02 0.07125
1 0.32166666666666666 0.389375 0.013333333333333334 0.02125
0 0.3179166666666667 0.473125 0.0325 0.18625
1 0.5395833333333333 0.4025 0.020833333333333332 0.035
0 0.53625 0.490625 0.050833333333333335 0.22375