1 0.0546875 0.44470477975632616 0.068125 0.12277413308341144
0 0.080625 0.6804123711340206 0.16125 0.6391752577319587
1 0.23375 0.380506091846298 0.19 0.3149015932521087
0 0.235 0.5876288659793815 0.45125 0.8247422680412371
1 0.3734375 0.4119025304592315 0.129375 0.302717900656045
0 0.390625 0.6030927835051546 0.3025 0.7938144329896907
1 0.4940625 0.3959700093720712 0.109375 0.2408622305529522
0 0.5034375 0.6218369259606373 0.264375 0.7563261480787254
1 0.6740625 0.3486410496719775 0.145625 0.3149015932521087
0 0.63125 0.5899718837863168 0.27375 0.8200562324273665
1 0.66625 0.35098406747891286 0.13875 0.3233364573570759
0 0.6728125 0.584348641049672 0.316875 0.831302717900656
1 0.7703125 0.37582005623242737 0.223125 0.3823805060918463
0 0.7278125 0.5402999062792877 0.544375 0.9194001874414246