1 0.11384615384615385 0.15256008359456635 0.15692307692307692 0.26332288401253917
0 0.18153846153846154 0.43625914315569486 0.3630769230769231 0.8620689655172413
1 0.27384615384615385 0.23249738766980146 0.10307692307692308 0.1724137931034483
0 0.24653846153846154 0.5073145245559039 0.20846153846153845 0.7429467084639498
1 0.44461538461538463 0.2199582027168234 0.11384615384615385 0.20167189132706373
0 0.4403846153846154 0.49738766980146293 0.28076923076923077 0.8066875653082549
1 0.6307692307692307 0.2962382445141066 0.10153846153846154 0.1786833855799373
0 0.6507692307692308 0.5235109717868338 0.25846153846153846 0.7377220480668757
1 0.8161538461538461 0.30355276907001044 0.12153846153846154 0.22884012539184953
0 0.7757692307692308 0.5726227795193313 0.4146153846153846 0.7920585161964472
1 0.9573076923076923 0.17711598746081506 0.08538461538461538 0.2831765935214211
0 0.8023076923076923 0.5167189132706375 0.3953846153846154 0.9665621734587252