1 0.39666666666666667 0.427 0.09777777777777778 0.226
0 0.3566666666666667 0.653 0.21333333333333335 0.694
1 0.48444444444444446 0.49 0.07555555555555556 0.212
0 0.48444444444444446 0.688 0.20444444444444446 0.624
1 0.13 0.495 0.14444444444444443 0.306
0 0.18611111111111112 0.66 0.37222222222222223 0.68
1 0.06555555555555556 0.439 0.13111111111111112 0.33
0 0.1288888888888889 0.635 0.2577777777777778 0.73
1 0.2111111111111111 0.473 0.09111111111111111 0.206
0 0.20055555555555554 0.674 0.22111111111111112 0.652
1 0.3061111111111111 0.788 0.11888888888888889 0.224
0 0.3016666666666667 0.823 0.2411111111111111 0.354
1 0.4111111111111111 0.728 0.16666666666666666 0.34
0 0.4088888888888889 0.77 0.38222222222222224 0.46
1 0.5816666666666667 0.756 0.12333333333333334 0.28
0 0.6016666666666667 0.8 0.25666666666666665 0.4
1 0.7011111111111111 0.863 0.12444444444444444 0.274
0 0.715 0.841 0.2477777777777778 0.318
1 0.3522222222222222 0.405 0.07555555555555556 0.182
0 0.3605555555555556 0.648 0.14777777777777779 0.704
1 0.6038888888888889 0.506 0.07666666666666666 0.188
0 0.6105555555555555 0.605 0.1922222222222222 0.79
1 0.7005555555555556 0.432 0.09888888888888889 0.212
0 0.6961111111111111 0.65 0.19 0.7
1 0.5872222222222222 0.437 0.11222222222222222 0.194
0 0.5761111111111111 0.656 0.17 0.688
1 0.9233333333333333 0.755 0.15333333333333332 0.39
0 0.9133333333333333 0.772 0.17333333333333334 0.456
1 0.8605555555555555 0.485 0.09888888888888889 0.206
0 0.86 0.686 0.19777777777777777 0.628
1 0.7744444444444445 0.474 0.10444444444444445 0.224
0 0.7722222222222223 0.679 0.2088888888888889 0.642
1 0.9761111111111112 0.283 0.04777777777777778 0.278
0 0.915 0.557 0.17 0.886