1 0.08666666666666667 0.30393996247654786 0.056 0.0825515947467167
0 0.09133333333333334 0.5403377110694184 0.172 0.574108818011257
1 0.216 0.34146341463414637 0.06666666666666667 0.1125703564727955
0 0.23666666666666666 0.6378986866791745 0.24133333333333334 0.724202626641651
1 0.31466666666666665 0.6135084427767354 0.058666666666666666 0.0975609756097561
0 0.31533333333333335 0.7795497185741088 0.10266666666666667 0.44090056285178236
1 0.44 0.6013133208255159 0.056 0.09943714821763602
0 0.43933333333333335 0.773921200750469 0.116 0.4521575984990619
1 0.4033333333333333 0.4606003752345216 0.03333333333333333 0.054409005628517824
0 0.41933333333333334 0.5938086303939962 0.092 0.324577861163227
1 0.4726666666666667 0.4699812382739212 0.030666666666666665 0.05065666041275797
0 0.474 0.5844277673545967 0.07333333333333333 0.2870544090056285
1 0.508 0.4371482176360225 0.032 0.0525328330206379
0 0.49733333333333335 0.5290806754221389 0.07466666666666667 0.2626641651031895
1 0.4673333333333333 0.4446529080675422 0.02266666666666667 0.04127579737335835
0 0.46266666666666667 0.5318949343339587 0.064 0.24202626641651032
1 0.406 0.42401500938086306 0.025333333333333333 0.0450281425891182
0 0.4046666666666667 0.5159474671669794 0.07333333333333333 0.24390243902439024
1 0.34 0.3442776735459662 0.029333333333333333 0.04690431519699812
0 0.3453333333333333 0.4699812382739212 0.08 0.324577861163227
1 0.36533333333333334 0.27110694183864914 0.016 0.028142589118198873
0 0.36333333333333334 0.33677298311444653 0.044 0.17448405253283303
1 0.4033333333333333 0.2804878048780488 0.030666666666666665 0.06566604127579738
0 0.4033333333333333 0.42870544090056284 0.1 0.3696060037523452
1 0.508 0.3030018761726079 0.02666666666666667 0.04690431519699812
0 0.5046666666666667 0.4230769230769231 0.08666666666666667 0.3058161350844278
1 0.552 0.2776735459662289 0.016 0.02626641651031895
0 0.5526666666666666 0.35647279549718575 0.04666666666666667 0.18761726078799248
1 0.5653333333333334 0.2945590994371482 0.016 0.02626641651031895
0 0.5673333333333334 0.3592870544090056 0.052 0.16322701688555347
1 0.5986666666666667 0.2926829268292683 0.010666666666666666 0.0150093808630394
0 0.596 0.349906191369606 0.032 0.13696060037523453
1 0.556 0.4202626641651032 0.024 0.03377110694183865
0 0.5606666666666666 0.49343339587242024 0.05733333333333333 0.22889305816135083
1 0.6026666666666667 0.450281425891182 0.02666666666666667 0.04878048780487805
0 0.5906666666666667 0.5356472795497186 0.08266666666666667 0.26454033771106944
1 0.6386666666666667 0.44652908067542213 0.029333333333333333 0.0525328330206379
0 0.6286666666666667 0.5393996247654784 0.08666666666666667 0.29831144465290804
1 0.664 0.27861163227016883 0.010666666666666666 0.016885553470919325
0 0.6613333333333333 0.32926829268292684 0.02666666666666667 0.12195121951219512
1 0.6446666666666667 0.6951219512195121 0.068 0.11444652908067542
0 0.6373333333333333 0.7842401500938087 0.17066666666666666 0.43151969981238275
1 0.7433333333333333 0.6557223264540337 0.076 0.11069418386491557
0 0.7566666666666667 0.775797373358349 0.16933333333333334 0.44840525328330205
1 0.738 0.32926829268292684 0.076 0.11444652908067542
0 0.7353333333333333 0.625703564727955 0.172 0.7185741088180112
1 0.916 0.3048780487804878 0.064 0.10318949343339587
0 0.9086666666666666 0.624765478424015 0.16933333333333334 0.7504690431519699