1 0.006557377049180328 0.2625 0.011475409836065573 0.04
0 0.013114754098360656 0.37125 0.02622950819672131 0.3075
1 0.027049180327868853 0.2725 0.011475409836065573 0.035
0 0.027049180327868853 0.3625 0.03442622950819672 0.27
1 0.036065573770491806 0.23125 0.011475409836065573 0.0375
0 0.036065573770491806 0.3175 0.03278688524590164 0.24
1 0.04795081967213115 0.35625 0.018852459016393444 0.0825
0 0.05245901639344262 0.54375 0.060655737704918035 0.4675
1 0.06393442622950819 0.335 0.011475409836065573 0.05
0 0.06926229508196721 0.4675 0.05491803278688524 0.33
1 0.11229508196721312 0.34 0.018032786885245903 0.065
0 0.11024590163934427 0.5325 0.05491803278688524 0.46
1 0.12377049180327869 0.32125 0.014754098360655738 0.0525
0 0.12459016393442623 0.48875 0.04590163934426229 0.3875
1 0.16434426229508198 0.39875 0.023770491803278688 0.0925
0 0.16434426229508198 0.61625 0.09754098360655737 0.5825
1 0.19959016393442622 0.33375 0.01721311475409836 0.0725
0 0.20737704918032787 0.48875 0.060655737704918035 0.3925
1 0.23770491803278687 0.43625 0.019672131147540985 0.0775
0 0.24262295081967214 0.6475 0.07704918032786885 0.52
1 0.26229508196721313 0.335 0.018032786885245903 0.055
0 0.2614754098360656 0.5 0.054098360655737705 0.395
1 0.29098360655737704 0.36875 0.018032786885245903 0.0575
0 0.2881147540983607 0.54625 0.051639344262295085 0.4225
1 0.3336065573770492 0.3725 0.013114754098360656 0.05
0 0.33237704918032784 0.50625 0.04180327868852459 0.3425
1 0.3635245901639344 0.43375 0.027049180327868853 0.0875
0 0.3704918032786885 0.66625 0.11475409836065574 0.5725
1 0.3963114754098361 0.3275 0.010655737704918032 0.04
0 0.3897540983606557 0.43625 0.028688524590163935 0.2575
1 0.35737704918032787 0.34625 0.018032786885245903 0.0625
0 0.35532786885245904 0.52375 0.05327868852459016 0.4325
1 0.46024590163934426 0.36 0.01721311475409836 0.07
0 0.4545081967213115 0.55 0.07459016393442623 0.455
1 0.4872950819672131 0.33125 0.012295081967213115 0.0475
0 0.48770491803278687 0.48625 0.04918032786885246 0.3725
1 0.5229508196721312 0.44875 0.018032786885245903 0.0825
0 0.5229508196721312 0.64625 0.06557377049180328 0.5325
1 0.5491803278688525 0.3375 0.01639344262295082 0.065
0 0.5487704918032786 0.51875 0.06311475409836066 0.4225
1 0.6168032786885246 0.44375 0.023770491803278688 0.0925
0 0.6094262295081967 0.6425 0.08278688524590164 0.56
1 0.6438524590163934 0.41125 0.01721311475409836 0.0625
0 0.646311475409836 0.5925 0.06311475409836066 0.43
1 0.6758196721311476 0.355 0.012295081967213115 0.05
0 0.6725409836065573 0.47375 0.04344262295081967 0.2975
1 0.6954918032786885 0.35625 0.01721311475409836 0.0725
0 0.6934426229508197 0.53375 0.060655737704918035 0.4425
1 0.714344262295082 0.3275 0.013934426229508197 0.06
0 0.7110655737704918 0.495 0.04836065573770492 0.425
1 0.7405737704918033 0.35 0.013934426229508197 0.045
0 0.7377049180327869 0.47125 0.03770491803278689 0.2975
1 0.7852459016393443 0.455 0.021311475409836064 0.07
0 0.7864754098360656 0.66125 0.09754098360655737 0.5125
1 0.7737704918032787 0.34375 0.01639344262295082 0.0575
0 0.773360655737705 0.48625 0.04672131147540984 0.3475
1 0.85 0.415 0.018032786885245903 0.065
0 0.8475409836065574 0.5925 0.05573770491803279 0.435
1 0.8766393442622951 0.37625 0.020491803278688523 0.0675
0 0.8725409836065574 0.5425 0.056557377049180325 0.41
1 0.9581967213114754 0.4375 0.03114754098360656 0.085
0 0.9483606557377049 0.66625 0.08032786885245902 0.5925
1 0.9418032786885245 0.3425 0.013114754098360656 0.045
0 0.9401639344262295 0.4675 0.040983606557377046 0.3
1 0.9590163934426229 0.3675 0.018032786885245903 0.045
0 0.9561475409836065 0.50125 0.04344262295081967 0.3125
1 0.3524590163934426 0.42375 0.018032786885245903 0.0725
0 0.35778688524590163 0.59375 0.06311475409836066 0.4175