1 0.0264 0.48294243070362475 0.0112 0.014925373134328358
0 0.024 0.5213219616204691 0.0224 0.09594882729211088
1 0.0624 0.48081023454157784 0.0096 0.014925373134328358
0 0.0584 0.5223880597014925 0.0272 0.10660980810234541
1 0.9736 0.5042643923240938 0.0112 0.019189765458422176
0 0.9744 0.5458422174840085 0.032 0.11087420042643924
1 0.9608 0.5053304904051172 0.008 0.01279317697228145
0 0.9608 0.5426439232409381 0.024 0.09594882729211088
1 0.9504 0.5053304904051172 0.0064 0.01279317697228145
0 0.948 0.5415778251599147 0.024 0.09381663113006397
1 0.9384 0.5 0.0112 0.014925373134328358
0 0.9408 0.5415778251599147 0.0256 0.09381663113006397
1 0.9256 0.502132196162047 0.0112 0.014925373134328358
0 0.9248 0.5426439232409381 0.0288 0.10021321961620469
1 0.7456 0.5031982942430704 0.0096 0.017057569296375266
0 0.7448 0.5405117270788913 0.0272 0.10021321961620469
1 0.7376 0.502132196162047 0.0096 0.014925373134328358
0 0.736 0.5405117270788913 0.0256 0.09594882729211088
1 0.7304 0.502132196162047 0.0112 0.014925373134328358
0 0.728 0.5394456289978679 0.0256 0.09381663113006397
1 0.7064 0.4968017057569296 0.0112 0.017057569296375266
0 0.7048 0.5394456289978679 0.0304 0.11087420042643924
1 0.532 0.4946695095948827 0.0112 0.017057569296375266
0 0.5296 0.5330490405117271 0.0288 0.1023454157782516
1 0.476 0.4978678038379531 0.0144 0.023454157782515993
0 0.4744 0.5415778251599147 0.0304 0.11940298507462686
1 0.488 0.48720682302771856 0.0096 0.014925373134328358
0 0.4864 0.5309168443496801 0.0256 0.10660980810234541
1 0.4504 0.48507462686567165 0.008 0.014925373134328358
0 0.4496 0.5277185501066098 0.032 0.11300639658848614
1 0.404 0.48507462686567165 0.0144 0.019189765458422176
0 0.4024 0.5383795309168443 0.0304 0.13432835820895522
1 0.4104 0.4861407249466951 0.0112 0.017057569296375266
0 0.408 0.5277185501066098 0.0256 0.10874200426439233
1 0.3672 0.4840085287846482 0.0112 0.017057569296375266
0 0.3688 0.5277185501066098 0.0304 0.10874200426439233
1 0.3424 0.47867803837953093 0.0128 0.019189765458422176
0 0.3408 0.5309168443496801 0.0352 0.13646055437100213
1 0.2248 0.48720682302771856 0.0112 0.014925373134328358
0 0.2224 0.5255863539445629 0.0256 0.1044776119402985
1 0.8496 0.40191897654584224 0.0384 0.057569296375266525
0 0.8504 0.5628997867803838 0.12 0.4136460554371002
1 0.2864 0.417910447761194 0.032 0.05543710021321962
0 0.2776 0.5628997867803838 0.0688 0.3582089552238806
1 0.1128 0.36886993603411516 0.0432 0.05543710021321962
0 0.1008 0.5501066098081023 0.08 0.44349680170575695
1 0.7016 0.5010660980810234 0.008 0.01279317697228145
0 0.6976 0.5383795309168443 0.016 0.09594882729211088
1 0.6928 0.502132196162047 0.0096 0.014925373134328358
0 0.6896 0.5362473347547975 0.016 0.09594882729211088
1 0.6672 0.4968017057569296 0.0096 0.01279317697228145
0 0.6648 0.5373134328358209 0.024 0.1023454157782516
1 0.6616 0.4968017057569296 0.0112 0.01279317697228145
0 0.6592 0.5383795309168443 0.0224 0.10021321961620469
1 0.6304 0.4946695095948827 0.0096 0.017057569296375266
0 0.632 0.5373134328358209 0.0288 0.10660980810234541
1 0.6232 0.4957356076759062 0.0112 0.014925373134328358
0 0.6216 0.5362473347547975 0.024 0.10021321961620469
1 0.5888 0.4968017057569296 0.0096 0.01279317697228145
0 0.5888 0.535181236673774 0.0224 0.09808102345415778
1 0.5848 0.4936034115138593 0.0112 0.014925373134328358
0 0.5824 0.5330490405117271 0.0224 0.1023454157782516
1 0.584 0.4968017057569296 0.0096 0.017057569296375266
0 0.5776 0.5330490405117271 0.0224 0.09808102345415778
1 0.232 0.4925373134328358 0.0128 0.017057569296375266
0 0.2288 0.5277185501066098 0.0192 0.09594882729211088
1 0.236 0.5266524520255863 0.0176 0.09381663113006397
0 0.236 0.5266524520255863 0.0176 0.09381663113006397
1 0.1992 0.48720682302771856 0.008 0.010660980810234541
0 0.1992 0.523454157782516 0.0208 0.09594882729211088
1 0.1928 0.4936034115138593 0.008 0.014925373134328358
0 0.1904 0.5266524520255863 0.0192 0.09808102345415778
1 0.1832 0.48507462686567165 0.0112 0.014925373134328358
0 0.1808 0.5255863539445629 0.0192 0.10021321961620469
1 0.1616 0.488272921108742 0.0096 0.01279317697228145
0 0.1616 0.523454157782516 0.016 0.09168443496801706
1 0.152 0.488272921108742 0.0096 0.017057569296375266
0 0.1504 0.5245202558635395 0.0192 0.09808102345415778
1 0.1392 0.48507462686567165 0.0096 0.014925373134328358
0 0.1384 0.5255863539445629 0.0208 0.10874200426439233