1 0.2564814814814815 0.4125 0.022222222222222223 0.03611111111111111
0 0.25555555555555554 0.5354166666666667 0.07037037037037037 0.2847222222222222
1 0.3685185185185185 0.5590277777777778 0.011111111111111112 0.02361111111111111
0 0.3680555555555556 0.5868055555555556 0.03425925925925926 0.08472222222222223
1 0.5018518518518519 0.47708333333333336 0.014814814814814815 0.02361111111111111
0 0.5013888888888889 0.5430555555555555 0.03981481481481482 0.1638888888888889
1 0.46296296296296297 0.4479166666666667 0.040740740740740744 0.08472222222222223
0 0.44212962962962965 0.6138888888888889 0.18425925925925926 0.43333333333333335
1 0.5791666666666667 0.4395833333333333 0.04537037037037037 0.07916666666666666
0 0.5773148148148148 0.6159722222222223 0.25833333333333336 0.45694444444444443
1 0.750462962962963 0.4708333333333333 0.013888888888888888 0.027777777777777776
0 0.7481481481481481 0.5423611111111111 0.03888888888888889 0.1763888888888889
1 0.7851851851851852 0.4583333333333333 0.018518518518518517 0.03333333333333333
0 0.7898148148148149 0.5409722222222222 0.044444444444444446 0.20416666666666666
1 0.8328703703703704 0.5215277777777778 0.013888888888888888 0.02361111111111111
0 0.8337962962962963 0.5673611111111111 0.04722222222222222 0.12083333333333333
1 0.8810185185185185 0.4583333333333333 0.019444444444444445 0.027777777777777776
0 0.8787037037037037 0.5458333333333333 0.07592592592592592 0.2111111111111111
1 0.9583333333333334 0.39791666666666664 0.024074074074074074 0.05416666666666667
0 0.950925925925926 0.5465277777777777 0.09814814814814815 0.3597222222222222
1 0.9907407407407407 0.22708333333333333 0.018518518518518517 0.12638888888888888
0 0.9731481481481481 0.5555555555555556 0.053703703703703705 0.7833333333333333
1 0.1865740740740741 0.020833333333333332 0.01574074074074074 0.025
0 0.18101851851851852 0.06597222222222222 0.049074074074074076 0.12083333333333333
1 0.3212962962962963 0.075 0.012962962962962963 0.030555555555555555
0 0.32222222222222224 0.10972222222222222 0.024074074074074074 0.1111111111111111
1 0.33055555555555555 0.03888888888888889 0.012962962962962963 0.025
0 0.3375 0.0875 0.03611111111111111 0.12777777777777777
1 0.38796296296296295 0.10555555555555556 0.012962962962962963 0.019444444444444445
0 0.3837962962962963 0.14444444444444443 0.032407407407407406 0.11388888888888889
1 0.41944444444444445 0.06319444444444444 0.011111111111111112 0.020833333333333332
0 0.41712962962962963 0.1076388888888889 0.03425925925925926 0.11805555555555555
1 0.8981481481481481 0.4236111111111111 0.022222222222222223 0.03611111111111111
0 0.8949074074074074 0.5270833333333333 0.06388888888888888 0.3125
1 0.44351851851851853 0.009027777777777777 0.012962962962962963 0.018055555555555554
0 0.4444444444444444 0.08819444444444445 0.05 0.1763888888888889
1 0.5087962962962963 0.007638888888888889 0.010185185185185186 0.015277777777777777
0 0.5101851851851852 0.08611111111111111 0.037037037037037035 0.17222222222222222
1 0.5351851851851852 0.009722222222222222 0.012962962962962963 0.019444444444444445
0 0.5319444444444444 0.08402777777777778 0.04351851851851852 0.16805555555555557
1 0.575925925925926 0.009027777777777777 0.011111111111111112 0.018055555555555554
0 0.5694444444444444 0.08125 0.037037037037037035 0.1625