1 0.3145454545454546 0.3505654281098546 0.04181818181818182 0.10662358642972536
0 0.28136363636363637 0.6147011308562197 0.22272727272727272 0.6510500807754442
1 0.4890909090909091 0.4159935379644588 0.04363636363636364 0.09531502423263329
0 0.4722727272727273 0.654281098546042 0.21545454545454545 0.5945072697899838
1 0.5036363636363637 0.2641357027463651 0.04363636363636364 0.0888529886914378
0 0.5 0.5500807754442649 0.1290909090909091 0.7059773828756059
1 0.9586363636363636 0.3344103392568659 0.04454545454545455 0.0840064620355412
0 0.9572727272727273 0.6340872374798061 0.08545454545454545 0.7221324717285945
1 0.9036363636363637 0.27140549273021003 0.04181818181818182 0.07754442649434572
0 0.9086363636363637 0.5395799676898223 0.08272727272727273 0.6494345718901454
1 0.8190909090909091 0.31017770597738287 0.045454545454545456 0.11631663974151858
0 0.8636363636363636 0.5961227786752827 0.1781818181818182 0.6946688206785138
1 0.7631818181818182 0.3045234248788368 0.04454545454545455 0.08239095315024232
0 0.7777272727272727 0.6090468497576736 0.14272727272727273 0.6978998384491115
1 0.6818181818181818 0.3174474959612278 0.04181818181818182 0.08239095315024232
0 0.7072727272727273 0.5977382875605816 0.22181818181818183 0.7043618739903069
1 0.6418181818181818 0.2762520193861066 0.04727272727272727 0.09046849757673667
0 0.635 0.5751211631663974 0.12818181818181817 0.6978998384491115