1 0.5675 0.601875 0.02 0.05125
0 0.5721875 0.745625 0.086875 0.34875
1 0.7596875 0.828125 0.020625 0.05375
0 0.76375 0.9 0.0725 0.2
1 0.689375 0.7825 0.0125 0.03
0 0.6925 0.846875 0.0375 0.16625
1 0.671875 0.764375 0.0125 0.02625
0 0.6696875 0.8325 0.026875 0.17
1 0.6534375 0.788125 0.013125 0.03125
0 0.6521875 0.85375 0.033125 0.1725
1 0.6240625 0.791875 0.015625 0.03875
0 0.624375 0.871875 0.03875 0.20125
1 0.548125 0.80375 0.01375 0.04
0 0.5384375 0.881875 0.043125 0.20375
1 0.494375 0.796875 0.015 0.03625
0 0.495625 0.878125 0.05 0.20625
1 0.4759375 0.874375 0.013125 0.03625
0 0.4753125 0.91625 0.036875 0.1675
1 0.4334375 0.80125 0.016875 0.0325
0 0.439375 0.880625 0.04125 0.20125
1 0.3784375 0.79125 0.014375 0.0375
0 0.380625 0.883125 0.0425 0.23375
1 0.38375 0.895625 0.0225 0.04125
0 0.39375 0.933125 0.06375 0.13375
1 0.3390625 0.89875 0.016875 0.04
0 0.3425 0.93625 0.04625 0.1275
1 0.351875 0.808125 0.01875 0.03875
0 0.3496875 0.891875 0.038125 0.21375
1 0.3034375 0.905625 0.021875 0.04625
0 0.3134375 0.939375 0.056875 0.12125
1 0.2759375 0.79875 0.014375 0.035
0 0.2840625 0.874375 0.043125 0.19875
1 0.23 0.840625 0.02125 0.04375
0 0.241875 0.9075 0.0625 0.185
1 0.2209375 0.92875 0.015625 0.04
0 0.2325 0.95125 0.0575 0.0975
1 0.1625 0.936875 0.02875 0.04875
0 0.164375 0.954375 0.0625 0.09125
1 0.108125 0.92875 0.02375 0.05
0 0.114375 0.94875 0.055 0.1025
1 0.09 0.8425 0.01875 0.0425
0 0.090625 0.913125 0.0375 0.17375
1 0.014375 0.923125 0.02 0.04875
0 0.04875 0.9425 0.0975 0.115