1 0.017374067164179104 0.429248595505618 0.01515858208955224 0.028441011235955056
0 0.032532649253731345 0.5175561797752809 0.05760261194029851 0.21067415730337077
1 0.08745335820895522 0.42854634831460675 0.01632462686567164 0.027036516853932584
0 0.09258395522388059 0.5086025280898876 0.04477611940298507 0.19978932584269662
1 0.08756996268656717 0.5194873595505618 0.015625 0.028441011235955056
0 0.08488805970149253 0.5967345505617978 0.05083955223880597 0.2131320224719101
1 0.12301772388059702 0.45821629213483145 0.022154850746268658 0.03581460674157303
0 0.13246268656716417 0.5607443820224719 0.13712686567164178 0.24297752808988765
1 0.17863805970149255 0.4454002808988764 0.012126865671641791 0.024929775280898875
0 0.1806203358208955 0.5205407303370787 0.10284514925373134 0.1759129213483146
1 0.23565764925373134 0.4922752808988764 0.028684701492537313 0.03932584269662921
0 0.24603544776119404 0.6292134831460674 0.1828358208955224 0.3167134831460674
1 0.30573694029850745 0.48314606741573035 0.017723880597014924 0.028792134831460675
0 0.30795242537313433 0.558813202247191 0.09818097014925373 0.18433988764044945
1 0.3032882462686567 0.45821629213483145 0.0072294776119402986 0.016853932584269662
0 0.30398787313432835 0.503686797752809 0.03521455223880597 0.11481741573033707
1 0.32975746268656714 0.5057935393258427 0.021455223880597014 0.03616573033707865
0 0.3513292910447761 0.6113061797752809 0.1681436567164179 0.2521067415730337
1 0.3617070895522388 0.4785814606741573 0.015391791044776119 0.021769662921348316
0 0.369053171641791 0.5498595505617978 0.09211753731343283 0.16502808988764045
1 0.3519123134328358 0.4784058988764045 0.008395522388059701 0.015098314606741573
0 0.3537779850746269 0.5166783707865169 0.02332089552238806 0.10217696629213484
1 0.42700559701492535 0.4708567415730337 0.021921641791044777 0.037921348314606744
0 0.43073694029850745 0.5725070224719101 0.14225746268656717 0.2461376404494382
1 0.46163712686567165 0.45997191011235955 0.01189365671641791 0.018960674157303372
0 0.46000466417910446 0.5345856741573034 0.02728544776119403 0.1738061797752809
1 0.48565764925373134 0.44978932584269665 0.009561567164179104 0.0175561797752809
0 0.48122667910447764 0.5115870786516854 0.037080223880597014 0.1446629213483146
1 0.4759794776119403 0.49490870786516855 0.013992537313432836 0.02422752808988764
0 0.48950559701492535 0.5417837078651685 0.1021455223880597 0.15730337078651685
1 0.5113106343283582 0.45786516853932585 0.013292910447761194 0.021067415730337078
0 0.5111940298507462 0.5263342696629213 0.025186567164179104 0.16292134831460675
1 0.531133395522388 0.4764747191011236 0.01189365671641791 0.023174157303370788
0 0.5426772388059702 0.5412570224719101 0.05643656716417911 0.16046348314606743
1 0.5443097014925373 0.47138342696629215 0.01166044776119403 0.02071629213483146
0 0.5483908582089553 0.5333567415730337 0.03941231343283582 0.14957865168539325
1 0.48519123134328357 0.5093047752808989 0.01842350746268657 0.032654494382022475
0 0.511777052238806 0.5779494382022472 0.11637126865671642 0.18117977528089887
1 0.593633395522388 0.46927668539325845 0.01842350746268657 0.03195224719101124
0 0.5923507462686567 0.5517907303370787 0.04197761194029851 0.20400280898876405
1 0.6150886194029851 0.46804775280898875 0.010494402985074628 0.018258426966292134
0 0.6152052238805971 0.5259831460674157 0.030783582089552237 0.14325842696629212
1 0.9751632462686567 0.4863061797752809 0.013759328358208955 0.023174157303370788
0 0.9746968283582089 0.5609199438202247 0.03801305970149254 0.18504213483146068
1 0.9055503731343284 0.5122893258426966 0.017257462686567165 0.02598314606741573
0 0.9197761194029851 0.5893609550561798 0.13526119402985073 0.18855337078651685
1 0.8259095149253731 0.46032303370786515 0.021222014925373133 0.028089887640449437
0 0.8107509328358209 0.5663623595505618 0.08325559701492537 0.24367977528089887
1 0.7559468283582089 0.45593398876404495 0.02355410447761194 0.03616573033707865
0 0.769356343283582 0.5805828651685393 0.18563432835820895 0.293188202247191
1 0.7243470149253731 0.441186797752809 0.03311567164179104 0.05442415730337079
0 0.7448694029850746 0.5930477528089888 0.24813432835820895 0.37359550561797755
1 0.6336287313432836 0.4808637640449438 0.03404850746268657 0.06495786516853932
0 0.6479710820895522 0.651685393258427 0.2618936567164179 0.41502808988764045