1 0.0594 0.0900735294117647 0.1188 0.1801470588235294
0 0.1674 0.5 0.3348 1
1 0.1736 0.23100490196078433 0.0528 0.09068627450980392
0 0.179 0.4644607843137255 0.1452 0.571078431372549
1 0.2296 0.40379901960784315 0.0664 0.12377450980392157
0 0.1682 0.6200980392156863 0.25 0.571078431372549
1 0.2954 0.35324754901960786 0.0468 0.1170343137254902
0 0.2888 0.5814950980392157 0.1464 0.5833333333333334
1 0.3664 0.2956495098039216 0.0512 0.11213235294117647
0 0.3768 0.5655637254901961 0.1696 0.6703431372549019
1 0.4892 0.3226102941176471 0.048 0.10232843137254902
0 0.4994 0.5983455882352942 0.122 0.6574754901960784
1 0.4576 0.3118872549019608 0.0624 0.12745098039215685
0 0.4884 0.6228553921568627 0.3584 0.7542892156862745
1 0.7994 0.17095588235294118 0.2052 0.34191176470588236
0 0.7776 0.5 0.4448 1
1 0.925 0.14767156862745098 0.1036 0.20098039215686275
0 0.8912 0.5107230392156863 0.2176 0.9785539215686274