1 0.09096244131455399 0.790625 0.022300469483568074 0.052083333333333336
0 0.09096244131455399 0.8635416666666667 0.05046948356807512 0.20208333333333334
1 0.12030516431924883 0.7291666666666666 0.015258215962441314 0.029166666666666667
0 0.12147887323943662 0.8041666666666667 0.04107981220657277 0.20416666666666666
1 0.1637323943661972 0.784375 0.01995305164319249 0.03958333333333333
0 0.18016431924882628 0.8666666666666667 0.08098591549295775 0.2375
1 0.2887323943661972 0.753125 0.025821596244131457 0.04791666666666667
0 0.3034037558685446 0.84375 0.08333333333333333 0.23333333333333334
1 0.4953051643192488 0.7541666666666667 0.03051643192488263 0.0625
0 0.45011737089201875 0.85625 0.12089201877934272 0.2791666666666667
1 0.5205399061032864 0.6635416666666667 0.02699530516431925 0.06041666666666667
0 0.5158450704225352 0.8104166666666667 0.06455399061032864 0.35833333333333334
1 0.6455399061032864 0.678125 0.023474178403755867 0.052083333333333336
0 0.6414319248826291 0.8239583333333333 0.10211267605633803 0.35208333333333336
1 0.6842723004694836 0.7479166666666667 0.02112676056338028 0.04583333333333333
0 0.681924882629108 0.8333333333333334 0.0539906103286385 0.225
1 0.7130281690140845 0.6864583333333333 0.017605633802816902 0.04375
0 0.7124413145539906 0.7864583333333334 0.04929577464788732 0.24791666666666667
1 0.7406103286384976 0.709375 0.018779342723004695 0.035416666666666666
0 0.7453051643192489 0.815625 0.04929577464788732 0.2520833333333333
1 0.7916666666666666 0.6708333333333333 0.01995305164319249 0.0375
0 0.7857981220657277 0.8041666666666667 0.05046948356807512 0.3125
1 0.8380281690140845 0.6885416666666667 0.01643192488262911 0.03958333333333333
0 0.8480046948356808 0.8104166666666667 0.0715962441314554 0.29583333333333334
1 0.8697183098591549 0.6927083333333334 0.018779342723004695 0.03958333333333333
0 0.8697183098591549 0.809375 0.04929577464788732 0.28541666666666665
1 0.9254694835680751 0.66875 0.022300469483568074 0.04583333333333333
0 0.9248826291079812 0.803125 0.06338028169014084 0.33125
1 0.9759389671361502 0.7145833333333333 0.017605633802816902 0.0375
0 0.9747652582159625 0.828125 0.04812206572769953 0.27291666666666664
1 0.9923708920187794 0.6822916666666666 0.015258215962441314 0.035416666666666666
0 0.9900234741784038 0.809375 0.01995305164319249 0.29791666666666666
1 0.9642018779342723 0.6802083333333333 0.017605633802816902 0.03125
0 0.9671361502347418 0.7802083333333333 0.03755868544600939 0.23541666666666666
1 0.9413145539906104 0.6645833333333333 0.01643192488262911 0.03333333333333333
0 0.9424882629107981 0.7635416666666667 0.04225352112676056 0.24375
1 0.8902582159624414 0.696875 0.017605633802816902 0.03958333333333333
0 0.8914319248826291 0.7927083333333333 0.04107981220657277 0.24791666666666667
1 0.8075117370892019 0.6875 0.02112676056338028 0.041666666666666664
0 0.8116197183098591 0.7979166666666667 0.04342723004694836 0.275
1 0.5997652582159625 0.7302083333333333 0.018779342723004695 0.03958333333333333
0 0.6038732394366197 0.8125 0.03873239436619718 0.20833333333333334
1 0.5522300469483568 0.8072916666666666 0.03873239436619718 0.20625
0 0.5522300469483568 0.8072916666666666 0.03873239436619718 0.20625
1 0.38438967136150237 0.725 0.008215962441314555 0.016666666666666666
0 0.37910798122065725 0.7583333333333333 0.018779342723004695 0.09166666666666666