1 0.8894675925925926 0.45460390946502055 0.02970679012345679 0.04603909465020576
0 0.8958333333333334 0.5853909465020576 0.10570987654320987 0.3081275720164609
1 0.8182870370370371 0.45949074074074076 0.026234567901234566 0.04449588477366255
0 0.816454475308642 0.5743312757201646 0.07658179012345678 0.2777777777777778
1 0.7498070987654321 0.4624485596707819 0.02546296296296296 0.03755144032921811
0 0.7445987654320988 0.5695730452674898 0.08101851851851852 0.261059670781893
1 0.6801697530864198 0.45460390946502055 0.022376543209876542 0.041923868312757205
0 0.6775655864197531 0.5612139917695473 0.06616512345679013 0.2551440329218107
1 0.6487268518518519 0.45781893004115226 0.021219135802469136 0.03446502057613169
0 0.6492091049382716 0.5516975308641975 0.0642361111111111 0.227880658436214
1 0.6018518518518519 0.4488168724279835 0.022376543209876542 0.03292181069958848
0 0.5916280864197531 0.5504115226337448 0.07098765432098765 0.24279835390946503
1 0.533179012345679 0.4521604938271605 0.015817901234567902 0.02880658436213992
0 0.5318287037037037 0.5455246913580247 0.05632716049382716 0.22119341563786007
1 0.4781057098765432 0.5306069958847737 0.020640432098765434 0.03497942386831276
0 0.482445987654321 0.5902777777777778 0.06712962962962964 0.16563786008230452
1 0.4861111111111111 0.45267489711934156 0.020061728395061727 0.033950617283950615
0 0.4834104938271605 0.5453960905349794 0.06558641975308642 0.22505144032921812
1 0.44222608024691357 0.4471450617283951 0.01871141975308642 0.031635802469135804
0 0.4375 0.5401234567901234 0.05941358024691358 0.22325102880658437
1 0.40499614197530864 0.4426440329218107 0.02179783950617284 0.0360082304526749
0 0.39737654320987653 0.5369084362139918 0.058256172839506175 0.22762345679012347
1 0.36072530864197533 0.4398148148148148 0.019290123456790122 0.03343621399176955
0 0.3626543209876543 0.5320216049382716 0.059027777777777776 0.2265946502057613
1 0.34133873456790126 0.4218106995884774 0.01832561728395062 0.03343621399176955
0 0.3431712962962963 0.5217335390946503 0.05941358024691358 0.23585390946502058
1 0.3065200617283951 0.43338477366255146 0.019675925925925927 0.03292181069958848
0 0.3050733024691358 0.5255915637860082 0.061535493827160496 0.21784979423868311
1 0.2725694444444444 0.4403292181069959 0.017361111111111112 0.030864197530864196
0 0.27295524691358025 0.5270061728395061 0.05709876543209876 0.20987654320987653
1 0.2456597222222222 0.43724279835390945 0.01986882716049383 0.032407407407407406
0 0.24623842592592593 0.5209619341563786 0.055748456790123455 0.20241769547325103
1 0.20804398148148148 0.43930041152263377 0.01716820987654321 0.02880658436213992
0 0.20765817901234568 0.5216049382716049 0.05536265432098766 0.19804526748971193
1 0.15981867283950618 0.4342849794238683 0.02025462962962963 0.03215020576131687
0 0.16145833333333334 0.5227623456790124 0.06597222222222222 0.21219135802469136
1 0.14988425925925927 0.421167695473251 0.019675925925925927 0.02854938271604938
0 0.15171682098765432 0.5097736625514403 0.06114969135802469 0.2088477366255144
1 0.0798611111111111 0.4256687242798354 0.017361111111111112 0.029320987654320986
0 0.07822145061728394 0.5190329218106996 0.06500771604938271 0.2222222222222222
1 0.20582561728395063 0.41525205761316875 0.018132716049382717 0.028034979423868314
0 0.20572916666666666 0.5061728395061729 0.05536265432098766 0.21141975308641975
1 0.24913194444444445 0.4088220164609053 0.01832561728395062 0.028034979423868314
0 0.24932484567901234 0.501414609053498 0.045717592592592594 0.21784979423868311
1 0.26533564814814814 0.4234825102880658 0.017554012345679014 0.03215020576131687
0 0.26610725308641975 0.509130658436214 0.050347222222222224 0.20704732510288065
1 0.29716435185185186 0.4117798353909465 0.017939814814814815 0.03343621399176955
0 0.29716435185185186 0.5065586419753086 0.04533179012345679 0.22505144032921812
1 0.3767361111111111 0.42335390946502055 0.018518518518518517 0.029320987654320986
0 0.3777970679012346 0.5186471193415638 0.044174382716049385 0.22813786008230452
1 0.40326003086419754 0.4030349794238683 0.016010802469135804 0.029320987654320986
0 0.4045138888888889 0.4972993827160494 0.04938271604938271 0.22145061728395063
1 0.45852623456790126 0.4445730452674897 0.017361111111111112 0.029578189300411523
0 0.4591049382716049 0.5261059670781894 0.047839506172839504 0.19830246913580246
1 0.43451003086419754 0.4131944444444444 0.019483024691358024 0.03369341563786008
0 0.4349922839506173 0.5069444444444444 0.045910493827160496 0.2227366255144033
1 0.4792631172839506 0.4180812757201646 0.01716820987654321 0.03009259259259259
0 0.4777199074074074 0.4940843621399177 0.044174382716049385 0.1815843621399177
1 0.5064621913580247 0.4255401234567901 0.01871141975308642 0.031121399176954733
0 0.5051118827160493 0.4906121399176955 0.042631172839506175 0.16229423868312756
1 0.5340470679012346 0.4236111111111111 0.01832561728395062 0.028292181069958847
0 0.5364583333333334 0.5195473251028807 0.05439814814814815 0.22170781893004116
1 0.576195987654321 0.40676440329218105 0.017361111111111112 0.02546296296296296
0 0.5771604938271605 0.4835390946502058 0.05864197530864197 0.18106995884773663
1 0.5842978395061729 0.4461162551440329 0.02044753086419753 0.029578189300411523
0 0.5846836419753086 0.5430812757201646 0.06597222222222222 0.22762345679012347
1 0.611304012345679 0.4399434156378601 0.017746913580246913 0.033179012345679014
0 0.6104359567901234 0.5230195473251029 0.05227623456790124 0.20190329218106995
1 0.6338734567901234 0.44830246913580246 0.020833333333333332 0.032407407407407406
0 0.6369598765432098 0.5430812757201646 0.05864197530864197 0.2271090534979424
1 0.6330054012345679 0.4212962962962963 0.024112654320987654 0.032407407407407406
0 0.6332947530864198 0.5115740740740741 0.05169753086419753 0.2139917695473251
1 0.9038387345679012 0.4468878600823045 0.024112654320987654 0.03780864197530864
0 0.8979552469135802 0.5715020576131687 0.08256172839506173 0.2911522633744856
1 0.8763503086419753 0.4256687242798354 0.025848765432098766 0.03755144032921811
0 0.8786651234567902 0.5565843621399177 0.07523148148148148 0.3029835390946502
1 0.8309220679012346 0.4409722222222222 0.02642746913580247 0.04089506172839506
0 0.8299575617283951 0.5501543209876543 0.07696759259259259 0.2638888888888889
1 0.7828896604938271 0.44058641975308643 0.028356481481481483 0.03292181069958848
0 0.7837577160493827 0.5501543209876543 0.06867283950617284 0.25565843621399176
1 0.7279128086419753 0.442772633744856 0.021026234567901234 0.03575102880658436
0 0.7338927469135802 0.5363940329218106 0.05690586419753087 0.2265946502057613
1 0.7548225308641975 0.4256687242798354 0.024305555555555556 0.042695473251028807
0 0.7551118827160493 0.5379372427983539 0.06886574074074074 0.26877572016460904
1 0.7222222222222222 0.4201388888888889 0.018132716049382717 0.030606995884773662
0 0.7185570987654321 0.5155606995884774 0.04976851851851852 0.22556584362139917
1 0.5516975308641975 0.4391718106995885 0.02044753086419753 0.03420781893004115
0 0.5513117283950617 0.5320216049382716 0.06751543209876543 0.22093621399176955
1 0.5100308641975309 0.44483024691358025 0.021219135802469136 0.031635802469135804
0 0.5088734567901234 0.5261059670781894 0.058256172839506175 0.19521604938271606
1 0.48746141975308643 0.43569958847736623 0.01890432098765432 0.030349794238683128
0 0.4852430555555556 0.5037294238683128 0.044945987654320986 0.16898148148148148
1 0.6197916666666666 0.41949588477366256 0.013117283950617283 0.02263374485596708
0 0.6182484567901234 0.47762345679012347 0.04282407407407408 0.1522633744855967
1 0.5710841049382716 0.44727366255144035 0.01678240740740741 0.029320987654320986
0 0.5703125 0.5385802469135802 0.03838734567901234 0.21862139917695472
1 0.8639081790123457 0.4314557613168724 0.020640432098765434 0.03420781893004115
0 0.8698881172839507 0.5217335390946503 0.058834876543209874 0.22042181069958847
1 0.6903935185185185 0.4305555555555556 0.019290123456790122 0.03189300411522634
0 0.6856674382716049 0.49524176954732513 0.04764660493827161 0.1617798353909465
1 0.6795910493827161 0.4210390946502058 0.017746913580246913 0.02726337448559671
0 0.6807484567901234 0.4967849794238683 0.048996913580246916 0.1787551440329218
1 0.5326003086419753 0.4133230452674897 0.016589506172839507 0.026748971193415638
0 0.5327932098765432 0.4837962962962963 0.041666666666666664 0.17335390946502058
1 0.4400077160493827 0.4296553497942387 0.016203703703703703 0.029063786008230452
0 0.43962191358024694 0.49627057613168724 0.03780864197530864 0.16640946502057613
1 0.39834104938271603 0.4299125514403292 0.02353395061728395 0.031121399176954733
0 0.3924575617283951 0.5100308641975309 0.04378858024691358 0.19135802469135801
1 0.4183063271604938 0.4438014403292181 0.017554012345679014 0.03523662551440329
0 0.41338734567901236 0.5347222222222222 0.035493827160493825 0.21862139917695472
1 0.33796296296296297 0.40689300411522633 0.017361111111111112 0.025205761316872428
0 0.3377700617283951 0.47685185185185186 0.04552469135802469 0.16820987654320987