1 0.889375 0.2998522895125554 0.07875 0.11521418020679468
0 0.91375 0.6189069423929099 0.1725 0.7621861152141802
1 0.7025 0.5073855243722304 0.0275 0.04283604135893648
0 0.7025 0.6403249630723782 0.115 0.32644017725258495
1 0.76625 0.6115214180206795 0.0125 0.01772525849335303
0 0.766875 0.6580502215657311 0.04875 0.1137370753323486
1 0.845625 0.5672082717872969 0.02125 0.03545051698670606
0 0.8475 0.6639586410635155 0.0675 0.23485967503692762
1 0.9675 0.4874446085672083 0.0225 0.03545051698670606
0 0.95875 0.6262924667651403 0.0825 0.33382570162481534
1 0.57 0.3862629246676514 0.0575 0.09010339734121123
0 0.570625 0.6514032496307238 0.21625 0.6410635155096012
1 0.50625 0.3951255539143279 0.045 0.0723781388478582
0 0.513125 0.6262924667651403 0.13125 0.5465288035450517
1 0.238125 0.45790251107828656 0.05125 0.0827178729689808
0 0.229375 0.6691285081240768 0.17125 0.5406203840472673
1 0.32125 0.6307237813884786 0.0275 0.0413589364844904
0 0.331875 0.6986706056129985 0.07625 0.1831610044313146
1 0.31375 0.5487444608567208 0.0275 0.04283604135893648
0 0.30875 0.6491875923190547 0.08 0.2555391432791728
1 0.02625 0.5051698670605613 0.0525 0.07680945347119646
0 0.05 0.7200886262924667 0.1 0.5155096011816839
1 0.063125 0.604135893648449 0.05375 0.0827178729689808
0 0.061875 0.742245199409158 0.12375 0.37370753323485967
1 0.025 0.4158050221565731 0.05 0.0723781388478582
0 0.106875 0.5893648449039882 0.21375 0.47858197932053176
1 0.14125 0.44903988183161003 0.055 0.07976366322008863
0 0.1225 0.6610044313146234 0.1475 0.5036927621861153
1 0.12875 0.4379615952732644 0.0525 0.06351550960118169
0 0.116875 0.5701624815361891 0.11625 0.33677991137370755
1 0.19 0.5007385524372231 0.0475 0.06794682422451995
0 0.19125 0.6853766617429837 0.105 0.44903988183161003
1 0.239375 0.46159527326440175 0.05875 0.07828655834564253
0 0.2425 0.6506646971935007 0.13 0.518463810930576