1 0.7582417582417582 0.5178571428571429 0.04395604395604396 0.075
0 0.789010989010989 0.71875 0.1978021978021978 0.48392857142857143
1 0.7412087912087912 0.48392857142857143 0.023076923076923078 0.04285714285714286
0 0.7401098901098901 0.6125 0.07582417582417582 0.325
1 0.5895604395604396 0.3776785714285714 0.04725274725274725 0.06607142857142857
0 0.6076923076923076 0.5410714285714285 0.15824175824175823 0.575
1 0.49065934065934064 0.3776785714285714 0.04065934065934066 0.06964285714285715
0 0.48296703296703297 0.5651785714285714 0.08901098901098901 0.6339285714285714
1 0.37252747252747254 0.47410714285714284 0.041758241758241756 0.07678571428571429
0 0.3478021978021978 0.7151785714285714 0.14395604395604394 0.5696428571428571
1 0.2714285714285714 0.44285714285714284 0.04835164835164835 0.08214285714285714
0 0.2774725274725275 0.6982142857142857 0.13076923076923078 0.6035714285714285