1 0.9364828209764918 0.663954189270645 0.008589511754068717 0.007233273056057866
0 0.9344484629294756 0.6683242917420132 0.018083182640144666 0.01778179626280892
1 0.9665461121157324 0.6635021097046413 0.007233273056057866 0.005123568414707656
0 0.9685804701627486 0.6690777576853526 0.016726943942133816 0.016877637130801686
1 0.884493670886076 0.6865581675708258 0.07097649186256781 0.05726341169379144
0 0.8575949367088608 0.8288125376732972 0.24321880650994576 0.3423749246534057
1 0.7210669077757685 0.6832429174201327 0.017179023508137433 0.011452682338758288
0 0.7231012658227848 0.718203737191079 0.04837251356238698 0.081374321880651
1 0.5009041591320073 0.6980108499095841 0.06238698010849909 0.047619047619047616
0 0.4783001808318264 0.8280590717299579 0.24050632911392406 0.30831826401446655
1 0.5241862567811935 0.6918324291742013 0.04294755877034358 0.035864978902953586
0 0.516500904159132 0.7753164556962026 0.10533453887884267 0.20403857745629897
1 0.2542947558770344 0.6748040988547318 0.015822784810126583 0.011452682338758288
0 0.2554249547920434 0.7047920433996383 0.024412296564195298 0.07203134418324292
1 0.24118444846292947 0.6882157926461724 0.015822784810126583 0.010548523206751054
0 0.25881555153707053 0.7163954189270645 0.049276672694394216 0.06690777576853527
1 0.26695298372513565 0.6842977697408077 0.019439421338155516 0.015370705244122965
0 0.2696654611211573 0.7040385774562989 0.036618444846292945 0.06027727546714889
1 0.2805153707052441 0.6702833031946956 0.014014466546112115 0.009644364074743821
0 0.2827757685352622 0.6990657022302592 0.024864376130198915 0.06841470765521399
1 0.3099005424954792 0.6818866787221217 0.057414104882459314 0.03948161543098252
0 0.3105786618444846 0.8123869801084991 0.16907775768535263 0.3010849909584087
1 0.3603074141048825 0.6726943942133815 0.023508137432188065 0.020494273658830622
0 0.3623417721518987 0.7142857142857143 0.045660036166365284 0.10488245931283906
1 0.3745479204339964 0.6621458710066305 0.019439421338155516 0.013863773357444244
0 0.3747739602169982 0.696955997588909 0.0406871609403255 0.08468957203134418
1 0.4452983725135624 0.6766124171187462 0.009041591320072333 0.007836045810729355
0 0.4462025316455696 0.6895720313441832 0.013562386980108499 0.03375527426160337
1 0.41387884267631103 0.6702833031946956 0.027576853526220614 0.019288728149487643
0 0.41161844484629295 0.7341772151898734 0.07730560578661845 0.14406268836648584