1 0.19266666666666668 0.56 0.14133333333333334 0.244
0 0.26966666666666667 0.712 0.3486666666666667 0.576
1 0.23266666666666666 0.404 0.09066666666666667 0.168
0 0.2703333333333333 0.653 0.18466666666666667 0.686
1 0.381 0.424 0.08066666666666666 0.162
0 0.392 0.664 0.17066666666666666 0.652
1 0.892 0.435 0.14133333333333334 0.258
0 0.761 0.644 0.478 0.712
1 0.8923333333333333 0.4355 0.12733333333333333 0.243
0 0.7423333333333333 0.6515 0.5153333333333333 0.697
1 0.741 0.3895 0.11 0.229
0 0.6703333333333333 0.628 0.362 0.744
1 0.5643333333333334 0.2935 0.074 0.149
0 0.571 0.5595 0.182 0.881
1 0.48 0.5385 0.07866666666666666 0.125
0 0.49533333333333335 0.708 0.22533333333333333 0.584
1 0.4026666666666667 0.303 0.06133333333333333 0.114
0 0.439 0.5745 0.19 0.663
1 0.2876666666666667 0.267 0.048666666666666664 0.084
0 0.31166666666666665 0.466 0.10066666666666667 0.49
1 0.37 0.2755 0.03866666666666667 0.063
0 0.371 0.447 0.08866666666666667 0.428
1 0.6536666666666666 0.3635 0.066 0.107
0 0.6556666666666666 0.6355 0.13533333333333333 0.717
1 0.633 0.27 0.048666666666666664 0.086
0 0.636 0.484 0.132 0.528
1 0.714 0.211 0.03333333333333333 0.064
0 0.7066666666666667 0.3755 0.09866666666666667 0.397
1 0.8116666666666666 0.234 0.034 0.056
0 0.8086666666666666 0.411 0.092 0.418
1 0.9526666666666667 0.225 0.036 0.066
0 0.9406666666666667 0.3785 0.11866666666666667 0.385
1 0.93 0.3705 0.08133333333333333 0.157
0 0.9226666666666666 0.643 0.15466666666666667 0.714