1 0.4794921875 0.20321637426900585 0.0234375 0.043859649122807015
0 0.47119140625 0.31871345029239767 0.0712890625 0.2894736842105263
1 0.6015625 0.24049707602339182 0.025390625 0.04824561403508772
0 0.59326171875 0.38596491228070173 0.1181640625 0.36257309941520466
1 0.669921875 0.24195906432748537 0.0234375 0.03654970760233918
0 0.68212890625 0.3267543859649123 0.0927734375 0.2149122807017544
1 0.77099609375 0.2222222222222222 0.0205078125 0.043859649122807015
0 0.763671875 0.31359649122807015 0.076171875 0.23830409356725146
1 0.8125 0.20321637426900585 0.025390625 0.04678362573099415
0 0.8037109375 0.3230994152046784 0.078125 0.2982456140350877
1 0.70703125 0.23464912280701755 0.01953125 0.027777777777777776
0 0.70068359375 0.32821637426900585 0.0634765625 0.2236842105263158