1 0.03337453646477132 0.4372937293729373 0.0173053152039555 0.0231023102310231
0 0.03646477132262052 0.504950495049505 0.0407911001236094 0.1782178217821782
1 0.1934487021013597 0.400990099009901 0.02595797280593325 0.0462046204620462
0 0.18603213844252164 0.5561056105610561 0.09517923362175525 0.37623762376237624
1 0.17676143386897405 0.42574257425742573 0.032138442521631644 0.056105610561056105
0 0.16131025957972805 0.5808580858085809 0.11990111248454882 0.3795379537953795
1 0.23980222496909764 0.43646864686468645 0.034610630407911 0.057755775577557754
0 0.23362175525339926 0.5948844884488449 0.09147095179233622 0.3811881188118812
1 0.2737948084054388 0.3976897689768977 0.02843016069221261 0.056105610561056105
0 0.2688504326328801 0.5528052805280528 0.07292954264524104 0.37623762376237624
1 0.31705809641532756 0.39851485148514854 0.02843016069221261 0.05115511551155116
0 0.32447466007416564 0.5379537953795379 0.07787391841779975 0.3465346534653465
1 0.3689740420271941 0.37458745874587457 0.03584672435105068 0.056105610561056105
0 0.3800988875154512 0.5264026402640264 0.0754017305315204 0.37623762376237624
1 0.5364647713226205 0.35396039603960394 0.032138442521631644 0.057755775577557754
0 0.542027194066749 0.49504950495049505 0.1619283065512979 0.34983498349834985
1 0.6470951792336218 0.367986798679868 0.03337453646477132 0.056105610561056105
0 0.646477132262052 0.5462046204620462 0.09147095179233622 0.429042904290429
1 0.8096415327564895 0.39603960396039606 0.042027194066749075 0.06930693069306931
0 0.8201483312731768 0.594059405940594 0.11990111248454882 0.47854785478547857
1 0.7027194066749073 0.3803630363036304 0.038318912237330034 0.057755775577557754
0 0.7088998763906057 0.5750825082508251 0.1100123609394314 0.4636963696369637
1 0.6050679851668727 0.39686468646864687 0.0407911001236094 0.06435643564356436
0 0.6217552533992583 0.5833333333333334 0.1211372064276885 0.4504950495049505
1 0.5111248454882571 0.3943894389438944 0.03584672435105068 0.0627062706270627
0 0.5271940667490729 0.5833333333333334 0.09765142150803462 0.4504950495049505
1 0.4468479604449938 0.4801980198019802 0.03584672435105068 0.056105610561056105
0 0.44437577255871447 0.6493399339933993 0.10506798516687268 0.400990099009901
1 0.3658838071693449 0.4735973597359736 0.03955500618046971 0.0627062706270627
0 0.3522867737948084 0.6402640264026402 0.1161928306551298 0.40594059405940597
1 0.2843016069221261 0.46864686468646866 0.037082818294190356 0.066006600660066
0 0.27503090234857847 0.6204620462046204 0.1100123609394314 0.38613861386138615