1 0.5129076086956522 0.4483695652173913 0.09646739130434782 0.09239130434782608
0 0.469429347826087 0.613677536231884 0.4388586956521739 0.4320652173913043
1 0.360054347826087 0.3392210144927536 0.06793478260869565 0.06068840579710145
0 0.40896739130434784 0.4904891304347826 0.17119565217391305 0.3686594202898551
1 0.042119565217391304 0.5004528985507246 0.08423913043478261 0.07155797101449275
0 0.1644021739130435 0.6707427536231884 0.328804347826087 0.42481884057971014
1 0.21603260869565216 0.3351449275362319 0.035326086956521736 0.030797101449275364
0 0.22078804347826086 0.4461050724637681 0.11277173913043478 0.25815217391304346
1 0.2955163043478261 0.4316123188405797 0.042119565217391304 0.03894927536231884
0 0.29008152173913043 0.4936594202898551 0.13179347826086957 0.18297101449275363
1 0.38858695652173914 0.422554347826087 0.03804347826086957 0.026268115942028984
0 0.3546195652173913 0.4995471014492754 0.1331521739130435 0.1802536231884058
1 0.6025815217391305 0.4542572463768116 0.042119565217391304 0.04076086956521739
0 0.6270380434782609 0.5258152173913043 0.1453804347826087 0.19293478260869565
1 0.701766304347826 0.42934782608695654 0.050271739130434784 0.041666666666666664
0 0.6698369565217391 0.5167572463768116 0.16304347826086957 0.23097826086956522
1 0.7146739130434783 0.4429347826086957 0.057065217391304345 0.050724637681159424
0 0.71875 0.5307971014492754 0.1983695652173913 0.2391304347826087
1 0.8009510869565217 0.44519927536231885 0.058423913043478264 0.05344202898550725
0 0.8118206521739131 0.5226449275362319 0.18342391304347827 0.21557971014492755
1 0.9137228260869565 0.4257246376811594 0.058423913043478264 0.043478260869565216
0 0.891983695652174 0.5339673913043478 0.21603260869565216 0.2708333333333333
0 0.9157608695652174 0.5398550724637681 0.16847826086956522 0.26268115942028986
1 0.49660326086956524 0.12590579710144928 0.028532608695652172 0.02355072463768116
0 0.48709239130434784 0.17391304347826086 0.15353260869565216 0.12681159420289856
1 0.35054347826086957 0.1585144927536232 0.021739130434782608 0.019927536231884056
0 0.3498641304347826 0.19610507246376813 0.06657608695652174 0.10235507246376811
1 0.04551630434782609 0.41893115942028986 0.033967391304347824 0.026268115942028984
0 0.049592391304347824 0.47146739130434784 0.09918478260869565 0.14221014492753623
1 0.9476902173913043 0.36367753623188404 0.05570652173913043 0.029891304347826088
0 0.9483695652173914 0.41530797101449274 0.10326086956521739 0.14221014492753623
1 0.8546195652173914 0.379981884057971 0.04619565217391304 0.03713768115942029
0 0.8349184782608695 0.43478260869565216 0.12907608695652173 0.1539855072463768
1 0.8573369565217391 0.35507246376811596 0.04619565217391304 0.03260869565217391
0 0.8688858695652174 0.4003623188405797 0.13179347826086957 0.1286231884057971
1 0.8057065217391305 0.358695652173913 0.04891304347826087 0.03804347826086957
0 0.7914402173913043 0.4107789855072464 0.13994565217391305 0.14945652173913043
1 0.7506793478260869 0.3605072463768116 0.04483695652173913 0.036231884057971016
0 0.7398097826086957 0.4053442028985507 0.11820652173913043 0.1331521739130435
1 0.6535326086956522 0.39221014492753625 0.04076086956521739 0.034420289855072464
0 0.6610054347826086 0.44067028985507245 0.11277173913043478 0.1403985507246377
1 0.6841032608695652 0.3500905797101449 0.04483695652173913 0.035326086956521736
0 0.6807065217391305 0.3967391304347826 0.13858695652173914 0.14130434782608695
1 0.6440217391304348 0.34601449275362317 0.04076086956521739 0.036231884057971016
0 0.6372282608695652 0.396286231884058 0.11413043478260869 0.14402173913043478
1 0.6399456521739131 0.31023550724637683 0.04076086956521739 0.035326086956521736
0 0.6283967391304348 0.36141304347826086 0.13451086956521738 0.1431159420289855
1 0.5631793478260869 0.3211050724637681 0.03125 0.024456521739130436
0 0.545516304347826 0.36594202898550726 0.12092391304347826 0.1286231884057971
1 0.48165760869565216 0.32472826086956524 0.036684782608695655 0.028079710144927536
0 0.4986413043478261 0.3677536231884058 0.11413043478260869 0.125
1 0.5332880434782609 0.2798913043478261 0.033967391304347824 0.02717391304347826
0 0.5339673913043478 0.3170289855072464 0.09239130434782608 0.1068840579710145
1 0.5903532608695652 0.254981884057971 0.03125 0.026268115942028984
0 0.592391304347826 0.2871376811594203 0.07608695652173914 0.09420289855072464
1 0.6283967391304348 0.26132246376811596 0.036684782608695655 0.029891304347826088
0 0.6222826086956522 0.29030797101449274 0.09782608695652174 0.09692028985507246
1 0.7085597826086957 0.30932971014492755 0.05298913043478261 0.03713768115942029
0 0.701766304347826 0.35054347826086957 0.11005434782608696 0.11956521739130435
1 0.8145380434782609 0.3115942028985507 0.04483695652173913 0.036231884057971016
0 0.8254076086956522 0.35688405797101447 0.12635869565217392 0.13405797101449277
1 0.9504076086956522 0.30570652173913043 0.05298913043478261 0.04076086956521739
0 0.9476902173913043 0.3546195652173913 0.10461956521739131 0.14764492753623187
1 0.938858695652174 0.2749094202898551 0.04076086956521739 0.029891304347826088
0 0.9245923913043478 0.3220108695652174 0.11820652173913043 0.1403985507246377
1 0.8797554347826086 0.26811594202898553 0.03940217391304348 0.03260869565217391
0 0.8695652173913043 0.31431159420289856 0.11684782608695653 0.1286231884057971
1 0.9001358695652174 0.2246376811594203 0.036684782608695655 0.02717391304347826
0 0.9008152173913043 0.26856884057971014 0.11956521739130435 0.11865942028985507
1 0.9748641304347826 0.22418478260869565 0.036684782608695655 0.026268115942028984
0 0.9626358695652174 0.2694746376811594 0.07472826086956522 0.12590579710144928
1 0.7364130434782609 0.2826086956521739 0.03804347826086957 0.030797101449275364
0 0.735733695652174 0.3197463768115942 0.09375 0.10869565217391304
1 0.7038043478260869 0.2749094202898551 0.04076086956521739 0.03170289855072464
0 0.6929347826086957 0.31431159420289856 0.09782608695652174 0.11231884057971014
1 0.7241847826086957 0.2572463768115942 0.03260869565217391 0.02355072463768116
0 0.7296195652173914 0.29438405797101447 0.09782608695652174 0.10507246376811594
1 0.7072010869565217 0.24048913043478262 0.03125 0.026268115942028984
0 0.7038043478260869 0.28125 0.10869565217391304 0.11684782608695653
1 0.6644021739130435 0.2441123188405797 0.02717391304347826 0.020833333333333332
0 0.6589673913043478 0.27309782608695654 0.07880434782608696 0.08967391304347826
1 0.5224184782608695 0.2418478260869565 0.028532608695652172 0.019927536231884056
0 0.5197010869565217 0.2703804347826087 0.08016304347826086 0.08242753623188406
1 0.47690217391304346 0.28442028985507245 0.029891304347826088 0.02355072463768116
0 0.48233695652173914 0.31567028985507245 0.07336956521739131 0.09329710144927536