1 0.17179719330013582 0.4939649969824985 0.019465821638750568 0.023536511768255886
0 0.18696242643730196 0.5675920337960169 0.06790402897238569 0.1780325890162945
1 0.2526029877772748 0.49215449607724804 0.022634676324128564 0.030778515389257695
0 0.25011317338162065 0.5648762824381413 0.06745133544590312 0.18467109233554616
1 0.32978723404255317 0.3955944477972239 0.04210049796287913 0.07543753771876886
0 0.30647351742870077 0.6547978273989137 0.1511996378451788 0.6095353047676524
1 0.41240380262562243 0.4152082076041038 0.04164780443639656 0.07362703681351841
0 0.3789044816659122 0.6442365721182861 0.21819827976459938 0.552202776101388
1 0.5009053870529652 0.42365721182860594 0.040289723856948845 0.07604103802051901
0 0.49751018560434584 0.6463488231744116 0.22181982797645994 0.5455642727821364
1 0.5882752376641014 0.45232347616173807 0.03757356269805342 0.06216053108026554
0 0.6317338162064282 0.6490645745322873 0.17790855590765053 0.5171997585998793
1 0.6731552738795835 0.415811707905854 0.04798551380715256 0.08207604103802052
0 0.6794929832503395 0.6445383222691611 0.14757808963331825 0.6059143029571514