1 0.985140931372549 0.35355392156862747 0.008884803921568627 0.012663398692810458
0 0.9811580882352942 0.3911356209150327 0.0272671568627451 0.08537581699346405
1 0.9716605392156863 0.3553921568627451 0.0070465686274509805 0.00980392156862745
0 0.9713541666666666 0.3801062091503268 0.018688725490196078 0.06495098039215687
1 0.9342830882352942 0.3304738562091503 0.027879901960784315 0.0392156862745098
0 0.9283088235294118 0.4491421568627451 0.10049019607843138 0.29534313725490197
1 0.7722120098039216 0.3125 0.07751225490196079 0.12336601307189543
0 0.8059129901960784 0.6180555555555556 0.2925857843137255 0.7638888888888888
1 0.5951286764705882 0.28574346405228757 0.06464460784313726 0.1017156862745098
0 0.6050857843137255 0.6055964052287581 0.2420343137254902 0.7888071895424836
1 0.40762867647058826 0.24040032679738563 0.07506127450980392 0.10743464052287582
0 0.3912377450980392 0.5810866013071896 0.2340686274509804 0.8378267973856209
1 0.2777267156862745 0.3321078431372549 0.07138480392156862 0.125
0 0.25275735294117646 0.6319444444444444 0.16299019607843138 0.7361111111111112
1 0.18137254901960784 0.3176062091503268 0.09191176470588236 0.14665032679738563
0 0.12438725490196079 0.6139705882352942 0.24877450980392157 0.7720588235294118