1 0.9678333333333333 0.7208895552223888 0.021666666666666667 0.03548225887056472
0 0.9705 0.8263368315842079 0.059 0.2613693153423288
0 0.9936666666666667 0.8238380809595203 0.012666666666666666 0.29035482258870565
1 0.9693333333333334 0.7241379310344828 0.023333333333333334 0.03698150924537731
0 0.969 0.8258370814592704 0.04666666666666667 0.24737631184407796
1 0.9368333333333333 0.732383808095952 0.021 0.04147926036981509
0 0.9271666666666667 0.8345827086456772 0.04566666666666667 0.25087456271864067
1 0.8971666666666667 0.6899050474762619 0.018333333333333333 0.02948525737131434
0 0.89 0.8070964517741129 0.05533333333333333 0.28585707146426786
1 0.8895 0.7083958020989505 0.023 0.037481259370314844
0 0.8958333333333334 0.8188405797101449 0.07966666666666666 0.26636681659170414
1 0.8743333333333333 0.7106446776611695 0.026 0.044977511244377814
0 0.8686666666666667 0.8123438280859571 0.03666666666666667 0.25537231384307846
1 0.8431666666666666 0.7073963018490754 0.024333333333333332 0.03948025987006497
0 0.838 0.8228385807096452 0.08333333333333333 0.27936031984008
1 0.7831666666666667 0.715392303848076 0.022333333333333334 0.034482758620689655
0 0.7766666666666666 0.8248375812093953 0.08133333333333333 0.2493753123438281
1 0.7761666666666667 0.7068965517241379 0.02033333333333333 0.034482758620689655
0 0.7818333333333334 0.8148425787106447 0.09033333333333333 0.25337331334332835
1 0.782 0.697151424287856 0.024 0.035982008995502246
0 0.7851666666666667 0.8060969515242379 0.089 0.25787106446776614
1 0.7315 0.7193903048475763 0.024333333333333332 0.04047976011994003
0 0.7305 0.8268365817091454 0.09233333333333334 0.26036981509245377
1 0.6786666666666666 0.7061469265367316 0.023333333333333334 0.04397801099450275
0 0.6816666666666666 0.8153423288355822 0.07933333333333334 0.2703648175912044
1 0.6461666666666667 0.7013993003498251 0.023 0.037481259370314844
0 0.6531666666666667 0.8138430784607696 0.051 0.2683658170914543
1 0.6758333333333333 0.703648175912044 0.023 0.038980509745127435
0 0.672 0.8120939530234883 0.05266666666666667 0.25787106446776614
1 0.6225 0.7338830584707646 0.021666666666666667 0.03948025987006497
0 0.6145 0.8233383308345827 0.071 0.23138430784607697
1 0.5801666666666667 0.7123938030984508 0.021666666666666667 0.033483258370814596
0 0.5841666666666666 0.8095952023988006 0.07433333333333333 0.2368815592203898
1 0.5275 0.704647676161919 0.021666666666666667 0.03698150924537731
0 0.5326666666666666 0.8063468265867066 0.048 0.25237381309345325
1 0.485 0.6809095452273863 0.029333333333333333 0.043478260869565216
0 0.48783333333333334 0.8040979510244878 0.09766666666666667 0.2898550724637681
1 0.457 0.7201399300349826 0.023333333333333334 0.03698150924537731
0 0.4528333333333333 0.8275862068965517 0.085 0.25787106446776614
1 0.42433333333333334 0.722888555722139 0.024 0.037481259370314844
0 0.41983333333333334 0.8180909545227386 0.07766666666666666 0.2318840579710145
1 0.3581666666666667 0.7106446776611695 0.024333333333333332 0.04097951024487756
0 0.3446666666666667 0.8228385807096452 0.08666666666666667 0.2683658170914543
1 0.3403333333333333 0.7098950524737632 0.022 0.04447776111944028
0 0.3491666666666667 0.8168415792103948 0.09033333333333333 0.26036981509245377
1 0.37016666666666664 0.723888055972014 0.023 0.04247876061969016
0 0.38366666666666666 0.8243378310844578 0.07733333333333334 0.25737131434282856
1 0.27266666666666667 0.7151424287856072 0.017333333333333333 0.028985507246376812
0 0.2815 0.8173413293353323 0.052333333333333336 0.24037981009495252
1 0.26116666666666666 0.7023988005997002 0.023 0.04047976011994003
0 0.271 0.81984007996002 0.08133333333333333 0.27636181909045476
1 0.252 0.7083958020989505 0.024 0.04447776111944028
0 0.25183333333333335 0.8195902048975512 0.07766666666666666 0.27786106946526734
1 0.19816666666666666 0.6896551724137931 0.027666666666666666 0.04597701149425287
0 0.2015 0.8148425787106447 0.09233333333333334 0.30334832583708143
1 0.16833333333333333 0.6969015492253873 0.02266666666666667 0.03648175912043978
0 0.16716666666666666 0.8093453273363318 0.060333333333333336 0.2813593203398301
1 0.14783333333333334 0.723888055972014 0.02033333333333333 0.03548225887056472
0 0.1415 0.8238380809595203 0.059 0.2413793103448276
1 0.10583333333333333 0.7148925537231384 0.023 0.0384807596201899
0 0.11316666666666667 0.8228385807096452 0.083 0.26436781609195403
1 0.0485 0.7168915542228885 0.025 0.04047976011994003
0 0.06566666666666666 0.8300849575212393 0.10066666666666667 0.2688655672163918
1 0.034833333333333334 0.7056471764117941 0.021666666666666667 0.03398300849575212
0 0.04633333333333333 0.8205897051474262 0.05333333333333334 0.27786106946526734