1 0.011979166666666667 0.49144634525660963 0.023958333333333335 0.05598755832037325
0 0.030729166666666665 0.6290824261275272 0.06145833333333333 0.3405909797822706
1 0.07395833333333333 0.43623639191290825 0.03333333333333333 0.06376360808709176
0 0.06822916666666666 0.6259720062208398 0.096875 0.4556765163297045
1 0.08177083333333333 0.4758942457231726 0.036458333333333336 0.06842923794712286
0 0.07552083333333333 0.6695178849144634 0.07604166666666666 0.46500777604976673
1 0.11822916666666666 0.45023328149300157 0.030208333333333334 0.04821150855365474
0 0.10729166666666666 0.6003110419906688 0.06875 0.37325038880248834
1 0.15104166666666666 0.45334370139968894 0.025 0.041990668740279936
0 0.14739583333333334 0.5816485225505443 0.059375 0.30793157076205285
1 0.17239583333333333 0.49300155520995337 0.030208333333333334 0.06220839813374806
0 0.16770833333333332 0.6671850699844479 0.08125 0.42923794712286156
1 0.2635416666666667 0.5023328149300156 0.035416666666666666 0.06531881804043546
0 0.25416666666666665 0.6609642301710731 0.08125 0.401244167962675
1 0.284375 0.5178849144634525 0.027083333333333334 0.05287713841368585
0 0.2765625 0.6570762052877138 0.059375 0.3561430793157076
1 0.33645833333333336 0.4953343701399689 0.03333333333333333 0.04510108864696734
0 0.3546875 0.6516329704510109 0.096875 0.36702954898911355
1 0.38645833333333335 0.49922239502332816 0.03125 0.049766718506998445
0 0.3807291666666667 0.6384136858475894 0.06770833333333333 0.3405909797822706
1 0.41041666666666665 0.4906687402799378 0.027083333333333334 0.04510108864696734
0 0.40572916666666664 0.6438569206842923 0.06770833333333333 0.36391912908242613
1 0.4510416666666667 0.5031104199066874 0.022916666666666665 0.041990668740279936
0 0.45364583333333336 0.6415241057542769 0.06979166666666667 0.3250388802488336
1 0.4869791666666667 0.5132192846034215 0.030208333333333334 0.05598755832037325
0 0.4739583333333333 0.6609642301710731 0.07708333333333334 0.36702954898911355
1 0.5229166666666667 0.5069984447900466 0.029166666666666667 0.04665629860031104
0 0.5140625 0.6438569206842923 0.05520833333333333 0.3297045101088647
1 0.5484375 0.4953343701399689 0.026041666666666668 0.04510108864696734
0 0.5442708333333334 0.6259720062208398 0.06145833333333333 0.3157076205287714
1 0.5895833333333333 0.5256609642301711 0.016666666666666666 0.03110419906687403
0 0.5890625 0.6290824261275272 0.05520833333333333 0.26283048211508553
1 0.6161458333333333 0.5108864696734059 0.028125 0.05132192846034215
0 0.6067708333333334 0.6446345256609642 0.06354166666666666 0.3312597200622084
1 0.6552083333333333 0.5077760497667185 0.020833333333333332 0.03265940902021773
0 0.6609375 0.5995334370139969 0.051041666666666666 0.2192846034214619
1 0.6651041666666667 0.5388802488335925 0.023958333333333335 0.03576982892690513
0 0.6588541666666666 0.6555209953343701 0.06145833333333333 0.27527216174183516
1 0.6895833333333333 0.5186625194401244 0.022916666666666665 0.038880248833592534
0 0.6973958333333333 0.6057542768273717 0.051041666666666666 0.2192846034214619
1 0.7427083333333333 0.5155520995334371 0.020833333333333332 0.038880248833592534
0 0.7416666666666667 0.6135303265940902 0.05 0.2255054432348367
1 0.7416666666666667 0.5132192846034215 0.03125 0.04665629860031104
0 0.7338541666666667 0.6687402799377916 0.06770833333333333 0.36391912908242613
1 0.8276041666666667 0.5194401244167963 0.023958333333333335 0.04354587869362364
0 0.809375 0.6205287713841369 0.06666666666666667 0.25194401244167963
1 0.859375 0.5007776049766719 0.025 0.04354587869362364
0 0.8479166666666667 0.6251944012441679 0.075 0.30793157076205285
1 0.9223958333333333 0.5147744945567652 0.030208333333333334 0.04665629860031104
0 0.9161458333333333 0.6461897356143079 0.059375 0.3157076205287714
1 0.4869791666666667 0.47433903576982894 0.023958333333333335 0.04354587869362364
0 0.4869791666666667 0.6150855365474339 0.05520833333333333 0.3405909797822706
1 0.45208333333333334 0.5023328149300156 0.01875 0.04043545878693624
0 0.44635416666666666 0.6127527216174183 0.046875 0.26749611197511663
1 0.43125 0.5031104199066874 0.020833333333333332 0.03576982892690513
0 0.4244791666666667 0.5964230171073095 0.042708333333333334 0.2317262830482115
1 0.23541666666666666 0.484447900466563 0.020833333333333332 0.03576982892690513
0 0.2375 0.6018662519440124 0.052083333333333336 0.2737169517884914
1 0.19010416666666666 0.45878693623639194 0.019791666666666666 0.03732503888024884
0 0.19479166666666667 0.573094867807154 0.05 0.27838258164852253
1 0.1890625 0.48755832037325036 0.028125 0.05132192846034215
0 0.1796875 0.6430793157076206 0.07604166666666666 0.37169517884914466
1 0.1890625 0.4860031104199067 0.026041666666666668 0.04510108864696734
0 0.18645833333333334 0.609642301710731 0.07708333333333334 0.3141524105754277
1 0.046875 0.46578538102643857 0.014583333333333334 0.029548989113530325
0 0.03802083333333333 0.5684292379471229 0.04895833333333333 0.2410575427682737