1 0.065625 0.33773584905660375 0.05125 0.09056603773584905
0 0.0625 0.5924528301886792 0.125 0.6037735849056604
1 0.11125 0.30754716981132074 0.045 0.07547169811320754
0 0.11125 0.5537735849056604 0.0975 0.5754716981132075
1 0.179375 0.35754716981132073 0.03375 0.062264150943396226
0 0.175625 0.5509433962264151 0.09875 0.4716981132075472
1 0.245625 0.4009433962264151 0.04375 0.062264150943396226
0 0.251875 0.5764150943396227 0.09875 0.4207547169811321
1 0.2675 0.41509433962264153 0.0375 0.06415094339622641
0 0.264375 0.6056603773584905 0.08875 0.4528301886792453
1 0.33625 0.4028301886792453 0.0375 0.06981132075471698
0 0.33875 0.5933962264150944 0.0875 0.45849056603773586
1 0.33625 0.3650943396226415 0.0325 0.0660377358490566
0 0.350625 0.5424528301886793 0.13875 0.4358490566037736
1 0.40625 0.37169811320754714 0.0375 0.07169811320754717
0 0.416875 0.5886792452830188 0.10625 0.5094339622641509
1 0.410625 0.310377358490566 0.03375 0.0660377358490566
0 0.40875 0.48867924528301887 0.0775 0.4339622641509434
1 0.480625 0.24245283018867925 0.03625 0.0660377358490566
0 0.468125 0.4528301886792453 0.09625 0.5056603773584906
1 0.49125 0.3160377358490566 0.045 0.08113207547169811
0 0.49 0.5632075471698114 0.115 0.6018867924528302
1 0.55125 0.18584905660377357 0.035 0.05849056603773585
0 0.55125 0.3877358490566038 0.105 0.47735849056603774
1 0.6025 0.23962264150943396 0.0375 0.07547169811320754
0 0.604375 0.4377358490566038 0.10125 0.49433962264150944
1 0.5975 0.37358490566037733 0.05 0.0830188679245283
0 0.585625 0.6 0.12875 0.539622641509434
1 0.599375 0.4537735849056604 0.05125 0.09622641509433963
0 0.613125 0.6981132075471698 0.13375 0.6
1 0.65125 0.43018867924528303 0.055 0.10566037735849057
0 0.68 0.6858490566037736 0.15 0.6283018867924528
1 0.696875 0.4349056603773585 0.05375 0.10377358490566038
0 0.73625 0.6849056603773584 0.15 0.6113207547169811
1 0.686875 0.35094339622641507 0.05125 0.07169811320754717
0 0.681875 0.5952830188679246 0.12125 0.5754716981132075
1 0.7275 0.28679245283018867 0.0425 0.07169811320754717
0 0.726875 0.5254716981132076 0.11625 0.560377358490566
1 0.78625 0.30471698113207546 0.045 0.07735849056603773
0 0.785 0.5509433962264151 0.1125 0.5773584905660377
1 0.8075 0.41132075471698115 0.0725 0.1320754716981132
0 0.78625 0.6688679245283019 0.1775 0.6622641509433962
1 0.94125 0.3584905660377358 0.1025 0.18867924528301888
0 0.914375 0.6330188679245283 0.17125 0.7339622641509433
1 0.965625 0.3132075471698113 0.06875 0.1471698113207547
0 0.934375 0.6179245283018868 0.13125 0.7641509433962265
1 0.868125 0.29245283018867924 0.05125 0.07924528301886792
0 0.870625 0.5641509433962264 0.11375 0.6377358490566037