1 0.8482686453576864 0.491076568796776 0.060692541856925415 0.11744386873920552
0 0.8354261796042618 0.7132987910189983 0.21423135464231355 0.5734024179620034
1 0.533675799086758 0.36125503742084053 0.05289193302891933 0.09441565918249856
0 0.5395738203957382 0.6551525618883132 0.1552511415525114 0.6896948762233737
1 0.40220700152207 0.4664651698330455 0.05251141552511415 0.10506620610247554
0 0.3986872146118721 0.7004893494530801 0.15620243531202435 0.59902130109384
1 0.3965943683409437 0.34916522740356937 0.053843226788432265 0.1001727115716753
0 0.3944063926940639 0.6476683937823834 0.13964992389649925 0.7046632124352331
1 0.3070776255707763 0.40572826712723087 0.06050228310502283 0.11312607944732297
0 0.2759703196347032 0.6729994242947611 0.14250380517503805 0.6540011514104779
1 0.1507800608828006 0.4035693724812896 0.04661339421613394 0.09268854346574554
0 0.16514459665144596 0.6542890040299367 0.1464992389649924 0.6079447322970639
1 0.07410578386605784 0.4280368451352907 0.04356925418569254 0.08347725964306275
0 0.06925418569254185 0.6865284974093264 0.1385083713850837 0.6085204375359816
1 0.050038051750380515 0.3146229130685089 0.04680365296803653 0.08981001727115717
0 0.064117199391172 0.5685089234312032 0.128234398782344 0.6010362694300518
1 0.07800608828006088 0.31519861830742657 0.02511415525114155 0.04720782959124928
0 0.08304794520547945 0.47783534830166957 0.0732496194824962 0.38399539435808866
1 0.09341704718417047 0.2914507772020725 0.027016742770167426 0.04404145077720207
0 0.10340563165905632 0.4480426021876799 0.0625951293759513 0.3681635002878526
1 0.1643835616438356 0.3323258491652274 0.04223744292237443 0.07628094415659183
0 0.1678082191780822 0.581174438687392 0.1476407914764079 0.5843408175014393
1 0.2207001522070015 0.40011514104778356 0.011035007610350075 0.018998272884283247
0 0.2239345509893455 0.44559585492227977 0.025494672754946726 0.11168681635002879
1 0.23411339421613395 0.3934945308002303 0.010083713850837138 0.018422567645365574
0 0.2335426179604262 0.43379389752446745 0.01769406392694064 0.1001727115716753
1 0.2519025875190259 0.39018422567645367 0.011035007610350075 0.019861830742659757
0 0.2517123287671233 0.4353770869314911 0.02968036529680365 0.11600460564191134
1 0.2773021308980213 0.3927748992515832 0.011225266362252663 0.02158894645941278
0 0.2753044140030441 0.43436960276338515 0.0289193302891933 0.10765687967760507
1 0.22659817351598174 0.35578583765112265 0.0076103500761035 0.013241220495106506
0 0.2289764079147641 0.3884571099597006 0.02834855403348554 0.08434081750143926
1 0.2628424657534247 0.3595279217040875 0.007800608828006088 0.012089810017271158
0 0.2561834094368341 0.39666090961427747 0.03367579908675799 0.09211283822682786
1 0.2557077625570776 0.35002878526194586 0.007990867579908675 0.012089810017271158
0 0.260369101978691 0.38068508923431205 0.02149923896499239 0.07858376511226252
1 0.3392313546423135 0.3978123200921128 0.014079147640791476 0.02360391479562464
0 0.3419901065449011 0.4369602763385147 0.028729071537290714 0.10420264824409903
1 0.3398021308980213 0.3625503742084053 0.009512937595129375 0.01468048359240069
0 0.342941400304414 0.3965169833045481 0.02378234398782344 0.08664363845710996
1 0.3644406392694064 0.3743523316062176 0.008942161339421613 0.01755900978698906
0 0.3640601217656012 0.4100460564191134 0.014649923896499238 0.09182498560736903
1 0.3386605783866058 0.2848301669545193 0.003424657534246575 0.006044905008635579
0 0.3391362252663623 0.3018134715025907 0.010464231354642313 0.043465745538284396
1 0.491248097412481 0.3672999424294761 0.008751902587519025 0.015544041450777202
0 0.4915334855403349 0.4068796776050662 0.015791476407914763 0.10391479562464019
1 0.564783105022831 0.3494530800230282 0.007420091324200913 0.011514104778353483
0 0.5660197869101978 0.38399539435808866 0.012557077625570776 0.08232584916522741
1 0.5928462709284628 0.35708117443868737 0.00989345509893455 0.014104778353483017
0 0.5901826484018264 0.39162348877374786 0.02511415525114155 0.08434081750143926
1 0.598744292237443 0.3780944156591825 0.008751902587519025 0.016983304548071388
0 0.5974124809741248 0.4224237190558434 0.025494672754946726 0.11082325849165227
1 0.9613774733637748 0.3531951640759931 0.00532724505327245 0.008059873344847437
0 0.958904109589041 0.3724812895797352 0.021689497716894976 0.055267702936096716
1 0.9682267884322678 0.3539147956246402 0.005707762557077625 0.010650546919976972
0 0.9682267884322678 0.3752158894645941 0.021689497716894976 0.054404145077720206
1 0.9707952815829528 0.3544905008635579 0.004756468797564688 0.008347725964306276
0 0.9715563165905632 0.3714738054116292 0.016171993911719938 0.049798503166378814