1 0.08371212121212121 0.2806818181818182 0.15075757575757576 0.2803030303030303
0 0.1779040404040404 0.5691287878787878 0.3558080808080808 0.8617424242424242
1 0.3654040404040404 0.3865530303030303 0.12424242424242424 0.2321969696969697
0 0.35744949494949496 0.6285984848484848 0.3154040404040404 0.7428030303030303
1 0.5632575757575757 0.36098484848484846 0.13813131313131313 0.30833333333333335
0 0.560479797979798 0.5982954545454545 0.47449494949494947 0.803409090909091
1 0.6568181818181819 0.31325757575757573 0.0904040404040404 0.21818181818181817
0 0.6703282828282828 0.5893939393939394 0.2871212121212121 0.8212121212121212
1 0.8084595959595959 0.3606060606060606 0.16742424242424242 0.2643939393939394
0 0.8282828282828283 0.5839015151515151 0.3434343434343434 0.8321969696969697
1 0.8184343434343434 0.2390151515151515 0.3323232323232323 0.478030303030303
0 0.8184343434343434 0.5 0.36313131313131314 1