1 0.9725 0.16928251121076232 0.008333333333333333 0.011210762331838564
0 0.9725 0.21076233183856502 0.03166666666666667 0.1031390134529148
1 0.9725 0.32286995515695066 0.015 0.02242152466367713
0 0.9733333333333334 0.3811659192825112 0.03666666666666667 0.14349775784753363
1 0.8958333333333334 0.30829596412556054 0.015 0.02466367713004484
0 0.8916666666666667 0.3688340807174888 0.04 0.1726457399103139
1 0.8466666666666667 0.2914798206278027 0.023333333333333334 0.03139013452914798
0 0.8466666666666667 0.3901345291479821 0.07333333333333333 0.23766816143497757
1 0.6825 0.15807174887892378 0.065 0.11434977578475336
0 0.7008333333333333 0.5067264573991032 0.225 0.8385650224215246
1 0.55 0.2825112107623318 0.023333333333333334 0.03587443946188341
0 0.5516666666666666 0.40582959641255606 0.06333333333333334 0.2914798206278027
1 0.475 0.36210762331838564 0.03333333333333333 0.1860986547085202
0 0.475 0.36210762331838564 0.03333333333333333 0.1860986547085202
1 0.41833333333333333 0.29035874439461884 0.023333333333333334 0.03811659192825112
0 0.42083333333333334 0.3901345291479821 0.058333333333333334 0.24663677130044842
1 0.3933333333333333 0.30269058295964124 0.013333333333333334 0.02242152466367713
0 0.39 0.3654708520179372 0.05 0.16591928251121077
1 0.3475 0.2914798206278027 0.018333333333333333 0.026905829596412557
0 0.35583333333333333 0.36771300448430494 0.065 0.18834080717488788
1 0.30833333333333335 0.1726457399103139 0.013333333333333334 0.02242152466367713
0 0.3125 0.21524663677130046 0.035 0.11210762331838565
1 0.2991666666666667 0.297085201793722 0.025 0.03811659192825112
0 0.2925 0.40022421524663676 0.058333333333333334 0.257847533632287
1 0.22083333333333333 0.29260089686098656 0.015 0.020179372197309416
0 0.23583333333333334 0.36210762331838564 0.07166666666666667 0.1860986547085202
1 0.23583333333333334 0.30829596412556054 0.021666666666666667 0.033632286995515695
0 0.23416666666666666 0.39125560538116594 0.055 0.21300448430493274
1 0.1575 0.25112107623318386 0.051666666666666666 0.08071748878923767
0 0.16083333333333333 0.5134529147982063 0.14166666666666666 0.6098654708520179
1 0.05333333333333334 0.32286995515695066 0.016666666666666666 0.026905829596412557
0 0.049166666666666664 0.3901345291479821 0.04833333333333333 0.17488789237668162
1 0.06583333333333333 0.30829596412556054 0.021666666666666667 0.033632286995515695
0 0.0675 0.3890134529147982 0.07166666666666667 0.2085201793721973
1 0.08833333333333333 0.32286995515695066 0.016666666666666666 0.02242152466367713
0 0.09083333333333334 0.3901345291479821 0.041666666666666664 0.17040358744394618