1 0.3853759765625 0.826171875 0.005615234375 0.010850694444444444
0 0.3870849609375 0.8667534722222222 0.014404296875 0.09635416666666667
1 0.381103515625 0.8090277777777778 0.00732421875 0.014756944444444444
0 0.3819580078125 0.8465711805555556 0.011962890625 0.09071180555555555
1 0.339111328125 0.787109375 0.00390625 0.009114583333333334
0 0.3404541015625 0.814453125 0.015869140625 0.07508680555555555
1 0.3267822265625 0.7747395833333334 0.006103515625 0.011284722222222222
0 0.328125 0.806640625 0.0146484375 0.0837673611111111
1 0.318603515625 0.7977430555555556 0.00341796875 0.008680555555555556
0 0.318115234375 0.8207465277777778 0.009765625 0.058159722222222224
1 0.302734375 0.7615017361111112 0.00537109375 0.012586805555555556
0 0.30322265625 0.7992621527777778 0.017578125 0.09331597222222222
1 0.28662109375 0.7643229166666666 0.00537109375 0.013020833333333334
0 0.2877197265625 0.7986111111111112 0.016845703125 0.08854166666666667
1 0.281982421875 0.7784288194444444 0.00537109375 0.01171875
0 0.28173828125 0.8109809027777778 0.01513671875 0.08203125
1 0.2843017578125 0.7979600694444444 0.012451171875 0.053385416666666664
0 0.2843017578125 0.7979600694444444 0.012451171875 0.053385416666666664
1 0.27197265625 0.7658420138888888 0.0048828125 0.01171875
0 0.27197265625 0.802734375 0.0146484375 0.08723958333333333
1 0.265380859375 0.7415364583333334 0.00537109375 0.010850694444444444
0 0.266845703125 0.771484375 0.015625 0.0759548611111111
1 0.1875 0.8648003472222222 0.005859375 0.012586805555555556
0 0.1971435546875 0.8873697916666666 0.032470703125 0.061197916666666664
1 0.1900634765625 0.8528645833333334 0.006103515625 0.014756944444444444
0 0.197509765625 0.8747829861111112 0.0283203125 0.061197916666666664
1 0.3277587890625 0.7354600694444444 0.003662109375 0.006510416666666667
0 0.327880859375 0.7517361111111112 0.01171875 0.044270833333333336
1 0.341064453125 0.7107204861111112 0.00439453125 0.007378472222222222
0 0.341552734375 0.7421875 0.01611328125 0.07291666666666667
1 0.3358154296875 0.6944444444444444 0.003662109375 0.0078125
0 0.3353271484375 0.7213541666666666 0.014892578125 0.06684027777777778
1 0.3399658203125 0.6809895833333334 0.004638671875 0.011284722222222222
0 0.340087890625 0.703125 0.01220703125 0.059027777777777776
1 0.3521728515625 0.6736111111111112 0.004638671875 0.008680555555555556
0 0.3519287109375 0.7033420138888888 0.013916015625 0.06987847222222222
1 0.397705078125 0.6751302083333334 0.00439453125 0.008246527777777778
0 0.4024658203125 0.6883680555555556 0.017333984375 0.036458333333333336
1 0.4036865234375 0.6712239583333334 0.003662109375 0.008246527777777778
0 0.4033203125 0.6848958333333334 0.0126953125 0.03732638888888889
1 0.358642578125 0.609375 0.0029296875 0.006076388888888889
0 0.3585205078125 0.6286892361111112 0.007568359375 0.045572916666666664
1 0.409912109375 0.6082899305555556 0.00390625 0.007378472222222222
0 0.4080810546875 0.6276041666666666 0.009521484375 0.046875
1 0.398681640625 0.6082899305555556 0.00341796875 0.005642361111111111
0 0.3984375 0.6278211805555556 0.009765625 0.046440972222222224
1 0.3824462890625 0.6009114583333334 0.002685546875 0.005642361111111111
0 0.3824462890625 0.62109375 0.010009765625 0.046875
1 0.3909912109375 0.6052517361111112 0.003662109375 0.007378472222222222
0 0.390869140625 0.6219618055555556 0.00830078125 0.042534722222222224
1 0.3939208984375 0.6041666666666666 0.003173828125 0.006076388888888889
0 0.39404296875 0.6167534722222222 0.00537109375 0.033854166666666664
1 0.3875732421875 0.6178385416666666 0.005126953125 0.04210069444444445
0 0.3875732421875 0.6178385416666666 0.005126953125 0.04210069444444445
1 0.4012451171875 0.5946180555555556 0.003173828125 0.006076388888888889
0 0.401611328125 0.6126302083333334 0.0087890625 0.04470486111111111
1 0.3707275390625 0.5993923611111112 0.003662109375 0.006076388888888889
0 0.37158203125 0.6226128472222222 0.0087890625 0.055989583333333336
1 0.3656005859375 0.5852864583333334 0.002685546875 0.006510416666666667
0 0.3663330078125 0.6022135416666666 0.008056640625 0.04123263888888889
1 0.3497314453125 0.6030815972222222 0.003662109375 0.006510416666666667
0 0.3489990234375 0.6247829861111112 0.008544921875 0.05164930555555555
1 0.34033203125 0.6006944444444444 0.0029296875 0.006076388888888889
0 0.3387451171875 0.6104600694444444 0.006591796875 0.029079861111111112
1 0.4051513671875 0.5720486111111112 0.002685546875 0.006076388888888889
0 0.4051513671875 0.5889756944444444 0.007080078125 0.041666666666666664
1 0.4266357421875 0.5915798611111112 0.002197265625 0.004340277777777778
0 0.427734375 0.5998263888888888 0.0107421875 0.024305555555555556
1 0.4267578125 0.5863715277777778 0.0029296875 0.005208333333333333
0 0.42724609375 0.5965711805555556 0.00732421875 0.026475694444444444
1 0.4537353515625 0.5440538194444444 0.002685546875 0.004774305555555556
0 0.45361328125 0.5568576388888888 0.00732421875 0.03211805555555555
1 0.4345703125 0.5338541666666666 0.001953125 0.003472222222222222
0 0.434326171875 0.5442708333333334 0.00439453125 0.027777777777777776
1 0.4364013671875 0.5266927083333334 0.001708984375 0.0030381944444444445
0 0.43603515625 0.5381944444444444 0.0048828125 0.027777777777777776
1 0.4664306640625 0.5023871527777778 0.002197265625 0.00390625
0 0.466552734375 0.5132378472222222 0.00439453125 0.026475694444444444
1 0.46142578125 0.5026041666666666 0.00146484375 0.003472222222222222
0 0.461181640625 0.5125868055555556 0.0048828125 0.024305555555555556
1 0.491455078125 0.5162760416666666 0.001953125 0.0030381944444444445
0 0.4912109375 0.5240885416666666 0.00634765625 0.01953125
1 0.4827880859375 0.5002170138888888 0.001708984375 0.0030381944444444445
0 0.482177734375 0.509765625 0.00537109375 0.023871527777777776
1 0.4697265625 0.5017361111111112 0.00146484375 0.0026041666666666665
0 0.4698486328125 0.509765625 0.004638671875 0.01953125
1 0.49755859375 0.5032552083333334 0.0029296875 0.01953125
0 0.49755859375 0.5032552083333334 0.0029296875 0.01953125
1 0.4996337890625 0.4976128472222222 0.001220703125 0.002170138888888889
0 0.4998779296875 0.5054253472222222 0.003662109375 0.018663194444444444
1 0.5048828125 0.5047743055555556 0.001953125 0.003472222222222222
0 0.5048828125 0.5141059027777778 0.00390625 0.023003472222222224
1 0.52783203125 0.4895833333333333 0.00146484375 0.0026041666666666665
0 0.5277099609375 0.4989149305555556 0.005126953125 0.022135416666666668
1 0.5347900390625 0.4865451388888889 0.001220703125 0.0026041666666666665
0 0.5352783203125 0.4954427083333333 0.004638671875 0.022135416666666668
1 0.539306640625 0.4924045138888889 0.00146484375 0.0030381944444444445
0 0.5367431640625 0.498046875 0.007568359375 0.016059027777777776
1 0.5401611328125 0.4924045138888889 0.001708984375 0.0030381944444444445
0 0.5404052734375 0.4976128472222222 0.004638671875 0.015190972222222222
1 0.5252685546875 0.4841579861111111 0.001708984375 0.0030381944444444445
0 0.5257568359375 0.4906684027777778 0.006103515625 0.016927083333333332
1 0.53369140625 0.4806857638888889 0.00146484375 0.002170138888888889
0 0.53369140625 0.4898003472222222 0.00439453125 0.022135416666666668
1 0.5390625 0.4782986111111111 0.001953125 0.003472222222222222
0 0.53857421875 0.4865451388888889 0.00439453125 0.019965277777777776
1 0.548583984375 0.4889322916666667 0.00390625 0.01953125
0 0.548583984375 0.4889322916666667 0.00390625 0.01953125
1 0.5447998046875 0.4787326388888889 0.001708984375 0.003472222222222222
0 0.54443359375 0.4850260416666667 0.00439453125 0.017795138888888888
1 0.5535888671875 0.4752604166666667 0.001220703125 0.0026041666666666665
0 0.5538330078125 0.482421875 0.004150390625 0.017795138888888888
1 0.5589599609375 0.4739583333333333 0.001708984375 0.0026041666666666665
0 0.5589599609375 0.4806857638888889 0.004150390625 0.017795138888888888
1 0.5816650390625 0.4748263888888889 0.001708984375 0.003472222222222222
0 0.581787109375 0.482421875 0.0029296875 0.020399305555555556
1 0.629638671875 0.4704861111111111 0.00146484375 0.0026041666666666665
0 0.6298828125 0.4748263888888889 0.00341796875 0.012152777777777778
1 0.61669921875 0.4659288194444444 0.00146484375 0.0030381944444444445
0 0.6163330078125 0.4735243055555556 0.002685546875 0.019097222222222224
1 0.6334228515625 0.4581163194444444 0.001220703125 0.002170138888888889
0 0.63330078125 0.4622395833333333 0.0029296875 0.013888888888888888
1 0.635498046875 0.4563802083333333 0.00146484375 0.002170138888888889
0 0.6356201171875 0.4615885416666667 0.003173828125 0.015190972222222222
1 0.642822265625 0.4639756944444444 0.00390625 0.014756944444444444
0 0.642822265625 0.4639756944444444 0.00390625 0.014756944444444444
1 0.6510009765625 0.4600694444444444 0.001708984375 0.0026041666666666665
0 0.6512451171875 0.4665798611111111 0.003173828125 0.016493055555555556
1 0.659912109375 0.4581163194444444 0.0009765625 0.002170138888888889
0 0.65966796875 0.4641927083333333 0.00341796875 0.016059027777777776
1 0.4129638671875 0.966796875 0.009521484375 0.016927083333333332
0 0.41357421875 0.9778645833333334 0.01611328125 0.044270833333333336
1 0.5111083984375 0.5075954861111112 0.004150390625 0.026475694444444444
0 0.5111083984375 0.5075954861111112 0.004150390625 0.026475694444444444
1 0.5205078125 0.5021701388888888 0.001953125 0.003472222222222222
0 0.5205078125 0.5075954861111112 0.00537109375 0.016059027777777776
1 0.5419921875 0.4830729166666667 0.001953125 0.003472222222222222
0 0.54248046875 0.490234375 0.00634765625 0.018663194444444444