1 0.8805424528301887 0.2778954802259887 0.03702830188679245 0.06638418079096045
0 0.8766509433962264 0.4904661016949153 0.09622641509433963 0.5042372881355932
1 0.8314858490566037 0.2930790960451977 0.042688679245283016 0.07909604519774012
0 0.835377358490566 0.5123587570621468 0.1179245283018868 0.5261299435028248
1 0.7518867924528302 0.5324858757062146 0.04622641509433962 0.0847457627118644
0 0.75 0.6749646892655368 0.12547169811320755 0.3781779661016949
1 0.6438679245283019 0.5688559322033898 0.03820754716981132 0.07627118644067797
0 0.6490566037735849 0.7169844632768362 0.1 0.3880649717514124
1 0.5535377358490566 0.5406073446327684 0.03537735849056604 0.0692090395480226
0 0.5515330188679245 0.6610169491525424 0.10872641509433963 0.3121468926553672
1 0.4529481132075472 0.5294844632768362 0.039858490566037734 0.07874293785310735
0 0.43985849056603776 0.6483050847457628 0.125 0.3206214689265537
1 0.3277122641509434 0.5480225988700564 0.03608490566037736 0.07415254237288135
0 0.3161556603773585 0.6615466101694916 0.11721698113207547 0.3153248587570621
1 0.6215801886792452 0.4530367231638418 0.03608490566037736 0.07909604519774012
0 0.6215801886792452 0.5933968926553672 0.1214622641509434 0.3605225988700565
1 0.7444575471698113 0.2920197740112994 0.039858490566037734 0.07274011299435028
0 0.7390330188679245 0.4947033898305085 0.11202830188679246 0.490819209039548
1 0.6458726415094339 0.2900776836158192 0.03089622641509434 0.06391242937853107
0 0.6451650943396227 0.4895833333333333 0.09457547169811321 0.4735169491525424
1 0.5658018867924528 0.3382768361581921 0.03443396226415094 0.07274011299435028
0 0.5544811320754717 0.5301906779661016 0.10471698113207548 0.4593926553672316
1 0.42712264150943396 0.3290960451977401 0.03490566037735849 0.07062146892655367
0 0.4356132075471698 0.5134180790960452 0.11933962264150944 0.442090395480226
1 0.32028301886792454 0.328566384180791 0.03490566037735849 0.07521186440677965
0 0.3265330188679245 0.5109463276836158 0.1294811320754717 0.442090395480226
1 0.28879716981132075 0.3319209039548023 0.029952830188679246 0.0692090395480226
0 0.28702830188679246 0.500882768361582 0.10471698113207548 0.4134887005649718
1 0.18950471698113208 0.3298022598870056 0.036556603773584904 0.07627118644067797
0 0.1974056603773585 0.5453742937853108 0.15235849056603773 0.515183615819209
1 0.09669811320754718 0.3197387005649718 0.041981132075471696 0.08439265536723164
0 0.10047169811320755 0.5393714689265536 0.11509433962264151 0.534957627118644
1 0.16403301886792454 0.3273305084745763 0.034669811320754716 0.06073446327683616
0 0.18620283018867925 0.5167725988700564 0.13514150943396228 0.4487994350282486
1 0.21650943396226416 0.3072033898305085 0.03207547169811321 0.062146892655367235
0 0.21733490566037736 0.4784604519774011 0.10023584905660378 0.4209039548022599
1 0.27299528301886794 0.3022598870056497 0.03089622641509434 0.0557909604519774
0 0.26933962264150946 0.4666313559322034 0.08773584905660377 0.3958333333333333
1 0.3297169811320755 0.267478813559322 0.0330188679245283 0.06885593220338983
0 0.33879716981132074 0.4470338983050847 0.10023584905660378 0.4350282485875706
1 0.4025943396226415 0.2680084745762712 0.03490566037735849 0.0713276836158192
0 0.3906839622641509 0.4713983050847458 0.10400943396226416 0.4837570621468927
1 0.4998820754716981 0.2920197740112994 0.029952830188679246 0.06426553672316385
0 0.503066037735849 0.4763418079096045 0.08867924528301886 0.442090395480226
1 0.5793632075471699 0.2570621468926554 0.033254716981132075 0.06497175141242938
0 0.5754716981132075 0.4219632768361582 0.07594339622641509 0.4025423728813559
1 0.6425707547169811 0.23287429378531074 0.03089622641509434 0.05967514124293785
0 0.6431603773584905 0.4129590395480226 0.09245283018867924 0.4233757062146893
1 0.7220518867924528 0.23057909604519775 0.039858490566037734 0.07627118644067797
0 0.7452830188679245 0.4297316384180791 0.11179245283018868 0.4837570621468927
1 0.6965801886792453 0.2265183615819209 0.028066037735849057 0.06179378531073446
0 0.7033018867924529 0.4221398305084746 0.08066037735849056 0.4643361581920904