1 0.1875 0.2581699346405229 0.051470588235294115 0.08660130718954248
0 0.18627450980392157 0.5061274509803921 0.18382352941176472 0.5866013071895425
1 0.26286764705882354 0.25939542483660133 0.04350490196078431 0.0661764705882353
0 0.27267156862745096 0.4609885620915033 0.11397058823529412 0.4832516339869281
1 0.37484681372549017 0.2581699346405229 0.03278186274509804 0.06209150326797386
0 0.36933210784313725 0.45098039215686275 0.10324754901960784 0.4681372549019608
1 0.4476102941176471 0.21446078431372548 0.03553921568627451 0.06454248366013073
0 0.44669117647058826 0.3980800653594771 0.09436274509803921 0.43586601307189543
1 0.4336703431372549 0.27185457516339867 0.03768382352941176 0.0690359477124183
0 0.43918504901960786 0.45935457516339867 0.12714460784313725 0.47263071895424835
1 0.5252757352941176 0.2900326797385621 0.04136029411764706 0.08333333333333333
0 0.5128676470588235 0.48590686274509803 0.11825980392156862 0.48080065359477125
1 0.5442708333333334 0.20690359477124182 0.03952205882352941 0.061683006535947715
0 0.5459558823529411 0.41768790849673204 0.12806372549019607 0.4963235294117647
1 0.624234068627451 0.24325980392156862 0.04258578431372549 0.0690359477124183
0 0.6148897058823529 0.46629901960784315 0.29963235294117646 0.5437091503267973
1 0.7078737745098039 0.3088235294117647 0.04442401960784314 0.07761437908496732
0 0.7061887254901961 0.511437908496732 0.1556372549019608 0.4869281045751634
1 0.7202818627450981 0.2542892156862745 0.044730392156862746 0.07312091503267974
0 0.7161458333333334 0.46548202614379086 0.1326593137254902 0.5036764705882353