1 0.02412280701754386 0.7179974651457541 0.0061403508771929825 0.008871989860583017
0 0.02324561403508772 0.7458808618504436 0.021929824561403508 0.07224334600760456
1 0.11929824561403508 0.7084917617237009 0.010526315789473684 0.015209125475285171
0 0.12236842105263158 0.7477820025348543 0.039473684210526314 0.09632446134347275
1 0.14649122807017545 0.7224334600760456 0.007017543859649123 0.012674271229404309
0 0.14473684210526316 0.747148288973384 0.021052631578947368 0.0697084917617237
1 0.20833333333333334 0.714828897338403 0.007894736842105263 0.012674271229404309
0 0.21096491228070174 0.7484157160963245 0.02543859649122807 0.08491761723700887
1 0.2307017543859649 0.7484157160963245 0.017543859649122806 0.08491761723700887
0 0.2307017543859649 0.7484157160963245 0.017543859649122806 0.08491761723700887
1 0.24517543859649124 0.7091254752851711 0.009649122807017544 0.01394169835234474
0 0.24035087719298245 0.747148288973384 0.021052631578947368 0.08745247148288973
1 0.26710526315789473 0.6856780735107731 0.021929824561403508 0.032953105196451206
0 0.256140350877193 0.785171102661597 0.05263157894736842 0.23193916349809887
1 0.31491228070175437 0.7135614702154626 0.008771929824561403 0.012674271229404309
0 0.31359649122807015 0.7503168567807351 0.021929824561403508 0.09125475285171103
1 0.3280701754385965 0.7211660329531052 0.010526315789473684 0.015209125475285171
0 0.3293859649122807 0.7534854245880862 0.018421052631578946 0.08238276299112801
1 0.35175438596491226 0.7211660329531052 0.007017543859649123 0.012674271229404309
0 0.3495614035087719 0.7515842839036755 0.02017543859649123 0.08618504435994931
1 0.36622807017543857 0.7160963244613435 0.007894736842105263 0.012674271229404309
0 0.3649122807017544 0.756020278833967 0.01929824561403509 0.09759188846641319
1 0.3850877192982456 0.7179974651457541 0.007017543859649123 0.01394169835234474
0 0.3828947368421053 0.7534854245880862 0.016666666666666666 0.08745247148288973
1 0.3912280701754386 0.720532319391635 0.007017543859649123 0.011406844106463879
0 0.3894736842105263 0.7566539923954373 0.021052631578947368 0.09125475285171103
1 0.4043859649122807 0.7154626108998733 0.007017543859649123 0.011406844106463879
0 0.4021929824561403 0.7547528517110266 0.018421052631578946 0.09759188846641319
1 0.42587719298245613 0.7211660329531052 0.007894736842105263 0.012674271229404309
0 0.42236842105263156 0.7585551330798479 0.02017543859649123 0.09759188846641319
1 0.4412280701754386 0.756020278833967 0.017543859649122806 0.08745247148288973
0 0.4412280701754386 0.756020278833967 0.017543859649122806 0.08745247148288973
1 0.46578947368421053 0.6964512040557668 0.021052631578947368 0.024081115335868188
0 0.4583333333333333 0.7743979721166033 0.04649122807017544 0.18250950570342206
1 0.481140350877193 0.7135614702154626 0.013157894736842105 0.017743979721166033
0 0.48157894736842105 0.7610899873257287 0.02631578947368421 0.11787072243346007
1 0.5021929824561403 0.7230671736375158 0.007894736842105263 0.01394169835234474
0 0.49912280701754386 0.7604562737642585 0.01929824561403509 0.09632446134347275
1 0.5135964912280702 0.7230671736375158 0.007894736842105263 0.011406844106463879
0 0.5149122807017544 0.7503168567807351 0.01929824561403509 0.07097591888466413
1 0.5245614035087719 0.7211660329531052 0.008771929824561403 0.015209125475285171
0 0.5236842105263158 0.7566539923954373 0.021052631578947368 0.09125475285171103
1 0.5381578947368421 0.7103929024081115 0.011403508771929825 0.016476552598225603
0 0.5350877192982456 0.7591888466413181 0.02982456140350877 0.12167300380228137
1 0.5793859649122807 0.7237008871989861 0.007894736842105263 0.012674271229404309
0 0.5732456140350877 0.7591888466413181 0.02543859649122807 0.09125475285171103
1 0.5921052631578947 0.7300380228136882 0.008771929824561403 0.015209125475285171
0 0.5916666666666667 0.7655259822560203 0.027192982456140352 0.09125475285171103
1 0.6285087719298246 0.7198986058301647 0.009649122807017544 0.015209125475285171
0 0.625 0.7585551330798479 0.03245614035087719 0.09759188846641319
1 0.6552631578947369 0.7332065906210393 0.005263157894736842 0.0063371356147021544
0 0.6526315789473685 0.7515842839036755 0.015789473684210527 0.048162230671736375
1 0.6947368421052632 0.7268694550063372 0.007017543859649123 0.011406844106463879
0 0.6894736842105263 0.7591888466413181 0.028070175438596492 0.08111533586818757
1 0.7048245614035088 0.7103929024081115 0.011403508771929825 0.019011406844106463
0 0.6995614035087719 0.7598225602027884 0.03245614035087719 0.13054499366286437
1 0.7521929824561403 0.7179974651457541 0.014912280701754385 0.021546261089987327
0 0.7508771929824561 0.7782002534854245 0.03859649122807018 0.14702154626108999
1 0.7855263157894737 0.7515842839036755 0.018421052631578946 0.048162230671736375
0 0.7855263157894737 0.7515842839036755 0.018421052631578946 0.048162230671736375
1 0.849561403508772 0.7306717363751585 0.0061403508771929825 0.008871989860583017
0 0.8478070175438597 0.7623574144486692 0.03070175438596491 0.07477820025348543
1 0.887719298245614 0.7281368821292775 0.007017543859649123 0.008871989860583017
0 0.8885964912280702 0.7553865652724968 0.028070175438596492 0.06590621039290241
1 0.9039473684210526 0.7332065906210393 0.0061403508771929825 0.008871989860583017
0 0.9083333333333333 0.7579214195183777 0.027192982456140352 0.06590621039290241
1 0.2833333333333333 0.7477820025348543 0.021052631578947368 0.09125475285171103
0 0.2833333333333333 0.7477820025348543 0.021052631578947368 0.09125475285171103
1 0.2951754385964912 0.7490494296577946 0.014912280701754385 0.08111533586818757
0 0.2951754385964912 0.7490494296577946 0.014912280701754385 0.08111533586818757