1 0.9126386687797148 0.719756999471738 0.013074484944532488 0.01954569466455362
0 0.9219492868462758 0.7778658214474379 0.04041204437400951 0.13893291072371897
1 0.94473058637084 0.7390385631273112 0.011489698890649762 0.016904384574749076
0 0.9593898573692552 0.7884310618066561 0.051901743264659274 0.11991547807712626
1 0.938391442155309 0.7474907554146857 0.006735340729001585 0.010565240359218173
0 0.9427496038034865 0.7752245113576334 0.021790808240887482 0.06814580031695722
1 0.9269017432646592 0.7535657686212361 0.005150554675118859 0.00792393026941363
0 0.9286846275752774 0.7789223454833597 0.018225039619651346 0.06286318013734812
1 0.8827258320126783 0.7493396724775488 0.005546751188589541 0.00792393026941363
0 0.8878763866877971 0.7728473322768094 0.019809825673534072 0.05705229793977813
1 0.8910459587955626 0.743000528262018 0.006339144215530904 0.008980454305335447
0 0.8963946117274167 0.7709984152139461 0.01862123613312203 0.06603275224511358
1 0.8282488114104596 0.7440570522979397 0.0027733755942947703 0.0036978341257263604
0 0.8284469096671949 0.7554146856840993 0.00792393026941363 0.02746962493396725
1 0.8246830427892234 0.7451135763338615 0.0027733755942947703 0.0036978341257263604
0 0.8250792393026941 0.7562070787110406 0.007527733755942948 0.02694136291600634
1 0.811608557844691 0.7466983623877443 0.0027733755942947703 0.004754358161648178
0 0.812202852614897 0.7562070787110406 0.010301109350237718 0.025884838880084523
1 0.07824881141045958 0.7451135763338615 0.009112519809825673 0.014263074484944533
0 0.07547543581616482 0.783148441627047 0.028129952456418382 0.09350237717908082
1 0.06913629160063392 0.7305863708399366 0.0019809825673534074 0.0021130480718436345
0 0.06874009508716324 0.7358689910195457 0.005150554675118859 0.014791336502905442
1 0.13015055467511885 0.7815636555731643 0.02416798732171157 0.08821975699947174
0 0.13015055467511885 0.7815636555731643 0.02416798732171157 0.08821975699947174