1 0.05419921875 0.6276041666666666 0.0654296875 0.09895833333333333
0 0.08642578125 0.7760416666666666 0.1728515625 0.4296875
1 0.0361328125 0.4075520833333333 0.04296875 0.06770833333333333
0 0.0615234375 0.6263020833333334 0.123046875 0.5338541666666666
1 0.22509765625 0.5989583333333334 0.0419921875 0.078125
0 0.2041015625 0.7513020833333334 0.134765625 0.4036458333333333
1 0.1640625 0.3834635416666667 0.046875 0.06901041666666667
0 0.14599609375 0.6067708333333334 0.1337890625 0.5338541666666666
1 0.23828125 0.4270833333333333 0.041015625 0.059895833333333336
0 0.23388671875 0.619140625 0.1103515625 0.4544270833333333
1 0.34765625 0.5305989583333334 0.05078125 0.07682291666666667
0 0.35107421875 0.7135416666666666 0.1396484375 0.4557291666666667
1 0.3125 0.404296875 0.04296875 0.061197916666666664
0 0.3056640625 0.5735677083333334 0.111328125 0.4075520833333333
1 0.45654296875 0.5833333333333334 0.0380859375 0.06770833333333333
0 0.45556640625 0.7096354166666666 0.1396484375 0.3307291666666667
1 0.4140625 0.4173177083333333 0.037109375 0.05859375
0 0.41455078125 0.6015625 0.1201171875 0.4296875
1 0.38232421875 0.4049479166666667 0.0341796875 0.052083333333333336
0 0.38525390625 0.5618489583333334 0.0908203125 0.3815104166666667
1 0.47119140625 0.3880208333333333 0.0322265625 0.044270833333333336
0 0.46923828125 0.53125 0.0986328125 0.3723958333333333
1 0.501953125 0.3880208333333333 0.033203125 0.057291666666666664
0 0.4990234375 0.5709635416666666 0.076171875 0.4309895833333333
1 0.537109375 0.3821614583333333 0.03125 0.05078125
0 0.544921875 0.546875 0.083984375 0.3880208333333333
1 0.6103515625 0.5442708333333334 0.03515625 0.0625
0 0.6025390625 0.6595052083333334 0.11328125 0.30078125
1 0.5732421875 0.3841145833333333 0.029296875 0.049479166666666664
0 0.5693359375 0.541015625 0.064453125 0.37109375
1 0.68212890625 0.5338541666666666 0.0419921875 0.06510416666666667
0 0.68505859375 0.6360677083333334 0.1103515625 0.2877604166666667
1 0.623046875 0.3938802083333333 0.025390625 0.040364583333333336
0 0.6181640625 0.5032552083333334 0.103515625 0.30078125
1 0.662109375 0.4134114583333333 0.03125 0.045572916666666664
0 0.6650390625 0.5618489583333334 0.107421875 0.35546875
1 0.7158203125 0.4108072916666667 0.029296875 0.048177083333333336
0 0.72021484375 0.5462239583333334 0.0830078125 0.3346354166666667
1 0.7900390625 0.5208333333333334 0.03125 0.052083333333333336
0 0.7939453125 0.615234375 0.09765625 0.2513020833333333
1 0.73193359375 0.37109375 0.0302734375 0.046875
0 0.72705078125 0.52734375 0.0791015625 0.3619791666666667
1 0.7734375 0.3893229166666667 0.02734375 0.041666666666666664
0 0.7783203125 0.5234375 0.056640625 0.3229166666666667
1 0.7998046875 0.4055989583333333 0.0234375 0.04296875
0 0.79931640625 0.490234375 0.0576171875 0.23307291666666666
1 0.8251953125 0.4889322916666667 0.029296875 0.053385416666666664
0 0.8203125 0.5826822916666666 0.068359375 0.2513020833333333
1 0.82421875 0.4153645833333333 0.025390625 0.041666666666666664
0 0.82373046875 0.5162760416666666 0.0537109375 0.25390625
1 0.89013671875 0.513671875 0.0322265625 0.053385416666666664
0 0.88720703125 0.6087239583333334 0.0966796875 0.24609375
1 0.88671875 0.4075520833333333 0.03125 0.049479166666666664
0 0.88330078125 0.533203125 0.0751953125 0.3059895833333333
1 0.87060546875 0.3736979166666667 0.0283203125 0.041666666666666664
0 0.86767578125 0.486328125 0.0791015625 0.2747395833333333
1 0.93017578125 0.3802083333333333 0.0302734375 0.044270833333333336
0 0.93603515625 0.5169270833333334 0.1005859375 0.3255208333333333
1 0.9912109375 0.4427083333333333 0.017578125 0.044270833333333336
0 0.9736328125 0.5436197916666666 0.052734375 0.2513020833333333
1 0.99365234375 0.3678385416666667 0.0126953125 0.04296875
0 0.9794921875 0.484375 0.041015625 0.2838541666666667