1 0.9125714285714286 0.14333333333333334 0.07885714285714286 0.13333333333333333
0 0.9051428571428571 0.49083333333333334 0.1737142857142857 0.845
1 0.7571428571428571 0.14583333333333334 0.060571428571428575 0.09833333333333333
0 0.7897142857142857 0.48333333333333334 0.16685714285714287 0.8
1 0.656 0.3233333333333333 0.054857142857142854 0.09
0 0.6428571428571429 0.4625 0.13142857142857142 0.375
1 0.5582857142857143 0.33416666666666667 0.05142857142857143 0.10166666666666667
0 0.5491428571428572 0.555 0.088 0.5466666666666666
1 0.528 0.3908333333333333 0.048 0.095
0 0.5148571428571429 0.615 0.088 0.5466666666666666
1 0.6622857142857143 0.20166666666666666 0.06514285714285714 0.11666666666666667
0 0.6508571428571429 0.4891666666666667 0.15885714285714286 0.7216666666666667
1 0.6085714285714285 0.685 0.05142857142857143 0.08333333333333333
0 0.6285714285714286 0.7741666666666667 0.14857142857142858 0.27166666666666667
1 0.4977142857142857 0.7 0.056 0.1
0 0.5382857142857143 0.7883333333333333 0.17142857142857143 0.2966666666666667
1 0.43542857142857144 0.7166666666666667 0.05714285714285714 0.1
0 0.4205714285714286 0.8066666666666666 0.18971428571428572 0.2866666666666667
1 0.448 0.2725 0.05714285714285714 0.09833333333333333
0 0.44857142857142857 0.4083333333333333 0.152 0.36
1 0.44 0.17166666666666666 0.064 0.11666666666666667
0 0.432 0.5133333333333333 0.1462857142857143 0.81
1 0.34514285714285714 0.2375 0.05714285714285714 0.09833333333333333
0 0.3537142857142857 0.3958333333333333 0.136 0.4583333333333333
1 0.2622857142857143 0.1675 0.07885714285714286 0.145
0 0.29314285714285715 0.5016666666666667 0.2 0.8633333333333333
1 0.11657142857142858 0.14833333333333334 0.07771428571428571 0.13666666666666666
0 0.12228571428571429 0.5316666666666666 0.21257142857142858 0.9133333333333333
1 0.20857142857142857 0.5091666666666667 0.06514285714285714 0.125
0 0.2102857142857143 0.7141666666666666 0.11885714285714286 0.5716666666666667
1 0.15371428571428572 0.47333333333333333 0.07428571428571429 0.13
0 0.12057142857142857 0.7025 0.16114285714285714 0.595
1 0.4491428571428571 0.5308333333333334 0.045714285714285714 0.09833333333333333
0 0.4337142857142857 0.6783333333333333 0.10857142857142857 0.4166666666666667