1 0.9117250673854448 0.7 0.02021563342318059 0.03434343434343434
0 0.9157681940700808 0.804040404040404 0.11455525606469003 0.26262626262626265
1 0.6900269541778976 0.6070707070707071 0.029649595687331536 0.046464646464646465
0 0.7075471698113207 0.7858585858585858 0.12668463611859837 0.4161616161616162
1 0.6361185983827493 0.6404040404040404 0.02425876010781671 0.04040404040404041
0 0.6367924528301887 0.795959595959596 0.11994609164420485 0.36767676767676766
1 0.5592991913746631 0.4777777777777778 0.04043126684636118 0.050505050505050504
0 0.5276280323450134 0.6585858585858586 0.1954177897574124 0.5858585858585859
1 0.2991913746630728 0.7343434343434343 0.02425876010781671 0.03434343434343434
0 0.2884097035040431 0.8262626262626263 0.11590296495956873 0.23030303030303031
1 0.12331536388140162 0.6808080808080809 0.02021563342318059 0.03232323232323232
0 0.12196765498652291 0.8101010101010101 0.08490566037735849 0.30303030303030304
1 0.10983827493261455 0.6232323232323232 0.03099730458221024 0.046464646464646465
0 0.06805929919137467 0.795959595959596 0.11725067385444744 0.40404040404040403
1 0.01752021563342318 0.6707070707070707 0.02425876010781671 0.04040404040404041
0 0.03167115902964959 0.807070707070707 0.06334231805929919 0.3292929292929293
1 0.029649595687331536 0.7191919191919192 0.018867924528301886 0.03636363636363636
0 0.028975741239892182 0.8222222222222222 0.04716981132075472 0.26262626262626265
1 0.09703504043126684 0.6646464646464646 0.03504043126684636 0.044444444444444446
0 0.07075471698113207 0.805050505050505 0.14150943396226415 0.34545454545454546