1 0.182421875 0.3910645339216768 0.253125 0.38389409817981246
0 0.2244140625 0.5948703805846663 0.448828125 0.8102592388306674
1 0.36796875 0.18670711527854386 0.034375 0.059018201875344733
0 0.3603515625 0.33121897407611695 0.099609375 0.35686707115278543
1 0.46484375 0.17843353557639272 0.13984375 0.2774407060121346
0 0.4701171875 0.5179260893546608 0.409765625 0.9641478212906784
1 0.707421875 0.3673469387755102 0.1953125 0.34528405956977387
0 0.5966796875 0.580253723110866 0.479296875 0.839492553778268
1 0.815625 0.3221180364037507 0.0875 0.13789299503585217
0 0.8060546875 0.6177606177606177 0.387890625 0.7644787644787645
1 0.7947265625 0.21318257032542748 0.038671875 0.06674020959735245
0 0.798828125 0.3863761720904578 0.109375 0.4120242691671263
1 0.6365234375 0.1847766133480419 0.098828125 0.17429674572531714
0 0.645703125 0.5455046883618312 0.25703125 0.9089906232763376
1 0.882421875 0.22945394373965802 0.0734375 0.12906784335355764
0 0.8859375 0.5515719801434087 0.2125 0.7744070601213459
1 0.8537109375 0.19525648097076667 0.058203125 0.10479867622724766
0 0.8578125 0.5148924434638721 0.17109375 0.7573083287369001
1 0.981640625 0.10865968008825151 0.03671875 0.07170435741864313
0 0.9388671875 0.35135135135135137 0.122265625 0.7027027027027027
1 0.8544921875 0.10011031439602869 0.008203125 0.013789299503585218
0 0.8529296875 0.14065085493656923 0.028515625 0.10259238830667403