1 0.7506811989100818 0.6084070796460177 0.055404178019981834 0.12536873156342182
0 0.7579473206176204 0.7699115044247787 0.20072661217075385 0.46017699115044247
1 0.8832879200726612 0.38569321533923306 0.051771117166212535 0.10766961651917405
0 0.9019073569482289 0.6032448377581121 0.15258855585831063 0.6017699115044248
1 0.8269754768392371 0.38421828908554573 0.04268846503178928 0.07817109144542773
0 0.8251589464123524 0.5228613569321534 0.1298819255222525 0.3967551622418879
1 0.7193460490463215 0.3466076696165192 0.0326975476839237 0.06784660766961652
0 0.7225249772933696 0.4476401179941003 0.08991825613079019 0.28466076696165193
1 0.6326067211625794 0.35176991150442477 0.03360581289736603 0.06932153392330384
0 0.6276112624886467 0.4557522123893805 0.08174386920980926 0.2890855457227139
1 0.5649409627611263 0.35988200589970504 0.03814713896457766 0.07669616519174041
0 0.567211625794732 0.4786135693215339 0.09355131698455948 0.32595870206489674
1 0.4396003633060854 0.3532448377581121 0.03633060853769301 0.0752212389380531
0 0.44550408719346046 0.46533923303834807 0.08628519527702089 0.3053097345132743
1 0.3265213442325159 0.36799410029498525 0.035422343324250684 0.06932153392330384
0 0.32697547683923706 0.46607669616519176 0.08356039963669391 0.2743362831858407
1 0.20844686648501362 0.38200589970501475 0.04087193460490463 0.07669616519174041
0 0.22888283378746593 0.5051622418879056 0.13987284287011809 0.33775811209439527
1 0.1566757493188011 0.3333333333333333 0.04632152588555858 0.0943952802359882
0 0.11217075386012716 0.5029498525073747 0.14259763851044505 0.4365781710914454
1 0.14032697547683923 0.4026548672566372 0.048138056312443236 0.09734513274336283
0 0.14305177111716622 0.6194690265486725 0.184377838328792 0.551622418879056
1 0.09037238873751136 0.3997050147492625 0.06267029972752043 0.12389380530973451
0 0.11444141689373297 0.6666666666666666 0.22888283378746593 0.6666666666666666
1 0.3315168029064487 0.6069321533923304 0.05812897366030881 0.11946902654867257
0 0.33560399636693916 0.7713864306784661 0.15349682107175294 0.45722713864306785
1 0.42915531335149865 0.6084070796460177 0.053587647593097185 0.11061946902654868
0 0.45049954586739327 0.773598820058997 0.16530426884650318 0.4528023598820059
1 0.3642143505903724 0.553834808259587 0.047229791099000905 0.09292035398230089
0 0.3728428701180745 0.7087020648967551 0.11534968210717529 0.42625368731563423
1 0.4187102633969119 0.4918879056047198 0.04178019981834696 0.084070796460177
0 0.4264305177111717 0.6342182890855457 0.1044504995458674 0.39823008849557523
1 0.5 0.4830383480825959 0.03723887375113533 0.08112094395280237
0 0.49954586739327883 0.6143067846607669 0.10354223433242507 0.3584070796460177
1 0.4927338782924614 0.5678466076696165 0.048138056312443236 0.09144542772861357
0 0.5077202543142597 0.6910029498525073 0.12897366030881016 0.37905604719764013
1 0.5831062670299727 0.5383480825958702 0.047229791099000905 0.10324483775811209
0 0.5985467756584922 0.6865781710914455 0.14895549500454133 0.4056047197640118
1 0.6271571298819255 0.48451327433628316 0.03723887375113533 0.08112094395280237
0 0.6307901907356949 0.5914454277286135 0.10990009082652134 0.31563421828908556
1 0.6643960036330608 0.5449852507374632 0.04087193460490463 0.08997050147492626
0 0.6743869209809265 0.6674041297935103 0.11534968210717529 0.3407079646017699
1 0.13215258855585832 0.24557522123893805 0.04087193460490463 0.08112094395280237
0 0.13306085376930063 0.4358407079646018 0.11171662125340599 0.47345132743362833
1 0.16212534059945505 0.19174041297935104 0.03905540417801998 0.08259587020648967
0 0.16530426884650318 0.41519174041297935 0.11625794732061762 0.5412979351032449
1 0.21525885558583105 0.2691740412979351 0.0326975476839237 0.07227138643067847
0 0.21934604904632152 0.43289085545722716 0.08810172570390554 0.4144542772861357
1 0.23705722070844687 0.2588495575221239 0.025431425976385105 0.05457227138643068
0 0.2393278837420527 0.4056047197640118 0.04632152588555858 0.35988200589970504
1 0.2756584922797457 0.24926253687315633 0.02815622161671208 0.05604719764011799
0 0.2742960944595822 0.4033923303834808 0.0653950953678474 0.3672566371681416
1 0.3278837420526794 0.25958702064896755 0.025431425976385105 0.05604719764011799
0 0.32561307901907355 0.40634218289085544 0.06448683015440508 0.3584070796460177
1 0.30154405086285196 0.24188790560471976 0.023614895549500452 0.0471976401179941
0 0.3033605812897366 0.3702064896755162 0.05631244323342416 0.3185840707964602
1 0.3474114441416894 0.2345132743362832 0.02633969118982743 0.05604719764011799
0 0.35013623978201636 0.37905604719764013 0.06085376930063579 0.36283185840707965
1 0.3810172570390554 0.23303834808259588 0.022706630336058128 0.05309734513274336
0 0.3832879200726612 0.37610619469026546 0.0653950953678474 0.3480825958702065
1 0.44005449591280654 0.2551622418879056 0.02633969118982743 0.05604719764011799
0 0.4373297002724796 0.3775811209439528 0.0681198910081744 0.31563421828908556
1 0.47910990009082655 0.2588495575221239 0.02633969118982743 0.048672566371681415
0 0.48637602179836514 0.38495575221238937 0.06448683015440508 0.30973451327433627
1 0.45322434150772023 0.22123893805309736 0.025431425976385105 0.05014749262536873
0 0.44959128065395093 0.3414454277286136 0.05994550408719346 0.29646017699115046
1 0.49727520435967304 0.24262536873156343 0.022706630336058128 0.04277286135693215
0 0.49591280653950953 0.3421828908554572 0.04178019981834696 0.25073746312684364
1 0.528156221616712 0.2359882005899705 0.02452316076294278 0.05014749262536873
0 0.528156221616712 0.35914454277286134 0.06267029972752043 0.308259587020649
1 0.5676657584014533 0.2721238938053097 0.027247956403269755 0.051622418879056046
0 0.564486830154405 0.3967551622418879 0.06085376930063579 0.31268436578171094
1 0.5894641235240691 0.24336283185840707 0.025431425976385105 0.0471976401179941
0 0.5935513169845595 0.36578171091445427 0.055404178019981834 0.30678466076696165
1 0.6153496821071753 0.2323008849557522 0.02452316076294278 0.051622418879056046
0 0.6198910081743869 0.34587020648967554 0.051771117166212535 0.28761061946902655
1 0.653496821071753 0.22713864306784662 0.02452316076294278 0.05309734513274336
0 0.6498637602179836 0.3554572271386431 0.06448683015440508 0.32448377581120946
1 0.7002724795640327 0.22861356932153393 0.023614895549500452 0.05309734513274336
0 0.703905540417802 0.35103244837758113 0.05812897366030881 0.336283185840708
1 0.7506811989100818 0.23967551622418878 0.02815622161671208 0.05752212389380531
0 0.7497729336966394 0.3665191740412979 0.055404178019981834 0.33185840707964603
1 0.7992733878292462 0.18436578171091444 0.03633060853769301 0.06784660766961652
0 0.7983651226158038 0.3915929203539823 0.09445958219800181 0.4882005899705015
1 0.8655767484105359 0.2028023598820059 0.03633060853769301 0.08112094395280237
0 0.8623978201634878 0.42109144542772864 0.11534968210717529 0.523598820058997
1 0.8333333333333334 0.23008849557522124 0.022706630336058128 0.05309734513274336
0 0.8396911898274296 0.3421828908554572 0.055404178019981834 0.2861356932153392
1 0.5699364214350591 0.6113569321533924 0.05722070844686648 0.11651917404129794
0 0.5803814713896458 0.7750737463126843 0.17620345140781107 0.4498525073746313
1 0.6893732970027248 0.3163716814159292 0.029064486830154404 0.05457227138643068
0 0.6975476839237057 0.41224188790560473 0.07266121707538602 0.2610619469026549