1 0.896484375 0.36530014641288433 0.07421875 0.14494875549048317
0 0.888671875 0.6427525622254758 0.22265625 0.7144948755490483
1 0.76513671875 0.3462664714494876 0.0712890625 0.1273792093704246
0 0.77099609375 0.6383601756954612 0.2080078125 0.7232796486090776
1 0.6337890625 0.36530014641288433 0.052734375 0.12152269399707175
0 0.6259765625 0.6405563689604685 0.162109375 0.718887262079063
1 0.59326171875 0.4216691068814056 0.0673828125 0.13177159590043924
0 0.60205078125 0.6734992679355783 0.1826171875 0.6530014641288433
1 0.5458984375 0.26061493411420206 0.0625 0.12005856515373353
0 0.5439453125 0.5717423133235725 0.1875 0.7891654465592972
1 0.3388671875 0.2679355783308931 0.064453125 0.10834553440702782
0 0.3466796875 0.5885797950219619 0.19921875 0.7847730600292826
1 0.42041015625 0.3191800878477306 0.0771484375 0.13469985358711567
0 0.421875 0.6149341142020498 0.2265625 0.7701317715959004
1 0.29150390625 0.3784773060029283 0.0634765625 0.11566617862371889
0 0.27880859375 0.6566617862371888 0.1923828125 0.6866764275256223
1 0.1220703125 0.39970717423133234 0.0625 0.11420204978038068
0 0.12841796875 0.6654465592972182 0.1806640625 0.6691068814055637
1 0.0810546875 0.4011713030746706 0.076171875 0.12884333821376281
0 0.099609375 0.6654465592972182 0.19921875 0.6691068814055637