1 0.325 0.397037037037037 0.035 0.08592592592592592
0 0.31875 0.6155555555555555 0.08416666666666667 0.5288888888888889
1 0.36083333333333334 0.3592592592592593 0.03666666666666667 0.07555555555555556
0 0.35208333333333336 0.5755555555555556 0.0875 0.5259259259259259
1 0.4195833333333333 0.38814814814814813 0.0325 0.07703703703703704
0 0.4166666666666667 0.5985185185185186 0.11 0.5155555555555555
1 0.42875 0.3296296296296296 0.034166666666666665 0.0637037037037037
0 0.42041666666666666 0.5466666666666666 0.10083333333333333 0.5274074074074074
1 0.47291666666666665 0.38296296296296295 0.034166666666666665 0.07555555555555556
0 0.4741666666666667 0.5918518518518519 0.095 0.5022222222222222
1 0.5141666666666667 0.34074074074074073 0.02666666666666667 0.07111111111111111
0 0.5120833333333333 0.5548148148148148 0.0925 0.5140740740740741
1 0.5704166666666667 0.36962962962962964 0.034166666666666665 0.08148148148148149
0 0.5833333333333334 0.5925925925925926 0.16666666666666666 0.5511111111111111
1 0.6516666666666666 0.3814814814814815 0.035 0.07851851851851852
0 0.64125 0.6066666666666667 0.20083333333333334 0.5377777777777778
1 0.7029166666666666 0.5881481481481482 0.029166666666666667 0.05925925925925926
0 0.7029166666666666 0.7014814814814815 0.07416666666666667 0.3362962962962963
1 0.8095833333333333 0.3896296296296296 0.019166666666666665 0.044444444444444446
0 0.8066666666666666 0.5022222222222222 0.06 0.27555555555555555