1 0.15690104166666666 0.7160852713178295 0.014322916666666666 0.02131782945736434
0 0.162109375 0.7645348837209303 0.04296875 0.1375968992248062
1 0.20377604166666666 0.7093023255813954 0.01171875 0.01937984496124031
0 0.20703125 0.7635658914728682 0.044270833333333336 0.13953488372093023
1 0.232421875 0.7131782945736435 0.009114583333333334 0.015503875968992248
0 0.22265625 0.7606589147286822 0.049479166666666664 0.1375968992248062
1 0.41796875 0.6937984496124031 0.010416666666666666 0.01937984496124031
0 0.4147135416666667 0.749031007751938 0.04296875 0.14147286821705427
1 0.5670572916666666 0.6947674418604651 0.01171875 0.01744186046511628
0 0.5631510416666666 0.750968992248062 0.02734375 0.14147286821705427
1 0.5826822916666666 0.7063953488372093 0.01171875 0.01744186046511628
0 0.580078125 0.7461240310077519 0.02734375 0.1124031007751938
1 0.6334635416666666 0.6976744186046512 0.014322916666666666 0.023255813953488372
0 0.6334635416666666 0.751937984496124 0.04296875 0.14728682170542637
1 0.7180989583333334 0.7054263565891473 0.014322916666666666 0.023255813953488372
0 0.7194010416666666 0.7625968992248062 0.048177083333333336 0.14922480620155038
1 0.9010416666666666 0.7093023255813954 0.010416666666666666 0.015503875968992248
0 0.896484375 0.7538759689922481 0.029947916666666668 0.11627906976744186
1 0.9192708333333334 0.7122093023255814 0.010416666666666666 0.01744186046511628
0 0.919921875 0.7625968992248062 0.02734375 0.1375968992248062
1 0.9303385416666666 0.7102713178294574 0.009114583333333334 0.01744186046511628
0 0.935546875 0.7577519379844961 0.024739583333333332 0.12403100775193798
1 0.9811197916666666 0.6976744186046512 0.009114583333333334 0.011627906976744186
0 0.9759114583333334 0.7616279069767442 0.037760416666666664 0.13953488372093023
1 0.640625 0.7538759689922481 0.03125 0.13565891472868216
0 0.640625 0.7538759689922481 0.03125 0.13565891472868216