1 0.17777777777777778 0.30648769574944074 0.07936507936507936 0.1476510067114094
0 0.18333333333333332 0.616331096196868 0.23015873015873015 0.767337807606264
1 0.3349206349206349 0.2986577181208054 0.07301587301587302 0.12304250559284116
0 0.3476190476190476 0.6152125279642058 0.18412698412698414 0.7695749440715883
1 0.4523809523809524 0.2953020134228188 0.08253968253968254 0.1476510067114094
0 0.4642857142857143 0.6085011185682326 0.19523809523809524 0.7829977628635347
1 0.584920634920635 0.31655480984340045 0.0746031746031746 0.13646532438478748
0 0.5968253968253968 0.6196868008948546 0.15873015873015872 0.7606263982102909
1 0.7420634920634921 0.3534675615212528 0.09047619047619047 0.1789709172259508
0 0.7444444444444445 0.6263982102908278 0.19682539682539682 0.7472035794183445
1 0.8404761904761905 0.4519015659955257 0.1 0.1789709172259508
0 0.8333333333333334 0.6722595078299777 0.2634920634920635 0.6554809843400448