1 0.0475 0.3320839580209895 0.031 0.05547226386806597
0 0.0605 0.45952023988005997 0.111 0.328335832083958
1 0.219 0.315592203898051 0.07 0.12443778110944528
0 0.2255 0.6229385307346327 0.199 0.7541229385307346
1 0.269 0.3073463268365817 0.05 0.08695652173913043
0 0.262 0.5787106446776612 0.108 0.6416791604197901
1 0.323 0.3238380809595202 0.028 0.053973013493253376
0 0.3205 0.47301349325337333 0.081 0.42128935532233885
1 0.394 0.36281859070464767 0.058 0.11694152923538231
0 0.409 0.6491754122938531 0.138 0.7016491754122939
1 0.372 0.37106446776611696 0.044 0.08245877061469266
0 0.3805 0.5952023988005997 0.127 0.5517241379310345
1 0.409 0.31784107946026985 0.038 0.07496251874062969
0 0.4225 0.5269865067466267 0.121 0.5112443778110944
1 0.4625 0.3365817091454273 0.043 0.08845577211394302
0 0.483 0.5907046476761619 0.1 0.6086956521739131
1 0.561 0.36731634182908546 0.03 0.053973013493253376
0 0.552 0.5232383808095952 0.074 0.3748125937031484
1 0.6115 0.3538230884557721 0.049 0.07796101949025487
0 0.616 0.5787106446776612 0.12 0.5337331334332833
1 0.7395 0.34407796101949023 0.043 0.0704647676161919
0 0.7465 0.568215892053973 0.117 0.5247376311844077
1 0.8425 0.3605697151424288 0.055 0.10344827586206896
0 0.8295 0.6499250374812594 0.139 0.7001499250374813
1 0.9275 0.3365817091454273 0.061 0.10644677661169415
0 0.9355 0.6401799100449775 0.129 0.719640179910045