1 0.10819672131147541 0.5788863109048724 0.047540983606557376 0.06960556844547564
0 0.10040983606557377 0.7697215777262181 0.14344262295081966 0.4605568445475638
1 0.2565573770491803 0.6177494199535963 0.047540983606557376 0.07076566125290024
0 0.27172131147540984 0.7882830626450116 0.15327868852459017 0.4234338747099768
1 0.35450819672131145 0.6194895591647331 0.045081967213114756 0.06728538283062645
0 0.3676229508196721 0.7917633410672854 0.12049180327868853 0.41647331786542924
1 0.460655737704918 0.5829466357308585 0.04426229508196721 0.07540603248259861
0 0.4557377049180328 0.7691415313225058 0.10655737704918032 0.4617169373549884
1 0.5663934426229508 0.6003480278422274 0.047540983606557376 0.06844547563805105
0 0.5581967213114755 0.781322505800464 0.15901639344262294 0.43735498839907194
1 0.669672131147541 0.5980278422273781 0.05245901639344262 0.07540603248259861
0 0.6774590163934426 0.7784222737819025 0.13688524590163934 0.4431554524361949
1 0.6631147540983606 0.5887470997679815 0.03934426229508197 0.07308584686774942
0 0.680327868852459 0.7650812064965197 0.10163934426229508 0.43039443155452434
1 0.7438524590163934 0.5730858468677494 0.045081967213114756 0.06264501160092807
0 0.7549180327868853 0.7674013921113689 0.11639344262295082 0.45359628770301624
1 0.8672131147540983 0.6339907192575406 0.054098360655737705 0.07540603248259861
0 0.8684426229508196 0.7923433874709976 0.13360655737704918 0.41531322505800466
1 0.9077868852459017 0.6206496519721578 0.04672131147540984 0.06728538283062645
0 0.9159836065573771 0.7906032482598608 0.0860655737704918 0.41879350348027844
1 0.9094262295081967 0.6183294663573086 0.045081967213114756 0.06264501160092807
0 0.9286885245901639 0.7906032482598608 0.14262295081967213 0.41879350348027844
1 0.9774590163934426 0.552784222737819 0.02540983606557377 0.04060324825986079
0 0.9442622950819672 0.6502320185614849 0.11147540983606558 0.2470997679814385