1 0.03 0.725 0.035 0.05
0 0.063125 0.8491666666666666 0.12625 0.3016666666666667
1 0.07875 0.6908333333333333 0.0125 0.015
0 0.07125 0.7341666666666666 0.035 0.105
1 0.0975 0.69 0.0125 0.016666666666666666
0 0.095625 0.7325 0.02875 0.10166666666666667
1 0.129375 0.7008333333333333 0.01625 0.021666666666666667
0 0.123125 0.7625 0.06375 0.15166666666666667
1 0.1575 0.6875 0.0125 0.015
0 0.154375 0.7341666666666666 0.03375 0.11166666666666666
1 0.17875 0.7 0.015 0.023333333333333334
0 0.175 0.7541666666666667 0.04 0.135
1 0.1975 0.7366666666666667 0.0325 0.03666666666666667
0 0.18625 0.85 0.1225 0.27
1 0.196875 0.685 0.01625 0.023333333333333334
0 0.20125 0.7425 0.035 0.145
1 0.22875 0.7141666666666666 0.0175 0.025
0 0.229375 0.7883333333333333 0.04875 0.18
1 0.250625 0.7141666666666666 0.02375 0.03166666666666667
0 0.268125 0.8083333333333333 0.06125 0.22666666666666666
1 0.269375 0.68 0.01375 0.023333333333333334
0 0.2675 0.735 0.0275 0.13666666666666666
1 0.295 0.6958333333333333 0.015 0.025
0 0.295 0.7525 0.0325 0.145
1 0.2975 0.7158333333333333 0.0175 0.025
0 0.29375 0.7758333333333334 0.05 0.155
1 0.305625 0.75 0.03875 0.05
0 0.3075 0.8616666666666667 0.0625 0.27666666666666667
1 0.335 0.7716666666666666 0.0425 0.05333333333333334
0 0.3325 0.8708333333333333 0.0675 0.25833333333333336
1 0.37375 0.7375 0.0425 0.04833333333333333
0 0.388125 0.85 0.07875 0.28
1 0.35125 0.9058333333333334 0.075 0.105
0 0.376875 0.9275 0.13375 0.145
1 0.408125 0.7216666666666667 0.02125 0.03666666666666667
0 0.40625 0.8208333333333333 0.055 0.23833333333333334
1 0.440625 0.745 0.03125 0.04666666666666667
0 0.451875 0.8466666666666667 0.08875 0.25666666666666665
1 0.45625 0.7116666666666667 0.0175 0.02666666666666667
0 0.4625 0.7833333333333333 0.045 0.18
1 0.50375 0.7041666666666667 0.0225 0.03166666666666667
0 0.5025 0.805 0.0475 0.23666666666666666
1 0.544375 0.6966666666666667 0.01875 0.023333333333333334
0 0.545625 0.7775 0.05625 0.18833333333333332
1 0.59875 0.7541666666666667 0.0375 0.045
0 0.59875 0.8633333333333333 0.115 0.2733333333333333
1 0.631875 0.7008333333333333 0.02375 0.03166666666666667
0 0.631875 0.7883333333333333 0.07375 0.21666666666666667
1 0.68875 0.7608333333333334 0.0325 0.051666666666666666
0 0.694375 0.865 0.09625 0.27
1 0.718125 0.735 0.02375 0.03333333333333333
0 0.7275 0.8375 0.0625 0.255
1 0.73375 0.6991666666666667 0.02 0.025
0 0.729375 0.7733333333333333 0.05125 0.18
1 0.7625 0.6991666666666667 0.01 0.015
0 0.755625 0.7408333333333333 0.03375 0.10833333333333334
1 0.786875 0.6766666666666666 0.01125 0.013333333333333334
0 0.78125 0.7125 0.0325 0.08833333333333333
1 0.815 0.7608333333333334 0.0575 0.075
0 0.805625 0.8566666666666667 0.17125 0.2866666666666667
1 0.840625 0.7633333333333333 0.03375 0.04666666666666667
0 0.865625 0.8675 0.10375 0.265
1 0.811875 0.6791666666666667 0.01125 0.015
0 0.806875 0.7133333333333334 0.03125 0.08333333333333333
1 0.856875 0.68 0.01375 0.016666666666666666
0 0.85625 0.7208333333333333 0.04 0.09833333333333333
1 0.88 0.6741666666666667 0.01 0.015
0 0.87875 0.7125 0.0325 0.09833333333333333
1 0.90625 0.7275 0.025 0.03833333333333333
0 0.900625 0.8066666666666666 0.06875 0.21
1 0.95125 0.7525 0.0325 0.041666666666666664
0 0.95125 0.8591666666666666 0.0875 0.25833333333333336
1 0.9725 0.7408333333333333 0.03 0.035
0 0.963125 0.8491666666666666 0.06375 0.26166666666666666