1 0.1731818181818182 0.5201938610662359 0.03 0.048465266558966075
0 0.16727272727272727 0.6615508885298869 0.1509090909090909 0.3441033925686591
1 0.15272727272727274 0.4798061389337641 0.038181818181818185 0.05492730210016155
0 0.14227272727272727 0.6704361873990307 0.16454545454545455 0.45234248788368336
1 0.3327272727272727 0.5621970920840065 0.02727272727272727 0.051696284329563816
0 0.3209090909090909 0.7665589660743134 0.15636363636363637 0.46365105008077545
1 0.44 0.33360258481421645 0.023636363636363636 0.05654281098546042
0 0.44181818181818183 0.4983844911147011 0.11818181818181818 0.39579967689822293
1 0.4909090909090909 0.2617124394184168 0.038181818181818185 0.051696284329563816
0 0.5113636363636364 0.4111470113085622 0.12636363636363637 0.6316639741518578
1 0.5718181818181818 0.265751211631664 0.025454545454545455 0.046849757673667204
0 0.5581818181818182 0.3949919224555735 0.14545454545454545 0.6058158319870759
1 0.5222727272727272 0.34975767366720517 0.02090909090909091 0.04361873990306947
0 0.5236363636363637 0.5032310177705978 0.10363636363636364 0.3990306946688207
1 0.5295454545454545 0.4717285945072698 0.024545454545454544 0.051696284329563816
0 0.5118181818181818 0.6292407108239095 0.09090909090909091 0.4668820678513732
1 0.6536363636363637 0.5840064620355412 0.02727272727272727 0.05331179321486268
0 0.6472727272727272 0.77140549273021 0.13272727272727272 0.4378029079159935
1 0.9254545454545454 0.4345718901453958 0.025454545454545455 0.05492730210016155
0 0.935 0.6066235864297254 0.08636363636363636 0.41518578352180935
1 0.9104545454545454 0.44022617124394187 0.03727272727272727 0.050080775444264945
0 0.9159090909090909 0.6332794830371568 0.12090909090909091 0.45234248788368336
1 0.9868181818181818 0.10662358642972536 0.019090909090909092 0.048465266558966075
0 0.9777272727272728 0.20759289176090467 0.04454545454545455 0.25363489499192243
1 0.9468181818181818 0.033925686591276254 0.02090909090909091 0.0420032310177706
0 0.9463636363636364 0.11712439418416801 0.05090909090909091 0.2084006462035541
1 0.8704545454545455 0.11147011308562198 0.019090909090909092 0.048465266558966075
0 0.8690909090909091 0.19466882067851374 0.05818181818181818 0.22132471728594508
1 0.9181818181818182 0.022617124394184167 0.025454545454545455 0.045234248788368334
0 0.9190909090909091 0.15347334410339256 0.05818181818181818 0.3069466882067851
1 0.9713636363636363 0.018578352180936994 0.022727272727272728 0.03715670436187399
0 0.9727272727272728 0.14781906300484654 0.04727272727272727 0.2956381260096931
1 0.8481818181818181 0.03877221324717286 0.02 0.048465266558966075
0 0.8472727272727273 0.10420032310177706 0.05454545454545454 0.19224555735056542
1 0.8145454545454546 0.11066235864297254 0.02181818181818182 0.05331179321486268
0 0.8118181818181818 0.17932148626817448 0.06181818181818182 0.20678513731825526
1 0.7513636363636363 0.1122778675282714 0.019090909090909092 0.046849757673667204
0 0.7559090909090909 0.18578352180936994 0.057272727272727274 0.2035541195476575
1 0.7777272727272727 0.02827140549273021 0.019090909090909092 0.033925686591276254
0 0.7722727272727272 0.10258481421647819 0.04818181818181818 0.20516962843295639
1 0.7036363636363636 0.11631663974151858 0.01818181818181818 0.048465266558966075
0 0.6995454545454546 0.1841680129240711 0.053636363636363635 0.2197092084006462
1 0.7254545454545455 0.033117932148626815 0.01818181818181818 0.04038772213247173
0 0.7222727272727273 0.09046849757673667 0.04454545454545455 0.17124394184168013
1 0.665 0.027463651050080775 0.022727272727272728 0.03877221324717286
0 0.6645454545454546 0.09612277867528271 0.05272727272727273 0.1825525040387722
1 0.6509090909090909 0.1147011308562197 0.02 0.051696284329563816
0 0.6518181818181819 0.18820678513731826 0.05090909090909091 0.20516962843295639
1 0.6395454545454545 0.013731825525040387 0.015454545454545455 0.027463651050080775
0 0.6413636363636364 0.08723747980613894 0.042727272727272725 0.17447495961227788
1 0.615909090909091 0.035541195476575124 0.019090909090909092 0.0420032310177706
0 0.6122727272727273 0.10581583198707593 0.053636363636363635 0.1890145395799677
1 0.6013636363636363 0.12197092084006463 0.019090909090909092 0.046849757673667204
0 0.6013636363636363 0.1938610662358643 0.05181818181818182 0.21324717285945072
1 0.5640909090909091 0.035541195476575124 0.022727272727272728 0.045234248788368334
0 0.5627272727272727 0.11308562197092084 0.056363636363636366 0.22294022617124395
1 0.5581818181818182 0.11631663974151858 0.01818181818181818 0.03231017770597738
0 0.5536363636363636 0.20274636510500807 0.05090909090909091 0.2148626817447496
1 0.5009090909090909 0.11389337641357028 0.02181818181818182 0.050080775444264945
0 0.5040909090909091 0.19547657512116318 0.057272727272727274 0.2197092084006462
1 0.51 0.045234248788368334 0.02181818181818182 0.048465266558966075
0 0.5059090909090909 0.11793214862681745 0.060909090909090906 0.1938610662358643
1 0.51 0.045234248788368334 0.02181818181818182 0.048465266558966075
0 0.5054545454545455 0.09612277867528271 0.05272727272727273 0.19224555735056542
1 0.45636363636363636 0.0420032310177706 0.05454545454545454 0.0840064620355412
0 0.45636363636363636 0.0912762520193861 0.05454545454545454 0.1825525040387722
1 0.4390909090909091 0.034733441033925685 0.02181818181818182 0.04361873990306947
0 0.4381818181818182 0.09612277867528271 0.08363636363636363 0.1825525040387722
1 0.4481818181818182 0.10177705977382875 0.02 0.045234248788368334
0 0.4440909090909091 0.1801292407108239 0.057272727272727274 0.20193861066235863
1 0.3940909090909091 0.11954765751211632 0.017272727272727273 0.048465266558966075
0 0.38954545454545453 0.19224555735056542 0.05 0.20678513731825526
1 0.3795454545454545 0.013731825525040387 0.017272727272727273 0.027463651050080775
0 0.37863636363636366 0.07350565428109855 0.05181818181818182 0.1470113085621971
1 0.31272727272727274 0.051696284329563816 0.01818181818181818 0.0420032310177706
0 0.30954545454545457 0.09854604200323101 0.05545454545454546 0.18093699515347333
1 0.3381818181818182 0.11631663974151858 0.02 0.0420032310177706
0 0.3331818181818182 0.19466882067851374 0.06272727272727273 0.2084006462035541
1 0.275 0.12197092084006463 0.02090909090909091 0.046849757673667204
0 0.2722727272727273 0.2035541195476575 0.057272727272727274 0.21647819063004847
1 0.19545454545454546 0.10823909531502424 0.02181818181818182 0.051696284329563816
0 0.19454545454545455 0.19063004846526657 0.06545454545454546 0.22617124394184168
1 0.1918181818181818 0.029079159935379646 0.02 0.0420032310177706
0 0.19818181818181818 0.10096930533117932 0.06363636363636363 0.1890145395799677
1 0.1190909090909091 0.02827140549273021 0.02181818181818182 0.046849757673667204
0 0.12045454545454545 0.11389337641357028 0.05909090909090909 0.21163166397415187
1 0.13636363636363635 0.1147011308562197 0.02181818181818182 0.045234248788368334
0 0.13545454545454547 0.18497576736672053 0.05272727272727273 0.20193861066235863
1 0.08 0.11147011308562198 0.02181818181818182 0.051696284329563816
0 0.07909090909090909 0.18497576736672053 0.06727272727272728 0.20193861066235863
1 0.24272727272727274 0.08077544426494346 0.05272727272727273 0.16155088852988692
0 0.24272727272727274 0.08077544426494346 0.05272727272727273 0.16155088852988692
1 0.020454545454545454 0.10258481421647819 0.02090909090909091 0.04361873990306947
0 0.025454545454545455 0.172859450726979 0.05090909090909091 0.2035541195476575
1 0.9336363636363636 0.12277867528271405 0.02 0.045234248788368334
0 0.9272727272727272 0.20516962843295639 0.056363636363636366 0.2197092084006462