1 0.10875 0.49666666666666665 0.01875 0.042222222222222223
0 0.09875 0.5988888888888889 0.05375 0.2511111111111111
1 0.246875 0.5038888888888889 0.02125 0.04111111111111111
0 0.2609375 0.6127777777777778 0.058125 0.2633333333333333
1 0.2615625 0.5022222222222222 0.018125 0.03777777777777778
0 0.2625 0.595 0.0375 0.22777777777777777
1 0.28625 0.4988888888888889 0.01875 0.042222222222222223
0 0.2890625 0.59 0.036875 0.2288888888888889
1 0.305625 0.5033333333333333 0.01875 0.035555555555555556
0 0.3121875 0.6038888888888889 0.040625 0.2411111111111111
1 0.32375 0.475 0.0175 0.03666666666666667
0 0.3240625 0.5722222222222222 0.038125 0.23777777777777778
1 0.336875 0.4988888888888889 0.01875 0.03777777777777778
0 0.3371875 0.5888888888888889 0.035625 0.2222222222222222
1 0.3409375 0.5172222222222222 0.020625 0.04111111111111111
0 0.3346875 0.6377777777777778 0.044375 0.2822222222222222
1 0.3634375 0.505 0.020625 0.05
0 0.3634375 0.6294444444444445 0.063125 0.31
1 0.39375 0.5033333333333333 0.02125 0.04
0 0.3934375 0.6111111111111112 0.049375 0.26
1 0.3953125 0.47333333333333333 0.009375 0.017777777777777778
0 0.3975 0.5155555555555555 0.01875 0.10666666666666667
1 0.42375 0.46555555555555556 0.00875 0.017777777777777778
0 0.42625 0.5105555555555555 0.01875 0.11222222222222222
1 0.4384375 0.46111111111111114 0.006875 0.013333333333333334
0 0.44 0.5022222222222222 0.0175 0.10666666666666667
1 0.450625 0.49 0.01625 0.042222222222222223
0 0.4546875 0.6072222222222222 0.055625 0.2833333333333333
1 0.4759375 0.46944444444444444 0.005625 0.01
0 0.478125 0.5 0.0175 0.07555555555555556
1 0.480625 0.45444444444444443 0.005 0.008888888888888889
0 0.4834375 0.4855555555555556 0.014375 0.07555555555555556
1 0.4940625 0.4622222222222222 0.004375 0.008888888888888889
0 0.49375 0.48833333333333334 0.01875 0.07444444444444444
1 0.4959375 0.4444444444444444 0.004375 0.008888888888888889
0 0.4959375 0.4716666666666667 0.009375 0.07
1 0.5096875 0.45166666666666666 0.005625 0.01
0 0.51 0.4822222222222222 0.0125 0.07555555555555556
1 0.5103125 0.4588888888888889 0.005625 0.011111111111111112
0 0.509375 0.4888888888888889 0.01375 0.07333333333333333
1 0.5140625 0.45166666666666666 0.004375 0.0077777777777777776
0 0.514375 0.4811111111111111 0.01375 0.07111111111111111
1 0.5240625 0.5072222222222222 0.014375 0.03888888888888889
0 0.526875 0.6083333333333333 0.0575 0.25666666666666665
1 0.5353125 0.4683333333333333 0.008125 0.01888888888888889
0 0.5353125 0.5188888888888888 0.028125 0.12444444444444444
1 0.526875 0.45055555555555554 0.005 0.01
0 0.5265625 0.4761111111111111 0.016875 0.06555555555555556
1 0.540625 0.44277777777777777 0.00625 0.012222222222222223
0 0.539375 0.4766666666666667 0.015 0.08444444444444445
1 0.5475 0.4411111111111111 0.005 0.008888888888888889
0 0.5496875 0.4738888888888889 0.016875 0.07444444444444444
1 0.560625 0.4533333333333333 0.00625 0.011111111111111112
0 0.5609375 0.47833333333333333 0.016875 0.06555555555555556
1 0.5634375 0.4461111111111111 0.004375 0.01
0 0.563125 0.47 0.0125 0.06222222222222222
1 0.5684375 0.44333333333333336 0.005625 0.008888888888888889
0 0.56875 0.46944444444444444 0.01375 0.06333333333333334
1 0.5740625 0.4444444444444444 0.005625 0.008888888888888889
0 0.5740625 0.47 0.014375 0.06222222222222222
1 0.58125 0.44277777777777777 0.005 0.01
0 0.581875 0.4672222222222222 0.0125 0.06333333333333334
1 0.5946875 0.4388888888888889 0.004375 0.008888888888888889
0 0.5940625 0.4727777777777778 0.019375 0.0811111111111111
1 0.61 0.44166666666666665 0.005 0.01
0 0.61125 0.475 0.01625 0.08333333333333333
1 0.64 0.4527777777777778 0.00625 0.012222222222222223
0 0.639375 0.47833333333333333 0.0175 0.07
1 0.6628125 0.47 0.006875 0.015555555555555555
0 0.6653125 0.5105555555555555 0.021875 0.10333333333333333
1 0.77375 0.5061111111111111 0.01125 0.01888888888888889
0 0.7715625 0.5511111111111111 0.029375 0.12
1 0.7890625 0.4816666666666667 0.011875 0.021111111111111112
0 0.7796875 0.5466666666666666 0.044375 0.16
1 0.7565625 0.4305555555555556 0.004375 0.0077777777777777776
0 0.7571875 0.45166666666666666 0.016875 0.056666666666666664
1 0.7421875 0.4338888888888889 0.004375 0.0077777777777777776
0 0.741875 0.45166666666666666 0.0125 0.05
1 0.55625 0.4638888888888889 0.00375 0.0077777777777777776
0 0.556875 0.485 0.00875 0.04555555555555556
1 0.5015625 0.4444444444444444 0.004375 0.008888888888888889
0 0.500625 0.4688888888888889 0.01 0.06444444444444444