1 0.9398936170212766 0.3133971291866029 0.05638297872340425 0.10366826156299841
0 0.901595744680851 0.5390749601275917 0.19680851063829788 0.7496012759170654
1 0.8595744680851064 0.23843700159489634 0.05106382978723404 0.10366826156299841
0 0.8377659574468085 0.5199362041467305 0.15425531914893617 0.6794258373205742
1 0.8148936170212766 0.3349282296650718 0.05106382978723404 0.05422647527910686
0 0.826063829787234 0.43301435406698563 0.11382978723404255 0.2727272727272727
1 0.7393617021276596 0.284688995215311 0.04893617021276596 0.09409888357256778
0 0.7382978723404255 0.5239234449760766 0.1276595744680851 0.5853269537480064
1 0.6367021276595745 0.3620414673046252 0.047872340425531915 0.10207336523125997
0 0.6574468085106383 0.5901116427432217 0.26170212765957446 0.5741626794258373
1 0.6063829787234043 0.2631578947368421 0.0425531914893617 0.08931419457735247
0 0.6175531914893617 0.518341307814992 0.14361702127659576 0.6092503987240829
1 0.6632978723404256 0.2974481658692185 0.03723404255319149 0.07496012759170653
0 0.625531914893617 0.37799043062200954 0.1276595744680851 0.2583732057416268
1 0.47925531914893615 0.25996810207336524 0.04148936170212766 0.0861244019138756
0 0.48829787234042554 0.5023923444976076 0.13191489361702127 0.5933014354066986
1 0.49148936170212765 0.335725677830941 0.031914893617021274 0.046251993620414676
0 0.4888297872340426 0.4154704944178628 0.08829787234042553 0.215311004784689
1 0.37340425531914895 0.36443381180223283 0.0425531914893617 0.08133971291866028
0 0.37872340425531914 0.5462519936204147 0.14893617021276595 0.5566188197767146
1 0.3819148936170213 0.5239234449760766 0.0425531914893617 0.08452950558213716
0 0.41808510638297874 0.6307814992025519 0.18936170212765957 0.45773524720893144
1 0.4574468085106383 0.562200956937799 0.036170212765957444 0.06539074960127592
0 0.4675531914893617 0.6435406698564593 0.09042553191489362 0.24082934609250398
1 0.2670212765957447 0.41706539074960125 0.04042553191489362 0.08133971291866028
0 0.2696808510638298 0.5845295055821371 0.08829787234042553 0.44178628389154706
1 0.18085106382978725 0.5526315789473685 0.04468085106382979 0.08133971291866028
0 0.17340425531914894 0.6778309409888357 0.20212765957446807 0.38596491228070173
1 0.16170212765957448 0.372408293460925 0.04468085106382979 0.08452950558213716
0 0.16914893617021276 0.580542264752791 0.14680851063829786 0.5103668261562998
1 0.0398936170212766 0.37320574162679426 0.04148936170212766 0.07974481658692185
0 0.052659574468085106 0.5526315789473685 0.10531914893617021 0.5757575757575758