1 0.03534031413612566 0.0995 0.04031413612565445 0.103
0 0.03691099476439791 0.416 0.07382198952879582 0.826
1 0.06518324607329842 0.096 0.0612565445026178 0.102
0 0.05340314136125655 0.444 0.10575916230366492 0.882
1 0.14397905759162305 0.0965 0.04712041884816754 0.097
0 0.13403141361256546 0.437 0.10471204188481675 0.858
1 0.22146596858638742 0.1005 0.05549738219895288 0.099
0 0.21492146596858638 0.43 0.10104712041884817 0.848
1 0.275130890052356 0.082 0.051832460732984295 0.1
0 0.2761780104712042 0.428 0.11465968586387434 0.856
1 0.3518324607329843 0.0735 0.05654450261780105 0.101
0 0.3418848167539267 0.4315 0.10366492146596859 0.863
1 0.4041884816753927 0.055 0.049214659685863874 0.1
0 0.3981675392670157 0.428 0.08743455497382199 0.856
1 0.4730366492146597 0.056 0.049738219895287955 0.098
0 0.46151832460732983 0.4065 0.10104712041884817 0.813
1 0.6560209424083769 0.075 0.04607329842931937 0.112
0 0.6445026178010471 0.453 0.13507853403141362 0.906
1 0.756544502617801 0.102 0.05549738219895288 0.142
0 0.7413612565445026 0.5075 0.22303664921465968 0.985
1 0.7905759162303665 0.1695 0.05759162303664921 0.159
0 0.8277486910994765 0.5435 0.2534031413612565 0.913
1 0.9468586387434555 0.1075 0.06858638743455497 0.169
0 0.9408376963350785 0.506 0.11832460732984293 0.988