1 0.62421875 0.4809843400447427 0.0078125 0.008948545861297539
0 0.6265625 0.5111856823266219 0.021875 0.07829977628635347
1 0.640625 0.48322147651006714 0.00625 0.008948545861297539
0 0.63828125 0.5134228187919463 0.0203125 0.0738255033557047
1 0.61015625 0.49328859060402686 0.0078125 0.011185682326621925
0 0.60859375 0.5178970917225951 0.0171875 0.06935123042505593
1 0.5984375 0.47874720357941836 0.00625 0.008948545861297539
0 0.59921875 0.5089485458612976 0.0171875 0.0738255033557047
1 0.58984375 0.5067114093959731 0.0171875 0.07829977628635347
0 0.58984375 0.5067114093959731 0.0171875 0.07829977628635347
1 0.56640625 0.49217002237136465 0.0078125 0.013422818791946308
0 0.5640625 0.5178970917225951 0.01875 0.06935123042505593
1 0.5203125 0.5067114093959731 0.0125 0.06040268456375839
0 0.5203125 0.5067114093959731 0.0125 0.06040268456375839
1 0.5265625 0.5067114093959731 0.015625 0.06040268456375839
0 0.5265625 0.5067114093959731 0.015625 0.06040268456375839
1 0.5375 0.5078299776286354 0.015625 0.06263982102908278
0 0.5375 0.5078299776286354 0.015625 0.06263982102908278
1 0.54921875 0.5067114093959731 0.0171875 0.06935123042505593
0 0.54921875 0.5067114093959731 0.0171875 0.06935123042505593
1 0.58203125 0.49105145413870244 0.0078125 0.011185682326621925
0 0.57890625 0.5134228187919463 0.0171875 0.06487695749440715
1 0.65 0.4798657718120805 0.009375 0.011185682326621925
0 0.64609375 0.5078299776286354 0.0140625 0.07606263982102908
1 0.34296875 0.6062639821029083 0.0234375 0.040268456375838924
0 0.34609375 0.6666666666666666 0.0421875 0.16554809843400448
1 0.359375 0.5950782997762863 0.028125 0.053691275167785234
0 0.36171875 0.6621923937360179 0.0546875 0.19239373601789708
1 0.48125 0.587248322147651 0.03125 0.04697986577181208
0 0.49609375 0.6554809843400448 0.0765625 0.20134228187919462