1 0.05628140703517588 0.4651474530831099 0.05628140703517588 0.09115281501340483
0 0.05728643216080402 0.7037533512064343 0.11457286432160804 0.5924932975871313
1 0.13316582914572864 0.4979892761394102 0.06733668341708543 0.0871313672922252
0 0.13467336683417086 0.725201072386059 0.18090452261306533 0.5495978552278821
1 0.31256281407035175 0.4865951742627346 0.06432160804020101 0.08579088471849866
0 0.2949748743718593 0.7205093833780161 0.12763819095477386 0.5589812332439679
1 0.27035175879396983 0.5033512064343163 0.02613065326633166 0.0388739946380697
0 0.2678391959798995 0.6273458445040214 0.0592964824120603 0.2868632707774799
1 0.4020100502512563 0.49932975871313673 0.044221105527638194 0.06300268096514745
0 0.38391959798994973 0.6816353887399463 0.0964824120603015 0.4436997319034853
1 0.4442211055276382 0.5160857908847185 0.024120603015075376 0.03485254691689008
0 0.45226130653266333 0.6380697050938338 0.0743718592964824 0.27882037533512066
1 0.4748743718592965 0.5214477211796247 0.04120603015075377 0.05361930294906166
0 0.4728643216080402 0.7057640750670241 0.08944723618090453 0.4517426273458445
1 0.5266331658291458 0.49396782841823056 0.032160804020100506 0.057640750670241284
0 0.5321608040201005 0.6628686327077749 0.1035175879396985 0.4008042895442359
1 0.5683417085427136 0.5127345844504021 0.031155778894472363 0.04423592493297587
0 0.5748743718592965 0.6575067024128687 0.10251256281407035 0.34718498659517427
1 0.5944723618090453 0.5107238605898123 0.007035175879396985 0.010723860589812333
0 0.592964824120603 0.5288203753351206 0.018090452261306532 0.05227882037533512
1 0.6256281407035176 0.47117962466487934 0.04924623115577889 0.07640750670241286
0 0.6241206030150753 0.6702412868632708 0.1185929648241206 0.48525469168900803
1 0.6959798994974874 0.5194369973190348 0.021105527638190954 0.028150134048257374
0 0.6768844221105528 0.6487935656836461 0.11155778894472362 0.2949061662198391
1 0.6969849246231156 0.5234584450402144 0.023115577889447236 0.036193029490616625
0 0.6924623115577889 0.6400804289544236 0.07839195979899498 0.2801608579088472
1 0.7165829145728643 0.49463806970509383 0.03015075376884422 0.04289544235924933
0 0.7306532663316583 0.631367292225201 0.09246231155778895 0.32439678284182305
1 0.7703517587939699 0.5006702412868632 0.02512562814070352 0.036193029490616625
0 0.7633165829145728 0.6132707774798928 0.06733668341708543 0.2667560321715818
1 0.7819095477386935 0.4886058981233244 0.024120603015075376 0.036193029490616625
0 0.7879396984924623 0.6012064343163539 0.0743718592964824 0.2667560321715818
1 0.8386934673366834 0.5080428954423593 0.023115577889447236 0.03753351206434316
0 0.8326633165829146 0.6206434316353887 0.07939698492462312 0.26541554959785524
1 0.8703517587939699 0.5214477211796247 0.020100502512562814 0.029490616621983913
0 0.8743718592964824 0.6126005361930295 0.054271356783919596 0.21447721179624665
1 0.9376884422110553 0.5013404825737265 0.02814070351758794 0.03753351206434316
0 0.9276381909547738 0.6152815013404825 0.09849246231155778 0.2680965147453083
1 0.9175879396984925 0.5140750670241286 0.018090452261306532 0.02546916890080429
0 0.9291457286432161 0.6085790884718498 0.05728643216080402 0.225201072386059
1 0.950251256281407 0.603887399463807 0.04120603015075377 0.1863270777479893
0 0.950251256281407 0.603887399463807 0.04120603015075377 0.1863270777479893
1 0.9919597989949749 0.5120643431635389 0.016080402010050253 0.03485254691689008
0 0.9849246231155779 0.6052278820375335 0.03015075376884422 0.22654155495978553
1 0.992462311557789 0.5020107238605898 0.01507537688442211 0.036193029490616625
0 0.9879396984924623 0.5878016085790885 0.024120603015075376 0.21849865951742628
1 0.8688442211055276 0.18096514745308312 0.07537688442211055 0.32707774798927614
0 0.8688442211055276 0.18096514745308312 0.07537688442211055 0.32707774798927614
1 0.10251256281407035 0.28418230563002683 0.022110552763819097 0.1260053619302949
0 0.10251256281407035 0.28418230563002683 0.022110552763819097 0.1260053619302949
1 0.19949748743718593 0.346514745308311 0.023115577889447236 0.09517426273458444
0 0.19949748743718593 0.346514745308311 0.023115577889447236 0.09517426273458444