1 0.769 0.36281859070464767 0.044 0.08695652173913043
0 0.7785 0.5614692653673163 0.185 0.5172413793103449
1 0.8995 0.5614692653673163 0.017 0.025487256371814093
0 0.902 0.603448275862069 0.03 0.12143928035982009
1 0.9085 0.4745127436281859 0.017 0.031484257871064465
0 0.902 0.5599700149925038 0.05 0.20839580209895053
1 0.8815 0.46476761619190404 0.019 0.038980509745127435
0 0.865 0.5539730134932533 0.054 0.22338830584707647
1 0.673 0.4332833583208396 0.022 0.038980509745127435
0 0.6665 0.5577211394302849 0.075 0.29685157421289354
1 0.524 0.2698650674662669 0.048 0.06296851574212893
0 0.5305 0.5344827586206896 0.207 0.6401799100449775
1 0.3375 0.3328335832083958 0.043 0.08995502248875563
0 0.2955 0.5442278860569715 0.137 0.5307346326836582
1 0.3975 0.4370314842578711 0.025 0.046476761619190406
0 0.384 0.532983508245877 0.086 0.24437781109445278
1 0.1735 0.3545727136431784 0.025 0.043478260869565216
0 0.158 0.5052473763118441 0.108 0.37181409295352325
1 0.211 0.40554722638680657 0.028 0.05247376311844078
0 0.1845 0.5314842578710645 0.117 0.3103448275862069
1 0.2245 0.4235382308845577 0.023 0.04047976011994003
0 0.218 0.532983508245877 0.08 0.2593703148425787
1 0.1295 0.38830584707646176 0.027 0.047976011994003
0 0.125 0.5164917541229386 0.068 0.3103448275862069
1 0.036 0.39730134932533734 0.022 0.041979010494752625
0 0.036 0.5172413793103449 0.062 0.28785607196401797
1 0.0785 0.43928035982008995 0.023 0.038980509745127435
0 0.0605 0.5352323838080959 0.073 0.2368815592203898
1 0.009 0.3950524737631184 0.018 0.037481259370314844
0 0.0205 0.5119940029985007 0.041 0.2773613193403298
1 0.078 0.44002998500749624 0.022 0.04047976011994003
0 0.056 0.5322338830584707 0.066 0.239880059970015
1 0.4405 0.5097451274362819 0.019 0.03298350824587706
0 0.427 0.5599700149925038 0.056 0.15742128935532235
1 0.6375 0.5577211394302849 0.021 0.038980509745127435
0 0.6395 0.6139430284857571 0.085 0.16041979010494753