1 0.19846153846153847 0.699582027168234 0.027692307692307693 0.047021943573667714
0 0.1776923076923077 0.8359456635318704 0.13230769230769232 0.3281086729362591
1 0.5057692307692307 0.7309299895506792 0.026923076923076925 0.04075235109717868
0 0.5165384615384615 0.8537095088819227 0.11615384615384615 0.29258098223615464
1 0.6342307692307693 0.7074190177638453 0.023846153846153847 0.0438871473354232
0 0.635 0.8134796238244514 0.07461538461538461 0.26227795193312436
1 0.5938461538461538 0.7361546499477534 0.016923076923076923 0.02612330198537095
0 0.5926923076923077 0.8113897596656218 0.04692307692307692 0.19331243469174503
1 0.7465384615384615 0.7157784743991641 0.013076923076923076 0.022988505747126436
0 0.745 0.7753396029258098 0.04692307692307692 0.14629049111807732
1 0.8203846153846154 0.6927899686520376 0.013076923076923076 0.022988505747126436
0 0.82 0.7502612330198537 0.038461538461538464 0.1400208986415883
1 0.8284615384615385 0.7042842215256009 0.010769230769230769 0.01671891327063741
0 0.8303846153846154 0.7413793103448276 0.026923076923076925 0.09508881922675026
1 0.8596153846153847 0.7533960292580982 0.026923076923076925 0.11076280041797283
0 0.8596153846153847 0.7533960292580982 0.026923076923076925 0.11076280041797283
1 0.9926923076923077 0.6739811912225705 0.014615384615384615 0.0522466039707419
0 0.9769230769230769 0.8213166144200627 0.046153846153846156 0.3573667711598746
1 0.87 0.6943573667711599 0.015384615384615385 0.024033437826541274
0 0.8746153846153846 0.7607105538140021 0.04 0.16300940438871472
1 0.9373076923076923 0.6954022988505747 0.013076923076923076 0.0219435736677116
0 0.9396153846153846 0.7586206896551724 0.04230769230769231 0.15464994775339602
1 0.9546153846153846 0.6342737722048067 0.007692307692307693 0.01044932079414838
0 0.955 0.6619644723092999 0.031538461538461536 0.07210031347962383
1 0.7661538461538462 0.7048066875653083 0.009230769230769232 0.01567398119122257
0 0.7715384615384615 0.7481713688610241 0.03076923076923077 0.10658307210031348
1 0.7484615384615385 0.7001044932079414 0.007692307692307693 0.01044932079414838
0 0.7507692307692307 0.7408568443051202 0.021538461538461538 0.0961337513061651
1 0.7365384615384616 0.6990595611285266 0.01 0.014629049111807733
0 0.7388461538461538 0.7424242424242424 0.022307692307692306 0.10344827586206896
1 0.7284615384615385 0.696969696969697 0.007692307692307693 0.012539184952978056
0 0.7284615384615385 0.7377220480668757 0.023076923076923078 0.10031347962382445
1 0.7088461538461538 0.703239289446186 0.01 0.012539184952978056
0 0.7111538461538461 0.7502612330198537 0.03307692307692308 0.11494252873563218
1 0.6942307692307692 0.6933124346917451 0.01 0.013584117032392894
0 0.6938461538461539 0.7314524555903866 0.02 0.0961337513061651
1 0.6807692307692308 0.7110762800417972 0.006153846153846154 0.009404388714733543
0 0.681923076923077 0.7382445141065831 0.014615384615384615 0.06792058516196448
1 0.6726923076923077 0.7027168234064786 0.005384615384615384 0.0073145245559038665
0 0.6734615384615384 0.7288401253918495 0.013076923076923076 0.06583072100313479
1 0.6515384615384615 0.700626959247649 0.007692307692307693 0.011494252873563218
0 0.6507692307692308 0.735632183908046 0.018461538461538463 0.08568443051201671
1 0.6684615384615384 0.7089864158829676 0.009230769230769232 0.013584117032392894
0 0.6680769230769231 0.7466039707419018 0.02076923076923077 0.08672936259143156
1 0.661923076923077 0.6985370950888192 0.006923076923076923 0.011494252873563218
0 0.6626923076923077 0.7288401253918495 0.016153846153846154 0.0741901776384535
1 0.6561538461538462 0.700626959247649 0.004615384615384616 0.0073145245559038665
0 0.6569230769230769 0.7262277951933125 0.015384615384615385 0.06896551724137931
1 0.6188461538461538 0.7100313479623824 0.006923076923076923 0.011494252873563218
0 0.62 0.7382445141065831 0.013846153846153847 0.07001044932079414
1 0.6111538461538462 0.7142110762800418 0.01 0.013584117032392894
0 0.6115384615384616 0.7439916405433646 0.016923076923076923 0.07732497387669801
1 0.5996153846153847 0.7058516196447231 0.0038461538461538464 0.00522466039707419
0 0.5976923076923077 0.7152560083594567 0.009230769230769232 0.030303030303030304
1 0.6034615384615385 0.7298850574712644 0.014615384615384615 0.06792058516196448
0 0.6034615384615385 0.7298850574712644 0.014615384615384615 0.06792058516196448
1 0.5757692307692308 0.7021943573667712 0.011538461538461539 0.01671891327063741
0 0.5723076923076923 0.7664576802507836 0.033846153846153845 0.14942528735632185
1 0.5403846153846154 0.6990595611285266 0.013076923076923076 0.01671891327063741
0 0.5415384615384615 0.7596656217345873 0.03076923076923077 0.14211076280041798
1 0.52 0.6933124346917451 0.010769230769230769 0.01567398119122257
0 0.5207692307692308 0.7502612330198537 0.02923076923076923 0.13166144200626959
1 0.49038461538461536 0.7021943573667712 0.01 0.012539184952978056
0 0.49 0.7429467084639498 0.023076923076923078 0.10031347962382445
1 0.46884615384615386 0.7142110762800418 0.01 0.01567398119122257
0 0.4715384615384615 0.7549634273772204 0.033846153846153845 0.09926854754440961
1 0.4519230769230769 0.7001044932079414 0.016153846153846154 0.025078369905956112
0 0.4503846153846154 0.7983281086729362 0.054615384615384614 0.22570532915360503
1 0.32153846153846155 0.7147335423197492 0.02 0.029258098223615466
0 0.31961538461538463 0.7920585161964472 0.05153846153846154 0.18599791013584116
1 0.2896153846153846 0.7178683385579937 0.016153846153846154 0.025078369905956112
0 0.28115384615384614 0.7873563218390804 0.06538461538461539 0.1703239289446186
1 0.25884615384615384 0.7115987460815048 0.013076923076923076 0.022988505747126436
0 0.2519230769230769 0.7716823406478579 0.036153846153846154 0.1452455590386625
1 0.24461538461538462 0.6980146290491118 0.009230769230769232 0.01671891327063741
0 0.24115384615384616 0.7392894461859979 0.026923076923076925 0.10344827586206896
1 0.2692307692307692 0.7016718913270638 0.010769230769230769 0.01567398119122257
0 0.2684615384615385 0.745559038662487 0.026153846153846153 0.10762800417972831
1 0.23846153846153847 0.6912225705329154 0.006153846153846154 0.009404388714733543
0 0.2353846153846154 0.723092998955068 0.024615384615384615 0.07523510971786834
1 0.1803846153846154 0.6849529780564263 0.008461538461538461 0.011494252873563218
0 0.17576923076923076 0.7204806687565308 0.023846153846153847 0.08672936259143156
1 0.21346153846153845 0.6880877742946708 0.006923076923076923 0.011494252873563218
0 0.2103846153846154 0.7105538140020898 0.016153846153846154 0.06269592476489028
1 0.14961538461538462 0.6959247648902821 0.01 0.014629049111807733
0 0.14807692307692308 0.7340647857889238 0.031538461538461536 0.09717868338557993
1 0.15923076923076923 0.6922675026123302 0.007692307692307693 0.011494252873563218
0 0.15730769230769232 0.719435736677116 0.01769230769230769 0.07001044932079414
1 0.1226923076923077 0.6901776384535006 0.006923076923076923 0.009404388714733543
0 0.12538461538461537 0.7251828631138976 0.018461538461538463 0.08359456635318704
1 0.11423076923076923 0.6839080459770115 0.008461538461538461 0.013584117032392894
0 0.11115384615384616 0.7246603970741902 0.02076923076923077 0.09926854754440961
1 0.08538461538461538 0.6927899686520376 0.010769230769230769 0.014629049111807733
0 0.08538461538461538 0.7377220480668757 0.03076923076923077 0.11285266457680251
1 0.06269230769230769 0.6933124346917451 0.014615384615384615 0.019853709508881923
0 0.057692307692307696 0.7513061650992685 0.038461538461538464 0.13793103448275862
1 0.015 0.667189132706374 0.02076923076923077 0.030303030303030304
0 0.023076923076923078 0.7371995820271683 0.046153846153846156 0.1786833855799373
1 0.036153846153846154 0.6859979101358412 0.013846153846153847 0.0219435736677116
0 0.03807692307692308 0.7351097178683386 0.06692307692307692 0.13270637408568442
1 0.35115384615384615 0.7058516196447231 0.01 0.01567398119122257
0 0.3476923076923077 0.7460815047021944 0.03230769230769231 0.10240334378265413
1 0.33653846153846156 0.6959247648902821 0.006923076923076923 0.012539184952978056
0 0.3342307692307692 0.7215256008359456 0.01769230769230769 0.06792058516196448
1 0.36846153846153845 0.6990595611285266 0.010769230769230769 0.01671891327063741
0 0.3696153846153846 0.7507836990595611 0.03461538461538462 0.12434691745036573
1 0.39615384615384613 0.7063740856844305 0.009230769230769232 0.01671891327063741
0 0.3984615384615385 0.7492163009404389 0.027692307692307693 0.11076280041797283
1 0.4246153846153846 0.7068965517241379 0.007692307692307693 0.011494252873563218
0 0.4246153846153846 0.7335423197492164 0.024615384615384615 0.07105538140020899
1 0.4376923076923077 0.7309299895506792 0.015384615384615385 0.06165099268547544
0 0.4376923076923077 0.7309299895506792 0.015384615384615385 0.06165099268547544
1 0.3123076923076923 0.6980146290491118 0.007692307692307693 0.012539184952978056
0 0.31153846153846154 0.7272727272727273 0.018461538461538463 0.07314524555903866
1 0.2773076923076923 0.6938349007314525 0.008461538461538461 0.012539184952978056
0 0.2773076923076923 0.7246603970741902 0.016153846153846154 0.07836990595611286
1 0.2953846153846154 0.6990595611285266 0.006153846153846154 0.008359456635318705
0 0.2957692307692308 0.7246603970741902 0.016153846153846154 0.06374085684430512
1 0.325 0.696969696969697 0.006923076923076923 0.008359456635318705
0 0.3219230769230769 0.7267502612330199 0.01769230769230769 0.07001044932079414
1 0.4103846153846154 0.696969696969697 0.005384615384615384 0.008359456635318705
0 0.40807692307692306 0.7225705329153606 0.011538461538461539 0.06165099268547544
1 0.06692307692307692 0.6938349007314525 0.010769230769230769 0.018808777429467086
0 0.06 0.7398119122257053 0.036923076923076927 0.11703239289446186