1 0.03875 0.8738888888888889 0.010833333333333334 0.014444444444444444
0 0.03125 0.9172222222222223 0.0375 0.10777777777777778
1 0.06666666666666667 0.8694444444444445 0.011666666666666667 0.012222222222222223
0 0.06458333333333334 0.9161111111111111 0.024166666666666666 0.10777777777777778
1 0.2025 0.8961111111111111 0.011666666666666667 0.01888888888888889
0 0.20208333333333334 0.9316666666666666 0.049166666666666664 0.09444444444444444
1 0.2604166666666667 0.8727777777777778 0.005833333333333334 0.01
0 0.2529166666666667 0.8994444444444445 0.029166666666666667 0.06777777777777778
1 0.27541666666666664 0.87 0.005833333333333334 0.008888888888888889
0 0.27166666666666667 0.8905555555555555 0.013333333333333334 0.052222222222222225
1 0.28125 0.87 0.005833333333333334 0.006666666666666667
0 0.27958333333333335 0.8905555555555555 0.010833333333333334 0.052222222222222225
1 0.28375 0.8694444444444445 0.004166666666666667 0.005555555555555556
0 0.28458333333333335 0.8905555555555555 0.009166666666666667 0.05
1 0.2995833333333333 0.8627777777777778 0.005833333333333334 0.01
0 0.29875 0.8861111111111111 0.015833333333333335 0.058888888888888886
1 0.31708333333333333 0.8805555555555555 0.0075 0.014444444444444444
0 0.31333333333333335 0.9033333333333333 0.02666666666666667 0.06222222222222222
1 0.31666666666666665 0.8805555555555555 0.008333333333333333 0.014444444444444444
0 0.31833333333333336 0.9022222222222223 0.018333333333333333 0.06
1 0.33666666666666667 0.855 0.011666666666666667 0.016666666666666666
0 0.3333333333333333 0.9066666666666666 0.03166666666666667 0.12222222222222222
1 0.3595833333333333 0.8933333333333333 0.010833333333333334 0.017777777777777778
0 0.3620833333333333 0.9266666666666666 0.0275 0.08888888888888889
1 0.36916666666666664 0.8916666666666667 0.008333333333333333 0.012222222222222223
0 0.36625 0.9194444444444444 0.0175 0.07666666666666666
1 0.3904166666666667 0.8644444444444445 0.009166666666666667 0.015555555555555555
0 0.38916666666666666 0.9105555555555556 0.02666666666666667 0.11444444444444445
1 0.40875 0.8688888888888889 0.005833333333333334 0.008888888888888889
0 0.4075 0.8888888888888888 0.011666666666666667 0.05333333333333334
1 0.42041666666666666 0.8666666666666667 0.005833333333333334 0.008888888888888889
0 0.42083333333333334 0.8883333333333333 0.011666666666666667 0.056666666666666664
1 0.65875 0.9005555555555556 0.010833333333333334 0.012222222222222223
0 0.66125 0.9377777777777778 0.0325 0.09555555555555556
1 0.7075 0.9 0.011666666666666667 0.015555555555555555
0 0.7020833333333333 0.94 0.03916666666666667 0.1
1 0.6858333333333333 0.8716666666666667 0.006666666666666667 0.0077777777777777776
0 0.68625 0.8888888888888888 0.0175 0.04666666666666667
1 0.7783333333333333 0.8711111111111111 0.006666666666666667 0.008888888888888889
0 0.7783333333333333 0.895 0.016666666666666666 0.06333333333333334
1 0.7904166666666667 0.8744444444444445 0.005833333333333334 0.008888888888888889
0 0.79 0.8944444444444445 0.016666666666666666 0.057777777777777775
1 0.8016666666666666 0.8705555555555555 0.005 0.0077777777777777776
0 0.8045833333333333 0.8966666666666666 0.0175 0.06444444444444444
1 0.82 0.8694444444444445 0.005 0.0077777777777777776
0 0.8191666666666667 0.8922222222222222 0.02 0.06222222222222222
1 0.8533333333333334 0.8716666666666667 0.008333333333333333 0.01
0 0.8554166666666667 0.8977777777777778 0.0275 0.06666666666666667
1 0.87875 0.8872222222222222 0.010833333333333334 0.016666666666666666
0 0.8791666666666667 0.9227777777777778 0.02666666666666667 0.09
1 0.8825 0.8727777777777778 0.01 0.014444444444444444
0 0.89 0.91 0.03333333333333333 0.09333333333333334
1 0.8741666666666666 0.8705555555555555 0.006666666666666667 0.012222222222222223
0 0.8720833333333333 0.8922222222222222 0.0175 0.06
1 0.975 0.8805555555555555 0.013333333333333334 0.016666666666666666
0 0.9795833333333334 0.935 0.04083333333333333 0.13