1 0.15551643192488263 0.5541666666666667 0.01995305164319249 0.04583333333333333
0 0.1402582159624413 0.640625 0.06455399061032864 0.22708333333333333
1 0.16901408450704225 0.521875 0.018779342723004695 0.027083333333333334
0 0.1766431924882629 0.6072916666666667 0.03873239436619718 0.22708333333333333
1 0.22007042253521128 0.503125 0.008215962441314555 0.014583333333333334
0 0.22007042253521128 0.5385416666666667 0.022300469483568074 0.09375
1 0.2887323943661972 0.5010416666666667 0.007042253521126761 0.014583333333333334
0 0.2904929577464789 0.540625 0.022300469483568074 0.10625
1 0.3474178403755869 0.48125 0.004694835680751174 0.008333333333333333
0 0.3474178403755869 0.5052083333333334 0.011737089201877934 0.06041666666666667
1 0.35269953051643194 0.5125 0.008215962441314555 0.04583333333333333
0 0.35269953051643194 0.5125 0.008215962441314555 0.04583333333333333
1 0.32922535211267606 0.4864583333333333 0.0035211267605633804 0.00625
0 0.33039906103286387 0.5072916666666667 0.012910798122065728 0.05625
1 0.982981220657277 0.5479166666666667 0.01995305164319249 0.0375
0 0.9806338028169014 0.640625 0.03873239436619718 0.23541666666666666
1 0.9606807511737089 0.5458333333333333 0.015258215962441314 0.03333333333333333
0 0.9571596244131455 0.6333333333333333 0.04342723004694836 0.21666666666666667
1 0.9008215962441315 0.5322916666666667 0.015258215962441314 0.03125
0 0.8908450704225352 0.64375 0.06103286384976526 0.2708333333333333
1 0.8703051643192489 0.528125 0.017605633802816902 0.03125
0 0.8656103286384976 0.6395833333333333 0.04342723004694836 0.25833333333333336
1 0.8380281690140845 0.5895833333333333 0.018779342723004695 0.0375
0 0.829225352112676 0.6697916666666667 0.03873239436619718 0.20208333333333334
1 0.8538732394366197 0.575 0.015258215962441314 0.03333333333333333
0 0.8532863849765259 0.6541666666666667 0.03755868544600939 0.2
1 0.8092723004694836 0.5010416666666667 0.005868544600938967 0.010416666666666666
0 0.8133802816901409 0.5447916666666667 0.03286384976525822 0.10625
1 0.982981220657277 0.484375 0.005868544600938967 0.010416666666666666
0 0.9818075117370892 0.5114583333333333 0.017605633802816902 0.07291666666666667
1 0.9501173708920188 0.5135416666666667 0.022300469483568074 0.052083333333333336
0 0.9501173708920188 0.5135416666666667 0.022300469483568074 0.052083333333333336
1 0.926056338028169 0.50625 0.018779342723004695 0.05416666666666667
0 0.926056338028169 0.50625 0.018779342723004695 0.05416666666666667
1 0.9419014084507042 0.48541666666666666 0.005868544600938967 0.0125
0 0.9419014084507042 0.5083333333333333 0.015258215962441314 0.0625
1 0.9348591549295775 0.48541666666666666 0.005868544600938967 0.0125
0 0.931924882629108 0.5052083333333334 0.014084507042253521 0.06041666666666667
1 0.6437793427230047 0.49583333333333335 0.008215962441314555 0.016666666666666666
0 0.6390845070422535 0.5385416666666667 0.01995305164319249 0.10625
1 0.6367370892018779 0.5 0.005868544600938967 0.0125
0 0.6332159624413145 0.5385416666666667 0.01995305164319249 0.09791666666666667
1 0.8104460093896714 0.48333333333333334 0.01056338028169014 0.041666666666666664
0 0.8104460093896714 0.48333333333333334 0.01056338028169014 0.041666666666666664
1 0.8145539906103286 0.48333333333333334 0.009389671361502348 0.0375
0 0.8145539906103286 0.48333333333333334 0.009389671361502348 0.0375
1 0.49471830985915494 0.49895833333333334 0.008215962441314555 0.035416666666666666
0 0.49471830985915494 0.49895833333333334 0.008215962441314555 0.035416666666666666
1 0.4424882629107981 0.496875 0.007042253521126761 0.027083333333333334
0 0.4424882629107981 0.496875 0.007042253521126761 0.027083333333333334