1 0.9291666666666667 0.33751962323390894 0.03125 0.0565149136577708
0 0.9338541666666667 0.4945054945054945 0.084375 0.38304552590266877
1 0.8229166666666666 0.34222919937205654 0.03333333333333333 0.05023547880690738
0 0.8265625 0.48430141287284145 0.10520833333333333 0.3500784929356358
1 0.7380208333333333 0.358712715855573 0.030208333333333334 0.05180533751962323
0 0.7416666666666667 0.49843014128728413 0.08125 0.33751962323390894
1 0.6848958333333334 0.36970172684458397 0.023958333333333335 0.03924646781789639
0 0.6958333333333333 0.4945054945054945 0.08333333333333333 0.30141287284144425
1 0.7291666666666666 0.37755102040816324 0.01875 0.03296703296703297
0 0.7302083333333333 0.4945054945054945 0.03958333333333333 0.27629513343799056
1 0.40208333333333335 0.45447409733124017 0.014583333333333334 0.026687598116169546
0 0.4088541666666667 0.5259026687598116 0.05520833333333333 0.17582417582417584
1 0.3651041666666667 0.44505494505494503 0.013541666666666667 0.026687598116169546
0 0.3703125 0.5164835164835165 0.028125 0.17582417582417584
1 0.3421875 0.45682888540031397 0.015625 0.02511773940345369
0 0.3385416666666667 0.5259026687598116 0.03125 0.1726844583987441
1 0.35208333333333336 0.44819466248037676 0.0125 0.026687598116169546
0 0.35260416666666666 0.5227629513343799 0.051041666666666666 0.18838304552590268
1 0.30885416666666665 0.45918367346938777 0.011458333333333333 0.02040816326530612
0 0.31197916666666664 0.5164835164835165 0.03229166666666667 0.141287284144427
1 0.30520833333333336 0.47802197802197804 0.0125 0.023547880690737835
0 0.30625 0.543171114599686 0.0375 0.16326530612244897
1 0.29375 0.46232339089481944 0.014583333333333334 0.03296703296703297
0 0.290625 0.5313971742543171 0.0375 0.17739403453689168
1 0.2828125 0.45290423861852436 0.013541666666666667 0.026687598116169546
0 0.2828125 0.5259026687598116 0.042708333333333334 0.17582417582417584
1 0.2671875 0.47095761381475665 0.009375 0.015698587127158554
0 0.2708333333333333 0.5235478806907379 0.025 0.130298273155416
1 0.24166666666666667 0.46781789638932497 0.010416666666666666 0.018838304552590265
0 0.24791666666666667 0.5298273155416012 0.0375 0.14913657770800628
1 0.23020833333333332 0.45604395604395603 0.0125 0.02040816326530612
0 0.22864583333333333 0.5023547880690737 0.026041666666666668 0.11930926216640503
1 0.2125 0.4717425431711146 0.010416666666666666 0.02040816326530612
0 0.21458333333333332 0.5180533751962323 0.025 0.11930926216640503
1 0.23125 0.4686028257456829 0.014583333333333334 0.026687598116169546
0 0.2328125 0.5361067503924647 0.051041666666666666 0.17111459968602827
1 0.190625 0.46467817896389324 0.010416666666666666 0.018838304552590265
0 0.19114583333333332 0.5282574568288854 0.042708333333333334 0.15855572998430142
1 0.1828125 0.47095761381475665 0.011458333333333333 0.018838304552590265
0 0.17760416666666667 0.5298273155416012 0.03229166666666667 0.14285714285714285
1 0.14895833333333333 0.478806907378336 0.010416666666666666 0.015698587127158554
0 0.15260416666666668 0.5196232339089482 0.026041666666666668 0.10675039246467818
1 0.14322916666666666 0.4858712715855573 0.011458333333333333 0.02040816326530612
0 0.1421875 0.5298273155416012 0.026041666666666668 0.11459968602825746
1 0.12395833333333334 0.47959183673469385 0.010416666666666666 0.02040816326530612
0 0.12447916666666667 0.5227629513343799 0.028125 0.10989010989010989
1 0.109375 0.48744113029827313 0.00625 0.01098901098901099
0 0.10989583333333333 0.5172684458398744 0.019791666666666666 0.08006279434850863
1 0.09583333333333334 0.48822605965463106 0.00625 0.009419152276295133
0 0.09583333333333334 0.5141287284144427 0.014583333333333334 0.0706436420722135
1 0.08697916666666666 0.48744113029827313 0.007291666666666667 0.01098901098901099
0 0.08541666666666667 0.5188383045525903 0.022916666666666665 0.08320251177394035
1 0.06041666666666667 0.4725274725274725 0.004166666666666667 0.006279434850863423
0 0.06041666666666667 0.4850863422291994 0.010416666666666666 0.03767660910518053
1 0.051041666666666666 0.47095761381475665 0.004166666666666667 0.006279434850863423
0 0.05 0.4850863422291994 0.010416666666666666 0.03767660910518053
1 0.044270833333333336 0.4748822605965463 0.005208333333333333 0.007849293563579277
0 0.043229166666666666 0.4937205651491366 0.015625 0.05180533751962323
1 0.030208333333333334 0.4717425431711146 0.004166666666666667 0.007849293563579277
0 0.030729166666666665 0.4897959183673469 0.015625 0.05023547880690738