1 0.17263279445727484 0.3985611510791367 0.10046189376443418 0.06330935251798561
0 0.17782909930715934 0.6546762589928058 0.2748267898383372 0.5899280575539568
1 0.0894919168591224 0.516546762589928 0.042725173210161664 0.02877697841726619
0 0.10681293302540416 0.6241007194244604 0.21362586605080833 0.35467625899280575
1 0.32967667436489606 0.5370503597122303 0.042725173210161664 0.02805755395683453
0 0.31755196304849886 0.6352517985611511 0.12933025404157045 0.23741007194244604
1 0.4543879907621247 0.5320143884892087 0.042725173210161664 0.02805755395683453
0 0.437066974595843 0.6377697841726618 0.1720554272517321 0.24388489208633093
1 0.424364896073903 0.5215827338129496 0.03810623556581986 0.02302158273381295
0 0.4284064665127021 0.6223021582733813 0.12702078521939955 0.2302158273381295
1 0.6137413394919169 0.491726618705036 0.054272517321016164 0.03237410071942446
0 0.6195150115473441 0.6172661870503597 0.2113163972286374 0.28489208633093527
1 0.687066974595843 0.5237410071942447 0.050808314087759814 0.031654676258992806
0 0.6824480369515011 0.629136690647482 0.09699769053117784 0.24532374100719426
1 0.7465357967667436 0.529136690647482 0.042725173210161664 0.029496402877697843
0 0.7413394919168591 0.6269784172661871 0.09699769053117784 0.23093525179856114
1 0.7846420323325635 0.529136690647482 0.04041570438799076 0.026618705035971222
0 0.7892609699769053 0.6205035971223022 0.08660508083140878 0.21223021582733814
1 0.9341801385681293 0.38201438848920866 0.09699769053117784 0.06330935251798561
0 0.8862586605080831 0.6438848920863309 0.22748267898383373 0.5985611510791367
1 0.08775981524249422 0.5151079136690647 0.04849884526558892 0.030215827338129497
0 0.08371824480369515 0.6241007194244604 0.1628175519630485 0.2755395683453237
1 0.02771362586605081 0.5370503597122303 0.05542725173210162 0.03525179856115108
0 0.05196304849884527 0.6352517985611511 0.10392609699769054 0.23597122302158274
1 0.35161662817551964 0.5431654676258992 0.03810623556581986 0.02014388489208633
0 0.34872979214780603 0.6262589928057554 0.09468822170900693 0.20215827338129497