1 0.541015625 0.754185692541857 0.060546875 0.1019786910197869
0 0.56103515625 0.8508371385083714 0.1865234375 0.2983257229832572
1 0.43603515625 0.7572298325722984 0.0576171875 0.1171993911719939
0 0.43359375 0.8470319634703196 0.14453125 0.3059360730593607
1 0.74951171875 0.7960426179604262 0.0439453125 0.076103500761035
0 0.74609375 0.875951293759513 0.103515625 0.2480974124809741
1 0.927734375 0.693302891933029 0.05859375 0.0989345509893455
0 0.92822265625 0.8188736681887366 0.1435546875 0.3622526636225266
1 0.6826171875 0.7526636225266362 0.041015625 0.0715372907153729
0 0.67626953125 0.852359208523592 0.1162109375 0.2952815829528158
1 0.12548828125 0.3523592085235921 0.0263671875 0.0563165905631659
0 0.13427734375 0.4535768645357686 0.0615234375 0.2678843226788432
1 0.10693359375 0.4733637747336377 0.0322265625 0.0700152207001522
0 0.1123046875 0.5791476407914764 0.080078125 0.2907153729071537
1 0.21484375 0.22754946727549466 0.025390625 0.0563165905631659
0 0.2041015625 0.3439878234398782 0.068359375 0.2861491628614916
1 0.41162109375 0.3698630136986301 0.0322265625 0.0547945205479452
0 0.4072265625 0.5015220700152208 0.08203125 0.3242009132420091
1 0.4326171875 0.5669710806697108 0.037109375 0.0715372907153729
0 0.4541015625 0.7161339421613394 0.119140625 0.3789954337899543
1 0.84814453125 0.5076103500761036 0.0341796875 0.0684931506849315
0 0.83935546875 0.667427701674277 0.1083984375 0.3881278538812785
1 0.71826171875 0.6050228310502284 0.0380859375 0.0715372907153729
0 0.73193359375 0.7770167427701674 0.1064453125 0.4459665144596651
1 0.22021484375 0.4269406392694064 0.0322265625 0.0563165905631659
0 0.23291015625 0.5167427701674278 0.0888671875 0.2420091324200913
1 0.54248046875 0.5182648401826484 0.0439453125 0.0684931506849315
0 0.53466796875 0.6765601217656012 0.0830078125 0.3911719939117199
1 0.73486328125 0.3835616438356164 0.0302734375 0.0517503805175038
0 0.75146484375 0.5205479452054794 0.0751953125 0.3287671232876712
1 0.27490234375 0.4589041095890411 0.0322265625 0.0532724505327245
0 0.26904296875 0.5806697108066972 0.0888671875 0.3120243531202435
1 0.35546875 0.624048706240487 0.041015625 0.076103500761035
0 0.3671875 0.7724505327245054 0.0625 0.3729071537290715
1 0.044921875 0.3105022831050228 0.02734375 0.060882800608828
0 0.04833984375 0.410958904109589 0.0595703125 0.2648401826484018
1 0.31787109375 0.3455098934550989 0.0283203125 0.060882800608828
0 0.3134765625 0.4406392694063927 0.0703125 0.2602739726027397
1 0.08349609375 0.2838660578386606 0.0244140625 0.0471841704718417
0 0.083984375 0.3942161339421613 0.05859375 0.2800608828006088
1 0.23193359375 0.5418569254185692 0.0400390625 0.076103500761035
0 0.23876953125 0.728310502283105 0.1142578125 0.4794520547945205
1 0.08251953125 0.22907153729071536 0.0263671875 0.0441400304414003
0 0.08349609375 0.3614916286149163 0.0751953125 0.3120243531202435
1 0.154296875 0.3226788432267884 0.02734375 0.060882800608828
0 0.15185546875 0.471841704718417 0.0830078125 0.3622526636225266
1 0.35498046875 0.4885844748858447 0.0322265625 0.0578386605783866
0 0.373046875 0.6514459665144596 0.078125 0.3896499238964992
1 0.31005859375 0.2640791476407915 0.0263671875 0.0502283105022831
0 0.3134765625 0.3789954337899543 0.06640625 0.2983257229832572
1 0.6416015625 0.3066971080669711 0.03125 0.0532724505327245
0 0.6298828125 0.4406392694063927 0.099609375 0.3272450532724505
1 0.57958984375 0.23059360730593606 0.0263671875 0.0410958904109589
0 0.57861328125 0.3767123287671233 0.0712890625 0.3363774733637747
1 0.60888671875 0.5547945205479452 0.0322265625 0.0624048706240487
0 0.59326171875 0.7207001522070016 0.1357421875 0.4063926940639269
1 0.7822265625 0.2922374429223744 0.03125 0.0517503805175038
0 0.78125 0.4375951293759513 0.08203125 0.3485540334855403
1 0.79541015625 0.591324200913242 0.0361328125 0.0654490106544901
0 0.787109375 0.7420091324200914 0.083984375 0.3698630136986301
1 0.7734375 0.7123287671232876 0.044921875 0.0730593607305936
0 0.76708984375 0.8340943683409436 0.1298828125 0.3318112633181126