1 0.097 0.44 0.04466666666666667 0.060444444444444446
0 0.10266666666666667 0.6368888888888888 0.088 0.4648888888888889
1 0.364 0.45955555555555555 0.03333333333333333 0.03911111111111111
0 0.37666666666666665 0.6048888888888889 0.11066666666666666 0.3422222222222222
1 0.4136666666666667 0.46266666666666667 0.020666666666666667 0.029333333333333333
0 0.4023333333333333 0.548 0.07266666666666667 0.21244444444444444
1 0.48433333333333334 0.4653333333333333 0.018 0.025777777777777778
0 0.49166666666666664 0.54 0.051333333333333335 0.17333333333333334
1 0.5223333333333333 0.39111111111111113 0.034 0.037333333333333336
0 0.53 0.504 0.104 0.4071111111111111
1 0.581 0.47733333333333333 0.035333333333333335 0.04088888888888889
0 0.579 0.5826666666666667 0.082 0.3244444444444444
1 0.6053333333333333 0.45111111111111113 0.025333333333333333 0.03111111111111111
0 0.6093333333333333 0.5648888888888889 0.06533333333333333 0.27111111111111114
1 0.5603333333333333 0.4408888888888889 0.023333333333333334 0.030222222222222223
0 0.5736666666666667 0.5697777777777778 0.07933333333333334 0.29333333333333333
1 0.5026666666666667 0.45866666666666667 0.010666666666666666 0.016
0 0.5056666666666667 0.49422222222222223 0.019333333333333334 0.09244444444444444
1 0.485 0.4653333333333333 0.016666666666666666 0.025777777777777778
0 0.4806666666666667 0.4888888888888889 0.02666666666666667 0.08533333333333333
1 0.451 0.45111111111111113 0.008666666666666666 0.013333333333333334
0 0.44533333333333336 0.4871111111111111 0.032 0.09066666666666667
1 0.25366666666666665 0.448 0.01 0.016
0 0.252 0.4928888888888889 0.024 0.10933333333333334
1 0.2866666666666667 0.4537777777777778 0.012 0.018666666666666668
0 0.297 0.49866666666666665 0.03933333333333333 0.11022222222222222
1 0.28733333333333333 0.4528888888888889 0.009333333333333334 0.015111111111111112
0 0.2846666666666667 0.488 0.02 0.08533333333333333
1 0.2823333333333333 0.4524444444444444 0.007333333333333333 0.010666666666666666
0 0.2796666666666667 0.48 0.023333333333333334 0.06755555555555555
1 0.258 0.4528888888888889 0.008 0.011555555555555555
0 0.25066666666666665 0.4875555555555556 0.025333333333333333 0.08444444444444445
1 0.27366666666666667 0.45555555555555555 0.0033333333333333335 0.0044444444444444444
0 0.274 0.4648888888888889 0.008 0.02666666666666667
1 0.31066666666666665 0.456 0.005333333333333333 0.008888888888888889
0 0.30966666666666665 0.47955555555555557 0.011333333333333334 0.059555555555555556
1 0.31166666666666665 0.456 0.006 0.008888888888888889
0 0.309 0.47733333333333333 0.015333333333333332 0.058666666666666666
1 0.2996666666666667 0.45644444444444443 0.0033333333333333335 0.0044444444444444444
0 0.2976666666666667 0.4657777777777778 0.006 0.028444444444444446
1 0.323 0.45466666666666666 0.0033333333333333335 0.0044444444444444444
0 0.322 0.4671111111111111 0.008 0.034666666666666665
1 0.32766666666666666 0.468 0.007333333333333333 0.041777777777777775
0 0.32766666666666666 0.468 0.007333333333333333 0.041777777777777775
1 0.3363333333333333 0.46 0.004666666666666667 0.006222222222222222
0 0.33466666666666667 0.4746666666666667 0.013333333333333334 0.04088888888888889
1 0.3426666666666667 0.45511111111111113 0.005333333333333333 0.0071111111111111115
0 0.3426666666666667 0.47155555555555556 0.010666666666666666 0.043555555555555556
1 0.7996666666666666 0.4537777777777778 0.016666666666666666 0.027555555555555555
0 0.805 0.5413333333333333 0.04466666666666667 0.20622222222222222
1 0.9613333333333334 0.4573333333333333 0.009333333333333334 0.011555555555555555
0 0.9593333333333334 0.4951111111111111 0.024 0.09244444444444444
1 0.20766666666666667 0.46355555555555555 0.007333333333333333 0.024
0 0.20766666666666667 0.46355555555555555 0.007333333333333333 0.024
1 0.20033333333333334 0.45466666666666666 0.0033333333333333335 0.0044444444444444444
0 0.19966666666666666 0.4657777777777778 0.008666666666666666 0.030222222222222223
1 0.13433333333333333 0.456 0.0033333333333333335 0.005333333333333333
0 0.134 0.4657777777777778 0.009333333333333334 0.030222222222222223
1 0.008666666666666666 0.4648888888888889 0.008 0.037333333333333336
0 0.008666666666666666 0.4648888888888889 0.008 0.037333333333333336
1 0.014333333333333333 0.4528888888888889 0.0033333333333333335 0.0044444444444444444
0 0.013666666666666667 0.4653333333333333 0.007333333333333333 0.03288888888888889
1 0.02033333333333333 0.4671111111111111 0.008666666666666666 0.034666666666666665
0 0.02033333333333333 0.4671111111111111 0.008666666666666666 0.034666666666666665
1 0.027333333333333334 0.4533333333333333 0.004 0.005333333333333333
0 0.027 0.4662222222222222 0.008666666666666666 0.034666666666666665
1 0.052333333333333336 0.45555555555555555 0.004666666666666667 0.006222222222222222
0 0.048666666666666664 0.4662222222222222 0.012 0.034666666666666665
1 0.060333333333333336 0.4582222222222222 0.0033333333333333335 0.0044444444444444444
0 0.05733333333333333 0.46844444444444444 0.010666666666666666 0.032
1 0.06533333333333333 0.45511111111111113 0.0026666666666666666 0.0035555555555555557
0 0.06533333333333333 0.4662222222222222 0.008 0.03111111111111111
1 0.119 0.45466666666666666 0.0033333333333333335 0.0044444444444444444
0 0.12033333333333333 0.4657777777777778 0.008666666666666666 0.028444444444444446