1 0.4675 0.21200750469043153 0.02 0.0300187617260788
0 0.46625 0.31613508442776733 0.055 0.24953095684803
1 0.465625 0.24671669793621012 0.02875 0.04690431519699812
0 0.45625 0.40431519699812385 0.1025 0.36585365853658536
1 0.513125 0.20544090056285177 0.01875 0.03189493433395872
0 0.505 0.32645403377110693 0.0625 0.28142589118198874
1 0.538125 0.2767354596622889 0.01875 0.03189493433395872
0 0.536875 0.3452157598499062 0.03625 0.17636022514071295
1 0.535 0.3424015009380863 0.0175 0.028142589118198873
0 0.52375 0.41838649155722324 0.07 0.1951219512195122
1 0.6 0.21575984990619138 0.015 0.0225140712945591
0 0.6 0.27861163227016883 0.045 0.15572232645403378
1 0.55625 0.2589118198874296 0.03 0.0525328330206379
0 0.57625 0.4146341463414634 0.085 0.3714821763602251
1 0.583125 0.26172607879924953 0.02375 0.03564727954971857
0 0.5925 0.34803001876172607 0.075 0.2270168855534709
1 0.656875 0.22889305816135083 0.02875 0.0525328330206379
0 0.656875 0.39118198874296434 0.08375 0.3883677298311445