1 0.9639479905437353 0.45 0.03664302600472813 0.07916666666666666
0 0.9527186761229315 0.6520833333333333 0.09456264775413711 0.4875
1 0.8563829787234043 0.4625 0.031914893617021274 0.0625
0 0.8563829787234043 0.65625 0.09574468085106383 0.4583333333333333
1 0.9018912529550828 0.49270833333333336 0.02127659574468085 0.04791666666666667
0 0.9013002364066194 0.628125 0.03664302600472813 0.33125
1 0.7570921985815603 0.45625 0.02955082742316785 0.0625
0 0.7635933806146572 0.621875 0.0851063829787234 0.39791666666666664
1 0.6956264775413712 0.46458333333333335 0.02955082742316785 0.0625
0 0.6867612293144209 0.6520833333333333 0.08274231678486997 0.45
1 0.8540189125295509 0.43125 0.02955082742316785 0.05416666666666667
0 0.8516548463356974 0.63125 0.0673758865248227 0.4666666666666667
1 0.6382978723404256 0.553125 0.014184397163120567 0.027083333333333334
0 0.642434988179669 0.625 0.02955082742316785 0.17916666666666667
1 0.5685579196217494 0.5447916666666667 0.01182033096926714 0.027083333333333334
0 0.5756501182033097 0.6114583333333333 0.03309692671394799 0.16875
1 0.5620567375886525 0.5239583333333333 0.015366430260047281 0.03125
0 0.556146572104019 0.6041666666666666 0.031914893617021274 0.19583333333333333
1 0.5189125295508275 0.5125 0.016548463356973995 0.029166666666666667
0 0.5183215130023641 0.596875 0.041371158392434985 0.20625
1 0.48995271867612294 0.553125 0.008274231678486997 0.014583333333333334
0 0.48995271867612294 0.6052083333333333 0.034278959810874705 0.12708333333333333
1 0.4314420803782506 0.5635416666666667 0.0070921985815602835 0.014583333333333334
0 0.4326241134751773 0.5885416666666666 0.016548463356973995 0.07708333333333334
1 0.4219858156028369 0.575 0.01182033096926714 0.020833333333333332
0 0.4190307328605201 0.6291666666666667 0.034278959810874705 0.12916666666666668
1 0.3859338061465721 0.5458333333333333 0.010638297872340425 0.025
0 0.38534278959810875 0.6135416666666667 0.0425531914893617 0.16875
1 0.4107565011820331 0.5458333333333333 0.008274231678486997 0.016666666666666666
0 0.408983451536643 0.5927083333333333 0.026004728132387706 0.12291666666666666
1 0.34929078014184395 0.5614583333333333 0.00591016548463357 0.010416666666666666
0 0.3475177304964539 0.5885416666666666 0.014184397163120567 0.07291666666666667
1 0.33628841607565013 0.5583333333333333 0.00591016548463357 0.0125
0 0.33687943262411346 0.5854166666666667 0.016548463356973995 0.075
1 0.31560283687943264 0.55625 0.0070921985815602835 0.0125
0 0.31501182033096925 0.5958333333333333 0.022458628841607566 0.1
1 0.24645390070921985 0.5833333333333334 0.013002364066193853 0.025
0 0.24349881796690306 0.6302083333333334 0.028368794326241134 0.12291666666666666
1 0.21040189125295508 0.565625 0.01182033096926714 0.022916666666666665
0 0.21099290780141844 0.6229166666666667 0.027186761229314422 0.14583333333333334
1 0.20094562647754138 0.5427083333333333 0.014184397163120567 0.027083333333333334
0 0.19148936170212766 0.6104166666666667 0.03546099290780142 0.17083333333333334
1 0.08215130023640661 0.50625 0.01773049645390071 0.03333333333333333
0 0.08156028368794327 0.6145833333333334 0.04728132387706856 0.25833333333333336
1 0.15839243498817968 0.5479166666666667 0.009456264775413711 0.020833333333333332
0 0.1690307328605201 0.5989583333333334 0.030732860520094562 0.12708333333333333
1 0.25354609929078015 0.5479166666666667 0.008274231678486997 0.016666666666666666
0 0.25295508274231676 0.5875 0.02127659574468085 0.10416666666666667