1 0.12466666666666666 0.47 0.116 0.23777777777777778
0 0.148 0.6744444444444444 0.296 0.6511111111111111
1 0.4093333333333333 0.48 0.10133333333333333 0.20444444444444446
0 0.4186666666666667 0.6855555555555556 0.24266666666666667 0.6288888888888889
1 0.644 0.48777777777777775 0.09866666666666667 0.18888888888888888
0 0.652 0.6933333333333334 0.24 0.6133333333333333
1 0.846 0.4711111111111111 0.08933333333333333 0.21777777777777776
0 0.8646666666666667 0.68 0.27066666666666667 0.64
1 0.742 0.25555555555555554 0.076 0.16
0 0.746 0.5833333333333334 0.20933333333333334 0.8333333333333334
1 0.5426666666666666 0.25555555555555554 0.07466666666666667 0.17333333333333334
0 0.5433333333333333 0.5811111111111111 0.20133333333333334 0.8377777777777777
1 0.3933333333333333 0.19666666666666666 0.07466666666666667 0.14
0 0.37733333333333335 0.5633333333333334 0.17866666666666667 0.8733333333333333
1 0.21466666666666667 0.21333333333333335 0.08266666666666667 0.17333333333333334
0 0.20266666666666666 0.5577777777777778 0.25333333333333335 0.8844444444444445