1 0.21292162698412698 0.5649801587301587 0.029513888888888888 0.04861111111111111
0 0.1909722222222222 0.7023809523809523 0.07787698412698413 0.3386243386243386
1 0.2646329365079365 0.5924272486772487 0.03720238095238095 0.04728835978835979
0 0.25905257936507936 0.7273478835978836 0.0920138888888889 0.32705026455026454
1 0.4306795634920635 0.5750661375661376 0.030009920634920636 0.047619047619047616
0 0.4303075396825397 0.7465277777777778 0.11458333333333333 0.396494708994709
1 0.48313492063492064 0.6375661375661376 0.049107142857142856 0.07738095238095238
0 0.4833829365079365 0.7971230158730159 0.15823412698412698 0.40575396825396826
1 0.6298363095238095 0.5577050264550265 0.06076388888888889 0.09821428571428571
0 0.6427331349206349 0.7503306878306878 0.21750992063492064 0.49933862433862436
1 0.9520089285714286 0.7081679894179894 0.08655753968253968 0.103505291005291
0 0.9417162698412699 0.8263888888888888 0.11656746031746032 0.3472222222222222