1 0.810204081632653 0.421195652173913 0.07346938775510205 0.1431159420289855
0 0.8255102040816327 0.6503623188405797 0.3122448979591837 0.6992753623188406
1 0.5489795918367347 0.41304347826086957 0.07755102040816327 0.18115942028985507
0 0.5719387755102041 0.657608695652174 0.27040816326530615 0.6847826086956522
1 0.3173469387755102 0.411231884057971 0.07755102040816327 0.17753623188405798
0 0.30153061224489797 0.6530797101449275 0.2826530612244898 0.6938405797101449
1 0.925 0.1585144927536232 0.05612244897959184 0.11413043478260869
0 0.9270408163265306 0.5226449275362319 0.12755102040816327 0.8713768115942029
1 0.8035714285714286 0.0806159420289855 0.06428571428571428 0.1431159420289855
0 0.8280612244897959 0.4592391304347826 0.1663265306122449 0.9112318840579711
1 0.7331632653061224 0.14130434782608695 0.06428571428571428 0.13768115942028986
0 0.7397959183673469 0.4891304347826087 0.19795918367346937 0.9239130434782609
1 0.08877551020408163 0.11503623188405797 0.06326530612244897 0.15760869565217392
0 0.10510204081632653 0.5135869565217391 0.21020408163265306 0.9728260869565217
1 0.3198979591836735 0.06521739130434782 0.07857142857142857 0.13043478260869565
0 0.33010204081632655 0.49094202898550726 0.2030612244897959 0.9818840579710145
1 0.5316326530612245 0.08876811594202899 0.06938775510204082 0.15942028985507245
0 0.5362244897959184 0.48641304347826086 0.21326530612244898 0.9692028985507246
1 0.6107142857142858 0.07789855072463768 0.0663265306122449 0.15579710144927536
0 0.6260204081632653 0.42391304347826086 0.1663265306122449 0.8478260869565217
1 0.2673469387755102 0.057065217391304345 0.0653061224489796 0.11413043478260869
0 0.26377551020408163 0.421195652173913 0.16428571428571428 0.842391304347826