1 0.1796875 0.29260089686098656 0.04375 0.06502242152466367
0 0.1765625 0.5022421524663677 0.153125 0.5201793721973094
1 0.5171875 0.3004484304932735 0.053125 0.08968609865470852
0 0.5078125 0.5739910313901345 0.225 0.6547085201793722
1 0.0078125 0.32847533632286996 0.009375 0.01569506726457399
0 0.01328125 0.36995515695067266 0.0265625 0.1031390134529148
1 0.0234375 0.34417040358744394 0.015625 0.02466367713004484
0 0.02578125 0.4069506726457399 0.0421875 0.16367713004484305
1 0.03515625 0.40919282511210764 0.0265625 0.13228699551569506
0 0.03515625 0.40919282511210764 0.0265625 0.13228699551569506
1 0.04765625 0.33856502242152464 0.0140625 0.02242152466367713
0 0.0546875 0.39798206278026904 0.040625 0.1547085201793722
1 0.06796875 0.3273542600896861 0.0109375 0.017937219730941704
0 0.0625 0.3789237668161435 0.028125 0.13004484304932734
1 0.08203125 0.3475336322869955 0.0171875 0.02242152466367713
0 0.0859375 0.4013452914798206 0.0375 0.13901345291479822
1 0.0734375 0.3150224215246637 0.0125 0.020179372197309416
0 0.07734375 0.37668161434977576 0.0328125 0.15246636771300448
1 0.1 0.3295964125560538 0.009375 0.013452914798206279
0 0.09921875 0.36771300448430494 0.0234375 0.09865470852017937
1 0.1171875 0.336322869955157 0.009375 0.013452914798206279
0 0.11796875 0.36995515695067266 0.0265625 0.09417040358744394
1 0.234375 0.33183856502242154 0.009375 0.013452914798206279
0 0.22890625 0.38004484304932734 0.0265625 0.10986547085201794
1 0.24609375 0.336322869955157 0.0140625 0.02242152466367713
0 0.24609375 0.3923766816143498 0.0328125 0.14349775784753363
1 0.27109375 0.32286995515695066 0.0203125 0.03139013452914798
0 0.27109375 0.42152466367713004 0.0578125 0.23766816143497757
1 0.29453125 0.3542600896860987 0.0109375 0.04484304932735426
0 0.29453125 0.3542600896860987 0.0109375 0.04484304932735426
1 0.30546875 0.34080717488789236 0.0046875 0.008968609865470852
0 0.30546875 0.3576233183856502 0.0140625 0.0515695067264574
1 0.33359375 0.3273542600896861 0.0109375 0.013452914798206279
0 0.32890625 0.3721973094170404 0.0328125 0.10762331838565023
1 0.58515625 0.3396860986547085 0.0078125 0.011210762331838564
0 0.5859375 0.36434977578475336 0.01875 0.06502242152466367
1 0.615625 0.3419282511210762 0.00625 0.011210762331838564
0 0.6125 0.3654708520179372 0.021875 0.06726457399103139
1 0.625 0.3419282511210762 0.00625 0.011210762331838564
0 0.62578125 0.3632286995515695 0.0171875 0.06278026905829596
1 0.65703125 0.33856502242152464 0.0078125 0.013452914798206279
0 0.65625 0.3654708520179372 0.01875 0.07623318385650224
1 0.6859375 0.3396860986547085 0.00625 0.011210762331838564
0 0.68359375 0.37331838565022424 0.0203125 0.08744394618834081
1 0.71640625 0.3396860986547085 0.0109375 0.01569506726457399
0 0.715625 0.3755605381165919 0.028125 0.09192825112107623
1 0.753125 0.3452914798206278 0.0125 0.017937219730941704
0 0.753125 0.3890134529147982 0.03125 0.10986547085201794
1 0.7609375 0.3508968609865471 0.009375 0.01569506726457399
0 0.75703125 0.3890134529147982 0.0234375 0.09641255605381166
1 0.790625 0.34641255605381166 0.009375 0.01569506726457399
0 0.78671875 0.39125560538116594 0.0296875 0.10986547085201794
1 0.8296875 0.336322869955157 0.009375 0.013452914798206279
0 0.82890625 0.3665919282511211 0.0265625 0.07847533632286996
1 0.87265625 0.33856502242152464 0.0078125 0.013452914798206279
0 0.875 0.37668161434977576 0.025 0.09865470852017937
1 0.8859375 0.33183856502242154 0.009375 0.013452914798206279
0 0.8859375 0.36434977578475336 0.021875 0.08295964125560538
1 0.98515625 0.3609865470852018 0.0140625 0.02242152466367713
0 0.97890625 0.4103139013452915 0.0421875 0.13452914798206278
1 0.859375 0.35538116591928254 0.015625 0.02466367713004484
0 0.853125 0.40919282511210764 0.046875 0.14573991031390135
1 0.43515625 0.32623318385650224 0.0171875 0.02914798206278027
0 0.43203125 0.4013452914798206 0.0484375 0.19282511210762332