1 0.7741525423728813 0.5451807228915663 0.06694915254237288 0.1536144578313253
0 0.7843220338983051 0.7296686746987951 0.19915254237288135 0.5406626506024096
1 0.6114406779661017 0.5783132530120482 0.05847457627118644 0.14156626506024098
0 0.6072033898305085 0.7477409638554217 0.17711864406779662 0.5045180722891566
1 0.44364406779661014 0.5640060240963856 0.05847457627118644 0.13704819277108435
0 0.43347457627118646 0.7432228915662651 0.22627118644067798 0.5135542168674698
1 0.8406779661016949 0.4442771084337349 0.03728813559322034 0.08734939759036145
0 0.8423728813559322 0.6957831325301205 0.1152542372881356 0.608433734939759
1 0.7813559322033898 0.44728915662650603 0.03220338983050847 0.06325301204819277
0 0.7800847457627119 0.6694277108433735 0.09915254237288136 0.5436746987951807
1 0.6419491525423728 0.545933734939759 0.03983050847457627 0.09789156626506024
0 0.6423728813559322 0.7462349397590361 0.12203389830508475 0.5075301204819277
1 0.6970338983050848 0.3930722891566265 0.053389830508474574 0.11746987951807229
0 0.6872881355932203 0.6618975903614458 0.16779661016949152 0.6762048192771084
1 0.6148305084745763 0.44051204819277107 0.03305084745762712 0.058734939759036146
0 0.614406779661017 0.5753012048192772 0.07627118644067797 0.3614457831325301
1 0.5792372881355933 0.43599397590361444 0.02457627118644068 0.05572289156626506
0 0.5783898305084746 0.5632530120481928 0.0635593220338983 0.32228915662650603
1 0.48389830508474574 0.4088855421686747 0.06271186440677966 0.14006024096385541
0 0.5008474576271187 0.6641566265060241 0.17457627118644067 0.6716867469879518
1 0.39703389830508473 0.4495481927710843 0.044915254237288135 0.11596385542168675
0 0.4021186440677966 0.6272590361445783 0.11101694915254237 0.48343373493975905
1 0.3305084745762712 0.4585843373493976 0.0576271186440678 0.1280120481927711
0 0.32796610169491525 0.6927710843373494 0.14576271186440679 0.6144578313253012
1 0.2559322033898305 0.42620481927710846 0.05593220338983051 0.0963855421686747
0 0.251271186440678 0.6875 0.11610169491525424 0.625
1 0.15296610169491526 0.42168674698795183 0.036440677966101696 0.07530120481927711
0 0.1478813559322034 0.6460843373493976 0.10254237288135593 0.5481927710843374
1 0.17711864406779662 0.48569277108433734 0.05593220338983051 0.10692771084337349
0 0.20635593220338982 0.713855421686747 0.18220338983050846 0.572289156626506