1 0.036875 0.45294117647058824 0.0275 0.058823529411764705
0 0.039375 0.64 0.0725 0.4423529411764706
1 0.1040625 0.44823529411764707 0.030625 0.06823529411764706
0 0.098125 0.638235294117647 0.09 0.45529411764705885
1 0.1665625 0.4288235294117647 0.028125 0.06
0 0.16375 0.6247058823529412 0.07625 0.4588235294117647
1 0.229375 0.42705882352941177 0.02625 0.0611764705882353
0 0.2303125 0.6211764705882353 0.069375 0.46352941176470586
1 0.2984375 0.4429411764705882 0.025625 0.05529411764705883
0 0.3003125 0.6164705882352941 0.044375 0.4047058823529412
1 0.34125 0.4535294117647059 0.02125 0.05529411764705883
0 0.339375 0.6329411764705882 0.0625 0.4188235294117647
1 0.355 0.41294117647058826 0.02625 0.06352941176470588
0 0.3540625 0.5952941176470589 0.070625 0.43529411764705883
1 0.4071875 0.43117647058823527 0.023125 0.05764705882352941
0 0.40625 0.6058823529411764 0.0625 0.41411764705882353
1 0.4575 0.44058823529411767 0.02625 0.05529411764705883
0 0.46 0.6029411764705882 0.0675 0.38941176470588235
1 0.4828125 0.4711764705882353 0.023125 0.05529411764705883
0 0.484375 0.6388235294117647 0.06625 0.39294117647058824
1 0.5146875 0.44588235294117645 0.023125 0.05411764705882353
0 0.5121875 0.601764705882353 0.053125 0.38
1 0.54125 0.49176470588235294 0.0225 0.05176470588235294
0 0.54 0.6435294117647059 0.06 0.36
1 0.598125 0.4858823529411765 0.02625 0.058823529411764705
0 0.595625 0.6435294117647059 0.06625 0.3811764705882353
1 0.6446875 0.45294117647058824 0.020625 0.05176470588235294
0 0.6453125 0.6217647058823529 0.050625 0.3988235294117647
1 0.6371875 0.43529411764705883 0.023125 0.05411764705882353
0 0.6475 0.6052941176470589 0.06125 0.40352941176470586
1 0.7021875 0.45647058823529413 0.026875 0.058823529411764705
0 0.699375 0.6282352941176471 0.06375 0.40705882352941175
1 0.7296875 0.46176470588235297 0.020625 0.04823529411764706
0 0.7284375 0.6135294117647059 0.044375 0.35411764705882354
1 0.7775 0.4547058823529412 0.02375 0.05764705882352941
0 0.7771875 0.62 0.071875 0.3976470588235294
1 0.81875 0.45941176470588235 0.0225 0.052941176470588235
0 0.816875 0.6270588235294118 0.0525 0.39294117647058824
1 0.87875 0.48705882352941177 0.02625 0.05647058823529412
0 0.8746875 0.64 0.055625 0.36941176470588233
1 0.9246875 0.48411764705882354 0.028125 0.06
0 0.9278125 0.6452941176470588 0.068125 0.3870588235294118
1 0.964375 0.46941176470588236 0.025 0.05647058823529412
0 0.96375 0.6282352941176471 0.0525 0.3764705882352941
1 0.99125 0.41705882352941176 0.0175 0.05058823529411765
0 0.9840625 0.581764705882353 0.031875 0.3847058823529412
1 0.973125 0.4076470588235294 0.02375 0.04588235294117647
0 0.9659375 0.5664705882352942 0.041875 0.3635294117647059
1 0.968125 0.3941176470588235 0.02 0.04470588235294118
0 0.9621875 0.5488235294117647 0.045625 0.3588235294117647
1 0.9390625 0.4323529411764706 0.025625 0.05058823529411765
0 0.9390625 0.5735294117647058 0.045625 0.3423529411764706
1 0.9309375 0.40941176470588236 0.021875 0.047058823529411764
0 0.9334375 0.558235294117647 0.043125 0.3564705882352941
1 0.90625 0.45529411764705885 0.02375 0.047058823529411764
0 0.906875 0.611764705882353 0.0475 0.36941176470588233
1 0.9078125 0.4164705882352941 0.021875 0.047058823529411764
0 0.906875 0.5782352941176471 0.04125 0.3658823529411765
1 0.915625 0.37823529411764706 0.0225 0.04352941176470588
0 0.9115625 0.5252941176470588 0.045625 0.3447058823529412
1 0.8971875 0.36705882352941177 0.018125 0.04
0 0.8971875 0.48823529411764705 0.048125 0.29411764705882354
1 0.875 0.4370588235294118 0.02375 0.05529411764705883
0 0.873125 0.5970588235294118 0.05875 0.38941176470588235
1 0.855 0.4294117647058823 0.02125 0.04941176470588235
0 0.8565625 0.5829411764705882 0.045625 0.36823529411764705
1 0.84 0.4194117647058824 0.01875 0.041176470588235294
0 0.8434375 0.56 0.039375 0.32235294117647056
1 0.8209375 0.40705882352941175 0.024375 0.05176470588235294
0 0.820625 0.5882352941176471 0.07625 0.4188235294117647
1 0.7996875 0.4117647058823529 0.023125 0.05647058823529412
0 0.80125 0.5711764705882353 0.05375 0.37529411764705883
1 0.77875 0.41 0.01875 0.04588235294117647
0 0.77875 0.5682352941176471 0.03875 0.36705882352941177
1 0.7625 0.4076470588235294 0.0225 0.05058823529411765
0 0.7653125 0.5747058823529412 0.050625 0.3847058823529412
1 0.7478125 0.4335294117647059 0.024375 0.05058823529411765
0 0.745625 0.5952941176470589 0.05 0.37176470588235294
1 0.7365625 0.4076470588235294 0.019375 0.041176470588235294
0 0.734375 0.5605882352941176 0.03875 0.34941176470588237
1 0.72 0.4364705882352941 0.0175 0.04
0 0.718125 0.5782352941176471 0.04125 0.32823529411764707
1 0.7196875 0.40176470588235297 0.018125 0.036470588235294116
0 0.7225 0.5411764705882353 0.03625 0.3176470588235294
1 0.6940625 0.41411764705882353 0.016875 0.04470588235294118
0 0.694375 0.5394117647058824 0.035 0.3
1 0.6825 0.4464705882352941 0.0225 0.04823529411764706
0 0.6753125 0.5923529411764706 0.053125 0.33294117647058824
1 0.6678125 0.44176470588235295 0.020625 0.04823529411764706
0 0.670625 0.5858823529411765 0.0375 0.34823529411764703
1 0.6571875 0.4117647058823529 0.018125 0.042352941176470586
0 0.656875 0.558235294117647 0.02875 0.3447058823529412
1 0.6234375 0.4335294117647059 0.016875 0.04588235294117647
0 0.624375 0.5752941176470588 0.03125 0.33176470588235296
1 0.5996875 0.4323529411764706 0.024375 0.052941176470588235
0 0.59875 0.5947058823529412 0.06625 0.38941176470588235
1 0.578125 0.4235294117647059 0.02 0.047058823529411764
0 0.5796875 0.5635294117647058 0.048125 0.32941176470588235
1 0.5415625 0.4041176470588235 0.023125 0.052941176470588235
0 0.539375 0.5705882352941176 0.05875 0.3905882352941176
1 0.4275 0.4158823529411765 0.02 0.04588235294117647
0 0.4184375 0.5741176470588235 0.063125 0.3764705882352941
1 0.2503125 0.41705882352941176 0.021875 0.05058823529411765
0 0.251875 0.57 0.06375 0.3588235294117647
1 0.2665625 0.3976470588235294 0.019375 0.047058823529411764
0 0.269375 0.5476470588235294 0.05125 0.3517647058823529
1 0.21125 0.39941176470588236 0.02125 0.04823529411764706
0 0.2128125 0.5588235294117647 0.043125 0.37176470588235294
1 0.1890625 0.43941176470588234 0.024375 0.04823529411764706
0 0.1934375 0.5958823529411764 0.049375 0.36823529411764705
1 0.0915625 0.40647058823529414 0.021875 0.05058823529411765
0 0.091875 0.5764705882352941 0.055 0.3976470588235294
1 0.031875 0.39235294117647057 0.0275 0.06
0 0.03625 0.5794117647058824 0.06875 0.46
1 0.010625 0.3976470588235294 0.02125 0.05176470588235294
0 0.023125 0.5847058823529412 0.04625 0.43529411764705883
1 0.05125 0.40352941176470586 0.0225 0.04941176470588235
0 0.0525 0.5570588235294117 0.0425 0.37058823529411766
1 0.0675 0.4264705882352941 0.02125 0.04588235294117647
0 0.0659375 0.5394117647058824 0.031875 0.27647058823529413
1 0.0975 0.34941176470588237 0.02 0.042352941176470586
0 0.09875 0.47058823529411764 0.05125 0.2917647058823529
1 0.140625 0.3270588235294118 0.02 0.04
0 0.1421875 0.4264705882352941 0.044375 0.24823529411764705
1 0.1659375 0.3423529411764706 0.018125 0.04
0 0.1653125 0.43176470588235294 0.035625 0.22588235294117648
1 0.1225 0.40352941176470586 0.025 0.05176470588235294
0 0.126875 0.5558823529411765 0.0475 0.3729411764705882
1 0.1909375 0.3847058823529412 0.019375 0.042352941176470586
0 0.190625 0.5264705882352941 0.03375 0.3305882352941176
1 0.48 0.36764705882352944 0.0175 0.041176470588235294
0 0.4815625 0.4976470588235294 0.038125 0.3176470588235294
1 0.46125 0.3388235294117647 0.01625 0.03529411764705882
0 0.4609375 0.42058823529411765 0.031875 0.20588235294117646
1 0.769375 0.34823529411764703 0.0175 0.03764705882352941
0 0.766875 0.43117647058823527 0.04375 0.20823529411764705
1 0.569375 0.4688235294117647 0.02375 0.04823529411764706
0 0.5771875 0.6252941176470588 0.051875 0.3658823529411765
1 0.3028125 0.41352941176470587 0.020625 0.04588235294117647
0 0.300625 0.5705882352941176 0.06 0.36705882352941177
1 0.315 0.43411764705882355 0.01875 0.047058823529411764
0 0.31125 0.5964705882352941 0.03375 0.37411764705882355
1 0.445625 0.41294117647058826 0.02 0.047058823529411764
0 0.4465625 0.5576470588235294 0.035625 0.34352941176470586
1 0.215625 0.32823529411764707 0.01875 0.03764705882352941
0 0.2115625 0.4776470588235294 0.035625 0.3388235294117647