1 0.22692307692307692 0.5747126436781609 0.012307692307692308 0.029258098223615466
0 0.22692307692307692 0.5747126436781609 0.012307692307692308 0.029258098223615466
1 0.23384615384615384 0.5621734587251829 0.003076923076923077 0.0041797283176593526
0 0.23423076923076924 0.5731452455590387 0.008461538461538461 0.02821316614420063
1 0.465 0.6212121212121212 0.01769230769230769 0.03657262277951933
0 0.4330769230769231 0.719435736677116 0.08461538461538462 0.23510971786833856
1 0.4823076923076923 0.6327063740856844 0.021538461538461538 0.03657262277951933
0 0.45692307692307693 0.7288401253918495 0.08461538461538462 0.2330198537095089
1 0.5065384615384615 0.6379310344827587 0.023846153846153847 0.038662486938349006
0 0.5030769230769231 0.7518286311389759 0.055384615384615386 0.27481713688610243
1 0.53 0.6107628004179728 0.024615384615384615 0.042842215256008356
0 0.5280769230769231 0.7429467084639498 0.08076923076923077 0.3072100313479624
1 0.5996153846153847 0.5663531870428422 0.0038461538461538464 0.006269592476489028
0 0.6003846153846154 0.5794148380355277 0.01 0.03657262277951933
1 0.6373076923076924 0.5663531870428422 0.0038461538461538464 0.006269592476489028
0 0.6357692307692308 0.5783699059561128 0.01 0.034482758620689655
1 0.6357692307692308 0.5741901776384535 0.0038461538461538464 0.00522466039707419
0 0.6376923076923077 0.5867293625914316 0.012307692307692308 0.03657262277951933
1 0.6473076923076924 0.5689655172413793 0.0038461538461538464 0.00522466039707419
0 0.6473076923076924 0.5820271682340648 0.01 0.03343782654127482
1 0.6580769230769231 0.5658307210031348 0.0038461538461538464 0.00522466039707419
0 0.6576923076923077 0.5778474399164054 0.010769230769230769 0.03134796238244514
1 0.6846153846153846 0.5768025078369906 0.004615384615384616 0.006269592476489028
0 0.6842307692307692 0.5888192267502612 0.011538461538461539 0.034482758620689655
1 0.7015384615384616 0.5799373040752351 0.003076923076923077 0.0041797283176593526
0 0.7026923076923077 0.5924764890282131 0.011538461538461539 0.03134796238244514
1 0.7315384615384616 0.5694879832810867 0.003076923076923077 0.0041797283176593526
0 0.7323076923076923 0.5788923719958202 0.009230769230769232 0.027168234064785787
1 0.7380769230769231 0.56478578892372 0.0038461538461538464 0.00522466039707419
0 0.7392307692307692 0.5768025078369906 0.007692307692307693 0.03134796238244514
1 0.7557692307692307 0.5642633228840125 0.0038461538461538464 0.006269592476489028
0 0.7542307692307693 0.577324973876698 0.011538461538461539 0.034482758620689655
1 0.765 0.5626959247648903 0.0038461538461538464 0.00522466039707419
0 0.7642307692307693 0.5741901776384535 0.008461538461538461 0.03239289446185998
1 0.7711538461538462 0.5747126436781609 0.006923076923076923 0.03134796238244514
0 0.7711538461538462 0.5747126436781609 0.006923076923076923 0.03134796238244514
1 0.7746153846153846 0.5653082549634274 0.004615384615384616 0.006269592476489028
0 0.7753846153846153 0.5747126436781609 0.009230769230769232 0.03343782654127482
1 0.785 0.567398119122257 0.0038461538461538464 0.006269592476489028
0 0.786923076923077 0.5835945663531871 0.015384615384615385 0.04075235109717868
1 0.796923076923077 0.5757575757575758 0.004615384615384616 0.006269592476489028
0 0.7965384615384615 0.587251828631139 0.013076923076923076 0.03343782654127482
1 0.8038461538461539 0.5736677115987461 0.004615384615384616 0.006269592476489028
0 0.805 0.587251828631139 0.011538461538461539 0.035527690700104496
1 0.8269230769230769 0.5893416927899686 0.012307692307692308 0.029258098223615466
0 0.8269230769230769 0.5893416927899686 0.012307692307692308 0.029258098223615466
1 0.816923076923077 0.5893416927899686 0.009230769230769232 0.03134796238244514
0 0.816923076923077 0.5893416927899686 0.009230769230769232 0.03134796238244514
1 0.825 0.5684430512016719 0.0038461538461538464 0.006269592476489028
0 0.8269230769230769 0.5762800417972832 0.010769230769230769 0.02612330198537095
1 0.85 0.567398119122257 0.009230769230769232 0.01671891327063741
0 0.85 0.567398119122257 0.009230769230769232 0.01671891327063741
1 0.8576923076923076 0.5658307210031348 0.003076923076923077 0.00522466039707419
0 0.8576923076923076 0.5768025078369906 0.010769230769230769 0.03134796238244514
1 0.8642307692307692 0.5794148380355277 0.011538461538461539 0.034482758620689655
0 0.8642307692307692 0.5794148380355277 0.011538461538461539 0.034482758620689655
1 0.9130769230769231 0.5621734587251829 0.003076923076923077 0.0041797283176593526
0 0.911923076923077 0.571055381400209 0.01 0.02821316614420063
1 0.925 0.5564263322884012 0.002307692307692308 0.003134796238244514
0 0.9238461538461539 0.5663531870428422 0.007692307692307693 0.025078369905956112
1 0.9276923076923077 0.5590386624869383 0.003076923076923077 0.0041797283176593526
0 0.9292307692307692 0.5668756530825496 0.007692307692307693 0.024033437826541274
1 0.9223076923076923 0.5736677115987461 0.004615384615384616 0.006269592476489028
0 0.9215384615384615 0.5862068965517241 0.010769230769230769 0.03761755485893417
1 0.9353846153846154 0.5747126436781609 0.004615384615384616 0.006269592476489028
0 0.9334615384615385 0.5877742946708464 0.01 0.03657262277951933
1 0.9434615384615385 0.5768025078369906 0.0038461538461538464 0.006269592476489028
0 0.9442307692307692 0.5893416927899686 0.01 0.03343782654127482
1 0.9823076923076923 0.5783699059561128 0.004615384615384616 0.00522466039707419
0 0.98 0.5919540229885057 0.010769230769230769 0.03239289446185998
1 0.9642307692307692 0.5909090909090909 0.013076923076923076 0.034482758620689655
0 0.9642307692307692 0.5909090909090909 0.013076923076923076 0.034482758620689655
1 0.9542307692307692 0.5914315569487983 0.01 0.03134796238244514
0 0.9542307692307692 0.5914315569487983 0.01 0.03134796238244514
1 0.7173076923076923 0.5621734587251829 0.0038461538461538464 0.006269592476489028
0 0.7134615384615385 0.5778474399164054 0.016153846153846154 0.03761755485893417
1 0.7176923076923077 0.567398119122257 0.003076923076923077 0.0041797283176593526
0 0.7184615384615385 0.5794148380355277 0.010769230769230769 0.03239289446185998