1 0.17506297229219145 0.64875 0.02938706968933669 0.0425
0 0.1486146095717884 0.793125 0.12090680100755667 0.34375
1 0.24055415617128464 0.69875 0.022670025188916875 0.0375
0 0.235936188077246 0.81125 0.0873215785054576 0.2675
1 0.28001679261125106 0.705 0.022670025188916875 0.0375
0 0.2665827036104114 0.809375 0.07304785894206549 0.25125
1 0.3589420654911839 0.616875 0.027707808564231738 0.04125
0 0.3534844668345928 0.760625 0.11418975650713686 0.45125
1 0.40134340890008396 0.71375 0.018471872376154493 0.03
0 0.4017632241813602 0.815625 0.05961376994122586 0.24375
1 0.6318219983207388 0.733125 0.01595298068849706 0.02875
0 0.6297229219143576 0.81375 0.04030226700251889 0.195
1 0.7048698572628044 0.694375 0.020990764063811923 0.03125
0 0.7149454240134341 0.8 0.06633081444164568 0.245
1 0.7812762384550798 0.38125 0.04953820319059614 0.07
0 0.7644836272040302 0.629375 0.18387909319899245 0.71625