1 0.8732456140350877 0.49918032786885247 0.04473684210526316 0.1
0 0.8776315789473684 0.7204918032786886 0.12368421052631579 0.559016393442623
1 0.9021929824561403 0.38934426229508196 0.037719298245614034 0.09016393442622951
0 0.912719298245614 0.6450819672131147 0.10263157894736842 0.6180327868852459
1 0.8184210526315789 0.36311475409836064 0.04035087719298246 0.09016393442622951
0 0.8206140350877194 0.6245901639344262 0.11666666666666667 0.6295081967213115
1 0.781140350877193 0.3237704918032787 0.039473684210526314 0.08360655737704918
0 0.7824561403508772 0.6008196721311475 0.08947368421052632 0.6508196721311476
1 0.7403508771929824 0.3860655737704918 0.03508771929824561 0.08688524590163935
0 0.7478070175438597 0.6409836065573771 0.09385964912280702 0.6098360655737705
1 0.7539473684210526 0.5131147540983606 0.037719298245614034 0.09836065573770492
0 0.7671052631578947 0.728688524590164 0.11666666666666667 0.5426229508196722
1 0.712280701754386 0.32704918032786884 0.04035087719298246 0.08360655737704918
0 0.7293859649122807 0.5983606557377049 0.09736842105263158 0.6459016393442623
1 0.6723684210526316 0.3516393442622951 0.037719298245614034 0.08688524590163935
0 0.6763157894736842 0.6090163934426229 0.07543859649122807 0.6147540983606558
1 0.6539473684210526 0.530327868852459 0.035964912280701755 0.08360655737704918
0 0.6592105263157895 0.7401639344262295 0.10263157894736842 0.519672131147541
1 0.6201754385964913 0.3639344262295082 0.03859649122807018 0.08852459016393442
0 0.625 0.6254098360655738 0.10263157894736842 0.6180327868852459
1 0.5881578947368421 0.330327868852459 0.037719298245614034 0.08360655737704918
0 0.5929824561403508 0.601639344262295 0.08596491228070176 0.6360655737704918
1 0.5561403508771929 0.4852459016393443 0.043859649122807015 0.08852459016393442
0 0.5649122807017544 0.7139344262295082 0.1368421052631579 0.5721311475409836
1 0.5478070175438596 0.36065573770491804 0.037719298245614034 0.09180327868852459
0 0.5530701754385965 0.6245901639344262 0.10087719298245613 0.6262295081967213
1 0.49780701754385964 0.32868852459016396 0.035964912280701755 0.09016393442622951
0 0.4921052631578947 0.5901639344262295 0.0912280701754386 0.6426229508196721
1 0.4570175438596491 0.4885245901639344 0.03859649122807018 0.09508196721311475
0 0.45219298245614037 0.7172131147540983 0.11315789473684211 0.5655737704918032
1 0.44035087719298244 0.32868852459016396 0.03508771929824561 0.09016393442622951
0 0.4390350877192982 0.5868852459016394 0.09210526315789473 0.639344262295082
1 0.3912280701754386 0.36311475409836064 0.04035087719298246 0.09016393442622951
0 0.3899122807017544 0.6237704918032787 0.09736842105263158 0.6213114754098361
1 0.3587719298245614 0.49508196721311476 0.042105263157894736 0.09180327868852459
0 0.3460526315789474 0.7213114754098361 0.13596491228070176 0.5573770491803278
1 0.3201754385964912 0.3254098360655738 0.04035087719298246 0.08360655737704918
0 0.3175438596491228 0.6081967213114754 0.09649122807017543 0.6688524590163935
1 0.25263157894736843 0.48114754098360657 0.042105263157894736 0.1
0 0.23903508771929824 0.7122950819672131 0.1482456140350877 0.5754098360655737
1 0.1394736842105263 0.5008196721311475 0.043859649122807015 0.09016393442622951
0 0.12850877192982457 0.719672131147541 0.13771929824561405 0.5508196721311476
1 0.1456140350877193 0.30983606557377047 0.042105263157894736 0.09180327868852459
0 0.14385964912280702 0.6032786885245902 0.12105263157894737 0.6852459016393443
1 0.2236842105263158 0.3639344262295082 0.042105263157894736 0.09508196721311475
0 0.22412280701754386 0.6196721311475409 0.10438596491228071 0.6327868852459017
1 0.27149122807017545 0.3081967213114754 0.035964912280701755 0.08852459016393442
0 0.2649122807017544 0.5967213114754099 0.09298245614035087 0.6688524590163935