1 0.031005859375 0.87995337995338 0.00341796875 0.006993006993006993
0 0.0302734375 0.8991841491841492 0.0078125 0.047785547785547784
1 0.041015625 0.8805361305361306 0.0029296875 0.008158508158508158
0 0.040771484375 0.8980186480186481 0.00732421875 0.045454545454545456
1 0.144287109375 0.87995337995338 0.00537109375 0.02564102564102564
0 0.144287109375 0.87995337995338 0.00537109375 0.02564102564102564
1 0.159423828125 0.8782051282051282 0.00341796875 0.008158508158508158
0 0.15869140625 0.8974358974358975 0.0107421875 0.04895104895104895
1 0.16650390625 0.8752913752913752 0.0029296875 0.006993006993006993
0 0.16650390625 0.8962703962703963 0.0078125 0.05128205128205128
1 0.186767578125 0.8817016317016317 0.00244140625 0.005827505827505828
0 0.1875 0.8986013986013986 0.0068359375 0.039627039627039624
1 0.199462890625 0.918997668997669 0.00341796875 0.005827505827505828
0 0.208740234375 0.9155011655011654 0.02490234375 0.017482517482517484
1 0.1962890625 0.8601398601398601 0.001953125 0.004662004662004662
0 0.19580078125 0.8706293706293706 0.0048828125 0.027972027972027972
1 0.236328125 0.8706293706293706 0.0029296875 0.006993006993006993
0 0.236328125 0.8933566433566433 0.0078125 0.05710955710955711
1 0.281005859375 0.9044289044289044 0.00439453125 0.011655011655011656
0 0.27978515625 0.916083916083916 0.015625 0.039627039627039624
1 0.272705078125 0.9038461538461539 0.00537109375 0.015151515151515152
0 0.271728515625 0.916083916083916 0.01318359375 0.04195804195804196
1 0.285400390625 0.9026806526806527 0.00439453125 0.01282051282051282
0 0.2841796875 0.914918414918415 0.015625 0.04195804195804196
1 0.302001953125 0.9038461538461539 0.00439453125 0.01282051282051282
0 0.297607421875 0.9166666666666666 0.02978515625 0.04079254079254079
1 0.30810546875 0.8817016317016317 0.0029296875 0.008158508158508158
0 0.30859375 0.8974358974358975 0.0068359375 0.039627039627039624
1 0.30224609375 0.8822843822843823 0.001953125 0.004662004662004662
0 0.30224609375 0.8974358974358975 0.005859375 0.039627039627039624
1 0.298828125 0.87995337995338 0.001953125 0.006993006993006993
0 0.29833984375 0.8956876456876457 0.005859375 0.04312354312354312
1 0.294677734375 0.8851981351981352 0.00244140625 0.005827505827505828
0 0.29443359375 0.8991841491841492 0.005859375 0.038461538461538464
1 0.333984375 0.9143356643356644 0.0029296875 0.005827505827505828
0 0.3408203125 0.9166666666666666 0.0185546875 0.01282051282051282
1 0.3544921875 0.8997668997668997 0.0029296875 0.006993006993006993
0 0.3544921875 0.9079254079254079 0.0107421875 0.02564102564102564
1 0.361572265625 0.87995337995338 0.00244140625 0.006993006993006993
0 0.361572265625 0.8962703962703963 0.00732421875 0.04195804195804196
1 0.3681640625 0.8811188811188811 0.0029296875 0.006993006993006993
0 0.3671875 0.8974358974358975 0.0068359375 0.039627039627039624
1 0.396728515625 0.8817016317016317 0.00244140625 0.005827505827505828
0 0.396240234375 0.8968531468531469 0.00537109375 0.038461538461538464
1 0.391845703125 0.835081585081585 0.00146484375 0.0034965034965034965
0 0.390869140625 0.8432400932400932 0.00439453125 0.029137529137529136
1 0.400390625 0.8484848484848485 0.001953125 0.004662004662004662
0 0.399658203125 0.8554778554778555 0.00537109375 0.023310023310023312
1 0.420166015625 0.8484848484848485 0.00244140625 0.006993006993006993
0 0.419677734375 0.8560606060606061 0.00732421875 0.024475524475524476
1 0.444091796875 0.8805361305361306 0.00244140625 0.005827505827505828
0 0.44384765625 0.8962703962703963 0.0068359375 0.039627039627039624
1 0.449951171875 0.8782051282051282 0.00244140625 0.005827505827505828
0 0.449462890625 0.8956876456876457 0.00537109375 0.04312354312354312
1 0.451904296875 0.884032634032634 0.00244140625 0.005827505827505828
0 0.452880859375 0.8986013986013986 0.00732421875 0.037296037296037296
1 0.454345703125 0.8822843822843823 0.00244140625 0.006993006993006993
0 0.454345703125 0.8968531468531469 0.00439453125 0.038461538461538464
1 0.447021484375 0.8333333333333334 0.00244140625 0.006993006993006993
0 0.447509765625 0.8455710955710956 0.00537109375 0.0337995337995338
1 0.452392578125 0.8560606060606061 0.00244140625 0.005827505827505828
0 0.450927734375 0.8618881118881119 0.00732421875 0.022144522144522144
1 0.45751953125 0.8519813519813519 0.001953125 0.004662004662004662
0 0.4580078125 0.8589743589743589 0.005859375 0.023310023310023312
1 0.46142578125 0.8024475524475524 0.001953125 0.005827505827505828
0 0.46142578125 0.8141025641025641 0.0048828125 0.03146853146853147
1 0.46826171875 0.8012820512820513 0.001953125 0.005827505827505828
0 0.468017578125 0.8135198135198135 0.00439453125 0.03496503496503497
1 0.45703125 0.7773892773892774 0.001953125 0.004662004662004662
0 0.455810546875 0.7896270396270396 0.00439453125 0.03146853146853147
1 0.460205078125 0.7791375291375291 0.00146484375 0.0034965034965034965
0 0.461181640625 0.791958041958042 0.00634765625 0.03146853146853147
1 0.473876953125 0.8228438228438228 0.00732421875 0.02097902097902098
0 0.475830078125 0.8875291375291375 0.02294921875 0.155011655011655
1 0.49267578125 0.8793706293706294 0.0029296875 0.008158508158508158
0 0.492431640625 0.8945221445221445 0.00732421875 0.04312354312354312
1 0.497802734375 0.8747086247086248 0.00341796875 0.008158508158508158
0 0.497314453125 0.8927738927738927 0.00634765625 0.046620046620046623
1 0.50146484375 0.8758741258741258 0.0029296875 0.008158508158508158
0 0.502685546875 0.8939393939393939 0.00830078125 0.046620046620046623
1 0.51220703125 0.8275058275058275 0.0029296875 0.006993006993006993
0 0.5126953125 0.8414918414918415 0.0087890625 0.037296037296037296
1 0.524658203125 0.8805361305361306 0.00244140625 0.005827505827505828
0 0.52392578125 0.8968531468531469 0.005859375 0.04079254079254079
1 0.5283203125 0.8811188811188811 0.0029296875 0.006993006993006993
0 0.529052734375 0.8956876456876457 0.00634765625 0.04079254079254079
1 0.534423828125 0.8811188811188811 0.00244140625 0.006993006993006993
0 0.53369140625 0.8956876456876457 0.005859375 0.04079254079254079
1 0.522705078125 0.8257575757575758 0.00537109375 0.03146853146853147
0 0.522705078125 0.8257575757575758 0.00537109375 0.03146853146853147
1 0.525390625 0.8135198135198135 0.005859375 0.018648018648018648
0 0.525390625 0.8135198135198135 0.005859375 0.018648018648018648
1 0.529541015625 0.8263403263403264 0.00146484375 0.004662004662004662
0 0.529541015625 0.8315850815850816 0.00634765625 0.019813519813519812
1 0.542236328125 0.7872960372960373 0.00244140625 0.005827505827505828
0 0.5419921875 0.8012820512820513 0.0048828125 0.03613053613053613
1 0.5595703125 0.8199300699300699 0.0087890625 0.022144522144522144
0 0.561767578125 0.8805361305361306 0.02587890625 0.155011655011655
1 0.6103515625 0.8653846153846154 0.0048828125 0.01048951048951049
0 0.60888671875 0.9026806526806527 0.009765625 0.08741258741258741
1 0.610107421875 0.8385780885780886 0.00634765625 0.022144522144522144
0 0.610107421875 0.8385780885780886 0.00634765625 0.022144522144522144
1 0.616943359375 0.8304195804195804 0.00146484375 0.0034965034965034965
0 0.6171875 0.8368298368298368 0.005859375 0.023310023310023312
1 0.62109375 0.877039627039627 0.001953125 0.005827505827505828
0 0.6201171875 0.8939393939393939 0.005859375 0.04428904428904429
1 0.62646484375 0.87995337995338 0.0029296875 0.006993006993006993
0 0.625732421875 0.8951048951048951 0.00732421875 0.04195804195804196
1 0.635986328125 0.8793706293706294 0.00244140625 0.005827505827505828
0 0.63525390625 0.8945221445221445 0.005859375 0.038461538461538464
1 0.65380859375 0.8980186480186481 0.0029296875 0.008158508158508158
0 0.654052734375 0.9090909090909091 0.01318359375 0.03263403263403263
1 0.65380859375 0.8758741258741258 0.0029296875 0.005827505827505828
0 0.653564453125 0.8886946386946387 0.00732421875 0.0337995337995338
1 0.657958984375 0.8706293706293706 0.00244140625 0.006993006993006993
0 0.65771484375 0.8851981351981352 0.005859375 0.04079254079254079
1 0.677734375 0.8811188811188811 0.001953125 0.004662004662004662
0 0.677001953125 0.8904428904428905 0.00439453125 0.02564102564102564
1 0.68701171875 0.87004662004662 0.0029296875 0.01048951048951049
0 0.68798828125 0.8927738927738927 0.01171875 0.055944055944055944
1 0.7001953125 0.9067599067599068 0.009765625 0.02097902097902098
0 0.7001953125 0.9067599067599068 0.009765625 0.02097902097902098
1 0.71240234375 0.8916083916083916 0.0029296875 0.006993006993006993
0 0.71142578125 0.8997668997668997 0.0078125 0.02564102564102564
1 0.724365234375 0.8851981351981352 0.00244140625 0.005827505827505828
0 0.72412109375 0.8974358974358975 0.0087890625 0.03496503496503497
1 0.734130859375 0.8921911421911422 0.00537109375 0.01282051282051282
0 0.73095703125 0.9137529137529138 0.013671875 0.06060606060606061
1 0.7734375 0.8974358974358975 0.00390625 0.009324009324009324
0 0.772216796875 0.9073426573426573 0.01318359375 0.0337995337995338
1 0.78515625 0.8671328671328671 0.00390625 0.009324009324009324
0 0.785888671875 0.8910256410256411 0.01220703125 0.05944055944055944
1 0.79638671875 0.8758741258741258 0.00390625 0.01048951048951049
0 0.7958984375 0.8951048951048951 0.009765625 0.05128205128205128
1 0.815673828125 0.912004662004662 0.00439453125 0.008158508158508158
0 0.803955078125 0.9213286713286714 0.03564453125 0.026806526806526808
1 0.8134765625 0.8636363636363636 0.00390625 0.011655011655011656
0 0.8125 0.8904428904428905 0.01171875 0.06993006993006994
1 0.82568359375 0.8776223776223776 0.0029296875 0.006993006993006993
0 0.82373046875 0.8951048951048951 0.0068359375 0.04428904428904429
1 0.831298828125 0.8782051282051282 0.00244140625 0.005827505827505828
0 0.830810546875 0.8945221445221445 0.00830078125 0.04079254079254079
1 0.838134765625 0.9032634032634033 0.00439453125 0.011655011655011656
0 0.843017578125 0.912004662004662 0.01611328125 0.03146853146853147
1 0.85302734375 0.8805361305361306 0.0029296875 0.005827505827505828
0 0.8525390625 0.8951048951048951 0.0087890625 0.037296037296037296
1 0.87060546875 0.8694638694638694 0.00390625 0.009324009324009324
0 0.869873046875 0.8898601398601399 0.01220703125 0.05244755244755245
1 0.8837890625 0.8997668997668997 0.0048828125 0.011655011655011656
0 0.8828125 0.916083916083916 0.025390625 0.05128205128205128
1 0.89501953125 0.8787878787878788 0.00390625 0.009324009324009324
0 0.890869140625 0.8974358974358975 0.01220703125 0.05128205128205128
1 0.96630859375 0.8817016317016317 0.001953125 0.005827505827505828
0 0.96630859375 0.8939393939393939 0.005859375 0.03496503496503497
1 0.976318359375 0.8822843822843823 0.00244140625 0.004662004662004662
0 0.976318359375 0.8951048951048951 0.00732421875 0.03496503496503497
1 0.981689453125 0.87995337995338 0.00244140625 0.006993006993006993
0 0.982177734375 0.8921911421911422 0.00732421875 0.03613053613053613