1 0.009895833333333333 0.40625 0.019791666666666666 0.26875
0 0.026041666666666668 0.40625 0.052083333333333336 0.26875
1 0.015104166666666667 0.290625 0.023958333333333335 0.0375
0 0.03125 0.403125 0.0625 0.265625
1 0.05625 0.290625 0.020833333333333332 0.0375
0 0.06041666666666667 0.3984375 0.05625 0.259375
1 0.128125 0.2328125 0.06041666666666667 0.103125
0 0.134375 0.52734375 0.14375 0.6921875
1 0.25677083333333334 0.1859375 0.053125 0.109375
0 0.2640625 0.490625 0.15104166666666666 0.728125
1 0.36354166666666665 0.21640625 0.06458333333333334 0.1109375
0 0.4140625 0.515625 0.203125 0.71875
1 0.7755208333333333 0.15859375 0.07604166666666666 0.1421875
0 0.759375 0.5359375 0.22083333333333333 0.9
1 0.8880208333333334 0.378125 0.017708333333333333 0.025
0 0.8885416666666667 0.4453125 0.0375 0.165625
1 0.9109375 0.3328125 0.026041666666666668 0.0375
0 0.8953125 0.4203125 0.08229166666666667 0.21875
1 0.915625 0.403125 0.01875 0.028125
0 0.9145833333333333 0.46484375 0.06666666666666667 0.1671875
1 0.9864583333333333 0.25546875 0.027083333333333334 0.1578125
0 0.9619791666666667 0.5875 0.07604166666666666 0.825