1 0.04640250260688217 0.515625 0.01564129301355579 0.021875
0 0.03441084462982273 0.57890625 0.06882168925964546 0.1578125
1 0.102711157455683 0.525 0.011470281543274244 0.01875
0 0.10062565172054223 0.57421875 0.040667361835245046 0.1234375
1 0.1319082377476538 0.51484375 0.013555787278415016 0.0203125
0 0.12825860271115747 0.5671875 0.027111574556830033 0.13125
1 0.14129301355578727 0.509375 0.009384775808133473 0.015625
0 0.14181438998957246 0.5515625 0.022940563086548488 0.1125
1 0.3482794577685089 0.51640625 0.010427528675703858 0.0203125
0 0.3467153284671533 0.565625 0.028154327424400417 0.125
1 0.3983315954118874 0.50625 0.01251303441084463 0.021875
0 0.40041710114702816 0.56015625 0.027111574556830033 0.1328125
1 0.5683003128258602 0.521875 0.01251303441084463 0.01875
0 0.5531803962460897 0.584375 0.053180396246089674 0.146875
1 0.6819603753910324 0.5203125 0.01251303441084463 0.015625
0 0.6751824817518248 0.56484375 0.026068821689259645 0.1140625
1 0.7038581856100105 0.52265625 0.01251303441084463 0.0203125
0 0.6976016684045881 0.5640625 0.02502606882168926 0.109375
1 0.7132429614181439 0.5078125 0.010427528675703858 0.015625
0 0.7158498435870698 0.559375 0.028154327424400417 0.125
1 0.8415015641293013 0.5296875 0.01251303441084463 0.01875
0 0.8388946819603754 0.57578125 0.03232533889468196 0.1171875
1 0.8581856100104275 0.51953125 0.010427528675703858 0.0171875
0 0.8633993743482794 0.57265625 0.029197080291970802 0.1296875
1 0.886339937434828 0.50859375 0.01251303441084463 0.0203125
0 0.8899895724713243 0.56953125 0.028154327424400417 0.1515625
1 0.8915537017726799 0.525 0.010427528675703858 0.01875
0 0.8910323253388946 0.58125 0.03441084462982273 0.140625
1 0.908237747653806 0.521875 0.01251303441084463 0.01875
0 0.9066736183524504 0.5796875 0.03232533889468196 0.140625
1 0.9608967674661105 0.51796875 0.013555787278415016 0.0234375
0 0.9603753910323254 0.57578125 0.029197080291970802 0.1421875
1 0.9655891553701773 0.51875 0.014598540145985401 0.021875
0 0.959332638164755 0.571875 0.03336809176225235 0.140625
1 0.9822732012513035 0.51796875 0.01251303441084463 0.0203125
0 0.9775808133472367 0.58203125 0.040667361835245046 0.1546875
1 0.9801876955161627 0.52734375 0.014598540145985401 0.0265625
0 0.9817518248175182 0.5921875 0.03441084462982273 0.159375
1 0.9942648592283628 0.52265625 0.011470281543274244 0.0234375
0 0.9890510948905109 0.58515625 0.021897810218978103 0.1546875