1 0.064375 0.48598130841121495 0.02125 0.037383177570093455
0 0.076875 0.5401869158878505 0.06125 0.15700934579439252
1 0.18625 0.4953271028037383 0.0175 0.026168224299065422
0 0.18625 0.5476635514018692 0.05 0.1383177570093458
1 0.2425 0.49439252336448597 0.0175 0.028037383177570093
0 0.24375 0.5476635514018692 0.045 0.13457943925233645
1 0.2225 0.5261682242990654 0.0275 0.04299065420560748
0 0.23125 0.5934579439252337 0.0675 0.18504672897196262
1 0.245625 0.5186915887850467 0.02125 0.03925233644859813
0 0.256875 0.5794392523364486 0.06375 0.16448598130841122
1 0.043125 0.5130841121495328 0.02625 0.03925233644859813
0 0.049375 0.5869158878504673 0.05875 0.19439252336448598
1 0.0425 0.5112149532710281 0.025 0.03925233644859813
0 0.043125 0.6205607476635514 0.08625 0.26542056074766357
1 0.02625 0.5869158878504673 0.0525 0.09345794392523364
0 0.08875 0.7607476635514019 0.1775 0.4485981308411215
1 0.29 0.5308411214953271 0.0325 0.056074766355140186
0 0.295 0.625233644859813 0.08 0.2485981308411215
1 0.381875 0.5364485981308411 0.02125 0.041121495327102804
0 0.39 0.594392523364486 0.0575 0.17196261682242991
1 0.410625 0.5514018691588785 0.02625 0.052336448598130844
0 0.425 0.6177570093457944 0.07 0.19626168224299065
1 0.480625 0.514018691588785 0.02125 0.03364485981308411
0 0.47 0.5523364485981308 0.0475 0.12149532710280374
1 0.463125 0.5570093457943925 0.03125 0.056074766355140186
0 0.4725 0.6280373831775701 0.085 0.20934579439252338
1 0.49125 0.5448598130841121 0.03 0.05046728971962617
0 0.496875 0.6149532710280374 0.06625 0.19439252336448598
1 0.555625 0.5467289719626168 0.02625 0.05046728971962617
0 0.5575 0.6345794392523364 0.065 0.22990654205607478
1 0.614375 0.5635514018691589 0.03125 0.0616822429906542
0 0.62875 0.6766355140186916 0.115 0.2953271028037383
1 0.716875 0.5757009345794393 0.03375 0.056074766355140186
0 0.739375 0.688785046728972 0.13875 0.28598130841121494
1 0.814375 0.6037383177570094 0.03625 0.06728971962616823
0 0.8125 0.7168224299065421 0.115 0.30093457943925234
1 0.88625 0.5803738317757009 0.0375 0.06542056074766354
0 0.888125 0.6925233644859813 0.09375 0.297196261682243
1 0.979375 0.6822429906542056 0.04125 0.12710280373831775
0 0.956875 0.805607476635514 0.08625 0.38878504672897196
1 0.17625 0.5906542056074766 0.0475 0.08971962616822429
0 0.195625 0.7654205607476635 0.17875 0.44299065420560746
1 0.278125 0.5990654205607476 0.05625 0.09532710280373832
0 0.33 0.7579439252336448 0.2075 0.42429906542056073
1 0.355625 0.5700934579439252 0.03125 0.059813084112149535
0 0.34375 0.6747663551401869 0.09 0.2766355140186916
1 0.46125 0.6065420560747663 0.05 0.08785046728971962
0 0.496875 0.7757009345794392 0.15375 0.42990654205607476
1 0.790625 0.6373831775700934 0.05625 0.09345794392523364
0 0.813125 0.7934579439252336 0.17375 0.4130841121495327
1 0.260625 0.6504672897196262 0.07625 0.11962616822429907
0 0.34 0.7934579439252336 0.32 0.4130841121495327
1 0.4125 0.7158878504672898 0.095 0.14953271028037382
0 0.493125 0.8158878504672897 0.37625 0.36822429906542054
1 0.4325 0.5495327102803739 0.0375 0.06728971962616823
0 0.388125 0.6691588785046729 0.13875 0.31401869158878504
1 0.110625 0.5158878504672897 0.01875 0.037383177570093455
0 0.108125 0.5738317757009346 0.05625 0.15700934579439252
1 0.1425 0.5196261682242991 0.0225 0.044859813084112146
0 0.13875 0.5906542056074766 0.065 0.19439252336448598