1 0.7725 0.3964285714285714 0.059 0.09571428571428571
0 0.7025 0.6092857142857143 0.309 0.5271428571428571
1 0.9375 0.3264285714285714 0.037 0.06428571428571428
0 0.917 0.4185714285714286 0.08 0.2542857142857143
1 0.8145 0.33714285714285713 0.037 0.054285714285714284
0 0.823 0.4392857142857143 0.088 0.26142857142857145
1 0.7685 0.21642857142857144 0.019 0.03
0 0.7555 0.3107142857142857 0.059 0.22428571428571428
1 0.6075 0.3385714285714286 0.039 0.06
0 0.606 0.4492857142857143 0.16 0.29
1 0.542 0.3092857142857143 0.036 0.055714285714285716
0 0.5025 0.415 0.149 0.2785714285714286
1 0.5985 0.24142857142857144 0.011 0.017142857142857144
0 0.598 0.26785714285714285 0.032 0.07571428571428572
1 0.5745 0.24071428571428571 0.009 0.015714285714285715
0 0.57 0.2642857142857143 0.028 0.06857142857142857
1 0.551 0.2357142857142857 0.01 0.014285714285714285
0 0.551 0.2571428571428571 0.024 0.06285714285714286
1 0.524 0.21142857142857144 0.012 0.02
0 0.525 0.2557142857142857 0.036 0.11142857142857143
1 0.471 0.21214285714285713 0.012 0.02142857142857143
0 0.4705 0.2792857142857143 0.053 0.16142857142857142
1 0.451 0.21642857142857144 0.014 0.02142857142857143
0 0.447 0.2792857142857143 0.044 0.15
1 0.3945 0.21285714285714286 0.013 0.022857142857142857
0 0.3945 0.2664285714285714 0.027 0.1357142857142857
1 0.382 0.21714285714285714 0.012 0.017142857142857144
0 0.3825 0.26785714285714285 0.025 0.12428571428571429
1 0.365 0.2057142857142857 0.018 0.03142857142857143
0 0.3615 0.29642857142857143 0.049 0.21857142857142858
1 0.37 0.30714285714285716 0.048 0.07428571428571429
0 0.3305 0.43642857142857144 0.191 0.3385714285714286
1 0.1405 0.3492857142857143 0.063 0.09
0 0.1955 0.5214285714285715 0.269 0.44
1 0.254 0.2792857142857143 0.026 0.04428571428571428
0 0.234 0.3485714285714286 0.106 0.18571428571428572
1 0.215 0.22357142857142856 0.01 0.015714285714285715
0 0.213 0.2692857142857143 0.034 0.11571428571428571
1 0.169 0.22 0.016 0.03142857142857143
0 0.1725 0.2985714285714286 0.053 0.19428571428571428
1 0.1165 0.21285714285714286 0.019 0.03142857142857143
0 0.118 0.28214285714285714 0.042 0.17285714285714285
1 0.102 0.21285714285714286 0.012 0.017142857142857144
0 0.101 0.265 0.026 0.12714285714285714
1 0.0725 0.24928571428571428 0.011 0.015714285714285715
0 0.0755 0.2735714285714286 0.027 0.07
1 0.044 0.20642857142857143 0.018 0.03
0 0.042 0.2957142857142857 0.044 0.21142857142857144