1 0.1238888888888889 0.5044444444444445 0.021111111111111112 0.025185185185185185
0 0.12666666666666668 0.5562962962962963 0.04 0.13185185185185186
1 0.19166666666666668 0.4911111111111111 0.014444444444444444 0.025185185185185185
0 0.1938888888888889 0.5451851851851852 0.052222222222222225 0.14222222222222222
1 0.34055555555555556 0.48814814814814816 0.014444444444444444 0.022222222222222223
0 0.3377777777777778 0.5362962962962963 0.04888888888888889 0.12444444444444444
1 0.58 0.5051851851851852 0.017777777777777778 0.02666666666666667
0 0.5783333333333334 0.56 0.03888888888888889 0.1451851851851852
1 0.6561111111111111 0.5088888888888888 0.016666666666666666 0.025185185185185185
0 0.6527777777777778 0.5614814814814815 0.04555555555555556 0.1362962962962963
1 0.7355555555555555 0.5133333333333333 0.017777777777777778 0.028148148148148148
0 0.7222222222222222 0.5740740740740741 0.05555555555555555 0.15851851851851853
1 0.7333333333333333 0.5296296296296297 0.02666666666666667 0.037037037037037035
0 0.7366666666666667 0.6081481481481481 0.06 0.20592592592592593
1 0.8372222222222222 0.45185185185185184 0.025555555555555557 0.03851851851851852
0 0.8388888888888889 0.557037037037037 0.057777777777777775 0.2577777777777778
1 0.9077777777777778 0.5659259259259259 0.03333333333333333 0.044444444444444446
0 0.925 0.6459259259259259 0.08777777777777777 0.21925925925925926
1 0.8188888888888889 0.585925925925926 0.035555555555555556 0.04888888888888889
0 0.81 0.6755555555555556 0.07777777777777778 0.23407407407407407
1 0.7794444444444445 0.7229629629629629 0.03666666666666667 0.056296296296296296
0 0.7383333333333333 0.7474074074074074 0.1388888888888889 0.17037037037037037
1 0.6133333333333333 0.6207407407407407 0.035555555555555556 0.05333333333333334
0 0.6016666666666667 0.7459259259259259 0.07444444444444444 0.3214814814814815
1 0.4722222222222222 0.5977777777777777 0.044444444444444446 0.0637037037037037
0 0.4638888888888889 0.7533333333333333 0.10555555555555556 0.38666666666666666
1 0.35555555555555557 0.6214814814814815 0.04 0.06666666666666667
0 0.35444444444444445 0.7851851851851852 0.10444444444444445 0.4088888888888889
1 0.2922222222222222 0.43777777777777777 0.03111111111111111 0.04888888888888889
0 0.30777777777777776 0.557037037037037 0.13333333333333333 0.2962962962962963