1 0.1015625 0.5838218053927315 0.04375 0.03985932004689332
0 0.1359375 0.6652989449003517 0.1625 0.20984759671746775
1 0.07265625 0.5480656506447831 0.0390625 0.031652989449003514
0 0.11640625 0.6172332942555686 0.1265625 0.17936694021101993
1 0.0390625 0.5762016412661196 0.034375 0.0246189917936694
0 0.0515625 0.638335287221571 0.09375 0.1559202813599062
1 0.1015625 0.518757327080891 0.03125 0.0246189917936694
0 0.10859375 0.5791324736225087 0.0546875 0.15240328253223914
1 0.22890625 0.5228604923798359 0.0265625 0.021101992966002344
0 0.2296875 0.5779601406799532 0.059375 0.1406799531066823
1 0.24609375 0.5128956623681126 0.0265625 0.022274325908558032
0 0.25078125 0.5691676436107854 0.0515625 0.14419695193434937
1 0.17578125 0.52989449003517 0.0140625 0.011723329425556858
0 0.15625 0.5650644783118406 0.059375 0.08440797186400938
1 0.0625 0.5158264947245017 0.015625 0.01406799531066823
0 0.0609375 0.5627198124267292 0.059375 0.11957796014067995
1 0.1234375 0.515240328253224 0.021875 0.015240328253223915
0 0.128125 0.5509964830011723 0.040625 0.08909730363423213
1 0.53203125 0.4859320046893318 0.0640625 0.05509964830011723
0 0.5015625 0.6184056271981243 0.134375 0.32708089097303633
1 0.69921875 0.5146541617819461 0.0140625 0.01406799531066823
0 0.7 0.5398593200468933 0.021875 0.0738569753810082
1 0.6796875 0.5123094958968347 0.0125 0.011723329425556858
0 0.6765625 0.5404454865181711 0.03125 0.07268464243845252
1 0.96953125 0.4988276670574443 0.0265625 0.01992966002344666
0 0.9625 0.5457209847596718 0.046875 0.11840562719812427