1 0.8705 0.3783582089552239 0.093 0.14477611940298507
0 0.888 0.6492537313432836 0.224 0.7014925373134329
1 0.73 0.48208955223880595 0.058 0.08955223880597014
0 0.7185 0.7104477611940299 0.199 0.5791044776119403
1 0.581 0.45671641791044776 0.038 0.06865671641791045
0 0.561 0.6738805970149254 0.15 0.5298507462686567
1 0.439 0.44850746268656716 0.03 0.058208955223880594
0 0.445 0.6126865671641791 0.086 0.3925373134328358
1 0.362 0.43507462686567167 0.03 0.06417910447761194
0 0.3495 0.6037313432835821 0.105 0.4044776119402985
1 0.392 0.4537313432835821 0.024 0.041791044776119404
0 0.38 0.591044776119403 0.078 0.32238805970149254
1 0.263 0.4544776119402985 0.02 0.03731343283582089
0 0.2695 0.6022388059701492 0.079 0.33880597014925373
1 0.2515 0.41940298507462687 0.043 0.07462686567164178
0 0.246 0.641044776119403 0.09 0.5238805970149254
1 0.2225 0.44776119402985076 0.021 0.03283582089552239
0 0.211 0.6231343283582089 0.088 0.4014925373134328
1 0.1495 0.43955223880597016 0.049 0.10298507462686567
0 0.146 0.6708955223880597 0.152 0.5776119402985075
1 0.053 0.33805970149253733 0.106 0.18059701492537314
0 0.158 0.6186567164179104 0.316 0.7626865671641792