1 0.08447265625 0.33687943262411346 0.0498046875 0.08936170212765958
0 0.08056640625 0.6035460992907802 0.1533203125 0.6312056737588653
1 0.142578125 0.38652482269503546 0.052734375 0.07801418439716312
0 0.13037109375 0.6184397163120567 0.1103515625 0.550354609929078
1 0.20068359375 0.3574468085106383 0.0458984375 0.08226950354609928
0 0.201171875 0.6113475177304964 0.162109375 0.6042553191489362
1 0.2529296875 0.38652482269503546 0.037109375 0.05815602836879433
0 0.271484375 0.6198581560283688 0.15234375 0.5390070921985816
1 0.3369140625 0.4907801418439716 0.0234375 0.03687943262411347
0 0.33056640625 0.6219858156028368 0.0673828125 0.3021276595744681
1 0.4130859375 0.4673758865248227 0.021484375 0.029787234042553193
0 0.42333984375 0.6085106382978723 0.0751953125 0.3177304964539007
1 0.50732421875 0.34113475177304964 0.0478515625 0.07801418439716312
0 0.5205078125 0.6191489361702127 0.146484375 0.6425531914893617
1 0.6005859375 0.324113475177305 0.048828125 0.08368794326241134
0 0.61181640625 0.6170212765957447 0.1806640625 0.6893617021276596
1 0.71533203125 0.30638297872340425 0.0654296875 0.09929078014184398
0 0.7294921875 0.5851063829787234 0.10546875 0.6680851063829787
1 0.572265625 0.6886524822695036 0.056640625 0.12340425531914893
0 0.58251953125 0.7957446808510639 0.2509765625 0.34893617021276596
1 0.5556640625 0.7127659574468085 0.052734375 0.10638297872340426
0 0.5830078125 0.8141843971631205 0.212890625 0.33191489361702126
1 0.77685546875 0.6758865248226951 0.0595703125 0.08652482269503546
0 0.84619140625 0.8042553191489362 0.3037109375 0.3546099290780142
1 0.80029296875 0.5226950354609929 0.0244140625 0.029787234042553193
0 0.80908203125 0.6063829787234043 0.0634765625 0.2028368794326241
1 0.89111328125 0.4921985815602837 0.0166015625 0.031205673758865248
0 0.8974609375 0.5858156028368794 0.0546875 0.22411347517730495
1 0.93994140625 0.49432624113475176 0.0205078125 0.032624113475177303
0 0.93701171875 0.5865248226950355 0.0498046875 0.23120567375886525
1 0.9736328125 0.5092198581560283 0.015625 0.028368794326241134
0 0.97412109375 0.5971631205673759 0.0478515625 0.2127659574468085
1 0.39697265625 0.5063829787234042 0.0224609375 0.03404255319148936
0 0.39013671875 0.624822695035461 0.0732421875 0.2794326241134752