1 0.8610878661087866 0.3791606367583213 0.0803347280334728 0.15050651230101303
0 0.8765690376569037 0.6490593342981187 0.17154811715481172 0.7018813314037626
1 0.7255230125523012 0.4189580318379161 0.06192468619246862 0.1287988422575977
0 0.7372384937238494 0.6736613603473227 0.14058577405857742 0.6526772793053546
1 0.797071129707113 0.33285094066570187 0.06610878661087866 0.12156295224312591
0 0.8108786610878661 0.6338639652677279 0.14058577405857742 0.7322720694645442
1 0.7175732217573222 0.31693198263386396 0.052719665271966525 0.12735166425470332
0 0.7209205020920502 0.6186685962373372 0.13807531380753138 0.7626628075253257
1 0.6531380753138075 0.4384949348769899 0.05774058577405858 0.13603473227206947
0 0.6518828451882845 0.6816208393632417 0.12384937238493723 0.6367583212735166
1 0.5719665271966528 0.38205499276411 0.05606694560669456 0.13024602026049203
0 0.5502092050209205 0.6555716353111433 0.13640167364016736 0.6888567293777135
1 0.6146443514644352 0.34370477568740954 0.05439330543933055 0.12301013024602026
0 0.6125523012552301 0.6374819102749638 0.11380753138075314 0.7250361794500724
1 0.4430962343096234 0.39001447178002896 0.06610878661087866 0.13748191027496381
0 0.42887029288702927 0.6570188133140377 0.13305439330543933 0.6859623733719248
1 0.3092050209205021 0.35311143270622286 0.06610878661087866 0.15340086830680175
0 0.2815899581589958 0.6280752532561505 0.1899581589958159 0.743849493487699
1 0.1192468619246862 0.32706222865412443 0.07615062761506276 0.16208393632416787
0 0.09581589958158995 0.6208393632416788 0.1598326359832636 0.7583212735166426
1 0.22343096234309623 0.29739507959479017 0.07196652719665272 0.14616497829232997
0 0.21338912133891214 0.6041968162083936 0.1707112970711297 0.7916063675832128
1 0.3698744769874477 0.32778581765557163 0.058577405857740586 0.1287988422575977
0 0.3702928870292887 0.6244573082489147 0.1514644351464435 0.7510853835021708
1 0.49832635983263596 0.3509406657018813 0.05606694560669456 0.12301013024602026
0 0.5046025104602511 0.6403762662807525 0.14058577405857742 0.7192474674384949