1 0.94375 0.12430555555555556 0.065625 0.14027777777777778
0 0.93125 0.5111111111111111 0.1375 0.95
1 0.871875 0.16458333333333333 0.0625 0.13194444444444445
0 0.8546875 0.5034722222222222 0.134375 0.8208333333333333
1 0.751953125 0.0763888888888889 0.05078125 0.11388888888888889
0 0.759765625 0.4201388888888889 0.12890625 0.8125
1 0.68515625 0.05416666666666667 0.0515625 0.10833333333333334
0 0.69140625 0.37777777777777777 0.1078125 0.7555555555555555
1 0.5953125 0.2625 0.0578125 0.10833333333333334
0 0.58828125 0.5298611111111111 0.1140625 0.6458333333333334
1 0.292578125 0.14444444444444443 0.06328125 0.12222222222222222
0 0.289453125 0.4826388888888889 0.15234375 0.8152777777777778
1 0.343359375 0.10416666666666667 0.03359375 0.07777777777777778
0 0.34765625 0.3590277777777778 0.096875 0.6125
1 0.430078125 0.13194444444444445 0.05546875 0.11666666666666667
0 0.428125 0.4791666666666667 0.1375 0.8194444444444444
1 0.576171875 0.21597222222222223 0.04921875 0.11527777777777778
0 0.565234375 0.48541666666666666 0.09296875 0.6652777777777777
1 0.5578125 0.14791666666666667 0.0484375 0.1125
0 0.55078125 0.4166666666666667 0.1375 0.6777777777777778
1 0.5015625 0.11736111111111111 0.0421875 0.10138888888888889
0 0.519140625 0.38958333333333334 0.12890625 0.6569444444444444