1 0.2923076923076923 0.6286610878661087 0.04 0.058577405857740586
0 0.2853846153846154 0.7824267782426778 0.12461538461538461 0.3723849372384937
1 0.33653846153846156 0.6689330543933054 0.022307692307692306 0.034518828451882845
0 0.3353846153846154 0.7719665271966527 0.05384615384615385 0.24686192468619247
1 0.33653846153846156 0.6605648535564853 0.01769230769230769 0.030334728033472803
0 0.3446153846153846 0.7641213389121339 0.06153846153846154 0.24372384937238495
1 0.4073076923076923 0.768305439330544 0.019230769230769232 0.034518828451882845
0 0.4107692307692308 0.8075313807531381 0.07846153846153846 0.11715481171548117
1 0.4403846153846154 0.6553347280334728 0.022307692307692306 0.038702928870292884
0 0.43961538461538463 0.7557531380753139 0.06538461538461539 0.24581589958158995
1 0.48307692307692307 0.6563807531380753 0.02 0.036610878661087864
0 0.47807692307692307 0.7588912133891214 0.07769230769230769 0.24581589958158995
1 0.5638461538461539 0.6469665271966527 0.023076923076923078 0.038702928870292884
0 0.5811538461538461 0.747907949790795 0.07923076923076923 0.24476987447698745
1 0.5838461538461538 0.7154811715481172 0.02 0.03347280334728033
0 0.5857692307692308 0.7819037656903766 0.05 0.1788702928870293
1 0.6519230769230769 0.6490585774058577 0.02076923076923077 0.030334728033472803
0 0.6642307692307692 0.7432008368200836 0.06384615384615384 0.23326359832635984
1 0.6484615384615384 0.6584728033472803 0.02 0.028242677824267783
0 0.6480769230769231 0.7447698744769874 0.057692307692307696 0.2112970711297071
1 0.6946153846153846 0.6548117154811716 0.018461538461538463 0.03138075313807531
0 0.6992307692307692 0.7442468619246861 0.052307692307692305 0.2186192468619247
1 0.7746153846153846 0.6521966527196653 0.021538461538461538 0.034518828451882845
0 0.7803846153846153 0.7484309623430963 0.0823076923076923 0.23117154811715482
1 0.7973076923076923 0.6684100418410042 0.02076923076923077 0.029288702928870293
0 0.8015384615384615 0.7604602510460251 0.06153846153846154 0.2175732217573222
1 0.8215384615384616 0.6616108786610879 0.016923076923076923 0.030334728033472803
0 0.83 0.7468619246861925 0.04 0.20711297071129708
1 0.8165384615384615 0.6427824267782427 0.019230769230769232 0.028242677824267783
0 0.8257692307692308 0.7306485355648535 0.05 0.2102510460251046
1 0.8392307692307692 0.6521966527196653 0.015384615384615385 0.028242677824267783
0 0.8503846153846154 0.7285564853556485 0.04692307692307692 0.18514644351464435
1 0.8603846153846154 0.6537656903765691 0.01769230769230769 0.027196652719665274
0 0.8634615384615385 0.7384937238493724 0.04692307692307692 0.20292887029288703
1 0.8907692307692308 0.6563807531380753 0.016923076923076923 0.028242677824267783
0 0.9015384615384615 0.733786610878661 0.05384615384615385 0.1893305439330544
1 0.9557692307692308 0.6637029288702929 0.016153846153846154 0.021966527196652718
0 0.9603846153846154 0.74581589958159 0.05153846153846154 0.19665271966527198