1 0.15833333333333333 0.58875 0.03222222222222222 0.029166666666666667
0 0.16277777777777777 0.6825 0.06777777777777778 0.22
1 0.18444444444444444 0.5825 0.03777777777777778 0.028333333333333332
0 0.18722222222222223 0.66875 0.06777777777777778 0.20916666666666667
1 0.23777777777777778 0.58 0.03111111111111111 0.02666666666666667
0 0.24222222222222223 0.6616666666666666 0.07333333333333333 0.19333333333333333
1 0.36444444444444446 0.51375 0.12 0.09916666666666667
0 0.33055555555555555 0.7279166666666667 0.25 0.5441666666666667
1 0.4683333333333333 0.55875 0.09444444444444444 0.1025
0 0.4722222222222222 0.7495833333333334 0.26 0.5008333333333334
1 0.7122222222222222 0.5858333333333333 0.12222222222222222 0.09333333333333334
0 0.7211111111111111 0.7679166666666667 0.2311111111111111 0.46416666666666667
1 0.5516666666666666 0.71625 0.034444444444444444 0.0275
0 0.5444444444444444 0.8245833333333333 0.14666666666666667 0.2625
1 0.6355555555555555 0.5495833333333333 0.06888888888888889 0.0525
0 0.64 0.7554166666666666 0.26222222222222225 0.4691666666666667
1 0.7755555555555556 0.5795833333333333 0.07555555555555556 0.06583333333333333
0 0.7755555555555556 0.7670833333333333 0.22 0.4608333333333333
1 0.9027777777777778 0.6683333333333333 0.06111111111111111 0.056666666666666664
0 0.9177777777777778 0.8175 0.16444444444444445 0.365
1 0.9672222222222222 0.6579166666666667 0.06555555555555556 0.05583333333333333
0 0.9627777777777777 0.8108333333333333 0.07444444444444444 0.37
1 0.5472222222222223 0.58 0.03 0.025
0 0.5583333333333333 0.6579166666666667 0.08777777777777777 0.18583333333333332