1 0.2021484375 0.31613372093023256 0.04296875 0.08284883720930232
0 0.193359375 0.5559593023255814 0.126953125 0.5741279069767442
1 0.27001953125 0.33575581395348836 0.0478515625 0.08139534883720931
0 0.26806640625 0.5806686046511628 0.1259765625 0.6119186046511628
1 0.33056640625 0.313953488372093 0.0419921875 0.0755813953488372
0 0.328125 0.5392441860465116 0.09375 0.5406976744186046
1 0.37744140625 0.35247093023255816 0.0439453125 0.07994186046511628
0 0.37255859375 0.5915697674418605 0.1064453125 0.5697674418604651
1 0.43017578125 0.31976744186046513 0.0380859375 0.07267441860465117
0 0.4248046875 0.5443313953488372 0.08984375 0.5363372093023255
1 0.46630859375 0.37209302325581395 0.0419921875 0.09011627906976744
0 0.462890625 0.5835755813953488 0.11328125 0.5218023255813954
1 0.53857421875 0.36555232558139533 0.0419921875 0.07994186046511628
0 0.54345703125 0.5675872093023255 0.0966796875 0.5101744186046512
1 0.59130859375 0.35828488372093026 0.0400390625 0.07412790697674419
0 0.5986328125 0.5690406976744186 0.095703125 0.5247093023255814
1 0.71875 0.32848837209302323 0.04296875 0.0755813953488372
0 0.705078125 0.5421511627906976 0.123046875 0.5436046511627907
1 0.79150390625 0.32994186046511625 0.0439453125 0.0872093023255814
0 0.7958984375 0.5726744186046512 0.130859375 0.5872093023255814