1 0.10498046875 0.669921875 0.0107421875 0.016927083333333332
0 0.1044921875 0.6946614583333334 0.04296875 0.07421875
1 0.14208984375 0.6634114583333334 0.0107421875 0.016927083333333332
0 0.13671875 0.6959635416666666 0.033203125 0.08463541666666667
1 0.14404296875 0.6393229166666666 0.0087890625 0.013020833333333334
0 0.14306640625 0.6712239583333334 0.0224609375 0.07942708333333333
1 0.15576171875 0.6536458333333334 0.0087890625 0.013020833333333334
0 0.1572265625 0.6842447916666666 0.02734375 0.07942708333333333
1 0.15576171875 0.65234375 0.0087890625 0.013020833333333334
0 0.162109375 0.6953125 0.05859375 0.09114583333333333
1 0.17041015625 0.62890625 0.0087890625 0.013020833333333334
0 0.1728515625 0.6640625 0.021484375 0.0859375
1 0.423828125 0.57421875 0.04296875 0.07291666666666667
0 0.45703125 0.7649739583333334 0.15234375 0.45703125
1 0.8125 0.5787760416666666 0.005859375 0.006510416666666667
0 0.81396484375 0.5989583333333334 0.0185546875 0.0546875
1 0.890625 0.5592447916666666 0.0078125 0.01171875
0 0.896484375 0.59375 0.03125 0.0859375