1 0.656712962962963 0.4108024691358025 0.04027777777777778 0.06111111111111111
0 0.6564814814814814 0.604320987654321 0.1587962962962963 0.48333333333333334
1 0.9313657407407407 0.4101851851851852 0.028009259259259258 0.04691358024691358
0 0.9181712962962963 0.5370370370370371 0.12106481481481482 0.30185185185185187
1 0.8386574074074075 0.4199074074074074 0.0125 0.019444444444444445
0 0.8363425925925926 0.47453703703703703 0.04212962962962963 0.1330246913580247
1 0.821412037037037 0.42021604938271606 0.00949074074074074 0.013271604938271606
0 0.8166666666666667 0.4561728395061728 0.03425925925925926 0.08888888888888889
1 0.7627314814814815 0.4155864197530864 0.008796296296296297 0.013271604938271606
0 0.7620370370370371 0.4580246913580247 0.027314814814814816 0.09876543209876543
1 0.7381944444444445 0.42685185185185187 0.010648148148148148 0.019135802469135803
0 0.7237268518518518 0.46867283950617283 0.04097222222222222 0.10462962962962963
1 0.5921296296296297 0.4155864197530864 0.00787037037037037 0.013271604938271606
0 0.5894675925925926 0.45200617283950617 0.026157407407407407 0.08981481481481482
1 0.07060185185185185 0.39166666666666666 0.008796296296296297 0.014197530864197531
0 0.06967592592592593 0.42824074074074076 0.025925925925925925 0.08858024691358024
1 0.09976851851851852 0.38564814814814813 0.00787037037037037 0.010802469135802469
0 0.10023148148148148 0.4251543209876543 0.027314814814814816 0.09722222222222222
1 0.12569444444444444 0.39228395061728394 0.006481481481481481 0.009876543209876543
0 0.12685185185185185 0.4191358024691358 0.022222222222222223 0.0654320987654321
1 0.1553240740740741 0.396141975308642 0.009259259259259259 0.011419753086419753
0 0.1579861111111111 0.43117283950617286 0.035416666666666666 0.08456790123456791
1 0.08414351851851852 0.3899691358024691 0.005324074074074074 0.007716049382716049
0 0.08576388888888889 0.4132716049382716 0.017361111111111112 0.05617283950617284
1 0.05150462962962963 0.38765432098765434 0.004398148148148148 0.006790123456790123
0 0.05081018518518519 0.4108024691358025 0.01087962962962963 0.05493827160493827
1 0.13773148148148148 0.3925925925925926 0.004166666666666667 0.0049382716049382715
0 0.1380787037037037 0.4100308641975309 0.011342592592592593 0.042901234567901236
1 0.11666666666666667 0.3921296296296296 0.003703703703703704 0.006481481481481481
0 0.11724537037037037 0.40910493827160493 0.013657407407407408 0.04104938271604938
1 0.18761574074074075 0.39228395061728394 0.007175925925925926 0.010493827160493827
0 0.1863425925925926 0.4220679012345679 0.014814814814814815 0.0712962962962963
1 0.2116898148148148 0.39521604938271604 0.01087962962962963 0.016975308641975308
0 0.2068287037037037 0.4484567901234568 0.04421296296296296 0.12530864197530864
1 0.2193287037037037 0.39228395061728394 0.009953703703703704 0.012345679012345678
0 0.2175925925925926 0.441820987654321 0.04027777777777778 0.11450617283950618
1 0.23564814814814813 0.3921296296296296 0.008796296296296297 0.011419753086419753
0 0.23645833333333333 0.4345679012345679 0.03217592592592593 0.09938271604938272
1 0.35138888888888886 0.4112654320987654 0.014814814814814815 0.021296296296296296
0 0.33784722222222224 0.471141975308642 0.04421296296296296 0.14351851851851852
1 0.37592592592592594 0.40694444444444444 0.011574074074074073 0.017592592592592594
0 0.371412037037037 0.4652777777777778 0.03449074074074074 0.1361111111111111
1 0.35844907407407406 0.40555555555555556 0.013194444444444444 0.020370370370370372
0 0.34953703703703703 0.4589506172839506 0.03333333333333333 0.12777777777777777
1 0.029166666666666667 0.39675925925925926 0.058333333333333334 0.0978395061728395
0 0.16203703703703703 0.6736111111111112 0.32407407407407407 0.6527777777777778