1 0.7883333333333333 0.39920634920634923 0.05333333333333334 0.1126984126984127
0 0.83625 0.6325396825396825 0.17416666666666666 0.6015873015873016
1 0.74 0.4492063492063492 0.043333333333333335 0.10158730158730159
0 0.7716666666666666 0.676984126984127 0.13333333333333333 0.5761904761904761
1 0.62 0.546031746031746 0.041666666666666664 0.10158730158730159
0 0.63625 0.719047619047619 0.15916666666666668 0.4603174603174603
1 0.665 0.41825396825396827 0.04 0.09365079365079365
0 0.6529166666666667 0.6444444444444445 0.13083333333333333 0.5523809523809524
1 0.61875 0.37142857142857144 0.034166666666666665 0.07936507936507936
0 0.6275 0.5603174603174603 0.08666666666666667 0.45714285714285713
1 0.5333333333333333 0.6507936507936508 0.03333333333333333 0.09206349206349207
0 0.5329166666666667 0.7531746031746032 0.11083333333333334 0.33174603174603173
1 0.5616666666666666 0.35714285714285715 0.028333333333333332 0.06031746031746032
0 0.56625 0.515079365079365 0.0775 0.4142857142857143
1 0.46375 0.6095238095238096 0.0325 0.07936507936507936
0 0.4554166666666667 0.7420634920634921 0.10916666666666666 0.35079365079365077
1 0.46541666666666665 0.44761904761904764 0.0275 0.0761904761904762
0 0.475 0.6349206349206349 0.14166666666666666 0.4634920634920635
1 0.40708333333333335 0.4452380952380952 0.029166666666666667 0.07142857142857142
0 0.4195833333333333 0.6603174603174603 0.1575 0.5142857142857142
1 0.35083333333333333 0.49603174603174605 0.03166666666666667 0.08095238095238096
0 0.36583333333333334 0.6865079365079365 0.11833333333333333 0.4777777777777778
1 0.06166666666666667 0.44841269841269843 0.006666666666666667 0.014285714285714285
0 0.06666666666666667 0.4777777777777778 0.023333333333333334 0.0761904761904762