1 0.0395 0.5400355871886121 0.019 0.04092526690391459
0 0.0315 0.6441281138790036 0.053 0.2491103202846975
1 0.097 0.5071174377224199 0.024 0.0498220640569395
0 0.105 0.650355871886121 0.066 0.33629893238434166
1 0.1445 0.4822064056939502 0.057 0.12811387900355872
0 0.1215 0.708185053380783 0.179 0.5836298932384342
1 0.2325 0.5338078291814946 0.051 0.11743772241992882
0 0.192 0.7339857651245552 0.188 0.5320284697508897
1 0.2935 0.4412811387900356 0.047 0.1103202846975089
0 0.292 0.6903914590747331 0.142 0.6192170818505338
1 0.328 0.5284697508896797 0.054 0.11743772241992882
0 0.3225 0.7339857651245552 0.139 0.5320284697508897
1 0.449 0.5133451957295374 0.062 0.11921708185053381
0 0.4295 0.7250889679715302 0.149 0.5498220640569395
1 0.4845 0.5453736654804271 0.013 0.026690391459074734
0 0.4865 0.6076512455516014 0.025 0.1619217081850534
1 0.531 0.541814946619217 0.06 0.12633451957295375
0 0.5375 0.7384341637010676 0.169 0.5231316725978647
1 0.589 0.45462633451957296 0.056 0.11209964412811388
0 0.59 0.6930604982206405 0.13 0.6138790035587188
1 0.6545 0.5177935943060499 0.063 0.1423487544483986
0 0.656 0.7215302491103203 0.15 0.5569395017793595
1 0.825 0.4919928825622776 0.08 0.1619217081850534
0 0.8705 0.697508896797153 0.193 0.604982206405694
1 0.882 0.548932384341637 0.014 0.023131672597864767
0 0.885 0.608540925266904 0.032 0.14590747330960854
1 0.997 0.5782918149466192 0.006 0.02491103202846975
0 0.985 0.641459074733096 0.03 0.16903914590747332