1 0.2058359621451104 0.7344961240310077 0.18454258675078863 0.16666666666666666
0 0.2200315457413249 0.810077519379845 0.4400630914826498 0.3798449612403101
1 0.07570977917981073 0.49224806201550386 0.12933753943217666 0.13953488372093023
0 0.19558359621451105 0.7093023255813954 0.3911671924290221 0.5813953488372093
1 0.4503154574132492 0.11304909560723514 0.12460567823343849 0.12015503875968993
0 0.444794952681388 0.46770025839793283 0.3501577287066246 0.8992248062015504
1 0.8485804416403786 0.3798449612403101 0.17981072555205047 0.1937984496124031
0 0.805993690851735 0.6395348837209303 0.38801261829652994 0.7209302325581395
1 0.723186119873817 0.19573643410852712 0.1277602523659306 0.14082687338501293
0 0.7255520504731862 0.5497416020671835 0.3627760252365931 0.8591731266149871
1 0.886435331230284 0.2131782945736434 0.11987381703470032 0.11369509043927649
0 0.8738170347003155 0.5200258397932817 0.25236593059936907 0.7868217054263565