1 0.1875 0.8436728395061729 0.006481481481481481 0.009567901234567902
0 0.19143518518518518 0.8689814814814815 0.022222222222222223 0.06080246913580247
1 0.17627314814814815 0.8503086419753086 0.005324074074074074 0.006790123456790123
0 0.17766203703703703 0.8734567901234568 0.017824074074074076 0.053703703703703705
1 0.13668981481481482 0.8433641975308642 0.00625 0.010185185185185186
0 0.13738425925925926 0.8697530864197531 0.019212962962962963 0.06604938271604938
1 0.3300925925925926 0.8371913580246914 0.005555555555555556 0.008950617283950617
0 0.3284722222222222 0.8612654320987654 0.0125 0.06327160493827161
1 0.3383101851851852 0.8412037037037037 0.003935185185185185 0.007716049382716049
0 0.33738425925925924 0.8645061728395061 0.011805555555555555 0.05308641975308642
1 0.2604166666666667 0.8415123456790123 0.005092592592592593 0.007716049382716049
0 0.25798611111111114 0.865895061728395 0.01875 0.05771604938271605
1 0.26840277777777777 0.846141975308642 0.004398148148148148 0.0070987654320987656
0 0.2657407407407407 0.8703703703703703 0.01990740740740741 0.05
1 0.2181712962962963 0.8425925925925926 0.004398148148148148 0.007407407407407408
0 0.21307870370370371 0.8645061728395061 0.017361111111111112 0.05740740740740741
1 0.2204861111111111 0.8427469135802469 0.005787037037037037 0.008950617283950617
0 0.21851851851851853 0.8665123456790124 0.01712962962962963 0.05895061728395062
1 0.22893518518518519 0.845679012345679 0.005092592592592593 0.007407407407407408
0 0.2300925925925926 0.8660493827160494 0.013888888888888888 0.05
1 0.7967592592592593 0.8186728395061729 0.009722222222222222 0.015123456790123457
0 0.8013888888888889 0.8595679012345679 0.05 0.10864197530864197
1 0.6248842592592593 0.4287037037037037 0.07152777777777777 0.26049382716049385
0 0.6248842592592593 0.4287037037037037 0.07152777777777777 0.26049382716049385
1 0.6876157407407407 0.5993827160493828 0.018287037037037036 0.11296296296296296
0 0.6876157407407407 0.5993827160493828 0.018287037037037036 0.11296296296296296
1 0.700925925925926 0.5983024691358024 0.021296296296296296 0.11327160493827161
0 0.700925925925926 0.5983024691358024 0.021296296296296296 0.11327160493827161