1 0.846830985915493 0.8334066901408451 0.029342723004694836 0.02772887323943662
0 0.8154342723004695 0.90625 0.15316901408450703 0.1875
1 0.6496478873239436 0.8303257042253521 0.035211267605633804 0.026848591549295774
0 0.676056338028169 0.9040492957746479 0.09741784037558686 0.1795774647887324
1 0.6607981220657277 0.8028169014084507 0.01995305164319249 0.017605633802816902
0 0.6493544600938967 0.8617957746478874 0.07453051643192488 0.14348591549295775
1 0.5639671361502347 0.8307658450704225 0.03051643192488263 0.02948943661971831
0 0.5607394366197183 0.9005281690140845 0.09330985915492958 0.176056338028169
1 0.49589201877934275 0.8158010563380281 0.017605633802816902 0.014524647887323943
0 0.4961854460093897 0.863556338028169 0.061619718309859156 0.11267605633802817
1 0.4979460093896714 0.8164612676056338 0.020539906103286387 0.01584507042253521
0 0.4897300469483568 0.8609154929577465 0.05927230046948357 0.10915492957746478
1 0.5768779342723005 0.7946742957746479 0.012910798122065728 0.011883802816901408
0 0.5727699530516432 0.8232834507042254 0.04460093896713615 0.07526408450704225
1 0.5710093896713615 0.7834507042253521 0.008215962441314555 0.006161971830985915
0 0.5689553990610329 0.8162411971830986 0.02992957746478873 0.07350352112676056
1 0.5404929577464789 0.7794894366197183 0.014084507042253521 0.01232394366197183
0 0.534037558685446 0.8186619718309859 0.03403755868544601 0.09595070422535211
1 0.3785211267605634 0.7717869718309859 0.008215962441314555 0.006602112676056338
0 0.3767605633802817 0.7898327464788732 0.023474178403755867 0.04445422535211268
1 0.3606220657276995 0.7775088028169014 0.007629107981220657 0.0048415492957746475
0 0.357981220657277 0.7924735915492958 0.02112676056338028 0.03653169014084507
1 0.34125586854460094 0.7713468309859155 0.009976525821596244 0.007482394366197183
0 0.3345070422535211 0.8019366197183099 0.04225352112676056 0.07042253521126761
1 0.38204225352112675 0.8127200704225352 0.025821596244131457 0.026848591549295774
0 0.37588028169014087 0.8571742957746479 0.0886150234741784 0.1192781690140845
1 0.37177230046948356 0.8232834507042254 0.02992957746478873 0.025088028169014086
0 0.36913145539906106 0.8752200704225352 0.09389671361502347 0.1324823943661972
1 0.27816901408450706 0.7750880281690141 0.018779342723004695 0.014084507042253521
0 0.272593896713615 0.8316461267605634 0.06631455399061033 0.1324823943661972
1 0.18603286384976525 0.772887323943662 0.022300469483568074 0.018485915492957746
0 0.17341549295774647 0.8375880281690141 0.07922535211267606 0.1505281690140845
1 0.20481220657276994 0.7651848591549296 0.029342723004694836 0.026848591549295774
0 0.18280516431924881 0.8580545774647887 0.11678403755868545 0.21786971830985916