1 0.7775 0.8391666666666666 0.02 0.035
0 0.775625 0.9091666666666667 0.07875 0.18166666666666667
1 0.621875 0.7358333333333333 0.01625 0.025
0 0.60625 0.78 0.065 0.12666666666666668
1 0.784375 0.6808333333333333 0.01625 0.028333333333333332
0 0.7825 0.7491666666666666 0.0575 0.175
1 0.8925 0.4216666666666667 0.01 0.016666666666666666
0 0.89 0.45 0.0325 0.08333333333333333
1 0.91375 0.4175 0.015 0.018333333333333333
0 0.906875 0.445 0.03875 0.07666666666666666
1 0.1475 0.3125 0.0075 0.011666666666666667
0 0.15 0.345 0.0275 0.08333333333333333
1 0.22125 0.2841666666666667 0.0075 0.011666666666666667
0 0.223125 0.31333333333333335 0.02375 0.07666666666666666
1 0.28625 0.29333333333333333 0.0075 0.01
0 0.28875 0.32166666666666666 0.0275 0.07666666666666666
1 0.28875 0.25083333333333335 0.0075 0.011666666666666667
0 0.29 0.2833333333333333 0.025 0.08
1 0.34875 0.23916666666666667 0.0075 0.011666666666666667
0 0.3525 0.26416666666666666 0.0225 0.06833333333333333
1 0.3325 0.32666666666666666 0.01 0.013333333333333334
0 0.33 0.36083333333333334 0.0325 0.08833333333333333
1 0.3425 0.3441666666666667 0.0075 0.011666666666666667
0 0.345625 0.37583333333333335 0.02125 0.08166666666666667
1 0.676875 0.13416666666666666 0.00375 0.005
0 0.67625 0.14416666666666667 0.0125 0.03166666666666667