1 0.25625 0.31659693165969316 0.06041666666666667 0.08647140864714087
0 0.24791666666666667 0.5871687587168759 0.17291666666666666 0.6443514644351465
1 0.32135416666666666 0.3877266387726639 0.059375 0.09205020920502092
0 0.2984375 0.6576011157601116 0.14479166666666668 0.6401673640167364
1 0.47291666666666665 0.45467224546722457 0.05 0.08647140864714087
0 0.4473958333333333 0.6729428172942817 0.17604166666666668 0.5676429567642957
1 0.4010416666666667 0.3716875871687587 0.04375 0.0794979079497908
0 0.39479166666666665 0.5906555090655509 0.10625 0.5258019525801952
1 0.44166666666666665 0.32357043235704325 0.04375 0.06415620641562064
0 0.440625 0.5181311018131102 0.1125 0.4811715481171548
1 0.528125 0.31659693165969316 0.04375 0.07810320781032078
0 0.5171875 0.5613668061366807 0.12604166666666666 0.5732217573221757
1 0.6270833333333333 0.36262203626220363 0.052083333333333336 0.08647140864714087
0 0.6229166666666667 0.6269177126917713 0.15208333333333332 0.6457461645746164
1 0.6833333333333333 0.37587168758716877 0.04375 0.07112970711297072
0 0.68125 0.606694560669456 0.13125 0.5411436541143654
1 0.7703125 0.40376569037656906 0.053125 0.08507670850767085
0 0.7572916666666667 0.6436541143654114 0.15416666666666667 0.5704323570432357