1 0.03923076923076923 0.5073221757322176 0.038461538461538464 0.056485355648535567
0 0.051923076923076926 0.6553347280334728 0.10384615384615385 0.36297071129707115
1 0.05576923076923077 0.45658995815899583 0.02846153846153846 0.038702928870292884
0 0.05307692307692308 0.5789748953974896 0.06461538461538462 0.29811715481171547
1 0.09538461538461539 0.4592050209205021 0.036923076923076927 0.0502092050209205
0 0.09961538461538462 0.5936192468619247 0.06846153846153846 0.3274058577405858
1 0.09307692307692307 0.4837866108786611 0.038461538461538464 0.04497907949790795
0 0.09846153846153846 0.6134937238493724 0.09846153846153846 0.3148535564853556
1 0.1473076923076923 0.4764644351464435 0.026923076923076925 0.04079497907949791
0 0.14615384615384616 0.5930962343096234 0.06 0.2824267782426778
1 0.17076923076923076 0.48064853556485354 0.03076923076923077 0.038702928870292884
0 0.15846153846153846 0.5957112970711297 0.07076923076923076 0.29602510460251047
1 0.2353846153846154 0.47855648535564854 0.024615384615384615 0.038702928870292884
0 0.23 0.6040794979079498 0.07692307692307693 0.2939330543933054
1 0.25961538461538464 0.4780334728033473 0.025384615384615384 0.043933054393305436
0 0.2734615384615385 0.6093096234309623 0.07153846153846154 0.3106694560669456
1 0.37346153846153846 0.4848326359832636 0.023846153846153847 0.034518828451882845
0 0.3669230769230769 0.5951882845188284 0.08153846153846153 0.26778242677824265
1 0.38846153846153847 0.4837866108786611 0.024615384615384615 0.04497907949790795
0 0.38076923076923075 0.5972803347280334 0.12461538461538461 0.2803347280334728
1 0.47615384615384615 0.4801255230125523 0.026153846153846153 0.03556485355648536
0 0.48115384615384615 0.5883891213389121 0.09307692307692307 0.25627615062761505
1 0.44346153846153846 0.4639121338912134 0.026923076923076925 0.04079497907949791
0 0.4530769230769231 0.5753138075313807 0.06461538461538462 0.2719665271966527
1 0.44576923076923075 0.5005230125523012 0.022307692307692306 0.036610878661087864
0 0.4403846153846154 0.5993723849372385 0.09615384615384616 0.2489539748953975
1 0.5473076923076923 0.4571129707112971 0.03 0.04184100418410042
0 0.545 0.5910041841004184 0.12846153846153846 0.32217573221757323
1 0.5726923076923077 0.4884937238493724 0.026923076923076925 0.0397489539748954
0 0.568076923076923 0.6119246861924686 0.11923076923076924 0.2928870292887029
1 0.7380769230769231 0.4675732217573222 0.026923076923076925 0.04184100418410042
0 0.7334615384615385 0.5847280334728033 0.10384615384615385 0.28661087866108786
1 0.796923076923077 0.48326359832635984 0.023076923076923078 0.03556485355648536
0 0.806923076923077 0.5925732217573222 0.07538461538461538 0.2604602510460251
1 0.8173076923076923 0.49947698744769875 0.02846153846153846 0.038702928870292884
0 0.8134615384615385 0.608786610878661 0.10692307692307693 0.2719665271966527
1 0.8419230769230769 0.47384937238493724 0.02846153846153846 0.04602510460251046
0 0.8411538461538461 0.6030334728033473 0.12076923076923077 0.3106694560669456