1 0.82578125 0.5352112676056338 0.0421875 0.06103286384976526
0 0.81796875 0.653755868544601 0.1046875 0.3028169014084507
1 0.7890625 0.4471830985915493 0.015625 0.025821596244131457
0 0.79140625 0.5176056338028169 0.0515625 0.18544600938967137
1 0.74453125 0.47417840375586856 0.0140625 0.023474178403755867
0 0.74765625 0.5223004694835681 0.0328125 0.12910798122065728
1 0.72421875 0.47417840375586856 0.0109375 0.018779342723004695
0 0.72890625 0.5176056338028169 0.0359375 0.11502347417840375
1 0.7171875 0.4823943661971831 0.015625 0.025821596244131457
0 0.71328125 0.5129107981220657 0.0421875 0.1807511737089202
1 0.6046875 0.38967136150234744 0.0125 0.018779342723004695
0 0.60703125 0.42488262910798125 0.0296875 0.107981220657277
1 0.678125 0.5 0.01875 0.028169014084507043
0 0.67890625 0.5516431924882629 0.0421875 0.14553990610328638
1 0.6953125 0.49178403755868544 0.015625 0.025821596244131457
0 0.6921875 0.5492957746478874 0.040625 0.14553990610328638
1 0.63828125 0.5117370892018779 0.0265625 0.04225352112676056
0 0.65078125 0.5833333333333334 0.0703125 0.19953051643192488
1 0.58046875 0.5164319248826291 0.0265625 0.04225352112676056
0 0.60546875 0.5903755868544601 0.1046875 0.19483568075117372
1 0.5140625 0.5469483568075117 0.034375 0.06103286384976526
0 0.51796875 0.6643192488262911 0.1015625 0.3004694835680751
1 0.24609375 0.6279342723004695 0.0609375 0.11032863849765258
0 0.2953125 0.7852112676056338 0.203125 0.4295774647887324
1 0.175 0.6514084507042254 0.05 0.09624413145539906
0 0.196875 0.7934272300469484 0.159375 0.39436619718309857
1 0.04296875 0.5774647887323944 0.0703125 0.11267605633802817
0 0.071875 0.755868544600939 0.14375 0.48826291079812206
1 0.0859375 0.6056338028169014 0.04375 0.08450704225352113
0 0.10234375 0.7582159624413145 0.1234375 0.41784037558685444
1 0.16796875 0.5551643192488263 0.0359375 0.0539906103286385
0 0.15234375 0.6654929577464789 0.0921875 0.2793427230046948
1 0.346875 0.596244131455399 0.034375 0.06103286384976526
0 0.35390625 0.7183098591549296 0.1078125 0.3192488262910798
1 0.36171875 0.5469483568075117 0.0296875 0.051643192488262914
0 0.35859375 0.6208920187793427 0.0765625 0.20892018779342722
1 0.42421875 0.5645539906103286 0.0296875 0.0539906103286385
0 0.42734375 0.6678403755868545 0.0734375 0.2793427230046948
1 0.2875 0.5387323943661971 0.03125 0.0539906103286385
0 0.28984375 0.6244131455399061 0.0671875 0.24413145539906103
1 0.28359375 0.43779342723004694 0.0140625 0.025821596244131457
0 0.28828125 0.4964788732394366 0.0484375 0.1572769953051643
1 0.15 0.4788732394366197 0.0375 0.06103286384976526
0 0.125 0.5892018779342723 0.09375 0.29577464788732394
1 0.18046875 0.48708920187793425 0.0171875 0.025821596244131457
0 0.18203125 0.5234741784037559 0.0359375 0.11267605633802817
1 0.328125 0.5258215962441315 0.015625 0.028169014084507043
0 0.33359375 0.5845070422535211 0.0546875 0.17370892018779344
1 0.43125 0.5586854460093896 0.028125 0.046948356807511735
0 0.42890625 0.5974178403755869 0.0703125 0.1619718309859155
1 0.5171875 0.5211267605633803 0.028125 0.046948356807511735
0 0.484375 0.5985915492957746 0.153125 0.215962441314554
1 0.51484375 0.545774647887324 0.0328125 0.05868544600938967
0 0.5359375 0.6173708920187794 0.128125 0.215962441314554