1 0.19427083333333334 0.3663194444444444 0.052083333333333336 0.1840277777777778
0 0.22135416666666666 0.6276041666666666 0.190625 0.7447916666666666
1 0.28046875 0.13802083333333334 0.0546875 0.1996527777777778
0 0.29791666666666666 0.5147569444444444 0.16458333333333333 0.9704861111111112
1 0.3776041666666667 0.12152777777777778 0.05416666666666667 0.1875
0 0.390625 0.5008680555555556 0.15104166666666666 0.9982638888888888
1 0.42682291666666666 0.2673611111111111 0.04739583333333333 0.19791666666666666
0 0.43645833333333334 0.5668402777777778 0.13854166666666667 0.8663194444444444
1 0.5419270833333333 0.5416666666666666 0.049479166666666664 0.1840277777777778
0 0.5653645833333333 0.6970486111111112 0.15885416666666666 0.6059027777777778
1 0.6015625 0.2647569444444444 0.051041666666666666 0.21006944444444445
0 0.5973958333333333 0.5685763888888888 0.15520833333333334 0.8628472222222222
1 0.7622395833333333 0.2517361111111111 0.050520833333333334 0.2222222222222222
0 0.7752604166666667 0.5668402777777778 0.19322916666666667 0.8663194444444444