1 0.09888888888888889 0.24555555555555555 0.08666666666666667 0.10222222222222223
0 0.09888888888888889 0.5444444444444444 0.19777777777777777 0.7311111111111112
1 0.26222222222222225 0.32722222222222225 0.07333333333333333 0.10333333333333333
0 0.2594444444444444 0.555 0.16333333333333333 0.57
1 0.4411111111111111 0.27555555555555555 0.07111111111111111 0.09333333333333334
0 0.43166666666666664 0.5333333333333333 0.19 0.6155555555555555
1 0.5922222222222222 0.3283333333333333 0.06666666666666667 0.08777777777777777
0 0.5727777777777778 0.5733333333333334 0.18333333333333332 0.5933333333333334
1 0.725 0.28055555555555556 0.07888888888888888 0.09666666666666666
0 0.7411111111111112 0.5516666666666666 0.20666666666666667 0.6677777777777778
1 0.9272222222222222 0.31 0.09 0.10444444444444445
0 0.8966666666666666 0.62 0.20666666666666667 0.7355555555555555
1 0.2961111111111111 0.41333333333333333 0.08333333333333333 0.10444444444444445
0 0.3233333333333333 0.6438888888888888 0.28444444444444444 0.5788888888888889
1 0.7588888888888888 0.46 0.08888888888888889 0.11333333333333333
0 0.7288888888888889 0.695 0.2866666666666667 0.61