1 0.06298076923076923 0.5478632478632479 0.05480769230769231 0.09743589743589744
0 0.10576923076923077 0.7222222222222222 0.175 0.4495726495726496
1 0.2048076923076923 0.5495726495726496 0.038461538461538464 0.08376068376068375
0 0.19663461538461538 0.6846153846153846 0.11442307692307692 0.3641025641025641
1 0.2048076923076923 0.5136752136752136 0.032692307692307694 0.07008547008547009
0 0.22403846153846155 0.6358974358974359 0.10192307692307692 0.3247863247863248
1 0.2389423076923077 0.5111111111111111 0.02980769230769231 0.0547008547008547
0 0.2610576923076923 0.617948717948718 0.10865384615384616 0.27863247863247864
1 0.2692307692307692 0.5102564102564102 0.025 0.05299145299145299
0 0.27692307692307694 0.6017094017094017 0.07307692307692308 0.24957264957264957
1 0.3 0.48547008547008547 0.023076923076923078 0.041025641025641026
0 0.30625 0.576068376068376 0.07403846153846154 0.22905982905982905
1 0.33653846153846156 0.4888888888888889 0.019230769230769232 0.041025641025641026
0 0.3375 0.5555555555555556 0.05961538461538462 0.1811965811965812
1 0.6413461538461539 0.4777777777777778 0.019230769230769232 0.039316239316239315
0 0.6322115384615384 0.5452991452991452 0.06634615384615385 0.19145299145299147
1 0.6649038461538461 0.49230769230769234 0.020192307692307693 0.041025641025641026
0 0.6572115384615385 0.5658119658119658 0.058653846153846154 0.19829059829059828
1 0.6831730769230769 0.4863247863247863 0.02403846153846154 0.05299145299145299
0 0.6764423076923077 0.576068376068376 0.07019230769230769 0.23931623931623933
1 0.7057692307692308 0.488034188034188 0.03076923076923077 0.06324786324786325
0 0.7033653846153847 0.5888888888888889 0.08365384615384615 0.27863247863247864
1 0.7519230769230769 0.5068376068376068 0.032692307692307694 0.06666666666666667
0 0.75 0.6188034188034188 0.08846153846153847 0.29743589743589743
1 0.8120192307692308 0.5282051282051282 0.041346153846153845 0.09572649572649573
0 0.8067307692307693 0.6487179487179487 0.11923076923076924 0.3435897435897436
1 0.8509615384615384 0.5393162393162393 0.046153846153846156 0.1076923076923077
0 0.8533653846153846 0.7008547008547008 0.1451923076923077 0.4444444444444444
1 0.9730769230769231 0.6 0.05384615384615385 0.11623931623931624
0 0.9389423076923077 0.7666666666666667 0.12211538461538461 0.4666666666666667