1 0.03763440860215054 0.20142857142857143 0.07526881720430108 0.06285714285714286
0 0.11827956989247312 0.5185714285714286 0.23655913978494625 0.7
1 0.235663082437276 0.19857142857142857 0.13440860215053763 0.14
0 0.2724014336917563 0.5307142857142857 0.5197132616487455 0.89
1 0.45161290322580644 0.38285714285714284 0.07168458781362007 0.04857142857142857
0 0.5026881720430108 0.4492857142857143 0.2849462365591398 0.24142857142857144
1 0.4731182795698925 0.19714285714285715 0.04659498207885305 0.04285714285714286
0 0.49910394265232977 0.3292857142857143 0.16308243727598568 0.3271428571428571
1 0.6370967741935484 0.22285714285714286 0.08422939068100359 0.07428571428571429
0 0.6702508960573477 0.43357142857142855 0.22580645161290322 0.5157142857142857
1 0.7132616487455197 0.19857142857142857 0.12544802867383512 0.12
0 0.7661290322580645 0.5492857142857143 0.3602150537634409 0.8642857142857143
1 0.9444444444444444 0.2392857142857143 0.06810035842293907 0.07
0 0.9157706093189965 0.4564285714285714 0.16845878136200718 0.5242857142857142