1 0.00703125 0.4898148148148148 0.0140625 0.025925925925925925
0 0.020052083333333335 0.5689814814814815 0.04010416666666667 0.18796296296296297
1 0.013541666666666667 0.5041666666666667 0.010416666666666666 0.017592592592592594
0 0.015364583333333333 0.5592592592592592 0.028645833333333332 0.13148148148148148
1 0.03984375 0.513425925925926 0.0078125 0.017592592592592594
0 0.034375 0.5513888888888889 0.01875 0.09722222222222222
1 0.053125 0.5180555555555556 0.007291666666666667 0.01574074074074074
0 0.053125 0.5504629629629629 0.017708333333333333 0.08796296296296297
1 0.109375 0.46944444444444444 0.021875 0.03888888888888889
0 0.09427083333333333 0.5949074074074074 0.0875 0.30092592592592593
1 0.20833333333333334 0.4740740740740741 0.029166666666666667 0.06851851851851852
0 0.19817708333333334 0.6722222222222223 0.09635416666666667 0.4722222222222222
1 0.3463541666666667 0.42962962962962964 0.03854166666666667 0.08333333333333333
0 0.3216145833333333 0.6800925925925926 0.11822916666666666 0.5916666666666667
1 0.40234375 0.44675925925925924 0.03697916666666667 0.07685185185185185
0 0.4192708333333333 0.7023148148148148 0.11354166666666667 0.5953703703703703
1 0.5736979166666667 0.47685185185185186 0.034895833333333334 0.07222222222222222
0 0.575 0.6662037037037037 0.15729166666666666 0.47129629629629627
1 0.73671875 0.4615740740740741 0.0421875 0.08611111111111111
0 0.72734375 0.7074074074074074 0.1234375 0.5851851851851851
1 0.8145833333333333 0.5189814814814815 0.046875 0.09722222222222222
0 0.8229166666666666 0.7342592592592593 0.16041666666666668 0.5314814814814814
1 0.8880208333333334 0.4875 0.03229166666666667 0.06388888888888888
0 0.89296875 0.6875 0.0859375 0.47685185185185186
1 0.9625 0.4486111111111111 0.05625 0.10648148148148148
0 0.95390625 0.6967592592592593 0.0921875 0.6064814814814815
1 0.69921875 0.49166666666666664 0.0265625 0.05555555555555555
0 0.6932291666666667 0.649537037037037 0.075 0.3768518518518518
1 0.77890625 0.5152777777777777 0.009895833333333333 0.017592592592592594
0 0.7815104166666667 0.5550925925925926 0.021354166666666667 0.10648148148148148
1 0.6557291666666667 0.4828703703703704 0.013541666666666667 0.026851851851851852
0 0.6552083333333333 0.575462962962963 0.041666666666666664 0.2175925925925926
1 0.5953125 0.47129629629629627 0.017708333333333333 0.03518518518518519
0 0.59453125 0.5898148148148148 0.050520833333333334 0.2796296296296296
1 0.6174479166666667 0.5097222222222222 0.009895833333333333 0.021296296296296296
0 0.6166666666666667 0.5736111111111111 0.028125 0.15648148148148147
1 0.6276041666666666 0.5143518518518518 0.009375 0.01574074074074074
0 0.6286458333333333 0.5708333333333333 0.025 0.14166666666666666
1 0.6466145833333333 0.5138888888888888 0.0078125 0.016666666666666666
0 0.6489583333333333 0.5745370370370371 0.027083333333333334 0.1398148148148148
1 0.5291666666666667 0.5074074074074074 0.014583333333333334 0.027777777777777776
0 0.53046875 0.6148148148148148 0.0390625 0.2518518518518518
1 0.5317708333333333 0.49398148148148147 0.015625 0.030555555555555555
0 0.5333333333333333 0.575925925925926 0.041666666666666664 0.2074074074074074
1 0.4981770833333333 0.5013888888888889 0.0171875 0.03425925925925926
0 0.49921875 0.5939814814814814 0.0359375 0.22685185185185186
1 0.471875 0.5087962962962963 0.014583333333333334 0.028703703703703703
0 0.4713541666666667 0.5824074074074074 0.03333333333333333 0.1814814814814815
1 0.4471354166666667 0.4532407407407407 0.024479166666666666 0.049074074074074076
0 0.44609375 0.6138888888888889 0.06197916666666667 0.37777777777777777
1 0.29739583333333336 0.4740740740740741 0.023958333333333335 0.05185185185185185
0 0.2955729166666667 0.6504629629629629 0.0765625 0.41203703703703703
1 0.259375 0.48703703703703705 0.013541666666666667 0.027777777777777776
0 0.2598958333333333 0.5787037037037037 0.041666666666666664 0.2111111111111111
1 0.13098958333333333 0.5032407407407408 0.011979166666666667 0.026851851851851852
0 0.13046875 0.5694444444444444 0.0296875 0.16111111111111112
1 0.15026041666666667 0.5125 0.011979166666666667 0.021296296296296296
0 0.15338541666666666 0.5657407407407408 0.0234375 0.13148148148148148
1 0.1703125 0.5078703703703704 0.008333333333333333 0.019444444444444445
0 0.16796875 0.5546296296296296 0.0234375 0.12037037037037036
1 0.23854166666666668 0.5023148148148148 0.0125 0.026851851851851852
0 0.23958333333333334 0.5787037037037037 0.03125 0.18888888888888888
1 0.8330729166666667 0.4912037037037037 0.015104166666666667 0.030555555555555555
0 0.8291666666666667 0.6 0.041666666666666664 0.2611111111111111
1 0.8533854166666667 0.4981481481481482 0.0140625 0.03148148148148148
0 0.8528645833333334 0.5935185185185186 0.034895833333333334 0.22592592592592592
1 0.8776041666666666 0.475 0.017708333333333333 0.037037037037037035
0 0.875 0.6023148148148149 0.06354166666666666 0.2953703703703704