1 0.9619619619619619 0.20207852193995382 0.03403403403403404 0.09006928406466513
0 0.9619619619619619 0.42494226327944573 0.07607607607607608 0.5542725173210161
1 0.9134134134134134 0.34295612009237875 0.04504504504504504 0.11778290993071594
0 0.918918918918919 0.6397228637413395 0.11811811811811812 0.7205542725173211
1 0.8638638638638638 0.325635103926097 0.04004004004004004 0.11085450346420324
0 0.8608608608608609 0.6235565819861432 0.08608608608608609 0.7205542725173211
1 0.8733733733733734 0.151270207852194 0.04104104104104104 0.10392609699769054
0 0.8718718718718719 0.38683602771362585 0.1041041041041041 0.6073903002309469
1 0.8283283283283284 0.1674364896073903 0.03303303303303303 0.08545034642032333
0 0.8308308308308309 0.394919168591224 0.07407407407407407 0.558891454965358
1 0.7852852852852853 0.1489607390300231 0.031031031031031032 0.09006928406466513
0 0.7802802802802803 0.3648960739030023 0.08508508508508508 0.5404157043879908
1 0.7767767767767768 0.5288683602771362 0.04804804804804805 0.13394919168591224
0 0.7817817817817818 0.7286374133949192 0.14814814814814814 0.5427251732101617
1 0.7057057057057057 0.48036951501154734 0.036036036036036036 0.11085450346420324
0 0.6966966966966966 0.7055427251732102 0.0980980980980981 0.5889145496535797
1 0.6456456456456456 0.4745958429561201 0.03803803803803804 0.11778290993071594
0 0.6376376376376376 0.6893764434180139 0.0940940940940941 0.5612009237875288
1 0.7332332332332332 0.302540415704388 0.037037037037037035 0.11085450346420324
0 0.7367367367367368 0.5565819861431871 0.1041041041041041 0.6327944572748267
1 0.6606606606606606 0.32217090069284066 0.03403403403403404 0.08545034642032333
0 0.6571571571571572 0.5496535796766744 0.08508508508508508 0.581986143187067
1 0.6826826826826827 0.1789838337182448 0.028028028028028028 0.07621247113163972
0 0.6806806806806807 0.3903002309468822 0.08608608608608609 0.5219399538106235
1 0.5580580580580581 0.44110854503464203 0.035035035035035036 0.12009237875288684
0 0.5435435435435435 0.6778290993071594 0.11411411411411411 0.6073903002309469
1 0.6271271271271271 0.2806004618937644 0.031031031031031032 0.08545034642032333
0 0.6371371371371372 0.48614318706697457 0.08308308308308308 0.5150115473441108
1 0.5840840840840841 0.3163972286374134 0.03303303303303303 0.10161662817551963
0 0.5830830830830831 0.5311778290993071 0.07307307307307308 0.5542725173210161
1 0.6036036036036037 0.21016166281755197 0.028028028028028028 0.07852193995381063
0 0.6041041041041041 0.3995381062355658 0.07907907907907907 0.47575057736720555
1 0.5945945945945946 0.06235565819861432 0.028028028028028028 0.07390300230946882
0 0.5945945945945946 0.27713625866050806 0.0920920920920921 0.5311778290993071
1 0.5265265265265265 0.10161662817551963 0.026026026026026026 0.07852193995381063
0 0.5305305305305306 0.30600461893764436 0.07607607607607608 0.5057736720554272
1 0.5385385385385385 0.3244803695150115 0.03003003003003003 0.08545034642032333
0 0.536036036036036 0.5265588914549654 0.07307307307307308 0.49884526558891457
1 0.4924924924924925 0.2806004618937644 0.028028028028028028 0.08083140877598152
0 0.4914914914914915 0.5288683602771362 0.07607607607607608 0.5866050808314087
1 0.496996996996997 0.3579676674364896 0.031031031031031032 0.09237875288683603
0 0.497997997997998 0.5912240184757506 0.07307307307307308 0.581986143187067
1 0.4394394394394394 0.35219399538106233 0.03003003003003003 0.08545034642032333
0 0.44344344344344344 0.605080831408776 0.08408408408408409 0.6004618937644342
1 0.44994994994994997 0.2702078521939954 0.031031031031031032 0.09237875288683603
0 0.44544544544544545 0.5161662817551963 0.08008008008008008 0.5981524249422633
1 0.4174174174174174 0.5658198614318707 0.03203203203203203 0.10623556581986143
0 0.41291291291291293 0.7378752886836027 0.09509509509509509 0.4780600461893764
1 0.3768768768768769 0.312933025404157 0.031031031031031032 0.09006928406466513
0 0.37737737737737737 0.5854503464203233 0.08208208208208208 0.6535796766743649
1 0.4319319319319319 0.2090069284064665 0.025025025025025027 0.07159353348729793
0 0.42842842842842843 0.38683602771362585 0.062062062062062065 0.44110854503464203
1 0.4014014014014014 0.17436489607390301 0.024024024024024024 0.07159353348729793
0 0.4024024024024024 0.37644341801385683 0.062062062062062065 0.4665127020785219
1 0.36736736736736736 0.1836027713625866 0.026026026026026026 0.07159353348729793
0 0.36786786786786785 0.37990762124711314 0.06706706706706707 0.46882217090069284
1 0.3263263263263263 0.1558891454965358 0.024024024024024024 0.06697459584295612
0 0.3238238238238238 0.3556581986143187 0.06306306306306306 0.47575057736720555
1 0.3178178178178178 0.5242494226327945 0.04104104104104104 0.12471131639722864
0 0.2957957957957958 0.7274826789838337 0.14314314314314314 0.5450346420323325
1 0.29679679679679677 0.28752886836027713 0.037037037037037035 0.09006928406466513
0 0.2882882882882883 0.5831408775981525 0.1021021021021021 0.7090069284064665
1 0.25425425425425424 0.28290993071593534 0.03003003003003003 0.09006928406466513
0 0.25075075075075076 0.5103926096997691 0.07307307307307308 0.5542725173210161
1 0.3263263263263263 0.29907621247113164 0.03203203203203203 0.09930715935334873
0 0.3283283283283283 0.5219399538106235 0.06606606606606606 0.558891454965358
1 0.2002002002002002 0.31524249422632794 0.03403403403403404 0.09006928406466513
0 0.2032032032032032 0.581986143187067 0.08008008008008008 0.6327944572748267
1 0.1841841841841842 0.46997690531177827 0.042042042042042045 0.12240184757505773
0 0.17967967967967968 0.6997690531177829 0.12512512512512514 0.6004618937644342
1 0.07157157157157157 0.4930715935334873 0.055055055055055056 0.13625866050808313
0 0.07257257257257257 0.707852193995381 0.14514514514514515 0.5842956120092379
1 0.12662662662662663 0.3071593533487298 0.03903903903903904 0.10161662817551963
0 0.11861861861861862 0.5969976905311778 0.0990990990990991 0.6859122401847575
1 0.13913913913913914 0.2690531177829099 0.036036036036036036 0.09468822170900693
0 0.12862862862862862 0.5427251732101617 0.09309309309309309 0.651270207852194
1 0.471971971971972 0.22401847575057737 0.023023023023023025 0.06466512702078522
0 0.4694694694694695 0.3810623556581986 0.05205205205205205 0.4018475750577367
1 0.7567567567567568 0.19399538106235567 0.028028028028028028 0.09237875288683603
0 0.7567567567567568 0.4006928406466513 0.07807807807807808 0.5150115473441108
1 0.7877877877877878 0.384526558891455 0.028028028028028028 0.08083140877598152
0 0.7807807807807807 0.6431870669745958 0.08608608608608609 0.625866050808314
1 0.4114114114114114 0.302540415704388 0.03203203203203203 0.08314087759815242
0 0.4124124124124124 0.5046189376443418 0.062062062062062065 0.5057736720554272
1 0.35235235235235235 0.2956120092378753 0.026026026026026026 0.08775981524249422
0 0.35435435435435436 0.5023094688221709 0.05805805805805806 0.5150115473441108
1 0.26226226226226224 0.2228637413394919 0.03203203203203203 0.08083140877598152
0 0.25925925925925924 0.46882217090069284 0.06606606606606606 0.5912240184757506
1 0.22172172172172172 0.25981524249422633 0.025025025025025027 0.07159353348729793
0 0.22572572572572572 0.4838337182448037 0.06506506506506507 0.5473441108545035