1 0.01332720588235294 0.5794439935064936 0.006433823529411764 0.0038555194805194805
0 0.013480392156862746 0.5890827922077922 0.02267156862745098 0.02556818181818182
1 0.025735294117647058 0.5771103896103896 0.00428921568627451 0.0036525974025974025
0 0.028952205882352942 0.5875608766233766 0.013786764705882353 0.026176948051948052
1 0.11213235294117647 0.5733563311688312 0.004901960784313725 0.0038555194805194805
0 0.1096813725490196 0.5870535714285714 0.015931372549019607 0.03206168831168831
1 0.12423406862745098 0.5719358766233766 0.006433823529411764 0.004667207792207792
0 0.1256127450980392 0.5849228896103896 0.020833333333333332 0.032670454545454544
1 0.13480392156862744 0.5681818181818182 0.0055147058823529415 0.004464285714285714
0 0.13495710784313725 0.580661525974026 0.013786764705882353 0.030235389610389612
1 0.1409313725490196 0.5717329545454546 0.006127450980392157 0.004667207792207792
0 0.1403186274509804 0.5840097402597403 0.014705882352941176 0.030032467532467532
1 0.1717218137254902 0.5747767857142857 0.005208333333333333 0.0038555194805194805
0 0.16559436274509803 0.5872564935064936 0.02420343137254902 0.032467532467532464
1 0.21614583333333334 0.5747767857142857 0.006433823529411764 0.005073051948051948
0 0.21660539215686275 0.5880681818181818 0.02389705882352941 0.033279220779220776
1 0.23682598039215685 0.5770089285714286 0.0055147058823529415 0.0038555194805194805
0 0.23560049019607843 0.5882711038961039 0.016544117647058824 0.028814935064935064
1 0.24908088235294118 0.5777191558441559 0.004901960784313725 0.0036525974025974025
0 0.24862132352941177 0.5893871753246753 0.016237745098039217 0.0294237012987013
1 0.2659313725490196 0.5772118506493507 0.006127450980392157 0.004261363636363636
0 0.2653186274509804 0.5889813311688312 0.018995098039215685 0.030235389610389612
1 0.2884497549019608 0.578327922077922 0.0033700980392156864 0.002435064935064935
0 0.28921568627450983 0.5837053571428571 0.009191176470588236 0.015625
1 0.30545343137254904 0.5793425324675324 0.0024509803921568627 0.0016233766233766235
0 0.30453431372549017 0.5843141233766234 0.00980392156862745 0.014813311688311688
1 0.35340073529411764 0.5773133116883117 0.005821078431372549 0.004058441558441558
0 0.35340073529411764 0.5903003246753247 0.018688725490196078 0.03165584415584415
1 0.4267769607843137 0.5812702922077922 0.004901960784313725 0.0038555194805194805
0 0.4263174019607843 0.5943587662337663 0.015012254901960785 0.030438311688311688
1 0.38128063725490197 0.5948660714285714 0.03768382352941176 0.033482142857142856
0 0.37637867647058826 0.6908482142857143 0.14185049019607843 0.22747564935064934
1 0.4010416666666667 0.6208400974025974 0.051470588235294115 0.046875
0 0.4103860294117647 0.7664366883116883 0.22886029411764705 0.34415584415584416
1 0.49831495098039214 0.5881696428571429 0.014399509803921568 0.009943181818181818
0 0.5016850490196079 0.6155641233766234 0.03952205882352941 0.06635551948051949
1 0.5444240196078431 0.6048092532467533 0.03125 0.02739448051948052
0 0.5451899509803921 0.6862824675324676 0.10202205882352941 0.19642857142857142
1 0.5831801470588235 0.643364448051948 0.0548406862745098 0.041193181818181816
0 0.5790441176470589 0.7670454545454546 0.14705882352941177 0.2913961038961039
1 0.6778492647058824 0.6278409090909091 0.030330882352941176 0.027597402597402596
0 0.6714154411764706 0.6989650974025974 0.10814950980392157 0.17796266233766234
1 0.6294424019607843 0.5850243506493507 0.007659313725490196 0.005681818181818182
0 0.6282169117647058 0.6049107142857143 0.029105392156862746 0.048295454545454544
1 0.6619178921568627 0.6001420454545454 0.008272058823529412 0.004261363636363636
0 0.6625306372549019 0.6134334415584416 0.018688725490196078 0.032467532467532464
1 0.6645220588235294 0.5889813311688312 0.0030637254901960784 0.0034496753246753245
0 0.6639093137254902 0.5996347402597403 0.012867647058823529 0.025974025974025976
1 0.8342524509803921 0.6503652597402597 0.052083333333333336 0.04220779220779221
0 0.8432904411764706 0.7739448051948052 0.19332107843137256 0.2950487012987013
1 0.8350183823529411 0.593952922077922 0.019301470588235295 0.015016233766233766
0 0.8359375 0.6419439935064936 0.07506127450980392 0.11343344155844155
1 0.7329963235294118 0.5967938311688312 0.022365196078431373 0.016639610389610388
0 0.7268688725490197 0.6461038961038961 0.06158088235294118 0.11688311688311688
1 0.7527573529411765 0.5872564935064936 0.017769607843137254 0.013392857142857142
0 0.749234068627451 0.6357548701298701 0.05606617647058824 0.11201298701298701
1 0.8933823529411765 0.6015625 0.010416666666666666 0.008319805194805194
0 0.8978247549019608 0.6175933441558441 0.03278186274509804 0.04200487012987013
1 0.8183210784313726 0.5903003246753247 0.004901960784313725 0.0036525974025974025
0 0.8170955882352942 0.6021712662337663 0.014705882352941176 0.029017857142857144
1 0.7953431372549019 0.5887784090909091 0.00428921568627451 0.003043831168831169
0 0.7967218137254902 0.599025974025974 0.015625 0.024350649350649352
1 0.7771139705882353 0.5888798701298701 0.003982843137254902 0.002840909090909091
0 0.7777267156862745 0.598823051948052 0.012561274509803922 0.023944805194805196
1 0.6876531862745098 0.5859375 0.007659313725490196 0.005478896103896104
0 0.6870404411764706 0.6048092532467533 0.023590686274509803 0.044845779220779224
1 0.7005208333333334 0.586140422077922 0.004595588235294118 0.0034496753246753245
0 0.7008272058823529 0.5999391233766234 0.017463235294117647 0.03226461038961039
1 0.5909926470588235 0.585734577922078 0.001838235294117647 0.0010146103896103895
0 0.5909926470588235 0.5890827922077922 0.006127450980392157 0.008928571428571428
1 0.5845588235294118 0.586140422077922 0.001838235294117647 0.0014204545454545455
0 0.585171568627451 0.5891842532467533 0.0055147058823529415 0.008319805194805194
1 0.7181372549019608 0.5916193181818182 0.00428921568627451 0.003043831168831169
0 0.7182904411764706 0.599025974025974 0.010723039215686275 0.018668831168831168
1 0.7092524509803921 0.5875608766233766 0.003676470588235294 0.002637987012987013
0 0.7100183823529411 0.5971996753246753 0.008884803921568627 0.021915584415584416
1 0.6697303921568627 0.5903003246753247 0.0055147058823529415 0.004058441558441558
0 0.6698835784313726 0.6003449675324676 0.013786764705882353 0.026176948051948052
1 0.946078431372549 0.5992288961038961 0.0030637254901960784 0.002029220779220779
0 0.946078431372549 0.6055194805194806 0.00857843137254902 0.016639610389610388
1 0.7706801470588235 0.5897930194805194 0.0033700980392156864 0.002232142857142857
0 0.7702205882352942 0.5999391233766234 0.011642156862745098 0.023741883116883116
1 0.727328431372549 0.5880681818181818 0.00428921568627451 0.002840909090909091
0 0.7253370098039216 0.5967938311688312 0.013174019607843137 0.020698051948051948
0 0.9886642156862745 0.6377840909090909 0.02267156862745098 0.09740259740259741