1 0.3717948717948718 0.6588107324147934 0.01983551040154814 0.03698332124728064
0 0.3717948717948718 0.7628716461203771 0.04692791485244315 0.24510514865844815
1 0.532656023222061 0.6653372008701958 0.01644895984518626 0.0340826686004351
0 0.5234639574262215 0.7465554749818709 0.04450895016932753 0.20812182741116753
1 0.573536526366715 0.6765772298767223 0.011127237542331882 0.01740391588107324
0 0.5732946298984035 0.7182741116751269 0.03483309143686502 0.10514865844815083
1 0.6134494436381229 0.6747643219724438 0.01644895984518626 0.03118201595358956
0 0.6047411707789067 0.7559825960841189 0.03967102080309628 0.19651921682378534
1 0.7133526850507983 0.6751269035532995 0.02177068214804064 0.03625815808556925
0 0.7249637155297532 0.7657722987672226 0.043057571359458154 0.22480058013052936
1 0.7711659409772618 0.6740391588107324 0.011611030478955007 0.019579405366207395
0 0.7694726656990808 0.7295141406816533 0.0382196419932269 0.1319796954314721
1 0.8018867924528302 0.6773023930384336 0.016932752781809387 0.023205221174764323
0 0.8076923076923077 0.7436548223350253 0.05660377358490566 0.15736040609137056
1 0.4663763909046928 0.6446700507614214 0.020319303338171262 0.03480783176214648
0 0.46274794388001933 0.7545322697606962 0.06047411707789066 0.2516316171138506
1 0.6652152878567973 0.6548223350253807 0.022254475084663765 0.04205946337926034
0 0.6700532172230286 0.765409717186367 0.0841799709724238 0.2675852066715011
1 0.19787131107885825 0.7139231327048586 0.01451378809869376 0.08484408992023205
0 0.19787131107885825 0.7139231327048586 0.01451378809869376 0.08484408992023205
1 0.21867440735365265 0.7200870195794054 0.0077406869859700045 0.01015228426395939
0 0.21601354620222546 0.7367657722987673 0.02370585389453314 0.046410442349528645
1 0.22931785195936139 0.6823785351704134 0.008708272859216255 0.01595358955765047
0 0.22859216255442671 0.7237128353879623 0.02370585389453314 0.10007251631617115
1 0.2559264634736333 0.6812907904278462 0.0077406869859700045 0.012327773749093546
0 0.25495887760038705 0.720449601160261 0.022254475084663765 0.09209572153734591
1 0.26681180454765363 0.6860043509789703 0.00822447992259313 0.01305293691080493
0 0.2672955974842767 0.7233502538071066 0.011127237542331882 0.08629441624365482
1 0.27552007740686985 0.6816533720087019 0.00725689404934688 0.011602610587382161
0 0.2776971456216739 0.7211747643219725 0.021286889211417512 0.09064539521392313
1 0.28350266086115145 0.6903553299492385 0.006773101112723754 0.01015228426395939
0 0.2842283502660861 0.7229876722262509 0.012094823415578132 0.08121827411167512
1 0.2900338655055636 0.6896301667875272 0.006289308176100629 0.01015228426395939
0 0.29051765844218674 0.7208121827411168 0.011127237542331882 0.07396664249456128
1 0.2965650701499758 0.6856417693981146 0.006773101112723754 0.012327773749093546
0 0.2972907595549105 0.7222625090645395 0.01983551040154814 0.08846990572878898
1 0.30793420416061923 0.6954314720812182 0.006289308176100629 0.00870195794053662
0 0.30793420416061923 0.7248005801305294 0.012094823415578132 0.06889050036258158
1 0.3219641993226899 0.6805656272661349 0.00822447992259313 0.013778100072516316
0 0.3178519593613933 0.7182741116751269 0.01644895984518626 0.09354604786076867
1 0.33430091920657956 0.6831036983321247 0.008708272859216255 0.01305293691080493
0 0.33430091920657956 0.7208121827411168 0.018384131591678763 0.08701957940536621
1 0.34228350266086116 0.6899927483683829 0.00725689404934688 0.010877447425670777
0 0.341799709724238 0.7233502538071066 0.010159651669085631 0.07904278462654098
1 0.34954039671020803 0.6870920957215374 0.006289308176100629 0.010877447425670777
0 0.34736332849540397 0.7222625090645395 0.013546202225447508 0.08121827411167512
1 0.36502177068214803 0.6736765772298767 0.010159651669085631 0.01740391588107324
0 0.3638122883405902 0.720449601160261 0.036768263183357526 0.11385061638868746
1 0.38461538461538464 0.6820159535895577 0.011611030478955007 0.02102973168963017
0 0.39138848572810836 0.7324147933284989 0.027092404450895016 0.12037708484408992
1 0.39283986453797776 0.6787527193618564 0.0077406869859700045 0.01305293691080493
0 0.3940493468795356 0.7182741116751269 0.016932752781809387 0.09209572153734591
1 0.41872278664731494 0.6870920957215374 0.006289308176100629 0.010877447425670777
0 0.41993226898887276 0.7164612037708484 0.018384131591678763 0.08556925308194344
1 0.4308176100628931 0.6849166062364032 0.011127237542331882 0.015228426395939087
0 0.43541364296081275 0.7302393038433648 0.02999516207063377 0.11022480058013052
1 0.4917755200774069 0.6831036983321247 0.010159651669085631 0.01885424220449601
0 0.49225931301403 0.7306018854242204 0.02080309627479439 0.11530094271211022
1 0.5087082728592163 0.6580855692530819 0.011127237542331882 0.019579405366207395
0 0.5108853410740203 0.7258883248730964 0.028059990324141266 0.15953589557650472