1 0.1958762886597938 0.2134502923976608 0.10051546391752578 0.15789473684210525
0 0.148840206185567 0.5662768031189084 0.29510309278350516 0.8674463937621832
1 0.2538659793814433 0.2699805068226121 0.06958762886597938 0.1189083820662768
0 0.26804123711340205 0.5955165692007798 0.15463917525773196 0.8089668615984406
1 0.49742268041237114 0.25828460038986356 0.05670103092783505 0.09551656920077972
0 0.4375 0.5935672514619883 0.27448453608247425 0.8128654970760234
1 0.6146907216494846 0.29142300194931775 0.041237113402061855 0.08382066276803118
0 0.6146907216494846 0.5857699805068226 0.12371134020618557 0.6803118908382066
1 0.7512886597938144 0.3391812865497076 0.05154639175257732 0.0935672514619883
0 0.7512886597938144 0.6169590643274854 0.16494845360824742 0.6569200779727096
1 0.8666237113402062 0.30409356725146197 0.07603092783505154 0.12085769980506822
0 0.8936855670103093 0.6072124756335283 0.18685567010309279 0.7504873294346979
1 0.9826030927835051 0.32943469785575047 0.03479381443298969 0.10526315789473684
0 0.9600515463917526 0.6354775828460039 0.07989690721649484 0.7290448343079922
1 0.44587628865979384 0.6120857699805068 0.11597938144329897 0.20272904483430798
0 0.43621134020618557 0.7309941520467836 0.32087628865979384 0.5380116959064327
1 0.8311855670103093 0.4834307992202729 0.10051546391752578 0.1442495126705653
0 0.7860824742268041 0.6968810916179338 0.3402061855670103 0.6062378167641326
1 0.03801546391752577 0.24463937621832357 0.00902061855670103 0.01364522417153996
0 0.03801546391752577 0.2797270955165692 0.02190721649484536 0.08771929824561403
1 0.06894329896907217 0.25633528265107214 0.00902061855670103 0.01364522417153996
0 0.06314432989690721 0.2894736842105263 0.023195876288659795 0.08382066276803118
1 0.06314432989690721 0.24853801169590642 0.015463917525773196 0.06432748538011696
0 0.06314432989690721 0.24853801169590642 0.015463917525773196 0.06432748538011696
1 0.043170103092783504 0.22612085769980506 0.00902061855670103 0.015594541910331383
0 0.04252577319587629 0.25048732943469787 0.020618556701030927 0.07602339181286549
1 0.45618556701030927 0.2699805068226121 0.005154639175257732 0.009746588693957114
0 0.45618556701030927 0.29239766081871343 0.01804123711340206 0.06627680311890838