1 0.9840720221606648 0.49166666666666664 0.03185595567867036 0.19166666666666668
0 0.9349030470914127 0.6958333333333333 0.13019390581717452 0.6083333333333333
1 0.8033240997229917 0.6635416666666667 0.060941828254847646 0.10625
0 0.7728531855955678 0.775 0.2520775623268698 0.45
1 0.44113573407202217 0.859375 0.04847645429362881 0.08958333333333333
0 0.44113573407202217 0.9020833333333333 0.12880886426592797 0.19583333333333333
1 0.3739612188365651 0.875 0.036011080332409975 0.0625
0 0.3732686980609418 0.9177083333333333 0.08725761772853186 0.16458333333333333
1 0.2610803324099723 0.5072916666666667 0.07617728531855955 0.11041666666666666
0 0.27770083102493076 0.6385416666666667 0.2146814404432133 0.7229166666666667
1 0.20083102493074792 0.503125 0.0664819944598338 0.08541666666666667
0 0.2590027700831025 0.6708333333333333 0.28254847645429365 0.6583333333333333
1 0.13642659279778394 0.9208333333333333 0.023545706371191136 0.04583333333333333
0 0.13573407202216067 0.9427083333333334 0.055401662049861494 0.11458333333333333
1 0.08448753462603878 0.8802083333333334 0.019390581717451522 0.03958333333333333
0 0.08033240997229917 0.9270833333333334 0.0664819944598338 0.14583333333333334