1 0.06275510204081633 0.3661504424778761 0.02959183673469388 0.08185840707964602
0 0.05510204081632653 0.6106194690265486 0.10204081632653061 0.5796460176991151
1 0.11173469387755101 0.4325221238938053 0.03571428571428571 0.07743362831858407
0 0.10408163265306122 0.6780973451327433 0.08775510204081632 0.581858407079646
1 0.12908163265306122 0.37610619469026546 0.02959183673469388 0.0752212389380531
0 0.1239795918367347 0.5929203539823009 0.06224489795918367 0.5176991150442478
1 0.1510204081632653 0.3926991150442478 0.02857142857142857 0.07300884955752213
0 0.14642857142857144 0.6117256637168141 0.06836734693877551 0.5243362831858407
1 0.18214285714285713 0.4247787610619469 0.025510204081632654 0.07964601769911504
0 0.1816326530612245 0.6592920353982301 0.07346938775510205 0.5663716814159292
1 0.22244897959183674 0.4192477876106195 0.024489795918367346 0.07300884955752213
0 0.22193877551020408 0.6393805309734514 0.06428571428571428 0.5221238938053098
1 0.27653061224489794 0.38495575221238937 0.026530612244897958 0.07079646017699115
0 0.275 0.6161504424778761 0.07244897959183673 0.5376106194690266
1 0.3168367346938776 0.43805309734513276 0.025510204081632654 0.06637168141592921
0 0.31479591836734694 0.6449115044247787 0.07040816326530612 0.49336283185840707
1 0.3693877551020408 0.4358407079646018 0.026530612244897958 0.07079646017699115
0 0.3663265306122449 0.6482300884955752 0.061224489795918366 0.5132743362831859
1 0.4193877551020408 0.3971238938053097 0.02857142857142857 0.07743362831858407
0 0.4204081632653061 0.6238938053097345 0.06938775510204082 0.5398230088495575
1 0.48418367346938773 0.4026548672566372 0.025510204081632654 0.07079646017699115
0 0.47908163265306125 0.6227876106194691 0.06836734693877551 0.5154867256637168
1 0.5387755102040817 0.39048672566371684 0.024489795918367346 0.06858407079646017
0 0.5418367346938775 0.6095132743362832 0.0836734693877551 0.5154867256637168
1 0.6020408163265306 0.4336283185840708 0.026530612244897958 0.061946902654867256
0 0.6045918367346939 0.6349557522123894 0.06428571428571428 0.4778761061946903
1 0.6311224489795918 0.4280973451327434 0.02346938775510204 0.06415929203539823
0 0.6321428571428571 0.620575221238938 0.05408163265306123 0.45353982300884954
1 0.6816326530612244 0.45132743362831856 0.02040816326530612 0.05309734513274336
0 0.6811224489795918 0.6338495575221239 0.05612244897959184 0.44026548672566373
1 0.7214285714285714 0.4081858407079646 0.024489795918367346 0.07743362831858407
0 0.726530612244898 0.6139380530973452 0.06326530612244897 0.49336283185840707
1 0.7596938775510204 0.4247787610619469 0.02346938775510204 0.061946902654867256
0 0.7678571428571429 0.6061946902654868 0.058163265306122446 0.43805309734513276
1 0.7846938775510204 0.415929203539823 0.024489795918367346 0.06637168141592921
0 0.7933673469387755 0.6194690265486725 0.07244897959183673 0.4823008849557522
1 0.8173469387755102 0.4435840707964602 0.024489795918367346 0.06415929203539823
0 0.8153061224489796 0.6227876106194691 0.05510204081632653 0.4314159292035398
1 0.871938775510204 0.4480088495575221 0.02959183673469388 0.07743362831858407
0 0.8704081632653061 0.6305309734513275 0.07346938775510205 0.46017699115044247
1 0.9280612244897959 0.43694690265486724 0.025510204081632654 0.07300884955752213
0 0.9336734693877551 0.6382743362831859 0.07142857142857142 0.48008849557522126
1 0.9132653061224489 0.39823008849557523 0.024489795918367346 0.06637168141592921
0 0.914795918367347 0.6028761061946902 0.058163265306122446 0.4889380530973451
1 0.8688775510204082 0.3971238938053097 0.02346938775510204 0.06415929203539823
0 0.8683673469387755 0.5918141592920354 0.061224489795918366 0.46238938053097345
1 0.8443877551020408 0.40376106194690264 0.02142857142857143 0.05088495575221239
0 0.8448979591836735 0.5696902654867256 0.04897959183673469 0.39601769911504425
1 0.8127551020408164 0.4192477876106195 0.02142857142857143 0.05088495575221239
0 0.8158163265306122 0.5829646017699115 0.05 0.38716814159292035
1 0.7704081632653061 0.413716814159292 0.02040816326530612 0.061946902654867256
0 0.7709183673469387 0.5829646017699115 0.04591836734693878 0.413716814159292
1 0.7413265306122448 0.3971238938053097 0.02346938775510204 0.059734513274336286
0 0.7397959183673469 0.5796460176991151 0.04897959183673469 0.42920353982300885
1 0.701530612244898 0.4026548672566372 0.019387755102040816 0.061946902654867256
0 0.7025510204081633 0.584070796460177 0.05204081632653061 0.4336283185840708
1 0.6826530612244898 0.4192477876106195 0.022448979591836733 0.05088495575221239
0 0.6841836734693878 0.6061946902654868 0.05408163265306123 0.4336283185840708
1 0.6693877551020408 0.38163716814159293 0.02040816326530612 0.05530973451327434
0 0.6683673469387755 0.5663716814159292 0.04897959183673469 0.4336283185840708
1 0.6530612244897959 0.4325221238938053 0.02040816326530612 0.05530973451327434
0 0.6515306122448979 0.6073008849557522 0.04387755102040816 0.41814159292035397
1 0.6188775510204082 0.40154867256637167 0.02142857142857143 0.059734513274336286
0 0.6178571428571429 0.5862831858407079 0.05408163265306123 0.43805309734513276
1 0.5964285714285714 0.39491150442477874 0.02142857142857143 0.05088495575221239
0 0.5994897959183674 0.588495575221239 0.05 0.4424778761061947
1 0.5729591836734694 0.40707964601769914 0.02346938775510204 0.05752212389380531
0 0.5760204081632653 0.6028761061946902 0.05 0.4579646017699115
1 0.5489795918367347 0.38827433628318586 0.022448979591836733 0.059734513274336286
0 0.5469387755102041 0.5696902654867256 0.05102040816326531 0.4314159292035398
1 0.5183673469387755 0.37389380530973454 0.022448979591836733 0.05752212389380531
0 0.5178571428571429 0.5630530973451328 0.05 0.4491150442477876
1 0.49795918367346936 0.39491150442477874 0.022448979591836733 0.06858407079646017
0 0.4969387755102041 0.5995575221238938 0.05102040816326531 0.4778761061946903
1 0.4576530612244898 0.40486725663716816 0.017346938775510204 0.05309734513274336
0 0.4556122448979592 0.5851769911504425 0.04591836734693878 0.45353982300884954
1 0.4392857142857143 0.40486725663716816 0.02142857142857143 0.06637168141592921
0 0.4377551020408163 0.6084070796460177 0.04693877551020408 0.4778761061946903
1 0.38724489795918365 0.37831858407079644 0.025510204081632654 0.07079646017699115
0 0.3821428571428571 0.588495575221239 0.06224489795918367 0.5
1 0.3693877551020408 0.37831858407079644 0.024489795918367346 0.061946902654867256
0 0.3653061224489796 0.588495575221239 0.04897959183673469 0.48672566371681414
1 0.338265306122449 0.3827433628318584 0.027551020408163266 0.06637168141592921
0 0.3413265306122449 0.588495575221239 0.058163265306122446 0.48672566371681414
1 0.32040816326530613 0.4081858407079646 0.022448979591836733 0.06415929203539823
0 0.31887755102040816 0.6017699115044248 0.05408163265306123 0.4557522123893805
1 0.28877551020408165 0.3860619469026549 0.02040816326530612 0.06858407079646017
0 0.28622448979591836 0.6006637168141593 0.05408163265306123 0.5066371681415929
1 0.2413265306122449 0.3838495575221239 0.025510204081632654 0.07300884955752213
0 0.23469387755102042 0.5962389380530974 0.05510204081632653 0.5066371681415929
1 0.21122448979591837 0.37389380530973454 0.024489795918367346 0.061946902654867256
0 0.20153061224489796 0.5995575221238938 0.04591836734693878 0.5221238938053098
1 0.1923469387755102 0.4103982300884956 0.027551020408163266 0.07743362831858407
0 0.18877551020408162 0.6272123893805309 0.053061224489795916 0.5154867256637168
1 0.639795918367347 0.377212389380531 0.02040816326530612 0.05530973451327434
0 0.6326530612244898 0.5608407079646017 0.05102040816326531 0.44026548672566373