1 0.215 0.139186295503212 0.05 0.08565310492505353
0 0.21571428571428572 0.3929336188436831 0.15142857142857144 0.6059957173447538
1 0.3242857142857143 0.19914346895074947 0.04285714285714286 0.0728051391862955
0 0.3221428571428571 0.41541755888650966 0.11285714285714285 0.5224839400428265
1 0.4 0.18843683083511778 0.04 0.0728051391862955
0 0.40285714285714286 0.32441113490364026 0.10857142857142857 0.36616702355460384
1 0.46714285714285714 0.19914346895074947 0.04 0.06852248394004283
0 0.465 0.3490364025695932 0.10428571428571429 0.39400428265524623
1 0.5492857142857143 0.17880085653104924 0.041428571428571426 0.07066381156316917
0 0.5478571428571428 0.3468950749464668 0.11285714285714285 0.42398286937901497
1 0.6478571428571429 0.16595289079229122 0.03857142857142857 0.07066381156316917
0 0.6478571428571429 0.33083511777301927 0.11 0.41755888650963596
1 0.7328571428571429 0.18522483940042828 0.04285714285714286 0.07922912205567452
0 0.7207142857142858 0.34582441113490364 0.11285714285714285 0.4132762312633833
1 0.18785714285714286 0.2494646680942184 0.06428571428571428 0.10492505353319058
0 0.18857142857142858 0.5139186295503212 0.15142857142857144 0.6723768736616702
1 0.29285714285714287 0.2633832976445396 0.054285714285714284 0.08565310492505353
0 0.29714285714285715 0.49678800856531047 0.13714285714285715 0.5867237687366167
1 0.3992857142857143 0.33190578158458245 0.05 0.08993576017130621
0 0.41285714285714287 0.5417558886509636 0.1457142857142857 0.5396145610278372
1 0.4957142857142857 0.3158458244111349 0.045714285714285714 0.07922912205567452
0 0.49214285714285716 0.5171306209850107 0.10714285714285714 0.5203426124197003
1 0.5678571428571428 0.3501070663811563 0.04428571428571428 0.07494646680942184
0 0.5707142857142857 0.5224839400428265 0.10428571428571429 0.47109207708779444
1 0.66 0.32548179871520344 0.045714285714285714 0.08137044967880086
0 0.6592857142857143 0.5438972162740899 0.09857142857142857 0.5438972162740899
1 0.7207142857142858 0.3094218415417559 0.03857142857142857 0.06638115631691649
0 0.7114285714285714 0.5010706638115632 0.1 0.48822269807280516
1 0.7957142857142857 0.2633832976445396 0.037142857142857144 0.0728051391862955
0 0.7914285714285715 0.4229122055674518 0.08857142857142856 0.4089935760171306
1 0.8771428571428571 0.23126338329764454 0.04857142857142857 0.08993576017130621
0 0.8778571428571429 0.43683083511777304 0.15571428571428572 0.5267665952890792
1 0.23642857142857143 0.20985010706638116 0.047142857142857146 0.08993576017130621
0 0.24214285714285713 0.4743040685224839 0.11571428571428571 0.6231263383297645
1 0.14357142857142857 0.6167023554603854 0.07857142857142857 0.13276231263383298
0 0.13428571428571429 0.7665952890792291 0.19142857142857142 0.4582441113490364
1 0.2978571428571429 0.6049250535331906 0.06428571428571428 0.12205567451820129
0 0.28285714285714286 0.7441113490364025 0.16285714285714287 0.44325481798715205
1 0.42857142857142855 0.49143468950749464 0.06 0.11349036402569593
0 0.44642857142857145 0.7002141327623126 0.18142857142857144 0.5995717344753747
1 0.5021428571428571 0.487152034261242 0.04428571428571428 0.08779443254817987
0 0.49785714285714283 0.6434689507494646 0.12428571428571429 0.42184154175588867
1 0.6128571428571429 0.49785867237687365 0.04285714285714286 0.07922912205567452
0 0.605 0.6745182012847966 0.13 0.48394004282655245
1 0.7271428571428571 0.49036402569593146 0.04857142857142857 0.08993576017130621
0 0.7235714285714285 0.6798715203426124 0.13285714285714287 0.5246252676659529
1 0.7678571428571429 0.4475374732334047 0.04428571428571428 0.08565310492505353
0 0.765 0.582441113490364 0.10428571428571429 0.39828693790149894
1 0.8 0.4400428265524625 0.037142857142857144 0.07922912205567452
0 0.7871428571428571 0.5813704496788008 0.07714285714285714 0.37044967880085655
1 0.8657142857142858 0.49571734475374735 0.05142857142857143 0.07922912205567452
0 0.8714285714285714 0.5974304068522484 0.14857142857142858 0.33832976445396146