1 0.10583333333333333 0.3104026845637584 0.21166666666666667 0.5268456375838926
0 0.2752777777777778 0.5180369127516778 0.5505555555555556 0.9639261744966443
1 0.07027777777777777 0.3053691275167785 0.07833333333333334 0.14261744966442952
0 0.1175 0.6153523489932886 0.235 0.7692953020134228
1 0.15694444444444444 0.4211409395973154 0.045 0.08389261744966443
0 0.14416666666666667 0.5947986577181208 0.14722222222222223 0.43791946308724833
1 0.26861111111111113 0.5012583892617449 0.03722222222222222 0.07298657718120806
0 0.295 0.6178691275167785 0.14 0.311241610738255
1 0.14694444444444443 0.27558724832214765 0.03166666666666667 0.057885906040268456
0 0.14805555555555555 0.42072147651006714 0.09833333333333333 0.39177852348993286
1 0.14666666666666667 0.27558724832214765 0.03222222222222222 0.05620805369127517
0 0.15388888888888888 0.43833892617449666 0.10333333333333333 0.38338926174496646
1 0.22527777777777777 0.27726510067114096 0.026111111111111113 0.05453020134228188
0 0.2263888888888889 0.42449664429530204 0.09166666666666666 0.3523489932885906
1 0.30833333333333335 0.2797818791946309 0.03 0.061241610738255035
0 0.3013888888888889 0.4597315436241611 0.10722222222222222 0.42449664429530204
1 0.37027777777777776 0.3087248322147651 0.02388888888888889 0.04194630872483222
0 0.38416666666666666 0.45050335570469796 0.08833333333333333 0.34563758389261745
1 0.4061111111111111 0.28942953020134227 0.023333333333333334 0.04194630872483222
0 0.4063888888888889 0.4203020134228188 0.07166666666666667 0.32046979865771813
1 0.4708333333333333 0.29194630872483224 0.03611111111111111 0.07550335570469799
0 0.45611111111111113 0.49958053691275167 0.14444444444444443 0.49077181208053694
1 0.5005555555555555 0.311241610738255 0.024444444444444446 0.04697986577181208
0 0.5036111111111111 0.42911073825503354 0.0661111111111111 0.28439597315436244
1 0.5347222222222222 0.311241610738255 0.02388888888888889 0.040268456375838924
0 0.5319444444444444 0.4286912751677852 0.058333333333333334 0.28187919463087246
1 0.5669444444444445 0.31333892617449666 0.028333333333333332 0.05956375838926174
0 0.5630555555555555 0.4584731543624161 0.08388888888888889 0.35151006711409394
1 0.6147222222222222 0.36451342281879195 0.03611111111111111 0.057885906040268456
0 0.6013888888888889 0.5218120805369127 0.12166666666666667 0.4077181208053691
1 0.6188888888888889 0.29194630872483224 0.07666666666666666 0.12416107382550336
0 0.6008333333333333 0.6086409395973155 0.23722222222222222 0.7827181208053692
1 0.7125 0.34312080536912754 0.020555555555555556 0.04194630872483222
0 0.7122222222222222 0.47231543624161076 0.06222222222222222 0.3238255033557047
1 0.7483333333333333 0.32550335570469796 0.044444444444444446 0.08389261744966443
0 0.7755555555555556 0.5641778523489933 0.16333333333333333 0.5796979865771812
1 0.7955555555555556 0.3259228187919463 0.03666666666666667 0.06963087248322147
0 0.8041666666666667 0.5197147651006712 0.12166666666666667 0.462248322147651
1 0.8011111111111111 0.16023489932885907 0.017777777777777778 0.028523489932885907
0 0.8041666666666667 0.2256711409395973 0.04833333333333333 0.1610738255033557
1 0.5102777777777778 0.24664429530201343 0.006111111111111111 0.01174496644295302
0 0.5069444444444444 0.2726510067114094 0.02388888888888889 0.06879194630872483
1 0.5241666666666667 0.20469798657718122 0.008333333333333333 0.01174496644295302
0 0.5222222222222223 0.23406040268456377 0.01888888888888889 0.07550335570469799