1 0.12939453125 0.32595419847328244 0.0341796875 0.06564885496183206
0 0.1396484375 0.4908396946564885 0.099609375 0.39541984732824426
1 0.359375 0.32137404580152673 0.029296875 0.050381679389312976
0 0.3671875 0.48931297709923666 0.091796875 0.4076335877862595
1 0.408203125 0.34580152671755726 0.02734375 0.04732824427480916
0 0.4013671875 0.47938931297709925 0.064453125 0.31755725190839695
1 0.43310546875 0.33053435114503815 0.0263671875 0.050381679389312976
0 0.419921875 0.49236641221374045 0.08203125 0.383206106870229
1 0.466796875 0.32137404580152673 0.033203125 0.04732824427480916
0 0.4697265625 0.4854961832061069 0.08984375 0.4152671755725191
1 0.52685546875 0.3068702290076336 0.0302734375 0.051908396946564885
0 0.5283203125 0.48396946564885496 0.078125 0.40916030534351144
1 0.64306640625 0.35572519083969467 0.0322265625 0.06412213740458016
0 0.6240234375 0.5145038167938931 0.078125 0.3847328244274809
1 0.70458984375 0.36717557251908395 0.0263671875 0.044274809160305344
0 0.70751953125 0.5305343511450382 0.1103515625 0.383206106870229