1 0.571285140562249 0.4397590361445783 0.008032128514056224 0.022757697456492636
0 0.571285140562249 0.4397590361445783 0.008032128514056224 0.022757697456492636
1 0.5793172690763052 0.43708165997322623 0.010040160642570281 0.030789825970548863
0 0.5793172690763052 0.43708165997322623 0.010040160642570281 0.030789825970548863
1 0.014558232931726908 0.49062918340026773 0.013052208835341365 0.022757697456492636
0 0.02208835341365462 0.5575635876840697 0.04417670682730924 0.1753681392235609
1 0.05773092369477912 0.4745649263721553 0.01104417670682731 0.01740294511378849
0 0.06375502008032129 0.5261044176706827 0.03714859437751004 0.1285140562248996
1 0.06676706827309237 0.47523427041499333 0.009036144578313253 0.013386880856760375
0 0.06877510040160642 0.5087014725568942 0.025100401606425703 0.08299866131191433
1 0.10642570281124498 0.4718875502008032 0.008032128514056224 0.014725568942436412
0 0.11194779116465864 0.5060240963855421 0.029116465863453816 0.0856760374832664
1 0.13403614457831325 0.46117804551539493 0.007028112449799197 0.009370816599732263
0 0.1350401606425703 0.4892904953145917 0.019076305220883535 0.07095046854082998
1 0.16415662650602408 0.464524765729585 0.009036144578313253 0.0107095046854083
0 0.15863453815261044 0.49464524765729584 0.02610441767068273 0.07362784471218206
1 0.1636546184738956 0.463855421686747 0.010040160642570281 0.012048192771084338
0 0.16917670682730923 0.4966532797858099 0.02710843373493976 0.0856760374832664
1 0.19578313253012047 0.4457831325301205 0.006024096385542169 0.008032128514056224
0 0.19678714859437751 0.47322623828647925 0.018072289156626505 0.06827309236947791
1 0.2605421686746988 0.4585006693440428 0.009036144578313253 0.014725568942436412
0 0.2605421686746988 0.4959839357429719 0.02710843373493976 0.09504685408299866
1 0.267570281124498 0.49531459170013387 0.007028112449799197 0.013386880856760375
0 0.26656626506024095 0.5100401606425703 0.03313253012048193 0.050870147255689425
1 0.2836345381526104 0.4424364123159304 0.007028112449799197 0.009370816599732263
0 0.28463855421686746 0.4678714859437751 0.019076305220883535 0.06559571619812583
1 0.29518072289156627 0.43775100401606426 0.006024096385542169 0.0107095046854083
0 0.29668674698795183 0.46251673360107093 0.019076305220883535 0.06291834002677377
1 0.39156626506024095 0.42971887550200805 0.004016064257028112 0.00535475234270415
0 0.39206827309236947 0.44176706827309237 0.013052208835341365 0.03480589022757698
1 0.411144578313253 0.42771084337349397 0.0030120481927710845 0.004016064257028112
0 0.410140562248996 0.4397590361445783 0.009036144578313253 0.03346720214190094
1 0.4407630522088353 0.4323962516733601 0.006024096385542169 0.008032128514056224
0 0.4407630522088353 0.4585006693440428 0.020080321285140562 0.06291834002677377
1 0.42620481927710846 0.4364123159303882 0.007028112449799197 0.0107095046854083
0 0.4241967871485944 0.4598393574297189 0.01706827309236948 0.06291834002677377
1 0.4859437751004016 0.42570281124497994 0.004016064257028112 0.00535475234270415
0 0.48493975903614456 0.4424364123159304 0.014056224899598393 0.041499330655957165
1 0.501004016064257 0.43105756358768405 0.004016064257028112 0.00535475234270415
0 0.5 0.44377510040160645 0.010040160642570281 0.03614457831325301
1 0.5416666666666666 0.42369477911646586 0.007028112449799197 0.009370816599732263
0 0.5436746987951807 0.44779116465863456 0.02108433734939759 0.06291834002677377
1 0.6094377510040161 0.42570281124497994 0.006024096385542169 0.008032128514056224
0 0.6089357429718876 0.4464524765729585 0.01104417670682731 0.05220883534136546
1 0.6571285140562249 0.45314591700133866 0.0050200803212851405 0.006693440428380187
0 0.6576305220883534 0.46184738955823296 0.018072289156626505 0.02677376171352075
1 0.6992971887550201 0.4538152610441767 0.007028112449799197 0.008032128514056224
0 0.695281124497992 0.463855421686747 0.029116465863453816 0.03346720214190094
1 0.7399598393574297 0.428380187416332 0.004016064257028112 0.00535475234270415
0 0.7399598393574297 0.4464524765729585 0.012048192771084338 0.04685408299866131
1 0.7670682730923695 0.4705488621151272 0.008032128514056224 0.012048192771084338
0 0.7766064257028112 0.4892904953145917 0.029116465863453816 0.05488621151271754
1 0.75 0.44511378848728245 0.008032128514056224 0.012048192771084338
0 0.7459839357429718 0.4718875502008032 0.018072289156626505 0.07095046854082998
1 0.8699799196787149 0.4357429718875502 0.007028112449799197 0.012048192771084338
0 0.8669678714859438 0.46653279785809904 0.019076305220883535 0.07898259705488621
1 0.8945783132530121 0.45113788487282463 0.012048192771084338 0.01606425702811245
0 0.8945783132530121 0.4939759036144578 0.030120481927710843 0.107095046854083
1 0.9241967871485943 0.44779116465863456 0.009036144578313253 0.012048192771084338
0 0.9241967871485943 0.4718875502008032 0.019076305220883535 0.06827309236947791
1 0.9151606425702812 0.4484605087014726 0.007028112449799197 0.0107095046854083
0 0.9126506024096386 0.4759036144578313 0.020080321285140562 0.07362784471218206
1 0.9603413654618473 0.4605087014725569 0.01104417670682731 0.01606425702811245
0 0.9518072289156626 0.5120481927710844 0.04618473895582329 0.12717536813922356
1 0.9809236947791165 0.464524765729585 0.012048192771084338 0.018741633199464525
0 0.981425702811245 0.5120481927710844 0.029116465863453816 0.12182061579651941
1 0.4864457831325301 0.6626506024096386 0.11746987951807229 0.2248995983935743
0 0.4523092369477912 0.7724230254350736 0.2781124497991968 0.45515394912985274
1 0.6154618473895582 0.6398929049531459 0.13654618473895583 0.23560910307898258
0 0.766566265060241 0.7423025435073628 0.46686746987951805 0.5153949129852744
1 0.4036144578313253 0.4397590361445783 0.008032128514056224 0.025435073627844713
0 0.4036144578313253 0.4397590361445783 0.008032128514056224 0.025435073627844713
1 0.5567269076305221 0.42570281124497994 0.0050200803212851405 0.018741633199464525
0 0.5567269076305221 0.42570281124497994 0.0050200803212851405 0.018741633199464525
1 0.5657630522088354 0.42771084337349397 0.0050200803212851405 0.022757697456492636
0 0.5657630522088354 0.42771084337349397 0.0050200803212851405 0.022757697456492636
1 0.5065261044176707 0.4330655957161981 0.0050200803212851405 0.01740294511378849
0 0.5065261044176707 0.4330655957161981 0.0050200803212851405 0.01740294511378849