1 0.2755474452554745 0.552064631956912 0.032846715328467155 0.07001795332136446
0 0.2688564476885645 0.6193895870736086 0.06569343065693431 0.27289048473967686
1 0.32725060827250607 0.5466786355475763 0.038929440389294405 0.06283662477558348
0 0.32968369829683697 0.6310592459605027 0.09732360097323602 0.26750448833034113
1 0.3564476885644769 0.5745062836624776 0.0364963503649635 0.08258527827648116
0 0.36678832116788324 0.6292639138240574 0.06934306569343066 0.2495511669658887
1 0.43552311435523117 0.5062836624775583 0.038929440389294405 0.06822262118491922
0 0.4081508515815085 0.5691202872531418 0.14963503649635038 0.4021543985637343
1 0.5285888077858881 0.5754039497307002 0.040145985401459854 0.07719928186714542
0 0.5127737226277372 0.644524236983842 0.10097323600973236 0.26570915619389585
1 0.5827250608272506 0.552064631956912 0.0413625304136253 0.07001795332136446
0 0.5845498783454988 0.6391382405745063 0.09367396593673966 0.26929982046678635
1 0.6447688564476886 0.5619389587073609 0.0340632603406326 0.06822262118491922
0 0.6441605839416058 0.6463195691202872 0.06934306569343066 0.25493716337522443
1 0.7019464720194647 0.566427289048474 0.038929440389294405 0.07001795332136446
0 0.7007299270072993 0.6660682226211849 0.0948905109489051 0.29084380610412924
1 0.712287104622871 0.4856373429084381 0.037712895377128956 0.07001795332136446
0 0.708029197080292 0.6140035906642729 0.0948905109489051 0.348294434470377
1 0.7536496350364964 0.5682226211849192 0.03527980535279805 0.07001795332136446
0 0.754257907542579 0.6481149012567325 0.09002433090024331 0.2836624775583483
1 0.7925790754257908 0.5368043087971275 0.03527980535279805 0.06104129263913824
0 0.7895377128953771 0.6481149012567325 0.09975669099756691 0.3375224416517056
1 0.7986618004866181 0.4497307001795332 0.040145985401459854 0.06283662477558348
0 0.7871046228710462 0.5807899461400359 0.1070559610705596 0.39676840215439857