1 0.03863898500576701 0.5902877697841726 0.014994232987312572 0.01079136690647482
0 0.040945790080738176 0.6262589928057554 0.04728950403690888 0.0856115107913669
1 0.058246828143021914 0.5931654676258993 0.010380622837370242 0.00935251798561151
0 0.058823529411764705 0.6143884892086331 0.03229527104959631 0.05611510791366906
1 0.07958477508650519 0.5953237410071942 0.01384083044982699 0.00935251798561151
0 0.07727797001153403 0.6266187050359712 0.04382929642445214 0.07482014388489208
1 0.11014994232987313 0.5956834532374101 0.01730103806228374 0.010071942446043165
0 0.10841983852364476 0.6219424460431655 0.029988465974625143 0.06546762589928058
1 0.12110726643598616 0.5928057553956835 0.016147635524798153 0.010071942446043165
0 0.11937716262975778 0.624820143884892 0.04498269896193772 0.07697841726618705
1 0.12629757785467127 0.5866906474820144 0.010380622837370242 0.007913669064748202
0 0.12572087658592848 0.6068345323741007 0.03229527104959631 0.05251798561151079
1 0.15859284890426759 0.5906474820143884 0.010380622837370242 0.007194244604316547
0 0.15513264129181084 0.610431654676259 0.02883506343713956 0.04964028776978417
1 0.18050749711649366 0.5906474820143884 0.010380622837370242 0.007194244604316547
0 0.17474048442906576 0.6122302158273382 0.03344867358708189 0.053237410071942444
1 0.18915801614763553 0.5942446043165468 0.011534025374855825 0.008633093525179856
0 0.18569780853517878 0.6190647482014389 0.03690888119953864 0.06546762589928058
1 0.20588235294117646 0.5902877697841726 0.008073817762399077 0.007913669064748202
0 0.20818915801614762 0.6111510791366906 0.02422145328719723 0.05251798561151079
1 0.22606689734717417 0.5928057553956835 0.01384083044982699 0.008633093525179856
0 0.223760092272203 0.6244604316546762 0.03460207612456748 0.07338129496402877
1 0.24163783160322952 0.5881294964028777 0.01730103806228374 0.01079136690647482
0 0.23875432525951557 0.6244604316546762 0.05997693194925029 0.08489208633093526
1 0.2687427912341407 0.6007194244604317 0.02306805074971165 0.04316546762589928
0 0.2687427912341407 0.6007194244604317 0.02306805074971165 0.04316546762589928
1 0.28431372549019607 0.591726618705036 0.012687427912341407 0.00935251798561151
0 0.2773933102652826 0.6179856115107913 0.03806228373702422 0.06474820143884892
1 0.3033448673587082 0.5827338129496403 0.01845444059976932 0.011510791366906475
0 0.3021914648212226 0.6215827338129496 0.0461361014994233 0.0920863309352518
1 0.34544405997693195 0.5834532374100719 0.010380622837370242 0.007194244604316547
0 0.3477508650519031 0.608273381294964 0.03344867358708189 0.05971223021582734
1 0.381199538638985 0.5848920863309353 0.008073817762399077 0.007194244604316547
0 0.3788927335640138 0.6032374100719424 0.0265282583621684 0.046762589928057555
1 0.38985005767012687 0.589568345323741 0.00922722029988466 0.006474820143884892
0 0.38985005767012687 0.6075539568345324 0.03690888119953864 0.045323741007194246
1 0.4538638985005767 0.5852517985611511 0.012687427912341407 0.007913669064748202
0 0.4463667820069204 0.6147482014388489 0.0461361014994233 0.0683453237410072
1 0.6926182237600923 0.5838129496402877 0.01730103806228374 0.01079136690647482
0 0.7029988465974625 0.6154676258992806 0.04728950403690888 0.07841726618705036
1 0.7151095732410612 0.5798561151079137 0.01845444059976932 0.010071942446043165
0 0.7277970011534025 0.6118705035971223 0.04844290657439446 0.07697841726618705
1 0.8621683967704729 0.5683453237410072 0.01730103806228374 0.011510791366906475
0 0.8598615916955017 0.6079136690647482 0.05190311418685121 0.09352517985611511
1 0.9002306805074971 0.5723021582733813 0.01730103806228374 0.01223021582733813
0 0.9100346020761245 0.6093525179856115 0.05997693194925029 0.08920863309352518
1 0.9348327566320646 0.5726618705035971 0.012687427912341407 0.010071942446043165
0 0.9325259515570934 0.5989208633093526 0.03344867358708189 0.0683453237410072
1 0.8794694348327566 0.5766187050359712 0.014994232987312572 0.01079136690647482
0 0.881199538638985 0.6003597122302158 0.03229527104959631 0.06402877697841726
1 0.2837370242214533 0.5920863309352518 0.01384083044982699 0.010071942446043165
0 0.28604382929642447 0.6230215827338129 0.029988465974625143 0.07482014388489208
1 0.30853517877739334 0.5870503597122302 0.010380622837370242 0.007194244604316547
0 0.314878892733564 0.6111510791366906 0.03229527104959631 0.05827338129496403
1 0.2491349480968858 0.587410071942446 0.011534025374855825 0.00935251798561151
0 0.25317185697808536 0.6158273381294964 0.03806228373702422 0.06762589928057554
1 0.22087658592848905 0.591726618705036 0.012687427912341407 0.00935251798561151
0 0.21972318339100347 0.6143884892086331 0.0265282583621684 0.05755395683453238