1 0.26590909090909093 0.4089655172413793 0.03363636363636364 0.06482758620689655
0 0.2586363636363636 0.6055172413793104 0.09727272727272727 0.46620689655172415
1 0.36272727272727273 0.443448275862069 0.025454545454545455 0.05379310344827586
0 0.3618181818181818 0.5993103448275862 0.1 0.3820689655172414
1 0.4090909090909091 0.47586206896551725 0.02909090909090909 0.05241379310344828
0 0.39954545454545454 0.6248275862068966 0.08272727272727273 0.36137931034482756
1 0.49454545454545457 0.46413793103448275 0.03090909090909091 0.05103448275862069
0 0.485 0.6248275862068966 0.08454545454545455 0.4
1 0.524090909090909 0.44620689655172413 0.03363636363636364 0.05655172413793103
0 0.5327272727272727 0.6310344827586207 0.11454545454545455 0.43448275862068964
1 0.5977272727272728 0.4579310344827586 0.031818181818181815 0.06344827586206897
0 0.6013636363636363 0.6441379310344828 0.09 0.44689655172413795
1 0.6463636363636364 0.4503448275862069 0.04 0.08413793103448276
0 0.6431818181818182 0.6572413793103449 0.10454545454545454 0.503448275862069
1 0.7786363636363637 0.4724137931034483 0.04090909090909091 0.07310344827586207
0 0.769090909090909 0.6820689655172414 0.1618181818181818 0.5006896551724138
1 0.8568181818181818 0.4517241379310345 0.046363636363636364 0.08689655172413793
0 0.8759090909090909 0.6868965517241379 0.12454545454545454 0.5737931034482758