1 0.9765 0.6071964017991005 0.047 0.07796101949025487
0 0.9555 0.7796101949025487 0.089 0.4407796101949025
1 0.93 0.5547226386806596 0.044 0.08095952023988005
0 0.9305 0.7518740629685158 0.139 0.4962518740629685
1 0.766 0.6086956521739131 0.046 0.08095952023988005
0 0.784 0.7811094452773614 0.14 0.43778110944527737
1 0.7 0.5667166416791605 0.046 0.07496251874062969
0 0.6865 0.7623688155922039 0.129 0.4752623688155922
1 0.552 0.6319340329835083 0.048 0.06746626686656672
0 0.5745 0.7968515742128935 0.131 0.4062968515742129
1 0.4785 0.553223388305847 0.045 0.08095952023988005
0 0.485 0.7556221889055472 0.15 0.48875562218890556
1 0.3615 0.6424287856071964 0.041 0.06446776611694154
0 0.371 0.802848575712144 0.126 0.39430284857571213
1 0.237 0.6169415292353823 0.05 0.06746626686656672
0 0.257 0.7886056971514243 0.156 0.42278860569715143
1 0.1395 0.6274362818590704 0.043 0.0734632683658171
0 0.1435 0.7931034482758621 0.109 0.41379310344827586
1 0.0505 0.6739130434782609 0.047 0.08545727136431784
0 0.0735 0.8133433283358321 0.147 0.3733133433283358