1 0.18958333333333333 0.31666666666666665 0.08472222222222223 0.08958333333333333
0 0.20069444444444445 0.4942708333333333 0.4013888888888889 0.45729166666666665
1 0.3597222222222222 0.4239583333333333 0.07777777777777778 0.07916666666666666
0 0.34097222222222223 0.5526041666666667 0.25416666666666665 0.34479166666666666
1 0.45625 0.4192708333333333 0.06805555555555555 0.057291666666666664
0 0.45555555555555555 0.5208333333333334 0.17777777777777778 0.27291666666666664
1 0.44722222222222224 0.2947916666666667 0.06944444444444445 0.06458333333333334
0 0.43333333333333335 0.4166666666666667 0.19444444444444445 0.31875
1 0.5861111111111111 0.209375 0.06111111111111111 0.06041666666666667
0 0.5888888888888889 0.39114583333333336 0.18055555555555555 0.434375
1 0.7444444444444445 0.225 0.06388888888888888 0.06666666666666667
0 0.7506944444444444 0.40260416666666665 0.19027777777777777 0.43645833333333334
1 0.8201388888888889 0.421875 0.0763888888888889 0.08125
0 0.8243055555555555 0.5520833333333334 0.25416666666666665 0.3458333333333333