1 0.18269230769230768 0.5711340206185567 0.03307692307692308 0.04536082474226804
0 0.1803846153846154 0.7097938144329897 0.08692307692307692 0.3268041237113402
1 0.2469230769230769 0.588659793814433 0.03076923076923077 0.041237113402061855
0 0.2592307692307692 0.7221649484536082 0.08 0.31649484536082473
1 0.24384615384615385 0.5556701030927835 0.03538461538461538 0.041237113402061855
0 0.25153846153846154 0.6737113402061856 0.06461538461538462 0.2876288659793814
1 0.49153846153846154 0.5690721649484536 0.03076923076923077 0.04329896907216495
0 0.48 0.7154639175257732 0.10153846153846154 0.3402061855670103
1 0.47846153846153844 0.534020618556701 0.038461538461538464 0.05360824742268041
0 0.49115384615384616 0.6257731958762887 0.09 0.3731958762886598
1 0.4403846153846154 0.42938144329896905 0.014615384615384615 0.021649484536082474
0 0.4473076923076923 0.4902061855670103 0.04692307692307692 0.15360824742268042
1 0.6407692307692308 0.5628865979381443 0.026153846153846153 0.04536082474226804
0 0.6434615384615384 0.6721649484536083 0.10538461538461538 0.26804123711340205
1 0.6861538461538461 0.5737113402061855 0.024615384615384615 0.03608247422680412
0 0.6765384615384615 0.6855670103092784 0.09769230769230769 0.27628865979381445
1 0.7384615384615385 0.5582474226804124 0.02923076923076923 0.042268041237113405
0 0.7419230769230769 0.6902061855670103 0.07307692307692308 0.31030927835051547
1 0.8107692307692308 0.5670103092783505 0.024615384615384615 0.03505154639175258
0 0.8103846153846154 0.6963917525773196 0.09153846153846154 0.3020618556701031