1 0.113671875 0.4328125 0.02734375 0.034375
0 0.08984375 0.5375 0.115625 0.25
1 0.139453125 0.46458333333333335 0.02734375 0.03333333333333333
0 0.120703125 0.5666666666666667 0.08046875 0.24166666666666667
1 0.216015625 0.4473958333333333 0.01328125 0.019791666666666666
0 0.21328125 0.5078125 0.0484375 0.146875
1 0.359765625 0.45989583333333334 0.02890625 0.03229166666666667
0 0.345703125 0.5552083333333333 0.07109375 0.225
1 0.57734375 0.4484375 0.0203125 0.030208333333333334
0 0.59140625 0.5552083333333333 0.0875 0.25
1 0.6171875 0.4390625 0.0203125 0.028125
0 0.60859375 0.5479166666666667 0.0921875 0.25
1 0.678515625 0.40677083333333336 0.03046875 0.04479166666666667
0 0.67578125 0.5453125 0.1375 0.359375
1 0.772265625 0.49895833333333334 0.03359375 0.04583333333333333
0 0.746875 0.6197916666666666 0.159375 0.35833333333333334
1 0.98671875 0.47760416666666666 0.00625 0.009375
0 0.9859375 0.5005208333333333 0.0140625 0.059375