1 0.0322265625 0.28251253317605424 0.009765625 0.017104099085815394
0 0.023828125 0.3108227661456797 0.047265625 0.07490415806546741
1 0.0712890625 0.29696254792096727 0.01015625 0.019463285166617515
0 0.06591796875 0.3382483043350044 0.0349609375 0.10439398407549395
1 0.0697265625 0.3109702152757299 0.0109375 0.01798879386611619
0 0.06923828125 0.361102919492775 0.0353515625 0.1194337953406075
1 0.08837890625 0.28664110881745797 0.0091796875 0.015924506045414333
0 0.090234375 0.33515187260395163 0.027734375 0.11648481273960484
1 0.11337890625 0.2826599823061044 0.0103515625 0.022707166027720438
0 0.11572265625 0.3389855499852551 0.0345703125 0.1365378944264229
1 0.09501953125 0.36847537599528163 0.0115234375 0.01798879386611619
0 0.1009765625 0.4012090828664111 0.032421875 0.08522559716897671
1 0.07685546875 0.4004718372161604 0.0099609375 0.019463285166617515
0 0.0751953125 0.43984075493954583 0.037109375 0.10409908581539369
1 0.04423828125 0.356679445591271 0.0099609375 0.016219404305514596
0 0.04248046875 0.3880861102919493 0.0357421875 0.08139191978767325
1 0.0189453125 0.36007077558242406 0.0109375 0.020053081686818047
0 0.0173828125 0.3886759068121498 0.0296875 0.07903273370687112
1 0.00634765625 0.5104688882335594 0.0123046875 0.022412267767620172
0 0.01396484375 0.5430551459746388 0.0279296875 0.08994396933058095
1 0.05009765625 0.5082571512828075 0.0107421875 0.020347979946918313
0 0.04892578125 0.5420230020642878 0.0333984375 0.095547036272486
1 0.09033203125 0.5112061338838101 0.0103515625 0.021527572987319374
0 0.085546875 0.5387791212031849 0.033203125 0.0843409023886759
1 0.1041015625 0.5073724565025066 0.009765625 0.01975818342671778
0 0.1078125 0.536714833382483 0.029296875 0.08493069890887643
1 0.14755859375 0.4896785608964907 0.0123046875 0.022117369507519906
0 0.1400390625 0.5300796225302271 0.0515625 0.10940725449719847
1 0.18818359375 0.5094367443232085 0.0123046875 0.023296962547920966
0 0.181640625 0.5393689177233855 0.034765625 0.08846947803007962
1 0.23515625 0.49587142435859627 0.0125 0.021527572987319374
0 0.23173828125 0.5352403420819817 0.0369140625 0.10262459451489236
1 0.25693359375 0.5151872603951637 0.0115234375 0.0230020642878207
0 0.256640625 0.5520495429076968 0.030859375 0.10085520495429078
1 0.3201171875 0.5280153347095252 0.013671875 0.022117369507519906
0 0.3216796875 0.5853730462990269 0.04609375 0.1415511648481274
1 0.3478515625 0.4846652904747862 0.0125 0.021527572987319374
0 0.34765625 0.523296962547921 0.0359375 0.10645827189619582
1 0.3873046875 0.4761132409318785 0.0109375 0.020347979946918313
0 0.3833984375 0.5243291064582719 0.0453125 0.12031849012090828
1 0.4109375 0.512238277794161 0.01171875 0.02182247124741964
0 0.40791015625 0.5440872898849897 0.0384765625 0.08846947803007962
1 0.453125 0.4296667649660867 0.0265625 0.04128575641403716
0 0.48271484375 0.5598643468003539 0.1560546875 0.5664995576526098
1 0.34599609375 0.6002654084340903 0.0404296875 0.05219699203774698
0 0.37021484375 0.7602477145384843 0.1548828125 0.47950457092303156
1 0.97412109375 0.6350634031259216 0.0271484375 0.05101739899734591
0 0.965234375 0.7698319079917428 0.06953125 0.32763196697139485
1 0.9150390625 0.6126511353583014 0.02734375 0.04099085815393689
0 0.91796875 0.7525803597758773 0.04765625 0.32674727219109406
1 0.88974609375 0.6501032143910351 0.0189453125 0.03096431731052787
0 0.89189453125 0.752285461515777 0.0462890625 0.2412267767620171
1 0.87939453125 0.6406664700678266 0.0162109375 0.029784724270126805
0 0.8869140625 0.7407844293718667 0.043359375 0.23473901503981126
1 0.84775390625 0.6462695370097317 0.0228515625 0.03627248599233265
0 0.85107421875 0.7624594514892362 0.0509765625 0.27160129755234447
1 0.84130859375 0.6708935417281038 0.0107421875 0.020053081686818047
0 0.824609375 0.7686523149513418 0.069921875 0.22795635505750517
1 0.806640625 0.6076378649365969 0.0171875 0.027425538189324684
0 0.80859375 0.7189619581244471 0.043359375 0.2559716897670304
1 0.78681640625 0.6554113830728399 0.0158203125 0.03214391035092893
0 0.78466796875 0.7245650250663521 0.0458984375 0.27779416101445004
1 0.77353515625 0.649955765260985 0.0130859375 0.026540843409023886
0 0.7794921875 0.7421114715423179 0.0421875 0.21851961073429665
1 0.76171875 0.63344146269537 0.013671875 0.024771453848422293
0 0.76572265625 0.7202890002948983 0.0310546875 0.20259510468888234
1 0.7373046875 0.636685343556473 0.015234375 0.026540843409023886
0 0.738671875 0.7201415511648481 0.0421875 0.19581244470657624
1 0.71123046875 0.6638159834856975 0.0154296875 0.030669419050427603
0 0.7123046875 0.7480094367443232 0.048046875 0.20672368033028604
1 0.7123046875 0.6557062813329402 0.017578125 0.030374520790327337
0 0.71435546875 0.7398997345915659 0.0439453125 0.19817163078737834
1 0.67294921875 0.7407844293718667 0.0130859375 0.025361250368622825
0 0.68740234375 0.7636390445296373 0.0466796875 0.08994396933058095
1 0.63427734375 0.6524624004718372 0.0150390625 0.029194927749926276
0 0.63447265625 0.7410793276319669 0.0365234375 0.2105573577115895
1 0.5994140625 0.6570333235033913 0.01484375 0.026540843409023886
0 0.6001953125 0.7391624889413152 0.040625 0.19374815688587438
1 0.568359375 0.651135358301386 0.015234375 0.02890002948982601
0 0.5701171875 0.7406369802418166 0.04765625 0.2132114420524919
1 0.51748046875 0.6521675022117369 0.0162109375 0.027425538189324684
0 0.519140625 0.7410793276319669 0.0421875 0.20760837511058686
1 0.5443359375 0.6405190209377765 0.016015625 0.025361250368622825
0 0.5509765625 0.7331170746092598 0.043359375 0.21173695075199056
1 0.56806640625 0.6167797109997051 0.0130859375 0.0238867590681215
0 0.56884765625 0.6862282512533177 0.0388671875 0.16514302565614863
1 0.55615234375 0.5896490710704807 0.0142578125 0.022707166027720438
0 0.55751953125 0.6537894426422884 0.0318359375 0.1551164848127396
1 0.5283203125 0.552196992037747 0.012109375 0.023296962547920966
0 0.53037109375 0.591123562370982 0.0283203125 0.10468888233559422
1 0.50244140625 0.5862577410793276 0.0130859375 0.0230020642878207
0 0.50380859375 0.6529047478619876 0.0373046875 0.16219404305514598
1 0.50322265625 0.5523444411677971 0.0119140625 0.0230020642878207
0 0.50126953125 0.5905337658507814 0.0294921875 0.10115010321439104
1 0.49736328125 0.6549690356826895 0.0146484375 0.027130639929224418
0 0.50048828125 0.7393099380713654 0.0435546875 0.1969920377469773
1 0.53212890625 0.6349159539958714 0.0115234375 0.02064287820701858
0 0.53271484375 0.6959598938366264 0.0275390625 0.14744913005013272
1 0.5494140625 0.387791212031849 0.012890625 0.024181657328221765
0 0.5419921875 0.46593925095841937 0.068359375 0.1840165143025656
1 0.637109375 0.3376585078148039 0.0109375 0.02064287820701858
0 0.637890625 0.40253612503686226 0.030078125 0.15629607785314067
1 0.66728515625 0.3417870834562076 0.0123046875 0.022412267767620172
0 0.6685546875 0.40415806546741373 0.038671875 0.1524624004718372
1 0.5578125 0.3419345325862577 0.008984375 0.012090828664110882
0 0.55810546875 0.36360955470362727 0.0220703125 0.06546741374225892
1 0.5314453125 0.3361840165143026 0.009375 0.018873488646416987
0 0.525 0.3637570038336774 0.039453125 0.08227661456797405
1 0.53779296875 0.24137422589206722 0.0091796875 0.015629607785314067
0 0.53662109375 0.27160129755234447 0.0216796875 0.08139191978767325
1 0.50908203125 0.26747272191094074 0.0087890625 0.015924506045414333
0 0.5080078125 0.28870539663815986 0.02421875 0.05956944854025361
1 0.5072265625 0.2519905632556768 0.00859375 0.015039811265113535
0 0.51103515625 0.2797109997051017 0.0314453125 0.07578885284576821
1 0.483203125 0.25405485107637865 0.008984375 0.016219404305514596
0 0.48193359375 0.2828074314361545 0.0310546875 0.07549395458566795
1 0.45205078125 0.2962253022707166 0.0107421875 0.01739899734591566
0 0.4529296875 0.3282217634915954 0.03203125 0.08316130934827484
1 0.415625 0.2984370392214686 0.0078125 0.011206133883810086
0 0.41591796875 0.33249778826304927 0.0337890625 0.07873783544677086
1 0.3189453125 0.3093482748451784 0.009765625 0.018873488646416987
0 0.3185546875 0.3385432025951047 0.030859375 0.07785314066647006
1 0.28515625 0.3201120613388381 0.008984375 0.01739899734591566
0 0.2861328125 0.3501916838690652 0.026953125 0.0793276319669714
1 0.27861328125 0.303302860513123 0.0087890625 0.015039811265113535
0 0.27880859375 0.33706871129460336 0.0232421875 0.08493069890887643
1 0.25146484375 0.3330875847832498 0.0076171875 0.015629607785314067
0 0.25146484375 0.3605131229725745 0.0251953125 0.07696844588616927
1 0.28046875 0.36994986729578294 0.011328125 0.01798879386611619
0 0.278125 0.40607490415806546 0.031640625 0.09436744323208493
1 0.2541015625 0.3773223237982896 0.010546875 0.021527572987319374
0 0.2513671875 0.4094662341492185 0.03203125 0.09053376585078148
1 0.004296875 0.39427897375405485 0.00859375 0.013565319964612209
0 0.01552734375 0.4458861692716013 0.0310546875 0.16632261869654968
1 0.0078125 0.6996461220878797 0.015625 0.029784724270126805
0 0.0201171875 0.7658507814803893 0.040234375 0.16396343261574756
1 0.02998046875 0.7118843998820407 0.0162109375 0.03007962253022707
0 0.0388671875 0.7726334414626954 0.046484375 0.15393689177233855
1 0.0744140625 0.6434680035387791 0.01640625 0.02831023296962548
0 0.07939453125 0.7384252432910646 0.0525390625 0.22117369507519904
1 0.11201171875 0.7146859333529932 0.0166015625 0.027425538189324684
0 0.1177734375 0.774402831023297 0.042578125 0.15039811265113537
1 0.14013671875 0.634473606605721 0.0150390625 0.03096431731052787
0 0.14287109375 0.7328221763491596 0.0490234375 0.23827779416101444
1 0.19189453125 0.7267767620171041 0.0173828125 0.028015334709525212
0 0.194921875 0.77779416101445 0.037109375 0.13889708050722502
1 0.19833984375 0.6001179593040401 0.0205078125 0.03420819817163079
0 0.20419921875 0.7180772633441462 0.0880859375 0.2730757888528458
1 0.22080078125 0.6655853730462991 0.0138671875 0.024771453848422293
0 0.226953125 0.7491890297847242 0.04765625 0.19551754644647595
1 0.25078125 0.6598348569743439 0.01640625 0.03214391035092893
0 0.2646484375 0.7450604541433206 0.051953125 0.20672368033028604
1 0.3126953125 0.6965496903568269 0.015625 0.02772043644942495
0 0.31123046875 0.7648186375700383 0.0482421875 0.1695664995576526
1 0.38916015625 0.6928634621055736 0.0173828125 0.03214391035092893
0 0.39326171875 0.761132409318785 0.0630859375 0.17281038041875552
1 0.412890625 0.6704511943379534 0.01484375 0.028605131229725744
0 0.41484375 0.7219109407254497 0.040234375 0.13506340312592155
1 0.38125 0.6725154821586553 0.013671875 0.02447655558832203
0 0.37919921875 0.7201415511648481 0.0400390625 0.12975523444411677
1 0.41416015625 0.6439103509289296 0.0154296875 0.022117369507519906
0 0.415234375 0.6956649955765261 0.044921875 0.14037157180772633
1 0.44404296875 0.6620465939250958 0.0146484375 0.03007962253022707
0 0.44677734375 0.7039221468593335 0.0373046875 0.11442052491890298
1 0.43935546875 0.6416986139781775 0.0115234375 0.023591860808021232
0 0.4439453125 0.6825420230020642 0.033203125 0.10822766145679741
1 0.40771484375 0.5853730462990269 0.0123046875 0.0230020642878207
0 0.41259765625 0.636685343556473 0.0462890625 0.1321144205249189
1 0.31298828125 0.5980536714833382 0.0150390625 0.027130639929224418
0 0.31279296875 0.670008846947803 0.0498046875 0.1739899734591566
1 0.32275390625 0.564435269831908 0.0150390625 0.021232674727219108
0 0.32470703125 0.6209082866411089 0.0353515625 0.14361545266882925
1 0.37109375 0.5925980536714833 0.014453125 0.02624594514892362
0 0.37421875 0.6502506635210852 0.03828125 0.14744913005013272
1 0.35986328125 0.5524918902978473 0.0138671875 0.023296962547920966
0 0.36171875 0.6120613388381009 0.03515625 0.1465644352698319
1 0.3595703125 0.5694485402536125 0.011328125 0.0230020642878207
0 0.36064453125 0.6217929814214096 0.0314453125 0.1312297257446181
1 0.29326171875 0.5690061928634621 0.0154296875 0.02447655558832203
0 0.294140625 0.6352108522559717 0.0421875 0.1586552639339428
1 0.30625 0.5925980536714833 0.01328125 0.02506635210852256
0 0.30556640625 0.6583603656738425 0.0388671875 0.15895016219404307
1 0.2798828125 0.6204659392509584 0.01484375 0.02831023296962548
0 0.2748046875 0.6787083456207609 0.065234375 0.19669713948687703
1 0.27021484375 0.5937776467118844 0.0150390625 0.02447655558832203
0 0.2705078125 0.663373636095547 0.0421875 0.1654379239162489
1 0.2283203125 0.6173695075199056 0.013671875 0.022707166027720438
0 0.234375 0.6794455912710115 0.04140625 0.15629607785314067
1 0.227734375 0.5381893246829844 0.012109375 0.018873488646416987
0 0.22783203125 0.5861102919492776 0.0294921875 0.11648481273960484
1 0.2345703125 0.5535240342081982 0.01171875 0.020053081686818047
0 0.235546875 0.5979062223532882 0.03046875 0.11471542317900324
1 0.22734375 0.5373046299026836 0.011328125 0.016514302565614862
0 0.2232421875 0.5940725449719847 0.042578125 0.17369507519905633
1 0.20205078125 0.578885284576821 0.0150390625 0.023591860808021232
0 0.2033203125 0.6328516661751695 0.03671875 0.13506340312592155
1 0.18427734375 0.5642878207018579 0.0138671875 0.023296962547920966
0 0.1828125 0.6300501327042171 0.0359375 0.15659097611324094
1 0.19873046875 0.5953995871424359 0.0333984375 0.17281038041875552
0 0.19873046875 0.5953995871424359 0.0333984375 0.17281038041875552
1 0.195703125 0.5398112651135358 0.0125 0.020347979946918313
0 0.19794921875 0.5924506045414332 0.0271484375 0.12739604836331467
1 0.15107421875 0.5648776172220584 0.0115234375 0.020347979946918313
0 0.14599609375 0.606753170156296 0.0369140625 0.10881745797699793
1 0.14990234375 0.5402536125036862 0.0130859375 0.02182247124741964
0 0.15068359375 0.5813919197876732 0.0416015625 0.10940725449719847
1 0.1029296875 0.5595694485402536 0.0125 0.021527572987319374
0 0.10048828125 0.6032143910350929 0.0455078125 0.11235623709820113
1 0.06533203125 0.569890887643763 0.0115234375 0.019168386906517253
0 0.0673828125 0.6265113535830139 0.040625 0.1347685048658213
1 0.0677734375 0.5570628133294013 0.012890625 0.0230020642878207
0 0.0650390625 0.5973164258330876 0.04140625 0.10763786493659687
1 0.02978515625 0.6127985844883516 0.0126953125 0.024181657328221765
0 0.02890625 0.651135358301386 0.033984375 0.10262459451489236
1 0.0056640625 0.6189914479504571 0.011328125 0.018873488646416987
0 0.01728515625 0.6508404600412857 0.0345703125 0.095547036272486
1 0.041796875 0.657770569153642 0.013671875 0.02506635210852256
0 0.0451171875 0.7048068416396344 0.040234375 0.12149808316130935
1 0.02080078125 0.6673547626069006 0.0138671875 0.023591860808021232
0 0.02451171875 0.7081981716307874 0.0361328125 0.10940725449719847
1 0.03212890625 0.5701857859038632 0.0138671875 0.020937776467118845
0 0.0328125 0.6097021527572988 0.03046875 0.10468888233559422
1 0.00556640625 0.5695959893836626 0.0111328125 0.01975818342671778
0 0.01474609375 0.6094072544971985 0.0294921875 0.1005603066941905
1 0.15283203125 0.6419935122382778 0.0134765625 0.023591860808021232
0 0.15068359375 0.689914479504571 0.0361328125 0.12297257446181067
1 0.19814453125 0.5560306694190504 0.0107421875 0.01857859038631672
0 0.19873046875 0.6073429666764966 0.0291015625 0.1235623709820112