1 0.09800153727901614 0.34152542372881356 0.09531129900076864 0.1790960451977401
0 0.1345119139123751 0.6217514124293785 0.2690238278247502 0.7564971751412429
1 0.13950807071483473 0.27429378531073445 0.07763259031514219 0.1519774011299435
0 0.1345119139123751 0.5957627118644068 0.2690238278247502 0.8084745762711865
1 0.22886241352805534 0.22853107344632767 0.07571099154496541 0.1440677966101695
0 0.24231360491929285 0.5768361581920904 0.18101460415065335 0.8463276836158192
1 0.3683704842428901 0.15282485875706214 0.08186010760953114 0.14180790960451978
0 0.377978478093774 0.5194915254237288 0.2509607993850884 0.9610169491525423
1 0.27824750192159875 0.38757062146892657 0.0830130668716372 0.1638418079096045
0 0.29803996925441967 0.651412429378531 0.21176018447348194 0.6971751412429379
1 0.46944657955418906 0.29152542372881357 0.07955418908531899 0.15819209039548024
0 0.5007686395080707 0.6036723163841808 0.22213681783243658 0.7926553672316384
1 0.5259415833973866 0.35847457627118645 0.09338970023059186 0.18587570621468927
0 0.5174865488086088 0.6310734463276836 0.21637202152190624 0.7378531073446327
1 0.6008839354342813 0.2096045197740113 0.08416602613374327 0.16497175141242937
0 0.605880092236741 0.56045197740113 0.1733282090699462 0.8790960451977401
1 0.6942736356648732 0.3370056497175141 0.12951575710991545 0.23898305084745763
0 0.7227132974634897 0.5966101694915255 0.23789392774788623 0.8067796610169492
1 0.7711375864719446 0.12655367231638417 0.11029976940814758 0.21242937853107344
0 0.7915065334358186 0.5098870056497176 0.23405073020753267 0.980225988700565
1 0.866064565718678 0.25875706214689265 0.14411990776325903 0.23615819209039549
0 0.8971944657955419 0.5692090395480226 0.20561106840891621 0.8615819209039548