1 0.458968347010551 0.937890625 0.012895662368112544 0.01171875
0 0.45838218053927315 0.965234375 0.02813599062133646 0.06953125
1 0.8130128956623681 0.948828125 0.010550996483001172 0.00859375
0 0.8165298944900352 0.9703125 0.031652989449003514 0.059375
1 0.8440797186400938 0.974609375 0.05158264947245018 0.05078125
0 0.8440797186400938 0.974609375 0.05158264947245018 0.05078125
1 0.4232121922626026 0.93515625 0.011723329425556858 0.009375
0 0.42262602579132474 0.958984375 0.0246189917936694 0.06171875
1 0.44079718640093785 0.940625 0.009378663540445486 0.00625
0 0.4384525205158265 0.960546875 0.021101992966002344 0.05859375
1 0.5263774912075029 0.946875 0.011723329425556858 0.009375
0 0.52989449003517 0.969140625 0.03751465416178194 0.06171875
1 0.22743259085580306 0.949609375 0.032825322391559206 0.02578125
0 0.22157092614302462 0.9671875 0.08909730363423213 0.065625
1 0.1365767878077374 0.947265625 0.026963657678780773 0.01953125
0 0.12954279015240328 0.967578125 0.08558030480656506 0.06484375
1 0.043962485345838215 0.938671875 0.041031652989449004 0.03984375
0 0.04279015240328253 0.958984375 0.08558030480656506 0.08203125
1 0.17291910902696367 0.948828125 0.01992966002344666 0.01796875
0 0.16002344665885113 0.965234375 0.05275498241500586 0.06953125
1 0.23974208675263775 0.934375 0.010550996483001172 0.0078125
0 0.23974208675263775 0.961328125 0.031652989449003514 0.06796875
1 0.18229777256740914 0.932421875 0.010550996483001172 0.00703125
0 0.1764361078546307 0.955859375 0.0246189917936694 0.05703125