1 0.33642578125 0.11013215859030837 0.0478515625 0.08223201174743025
0 0.333984375 0.38619676945668135 0.166015625 0.6402349486049926
1 0.15966796875 0.20851688693098386 0.0458984375 0.06754772393538913
0 0.17333984375 0.4089574155653451 0.1162109375 0.5212922173274597
1 0.2080078125 0.3340675477239354 0.025390625 0.0513950073421439
0 0.20947265625 0.4684287812041116 0.0849609375 0.3436123348017621
1 0.1240234375 0.23348017621145375 0.041015625 0.06167400881057269
0 0.09912109375 0.4280469897209985 0.0986328125 0.4713656387665198
1 0.05322265625 0.24302496328928047 0.0380859375 0.0631424375917768
0 0.05224609375 0.4280469897209985 0.1044921875 0.447870778267254
1 0.00830078125 0.33627019089574156 0.0166015625 0.032305433186490456
0 0.02685546875 0.460352422907489 0.0537109375 0.28634361233480177
1 0.2734375 0.39133627019089573 0.01171875 0.01908957415565345
0 0.27294921875 0.4566813509544787 0.0302734375 0.1527165932452276