1 0.982098251457119 0.01625 0.020815986677768527 0.0325
0 0.9737718567860116 0.090625 0.05245628642797669 0.18125
1 0.9342214820982515 0.0475 0.028309741881765195 0.045
0 0.9375520399666945 0.11375 0.06994171523730225 0.2025
1 0.88759367194005 0.04375 0.02164862614487927 0.045
0 0.8913405495420483 0.10875 0.06910907577019151 0.19
1 0.821398834304746 0.015 0.020815986677768527 0.03
0 0.8417985012489592 0.08375 0.08492922564529559 0.1675
1 0.7739383846794338 0.016875 0.022481265611990008 0.03375
0 0.7726894254787677 0.089375 0.058284762697751874 0.17875
1 0.7231473771856786 0.024375 0.022481265611990008 0.04375
0 0.7227310574521232 0.089375 0.04995836802664446 0.17875
1 0.6652789342214821 0.03 0.019983347210657785 0.0375
0 0.6669442131557036 0.0975 0.058284762697751874 0.1925
1 0.6407160699417153 0.0175 0.022481265611990008 0.035
0 0.6419650291423813 0.095625 0.05995004163197336 0.19125
1 0.5699417152373022 0.02 0.025811823480432972 0.04
0 0.5778517901748543 0.096875 0.06328059950041633 0.19375
1 0.5108243130724396 0.018125 0.022481265611990008 0.03625
0 0.5174854288093256 0.086875 0.05412156536219817 0.17375
1 0.5262281432139884 0.034375 0.019983347210657785 0.03625
0 0.5324729392173189 0.098125 0.06078268109908409 0.18125
1 0.5129059117402165 0.058125 0.02164862614487927 0.03875
0 0.5162364696086594 0.133125 0.05995004163197336 0.20125
1 0.5624479600333055 0.055 0.022481265611990008 0.0375
0 0.5728559533721899 0.128125 0.0649458784346378 0.19375
1 0.5782681099084097 0.071875 0.022481265611990008 0.04375
0 0.582014987510408 0.14875 0.06661115736885928 0.205
1 0.43713572023313907 0.020625 0.028309741881765195 0.04125
0 0.43838467943380516 0.103125 0.06577851790174855 0.20625
1 0.44671107410491256 0.04375 0.025811823480432972 0.05
0 0.4496253122398002 0.123125 0.06827643630308076 0.21875
1 0.4487926727726894 0.06875 0.02164862614487927 0.045
0 0.45087427144046627 0.146875 0.05745212323064113 0.21875
1 0.9783513738551207 0.09125 0.02331390507910075 0.0425
0 0.9708576186511241 0.17 0.058284762697751874 0.2225
1 0.985428809325562 0.1375 0.02414654454621149 0.0425
0 0.97751873438801 0.238125 0.044962531223980015 0.27125
1 0.9804329725228976 0.18625 0.02414654454621149 0.05
0 0.9771024146544546 0.29375 0.04579517069109076 0.2825
1 0.9529558701082431 0.163125 0.02414654454621149 0.04125
0 0.9529558701082431 0.24625 0.059117402164862616 0.2125
1 0.8709408825978351 0.088125 0.02497918401332223 0.05125
0 0.8742714404662781 0.1625 0.06827643630308076 0.215
1 0.906744379683597 0.11125 0.02331390507910075 0.0425
0 0.9059117402164862 0.195625 0.07327227310574522 0.23125
1 0.9196502914238135 0.13 0.02414654454621149 0.0475
0 0.9229808492922564 0.213125 0.06411323896752706 0.23125
1 0.9034138218151541 0.168125 0.028309741881765195 0.04875
0 0.9034138218151541 0.246875 0.06328059950041633 0.22375
1 0.9263114071606994 0.21375 0.022481265611990008 0.0425
0 0.925895087427144 0.290625 0.07327227310574522 0.22625
1 0.9288093255620317 0.319375 0.025811823480432972 0.04125
0 0.9400499583680266 0.37 0.0649458784346378 0.2125
1 0.9762697751873439 0.32875 0.022481265611990008 0.0475
0 0.9729392173189009 0.39625 0.05412156536219817 0.2025
1 0.8734388009991674 0.15 0.02164862614487927 0.045
0 0.8705245628642798 0.220625 0.05745212323064113 0.20125
1 0.8684429641965029 0.223125 0.028309741881765195 0.04625
0 0.8705245628642798 0.29875 0.07077435470441298 0.235
1 0.880932556203164 0.253125 0.02997502081598668 0.05125
0 0.884263114071607 0.358125 0.07660283097418817 0.26875
1 0.8580349708576187 0.354375 0.027477102414654453 0.05625
0 0.8642797668609492 0.439375 0.07327227310574522 0.23375
1 0.8825978351373855 0.5275 0.02997502081598668 0.0575
0 0.8821815154038302 0.636875 0.10074937552039967 0.28625
1 0.8372189841798501 0.055 0.020815986677768527 0.045
0 0.8318068276436303 0.131875 0.06328059950041633 0.20875
1 0.8172356369691923 0.128125 0.020815986677768527 0.03875
0 0.8168193172356369 0.190625 0.0649458784346378 0.18375
1 0.8380516236469608 0.178125 0.022481265611990008 0.04125
0 0.8426311407160699 0.245625 0.05661948376353039 0.19125
1 0.8122398001665279 0.1675 0.022481265611990008 0.0525
0 0.8168193172356369 0.225625 0.054954204829308906 0.17375
1 0.8064113238967527 0.23 0.02414654454621149 0.045
0 0.8101582014987511 0.300625 0.07160699417152373 0.20875
1 0.8143213988343048 0.27 0.02497918401332223 0.0475
0 0.8209825145711906 0.353125 0.0649458784346378 0.21875
1 0.8243130724396336 0.3175 0.026644462947543714 0.0525
0 0.8226477935054122 0.395 0.06994171523730225 0.235
1 0.8009991673605329 0.3575 0.028309741881765195 0.0425
0 0.8026644462947544 0.426875 0.06827643630308076 0.21375
1 0.7897585345545379 0.2025 0.025811823480432972 0.0475
0 0.7914238134887593 0.271875 0.06577851790174855 0.18875
1 0.798917568692756 0.08125 0.02414654454621149 0.0475
0 0.8101582014987511 0.16375 0.08992506244796003 0.23
1 0.7693588676103247 0.0725 0.02164862614487927 0.0425
0 0.7756036636136553 0.149375 0.06411323896752706 0.20875
1 0.7139883430474604 0.07875 0.019150707743547043 0.0375
0 0.7252289758534555 0.1525 0.0649458784346378 0.1975
1 0.7418817651956703 0.043125 0.02331390507910075 0.04375
0 0.7422980849292257 0.1175 0.06244796003330558 0.21
1 0.746044962531224 0.154375 0.02497918401332223 0.04375
0 0.7477102414654455 0.215625 0.06661115736885928 0.20125
1 0.7464612822647794 0.154375 0.02414654454621149 0.05125
0 0.7606161532056619 0.228125 0.0791007493755204 0.20375
1 0.7468776019983348 0.25125 0.02497918401332223 0.055
0 0.7514571190674438 0.329375 0.07077435470441298 0.21875
1 0.7601998334721066 0.28375 0.026644462947543714 0.0525
0 0.7631140716069942 0.363125 0.07577019150707744 0.21875
1 0.7531223980016652 0.3125 0.029142381348875937 0.045
0 0.7585345545378851 0.405 0.08159866777685262 0.2575
1 0.6835970024979184 0.0475 0.02497918401332223 0.0475
0 0.6906744379683597 0.1225 0.06577851790174855 0.205
1 0.6311407160699417 0.066875 0.02164862614487927 0.04375
0 0.6311407160699417 0.14125 0.05661948376353039 0.1975
1 0.6598667776852623 0.083125 0.020815986677768527 0.03875
0 0.6611157368859284 0.153125 0.05661948376353039 0.19375
1 0.6902581182348043 0.105 0.02497918401332223 0.0425
0 0.6935886761032473 0.17125 0.06661115736885928 0.1825
1 0.6956702747710242 0.174375 0.02414654454621149 0.04375
0 0.6973355537052456 0.245625 0.06411323896752706 0.20375
1 0.7127393838467944 0.216875 0.02497918401332223 0.04625
0 0.712323064113239 0.289375 0.06910907577019151 0.20125
1 0.6777685262281432 0.258125 0.02497918401332223 0.04375
0 0.6835970024979184 0.33125 0.07327227310574522 0.2075
1 0.6956702747710242 0.2975 0.025811823480432972 0.0475
0 0.7039966694421316 0.3625 0.07243963363863447 0.205
1 0.6790174854288094 0.338125 0.027477102414654453 0.04375
0 0.6860949208992506 0.4175 0.08159866777685262 0.23
1 0.723563696919234 0.37875 0.02997502081598668 0.045
0 0.731473771856786 0.458125 0.08076602830974189 0.24375
1 0.8880099916736053 0.316875 0.02414654454621149 0.04125
0 0.890924229808493 0.3925 0.06328059950041633 0.2075
1 0.9296419650291424 0.319375 0.025811823480432972 0.04625
0 0.929225645295587 0.39125 0.06661115736885928 0.19
1 0.6278101582014988 0.12375 0.02497918401332223 0.0425
0 0.6265611990008326 0.20125 0.06577851790174855 0.225
1 0.6340549542048293 0.17875 0.022481265611990008 0.0425
0 0.6369691923397169 0.238125 0.061615320566194835 0.18125
1 0.6631973355537052 0.151875 0.020815986677768527 0.03875
0 0.664029975020816 0.21 0.05745212323064113 0.1875
1 0.6248959200666112 0.2225 0.025811823480432972 0.045
0 0.6286427976686095 0.298125 0.08326394671107411 0.22625
1 0.6074104912572856 0.25 0.030807660283097418 0.0525
0 0.611157368859284 0.34 0.08492922564529559 0.255
1 0.6340549542048293 0.313125 0.027477102414654453 0.04375
0 0.638218151540383 0.396875 0.07743547044129892 0.24125
1 0.6540383014154871 0.395625 0.030807660283097418 0.05625
0 0.6552872606161532 0.491875 0.093255620316403 0.27875
1 0.5840965861781848 0.10125 0.022481265611990008 0.0475
0 0.5899250624479601 0.18 0.07243963363863447 0.21
1 0.5666111573688593 0.12875 0.020815986677768527 0.0425
0 0.5666111573688593 0.20625 0.07243963363863447 0.205
1 0.5836802664446294 0.155 0.02331390507910075 0.045
0 0.5886761032472939 0.2275 0.06994171523730225 0.2025
1 0.5736885928393006 0.1975 0.02497918401332223 0.0425
0 0.5749375520399667 0.269375 0.06411323896752706 0.21125
1 0.5541215653621981 0.230625 0.027477102414654453 0.04625
0 0.5607826810990841 0.31125 0.06744379683597003 0.2225
1 0.5766028309741882 0.324375 0.02414654454621149 0.04125
0 0.5815986677768527 0.408125 0.07410491257285595 0.21625
1 0.5220649458784347 0.2175 0.019983347210657785 0.0375
0 0.5241465445462115 0.29 0.07243963363863447 0.205
1 0.5216486261448793 0.085625 0.022481265611990008 0.04875
0 0.5245628642797668 0.15875 0.058284762697751874 0.205
1 0.5407993338884263 0.121875 0.025811823480432972 0.04125
0 0.5403830141548709 0.19125 0.058284762697751874 0.1875
1 0.5120732722731057 0.146875 0.018318068276436304 0.03625
0 0.5154038301415487 0.21875 0.06827643630308076 0.195
1 0.4612822647793505 0.09 0.02331390507910075 0.0475
0 0.46086594504579514 0.161875 0.07577019150707744 0.21125
1 0.48376353039134057 0.135 0.02331390507910075 0.0475
0 0.48542880932556204 0.20125 0.0649458784346378 0.2125
1 0.4612822647793505 0.159375 0.02331390507910075 0.03875
0 0.46378018318068276 0.231875 0.054954204829308906 0.18875
1 0.4746044962531224 0.179375 0.026644462947543714 0.04625
0 0.4833472106577852 0.2625 0.07410491257285595 0.2175
1 0.46835970024979184 0.22375 0.025811823480432972 0.05
0 0.4687760199833472 0.31125 0.06661115736885928 0.23
1 0.3884263114071607 0.085 0.019150707743547043 0.035
0 0.3913405495420483 0.14375 0.05328892589508743 0.19
1 0.35387177352206495 0.0175 0.02331390507910075 0.035
0 0.3642797668609492 0.0925 0.05412156536219817 0.185
1 0.40591174021648624 0.105625 0.030807660283097418 0.05375
0 0.4063280599500416 0.17125 0.05328892589508743 0.195
1 0.41756869275603664 0.134375 0.02414654454621149 0.04125
0 0.42131557035803496 0.2025 0.061615320566194835 0.2125
1 0.41007493755203994 0.17875 0.020815986677768527 0.045
0 0.4104912572855953 0.245 0.06827643630308076 0.2
1 0.4412989175686928 0.2275 0.02331390507910075 0.04
0 0.4412989175686928 0.296875 0.051623646960865945 0.18375
1 0.4184013322231474 0.256875 0.02414654454621149 0.03875
0 0.4150707743547044 0.341875 0.06577851790174855 0.21625
1 0.40924229808492923 0.299375 0.025811823480432972 0.04625
0 0.41298917568692756 0.384375 0.07327227310574522 0.23875
1 0.45170691090757703 0.3225 0.035803497085761866 0.0575
0 0.4492089925062448 0.41125 0.09242298084929226 0.26
1 0.45420482930890926 0.37125 0.030807660283097418 0.05
0 0.4546211490424646 0.458125 0.08659450457951708 0.23875
1 0.4462947543713572 0.440625 0.026644462947543714 0.04625
0 0.4537885095753539 0.500625 0.06661115736885928 0.15625
1 0.38800999167360534 0.46125 0.02497918401332223 0.0475
0 0.3925895087427144 0.52875 0.07410491257285595 0.19
1 0.39050791007493757 0.015 0.018318068276436304 0.03
0 0.3884263114071607 0.08 0.0507910074937552 0.16
1 0.38884263114071604 0.085 0.018318068276436304 0.0325
0 0.39342214820982513 0.145 0.0507910074937552 0.16
1 0.361781848459617 0.10625 0.02414654454621149 0.0475
0 0.3646960865945046 0.169375 0.061615320566194835 0.18625
1 0.339300582847627 0.1 0.02414654454621149 0.04
0 0.3426311407160699 0.168125 0.05412156536219817 0.18375
1 0.32431307243963364 0.020625 0.025811823480432972 0.03875
0 0.3259783513738551 0.088125 0.05578684429641965 0.17625
1 0.35845129059117403 0.149375 0.02414654454621149 0.03875
0 0.3630308076602831 0.213125 0.06827643630308076 0.18875
1 0.34970857618651124 0.2025 0.026644462947543714 0.05
0 0.35345545378850957 0.276875 0.06744379683597003 0.23125
1 0.33638634471273937 0.239375 0.02164862614487927 0.04125
0 0.3426311407160699 0.3175 0.07410491257285595 0.2175
1 0.35803497085761865 0.279375 0.026644462947543714 0.04375
0 0.35928393005828474 0.356875 0.0791007493755204 0.22375
1 0.33263946711074105 0.30875 0.029142381348875937 0.0525
0 0.3426311407160699 0.396875 0.07577019150707744 0.23125
1 0.3597002497918401 0.350625 0.02997502081598668 0.04875
0 0.3688592839300583 0.431875 0.07826810990840966 0.21625
1 0.34970857618651124 0.41 0.028309741881765195 0.0525
0 0.361781848459617 0.48875 0.07743547044129892 0.225
1 0.3097418817651957 0.458125 0.03164029975020816 0.05875
0 0.3172356369691923 0.538125 0.07993338884263114 0.22375
1 0.3967527060782681 0.231875 0.025811823480432972 0.04625
0 0.4021648626144879 0.2975 0.061615320566194835 0.1775
1 0.2751873438800999 0.034375 0.019150707743547043 0.03375
0 0.27352206494587844 0.09625 0.05745212323064113 0.1725
1 0.29475437135720234 0.044375 0.02164862614487927 0.03625
0 0.2964196502914238 0.10125 0.054954204829308906 0.1725
1 0.30599500416319736 0.073125 0.02414654454621149 0.04375
0 0.3080766028309742 0.135625 0.058284762697751874 0.17875
1 0.2922564529558701 0.12375 0.019983347210657785 0.0375
0 0.2968359700249792 0.184375 0.06411323896752706 0.19125
1 0.3122398001665279 0.16875 0.018318068276436304 0.0375
0 0.31015820149875106 0.219375 0.059117402164862616 0.17125
1 0.28975853455453787 0.185 0.02331390507910075 0.045
0 0.2951706910907577 0.256875 0.06078268109908409 0.19375
1 0.28143213988343047 0.250625 0.02997502081598668 0.05125
0 0.2843463780183181 0.320625 0.06744379683597003 0.19875
1 0.2926727726894255 0.30125 0.025811823480432972 0.05
0 0.30308076602830974 0.360625 0.06827643630308076 0.17375
1 0.29766860949208995 0.369375 0.029142381348875937 0.05375
0 0.30766028309741883 0.4425 0.08076602830974189 0.205
1 0.28476269775187346 0.420625 0.026644462947543714 0.04625
0 0.28975853455453787 0.499375 0.07660283097418817 0.20625
1 0.2743547044129892 0.034375 0.019150707743547043 0.03375
0 0.2756036636136553 0.09125 0.051623646960865945 0.1625
1 0.23813488759367193 0.035625 0.02497918401332223 0.04375
0 0.23896752706078267 0.088125 0.054954204829308906 0.16125
1 0.23646960865945046 0.075 0.02497918401332223 0.045
0 0.24229808492922564 0.145625 0.06827643630308076 0.19125
1 0.2443796835970025 0.104375 0.025811823480432972 0.04125
0 0.2485428809325562 0.180625 0.06577851790174855 0.20375
1 0.24646128226477934 0.1325 0.019983347210657785 0.0375
0 0.24771024146544546 0.205 0.06910907577019151 0.2
1 0.26436303080766027 0.17375 0.022481265611990008 0.0375
0 0.26769358867610327 0.246875 0.06411323896752706 0.19375
1 0.23105745212323064 0.19125 0.029142381348875937 0.05
0 0.23938384679433805 0.263125 0.06744379683597003 0.19625
1 0.24396336386344714 0.231875 0.026644462947543714 0.04375
0 0.25104079933388845 0.314375 0.07410491257285595 0.22375
1 0.2656119900083264 0.34 0.028309741881765195 0.0425
0 0.2668609492089925 0.42625 0.0791007493755204 0.24
1 0.22647793505412156 0.299375 0.02331390507910075 0.04625
0 0.23480432972522897 0.369375 0.07826810990840966 0.20875
1 0.24271440466278102 0.498125 0.030807660283097418 0.05625
0 0.25104079933388845 0.573125 0.08076602830974189 0.21625
1 0.33971690258118237 0.591875 0.02997502081598668 0.05875
0 0.34138218151540384 0.73125 0.09825145711906745 0.3475
1 0.2048293089092423 0.065 0.02497918401332223 0.04
0 0.2073272273105745 0.119375 0.0649458784346378 0.17625
1 0.18276436303080765 0.128125 0.022481265611990008 0.03875
0 0.1794338051623647 0.1925 0.06577851790174855 0.1775
1 0.1723563696919234 0.16375 0.02331390507910075 0.0425
0 0.1740216486261449 0.218125 0.06328059950041633 0.16875
1 0.1965029142381349 0.18125 0.02497918401332223 0.045
0 0.2006661115736886 0.24375 0.06827643630308076 0.1875
1 0.17152373022481265 0.214375 0.019983347210657785 0.04125
0 0.17610324729392174 0.278125 0.06744379683597003 0.18875
1 0.15736885928393005 0.2525 0.02497918401332223 0.0425
0 0.16194837635303913 0.323125 0.07077435470441298 0.19375
1 0.1511240632805995 0.284375 0.027477102414654453 0.05375
0 0.16028309741881766 0.35875 0.07743547044129892 0.2075
1 0.15070774354704414 0.31875 0.026644462947543714 0.0425
0 0.15861781848459616 0.3975 0.08409658617818484 0.2075
1 0.186511240632806 0.3675 0.028309741881765195 0.0525
0 0.18984179850124897 0.44625 0.0749375520399667 0.22
1 0.175270607826811 0.485625 0.027477102414654453 0.05125
0 0.18026644462947544 0.55375 0.07743547044129892 0.2
1 0.13447127393838468 0.45125 0.0324729392173189 0.05
0 0.14279766860949208 0.52125 0.08076602830974189 0.2225
1 0.16819317235636969 0.016875 0.019983347210657785 0.03375
0 0.1694421315570358 0.08375 0.08742714404662781 0.1675
1 0.15154038301415487 0.079375 0.026644462947543714 0.04375
0 0.15611990008326396 0.14875 0.059117402164862616 0.19
1 0.15611990008326396 0.113125 0.022481265611990008 0.04875
0 0.16194837635303913 0.17625 0.06744379683597003 0.1825
1 0.10699417152373022 0.02 0.020815986677768527 0.04
0 0.11074104912572856 0.084375 0.06661115736885928 0.16875
1 0.09492089925062448 0.0525 0.019983347210657785 0.04
0 0.10283097418817652 0.123125 0.06244796003330558 0.19375
1 0.09575353871773522 0.115 0.02497918401332223 0.04
0 0.10241465445462115 0.175 0.06827643630308076 0.1875
1 0.08409658617818484 0.145 0.02497918401332223 0.045
0 0.08742714404662781 0.21875 0.06827643630308076 0.2
1 0.12031640299750208 0.165625 0.020815986677768527 0.04375
0 0.11990008326394672 0.236875 0.06328059950041633 0.20625
1 0.13946711074104912 0.2 0.02414654454621149 0.0475
0 0.14029975020815988 0.25875 0.05412156536219817 0.18
1 0.1003330557868443 0.21375 0.017485428809325562 0.03
0 0.10616153205661949 0.296875 0.07577019150707744 0.20875
1 0.1015820149875104 0.254375 0.02497918401332223 0.04625
0 0.104496253122398 0.33375 0.06744379683597003 0.2175
1 0.08950874271440466 0.291875 0.025811823480432972 0.04125
0 0.08950874271440466 0.376875 0.0791007493755204 0.21375
1 0.11656952539550375 0.398125 0.026644462947543714 0.04375
0 0.11740216486261448 0.48875 0.093255620316403 0.2675
1 0.21773522064945877 0.3725 0.029142381348875937 0.0525
0 0.22772689425478768 0.465625 0.0890924229808493 0.25625
1 0.06910907577019151 0.0875 0.019983347210657785 0.0375
0 0.07868442964196502 0.141875 0.05412156536219817 0.15625
1 0.07660283097418817 0.016875 0.019983347210657785 0.03375
0 0.0791007493755204 0.0775 0.06328059950041633 0.155
1 0.04121565362198168 0.03625 0.017485428809325562 0.0375
0 0.04787676935886761 0.091875 0.06744379683597003 0.17125
1 0.026644462947543714 0.07125 0.05328892589508743 0.1425
0 0.026644462947543714 0.07125 0.05328892589508743 0.1425
1 0.022064945878434637 0.08 0.02414654454621149 0.0475
0 0.03288925895087427 0.14125 0.06577851790174855 0.1775
1 0.03205661948376353 0.13375 0.020815986677768527 0.04
0 0.03538717735220649 0.191875 0.05745212323064113 0.16625
1 0.011656952539550375 0.2075 0.02164862614487927 0.0475
0 0.027060782681099085 0.264375 0.05412156536219817 0.18375
1 0.028309741881765195 0.23375 0.038301415487094086 0.0525
0 0.0395503746877602 0.30625 0.0791007493755204 0.205
1 0.022064945878434637 0.305 0.027477102414654453 0.0425
0 0.03913405495420483 0.383125 0.07826810990840966 0.21875
1 0.04829308909242298 0.388125 0.02331390507910075 0.03875
0 0.054954204829308906 0.485 0.07660283097418817 0.2425
1 0.12323064113238967 0.363125 0.02331390507910075 0.04375
0 0.12489592006661115 0.450625 0.06661115736885928 0.22375
1 0.07327227310574522 0.32125 0.03164029975020816 0.0475
0 0.07410491257285595 0.39875 0.07327227310574522 0.2375
1 0.07535387177352207 0.42375 0.030807660283097418 0.045
0 0.08409658617818484 0.51125 0.06661115736885928 0.2425
1 0.0578684429641965 0.4975 0.02414654454621149 0.05
0 0.05995004163197336 0.57125 0.07160699417152373 0.2325
1 0.09866777685262282 0.5275 0.030807660283097418 0.055
0 0.10782681099084096 0.596875 0.0791007493755204 0.23875
1 0.4941715237302248 0.295625 0.05745212323064113 0.10875
0 0.570774354704413 0.6 0.3588676103247294 0.735
1 0.6082431307243963 0.465 0.09242298084929226 0.16
0 0.6998334721065779 0.671875 0.4604496253122398 0.60625
1 0.8834304746044963 0.526875 0.02997502081598668 0.05625
0 0.8867610324729392 0.619375 0.04995836802664446 0.23875