1 0.17043010752688173 0.2524752475247525 0.05268817204301075 0.10231023102310231
0 0.1575268817204301 0.556930693069307 0.1924731182795699 0.8399339933993399
1 0.2645161290322581 0.31765676567656764 0.04946236559139785 0.09735973597359736
0 0.2779569892473118 0.6122112211221122 0.1774193548387097 0.6996699669966997
1 0.3204301075268817 0.3432343234323432 0.05161290322580645 0.0924092409240924
0 0.328494623655914 0.6122112211221122 0.08924731182795699 0.6336633663366337
1 0.4032258064516129 0.3061056105610561 0.05161290322580645 0.09735973597359736
0 0.40860215053763443 0.5866336633663366 0.11827956989247312 0.6716171617161716
1 0.5048387096774194 0.3094059405940594 0.046236559139784944 0.08745874587458746
0 0.4989247311827957 0.5833333333333334 0.1032258064516129 0.6551155115511551
1 0.5876344086021505 0.3201320132013201 0.04838709677419355 0.09570957095709572
0 0.5865591397849462 0.5899339933993399 0.11720430107526882 0.6485148514851485
1 0.6413978494623656 0.2929042904290429 0.046236559139784944 0.08745874587458746
0 0.65 0.5701320132013201 0.12365591397849462 0.6749174917491749
1 0.739247311827957 0.3193069306930693 0.05053763440860215 0.08745874587458746
0 0.7462365591397849 0.5924092409240924 0.14408602150537633 0.6534653465346535
1 0.8145161290322581 0.32838283828382836 0.054838709677419356 0.12211221122112212
0 0.8252688172043011 0.6171617161716172 0.15161290322580645 0.7260726072607261
1 0.6483870967741936 0.44554455445544555 0.05591397849462366 0.10891089108910891
0 0.6994623655913978 0.6938943894389439 0.1924731182795699 0.6122112211221122
1 0.5618279569892473 0.4991749174917492 0.054838709677419356 0.10396039603960396
0 0.5618279569892473 0.7112211221122112 0.13440860215053763 0.5412541254125413
1 0.4720430107526882 0.4867986798679868 0.053763440860215055 0.10561056105610561
0 0.4629032258064516 0.7054455445544554 0.11720430107526882 0.5627062706270627
1 0.37473118279569895 0.4991749174917492 0.05268817204301075 0.10726072607260725
0 0.36666666666666664 0.7178217821782178 0.14623655913978495 0.5643564356435643