1 0.11708333333333333 0.33288227334235454 0.059166666666666666 0.11096075778078485
0 0.10208333333333333 0.6231393775372125 0.17583333333333334 0.7104194857916103
1 0.235 0.3261163734776725 0.051666666666666666 0.10284167794316644
0 0.23375 0.6156968876860622 0.1225 0.6901217861975643
1 0.34208333333333335 0.2604871447902571 0.059166666666666666 0.11772665764546685
0 0.34458333333333335 0.5866035182679297 0.1525 0.7916102841677943
1 0.4658333333333333 0.35453315290933696 0.04833333333333333 0.10284167794316644
0 0.4708333333333333 0.6346414073071719 0.13833333333333334 0.6901217861975643
1 0.545 0.3234100135317997 0.04833333333333333 0.11637347767253045
0 0.5479166666666667 0.6075778078484438 0.12583333333333332 0.7117726657645467
1 0.6545833333333333 0.3125845737483085 0.050833333333333335 0.11637347767253045
0 0.655 0.6136671177266576 0.165 0.7320703653585927
1 0.76125 0.3037889039242219 0.049166666666666664 0.10960757780784844
0 0.7608333333333334 0.5987821380243572 0.14166666666666666 0.7104194857916103
1 0.8925 0.2733423545331529 0.05333333333333334 0.09742895805142084
0 0.8958333333333334 0.584573748308525 0.13833333333333334 0.7415426251691475
1 0.8670833333333333 0.36874154262516917 0.05583333333333333 0.10419485791610285
0 0.8704166666666666 0.6535859269282814 0.14916666666666667 0.6928281461434371
1 0.7775 0.5094722598105548 0.065 0.12313937753721245
0 0.7608333333333334 0.7225981055480379 0.185 0.5548037889039242
1 0.5679166666666666 0.5317997293640054 0.060833333333333336 0.13261163734776726
0 0.5729166666666666 0.7300405953991881 0.1775 0.5399188092016238
1 0.38333333333333336 0.5317997293640054 0.06333333333333334 0.15155615696887687
0 0.3729166666666667 0.7225981055480379 0.18583333333333332 0.5548037889039242
1 0.165 0.5047361299052774 0.056666666666666664 0.12178619756427606
0 0.1575 0.7185385656292287 0.215 0.5629228687415426