1 0.7392578125 0.3027456647398844 0.119140625 0.20086705202312138
0 0.74609375 0.5932080924855492 0.2822265625 0.8135838150289018
1 0.597412109375 0.21640173410404626 0.10107421875 0.19002890173410406
0 0.591064453125 0.555635838150289 0.31396484375 0.888728323699422
1 0.439697265625 0.2218208092485549 0.10498046875 0.19508670520231214
0 0.464111328125 0.5570809248554913 0.24267578125 0.8858381502890174
1 0.369384765625 0.21820809248554912 0.09326171875 0.18352601156069365
0 0.38916015625 0.5538294797687862 0.21484375 0.8923410404624278
1 0.2763671875 0.28648843930635837 0.0908203125 0.14667630057803469
0 0.283447265625 0.6004335260115607 0.16552734375 0.7991329479768786
1 0.819091796875 0.1972543352601156 0.09619140625 0.1936416184971098
0 0.81689453125 0.5285404624277457 0.2861328125 0.9429190751445087