1 0.9451827242524917 0.6057213930348259 0.029900332225913623 0.04228855721393035
0 0.9285714285714286 0.6915422885572139 0.12956810631229235 0.22388059701492538
1 0.8845514950166113 0.5733830845771144 0.02823920265780731 0.04228855721393035
0 0.8745847176079734 0.654228855721393 0.0946843853820598 0.208955223880597
1 0.8164451827242525 0.5497512437810945 0.02159468438538206 0.03980099502487562
0 0.8098006644518272 0.6156716417910447 0.07475083056478406 0.17661691542288557
1 0.7749169435215947 0.5323383084577115 0.02159468438538206 0.03482587064676617
0 0.7516611295681063 0.5833333333333334 0.08803986710963455 0.1417910447761194
1 0.6985049833887044 0.5970149253731343 0.04152823920265781 0.06965174129353234
0 0.7084717607973422 0.7101990049751243 0.12790697674418605 0.2960199004975124
1 0.6478405315614618 0.5945273631840796 0.03322259136212625 0.05472636815920398
0 0.6495016611295681 0.6828358208955224 0.08305647840531562 0.24129353233830847
1 0.5755813953488372 0.5572139303482587 0.024916943521594685 0.03980099502487562
0 0.5805647840531561 0.6169154228855721 0.06478405315614617 0.1691542288557214
1 0.5373754152823921 0.5111940298507462 0.024916943521594685 0.04228855721393035
0 0.542358803986711 0.5671641791044776 0.061461794019933555 0.15920398009950248
1 0.5191029900332226 0.49502487562189057 0.018272425249169437 0.029850746268656716
0 0.5191029900332226 0.5286069651741293 0.03820598006644518 0.11194029850746269
1 0.5382059800664452 0.48134328358208955 0.016611295681063124 0.03233830845771144
0 0.542358803986711 0.5049751243781094 0.04152823920265781 0.08955223880597014
1 0.44601328903654486 0.4962686567164179 0.02823920265780731 0.04228855721393035
0 0.48255813953488375 0.5920398009950248 0.1378737541528239 0.24378109452736318
1 0.36295681063122925 0.4925373134328358 0.06478405315614617 0.11442786069651742
0 0.3654485049833887 0.681592039800995 0.23588039867109634 0.5074626865671642
1 0.2649501661129568 0.47885572139303484 0.05149501661129568 0.07213930348258707
0 0.31478405315614616 0.6044776119402985 0.1877076411960133 0.3333333333333333
1 0.329734219269103 0.4465174129353234 0.03820598006644518 0.06218905472636816
0 0.3372093023255814 0.5435323383084577 0.13953488372093023 0.26616915422885573
1 0.0606312292358804 0.3694029850746269 0.07475083056478406 0.11194029850746269
0 0.09551495016611296 0.5509950248756219 0.19102990033222592 0.4900497512437811
1 0.09219269102990033 0.34577114427860695 0.04817275747508306 0.0845771144278607
0 0.10299003322259136 0.5149253731343284 0.1461794019933555 0.43283582089552236
1 0.13953488372093023 0.3619402985074627 0.04318936877076412 0.06716417910447761
0 0.1536544850498339 0.47139303482587064 0.10132890365448505 0.30597014925373134
1 0.19102990033222592 0.3843283582089552 0.026578073089700997 0.04228855721393035
0 0.19850498338870431 0.4614427860696517 0.07142857142857142 0.21144278606965175
1 0.2799003322259136 0.36691542288557216 0.02159468438538206 0.03731343283582089
0 0.2799003322259136 0.4166666666666667 0.06478405315614617 0.14676616915422885
1 0.31478405315614616 0.3706467661691542 0.018272425249169437 0.029850746268656716
0 0.31893687707641194 0.4129353233830846 0.053156146179401995 0.12437810945273632
1 0.3338870431893688 0.3756218905472637 0.016611295681063124 0.024875621890547265
0 0.3380398671096346 0.40671641791044777 0.03820598006644518 0.09701492537313433
1 0.36627906976744184 0.3805970149253731 0.014950166112956811 0.029850746268656716
0 0.3588039867109635 0.40049751243781095 0.036544850498338874 0.07960199004975124
1 0.4069767441860465 0.3805970149253731 0.009966777408637873 0.01990049751243781
0 0.4119601328903654 0.40422885572139305 0.03986710963455149 0.07711442786069651
1 0.462624584717608 0.4079601990049751 0.011627906976744186 0.01990049751243781
0 0.4601328903654485 0.42661691542288555 0.029900332225913623 0.06716417910447761
1 0.4883720930232558 0.4054726368159204 0.009966777408637873 0.014925373134328358
0 0.4867109634551495 0.42661691542288555 0.026578073089700997 0.06716417910447761
1 0.5066445182724253 0.4253731343283582 0.026578073089700997 0.06467661691542288
0 0.5066445182724253 0.4253731343283582 0.026578073089700997 0.06467661691542288
1 0.5240863787375415 0.42661691542288555 0.008305647840531562 0.012437810945273632
0 0.5274086378737541 0.44154228855721395 0.03156146179401993 0.06218905472636816
1 0.5481727574750831 0.4191542288557214 0.009966777408637873 0.017412935323383085
0 0.5490033222591362 0.43656716417910446 0.02823920265780731 0.05721393034825871
1 0.5805647840531561 0.4253731343283582 0.011627906976744186 0.01990049751243781
0 0.579734219269103 0.44154228855721395 0.029900332225913623 0.06218905472636816
1 0.6013289036544851 0.42786069651741293 0.009966777408637873 0.014925373134328358
0 0.5980066445182725 0.44154228855721395 0.023255813953488372 0.05223880597014925
1 0.5780730897009967 0.4552238805970149 0.013289036544850499 0.024875621890547265
0 0.5714285714285714 0.4900497512437811 0.04318936877076412 0.1044776119402985
1 0.5971760797342193 0.4564676616915423 0.011627906976744186 0.017412935323383085
0 0.5938538205980066 0.4925373134328358 0.024916943521594685 0.0945273631840796
1 0.6112956810631229 0.4552238805970149 0.009966777408637873 0.01990049751243781
0 0.6096345514950167 0.47885572139303484 0.023255813953488372 0.07213930348258707
1 0.6312292358803987 0.43905472636815923 0.009966777408637873 0.017412935323383085
0 0.6337209302325582 0.4614427860696517 0.024916943521594685 0.07213930348258707
1 0.632890365448505 0.48756218905472637 0.013289036544850499 0.01990049751243781
0 0.6312292358803987 0.513681592039801 0.03986710963455149 0.08706467661691543
1 0.6553156146179402 0.48134328358208955 0.014950166112956811 0.022388059701492536
0 0.6519933554817275 0.5074626865671642 0.03156146179401993 0.0845771144278607
1 0.675249169435216 0.47512437810945274 0.011627906976744186 0.01990049751243781
0 0.675249169435216 0.5087064676616916 0.03156146179401993 0.09701492537313433
1 0.4642857142857143 0.4465174129353234 0.018272425249169437 0.03233830845771144
0 0.44518272425249167 0.48258706467661694 0.059800664451827246 0.10945273631840796
1 0.7749169435215947 0.6529850746268657 0.03488372093023256 0.05223880597014925
0 0.7931893687707641 0.722636815920398 0.08803986710963455 0.21144278606965175