1 0.6777272727272727 0.7051696284329564 0.13 0.3053311793214863
0 0.675 0.7536348949919225 0.3463636363636364 0.4927302100161551
1 0.4659090909090909 0.8061389337641357 0.23545454545454544 0.3877221324717286
0 0.4577272727272727 0.8012924071082391 0.3281818181818182 0.3974151857835218
1 0.7877272727272727 0.41437802907915994 0.12272727272727273 0.2310177705977383
0 0.7977272727272727 0.635702746365105 0.2990909090909091 0.72859450726979
1 0.8036363636363636 0.425686591276252 0.06909090909090909 0.1567043618739903
0 0.82 0.6623586429725363 0.3290909090909091 0.6752827140549273
1 0.5995454545454545 0.6462035541195477 0.09545454545454546 0.22294022617124395
0 0.5981818181818181 0.7673667205169629 0.22727272727272727 0.46526655896607433
1 0.3322727272727273 0.10177705977382875 0.11545454545454545 0.20032310177705978
0 0.32727272727272727 0.5 0.31272727272727274 1
1 0.12818181818181817 0.6147011308562197 0.13454545454545455 0.28917609046849757
0 0.19318181818181818 0.7326332794830371 0.38636363636363635 0.5347334410339257
1 0.18636363636363637 0.4676898222940226 0.0890909090909091 0.17932148626817448
0 0.18727272727272729 0.6768982229402262 0.3290909090909091 0.6462035541195477