1 0.8864535266974292 0.4115598885793872 0.02010547132498352 0.11281337047353761
0 0.8920566908371786 0.6740947075208914 0.04779169413315755 0.6518105849582173
1 0.8391562294001318 0.40041782729805014 0.015161502966381015 0.07938718662952646
0 0.8447593935398814 0.6093314763231198 0.05009887936717205 0.5083565459610028
1 0.8022412656558998 0.3955431754874652 0.011865524060646011 0.06406685236768803
0 0.8047132498352011 0.5807799442896936 0.02999340804218853 0.4401114206128134
1 0.7811470006591957 0.37047353760445684 0.012524719841793012 0.07520891364902507
0 0.782300593276203 0.5835654596100278 0.036585365853658534 0.5153203342618384
1 0.7442320369149638 0.366991643454039 0.013843111404087014 0.08495821727019498
0 0.7417600527356625 0.5807799442896936 0.036585365853658534 0.5181058495821727
1 0.7356624917600527 0.4032033426183844 0.014502307185234015 0.08774373259052924
0 0.7412656558998022 0.6344011142061281 0.04614370468029005 0.564066852367688
1 0.6323335530652604 0.33774373259052926 0.018787079762689517 0.10724233983286909
0 0.6308503625576797 0.6406685236768802 0.045484508899143045 0.7186629526462396
1 0.5884970336189849 0.4275766016713092 0.02142386288727752 0.11977715877437325
0 0.5894858272907053 0.6817548746518106 0.058338826631509556 0.6364902506963789
1 0.5547132498352011 0.43941504178272983 0.025049439683586024 0.14345403899721448
0 0.5525708635464733 0.6782729805013927 0.07086354647330258 0.6434540389972145
1 0.5214238628872775 0.37395543175487467 0.023071852340145024 0.11002785515320335
0 0.5238958470665788 0.6559888579387186 0.06097560975609756 0.6880222841225627
1 0.4747857613711272 0.37395543175487467 0.022742254449571522 0.12116991643454039
0 0.47412656558998023 0.6518105849582173 0.06031641397495056 0.6963788300835655
1 0.44050758075148316 0.43175487465181056 0.024719841793012523 0.12813370473537605
0 0.4416611733684904 0.6803621169916435 0.06394199077125906 0.6392757660167131
1 0.39106789716545814 0.4456824512534819 0.023401450230718525 0.12534818941504178
0 0.38810151615029664 0.6866295264623955 0.04976928147659855 0.6267409470752089
1 0.3528345418589321 0.43175487465181056 0.02010547132498352 0.10863509749303621
0 0.3590969017798286 0.6845403899721448 0.05174686882003955 0.6309192200557103
1 0.30471324983520104 0.3934540389972145 0.01944627554383652 0.11002785515320335
0 0.30471324983520104 0.6671309192200557 0.05108767303889255 0.6657381615598886
1 0.2575807514831905 0.35376044568245124 0.018787079762689517 0.09749303621169916
0 0.25972313777191824 0.637883008356546 0.044166117336849046 0.6852367688022284
1 0.21819380355965723 0.38091922005571033 0.01911667765326302 0.11002785515320335
0 0.21852340145023072 0.6622562674094707 0.05998681608437706 0.6754874651810585
1 0.24093605800922874 0.34540389972144847 0.015820698747528016 0.07242339832869081
0 0.241430454845089 0.5772980501392758 0.03724456163480554 0.5557103064066853
1 0.21275543836519445 0.32172701949860727 0.012854317732366513 0.06685236768802229
0 0.2119314436387607 0.5167130919220055 0.03955174686882004 0.4818941504178273
1 0.20369149637442321 0.36142061281337046 0.015161502966381015 0.08217270194986072
0 0.20978905735003295 0.591225626740947 0.04185893210283454 0.5557103064066853
1 0.17699406723796968 0.37047353760445684 0.015161502966381015 0.07799442896935933
0 0.17567567567567569 0.6044568245125348 0.03823335530652604 0.5487465181058496
1 0.16760052735662492 0.33913649025069637 0.014172709294660513 0.07938718662952646
0 0.17007251153592617 0.5215877437325905 0.03493737640079104 0.44986072423398327
1 0.15672379696769942 0.3593314763231198 0.01021753460777851 0.0584958217270195
0 0.1554054054054054 0.536908077994429 0.024060646011865524 0.4220055710306407
1 0.1366183256427159 0.3516713091922006 0.011535926170072512 0.06545961002785515
0 0.13727752142386287 0.5494428969359332 0.02999340804218853 0.48885793871866295
1 0.14601186552406065 0.3635097493036212 0.013843111404087014 0.07520891364902507
0 0.1465062623599209 0.5842618384401114 0.03592617007251154 0.5222841225626741
1 0.12425840474620962 0.35584958217270196 0.015820698747528016 0.08774373259052924
0 0.12326961107448912 0.616991643454039 0.04021094264996704 0.6128133704735376
1 0.1031641397495056 0.4213091922005571 0.017139090309822018 0.0905292479108635
0 0.10365853658536585 0.685933147632312 0.030652603823335532 0.628133704735376
1 0.08833223467369809 0.4268802228412256 0.02109426499670402 0.11559888579387187
0 0.08536585365853659 0.6838440111420613 0.044166117336849046 0.6323119777158774
1 0.06031641397495056 0.44986072423398327 0.03032300593276203 0.15877437325905291
0 0.07547791694133157 0.6852367688022284 0.06262359920896507 0.6295264623955432
1 0.05471324983520105 0.3802228412256267 0.013843111404087014 0.06685236768802229
0 0.05570204350692155 0.5591922005571031 0.02109426499670402 0.44428969359331477
1 0.07102834541858932 0.3286908077994429 0.012195121951219513 0.0584958217270195
0 0.07382992748846408 0.4860724233983287 0.02900461437046803 0.3955431754874652
1 0.08750823994726434 0.3426183844011142 0.015491100856954515 0.07520891364902507
0 0.08965062623599208 0.532033426183844 0.03889255108767304 0.46518105849582175
1 0.0982201713909031 0.34401114206128136 0.008569545154911009 0.04735376044568245
0 0.09772577455504285 0.4415041782729805 0.013513513513513514 0.24512534818941503
1 0.10794330916282135 0.3161559888579387 0.014831905075807514 0.08356545961002786
0 0.10580092287409361 0.5264623955431755 0.034278180619644036 0.5125348189415042