1 0.03250385802469136 0.8696469907407407 0.009837962962962963 0.018229166666666668
0 0.038097993827160496 0.9068287037037037 0.024498456790123458 0.09722222222222222
1 0.12075617283950617 0.8831018518518519 0.010030864197530864 0.017361111111111112
0 0.12413194444444445 0.9363425925925926 0.03530092592592592 0.12731481481481483
1 0.13348765432098766 0.8054108796296297 0.009645061728395061 0.014756944444444444
0 0.13483796296296297 0.8469328703703703 0.035493827160493825 0.10532407407407407
1 0.09346064814814815 0.6484375 0.022569444444444444 0.061342592592592594
0 0.09346064814814815 0.6484375 0.022569444444444444 0.061342592592592594
1 0.044077932098765434 0.7758969907407407 0.00945216049382716 0.014756944444444444
0 0.04523533950617284 0.8263888888888888 0.036458333333333336 0.11747685185185185
1 0.07735339506172839 0.7703993055555556 0.009259259259259259 0.015914351851851853
0 0.08719135802469136 0.8155381944444444 0.031635802469135804 0.11140046296296297
1 0.04938271604938271 0.7735821759259259 0.008873456790123456 0.01707175925925926
0 0.05082947530864197 0.8192997685185185 0.023726851851851853 0.11487268518518519
1 0.044174382716049385 0.6918402777777778 0.006172839506172839 0.007523148148148148
0 0.041087962962962965 0.7236689814814815 0.020833333333333332 0.07407407407407407
1 0.08815586419753087 0.7103587962962963 0.006944444444444444 0.01273148148148148
0 0.08757716049382716 0.7456597222222222 0.018132716049382717 0.09027777777777778
1 0.01273148148148148 0.7236689814814815 0.02546296296296296 0.07465277777777778
0 0.01273148148148148 0.7236689814814815 0.02546296296296296 0.07465277777777778
1 0.09770447530864197 0.7064525462962963 0.006751543209876543 0.010127314814814815
0 0.09847608024691358 0.7364004629629629 0.012152777777777778 0.07060185185185185
1 0.20717592592592593 0.3697916666666667 0.05092592592592592 0.1076388888888889
0 0.1900077160493827 0.6548032407407407 0.14429012345679013 0.6903935185185185
1 0.30439814814814814 0.3744212962962963 0.05324074074074074 0.10590277777777778
0 0.30324074074074076 0.6587094907407407 0.12885802469135801 0.6825810185185185
1 0.40576774691358025 0.3894675925925926 0.05459104938271605 0.09722222222222222
0 0.4123263888888889 0.6695601851851852 0.1232638888888889 0.6608796296296297
1 0.5147569444444444 0.43041087962962965 0.049575617283950615 0.09809027777777778
0 0.5141782407407407 0.6869212962962963 0.11207561728395062 0.6261574074074074
1 0.6021412037037037 0.3975694444444444 0.05497685185185185 0.10243055555555555
0 0.6182484567901234 0.6699942129629629 0.2179783950617284 0.6600115740740741
1 0.7228973765432098 0.36342592592592593 0.05381944444444445 0.10532407407407407
0 0.7247299382716049 0.6524884259259259 0.2349537037037037 0.6950231481481481
1 0.8116319444444444 0.3862847222222222 0.05844907407407408 0.10127314814814815
0 0.822241512345679 0.6652199074074074 0.12210648148148148 0.6695601851851852
1 0.8670910493827161 0.2991898148148148 0.061342592592592594 0.11979166666666667
0 0.8912037037037037 0.6192129629629629 0.12422839506172839 0.7615740740740741
1 0.07590663580246913 0.6974826388888888 0.00636574074074074 0.010127314814814815
0 0.07474922839506173 0.73046875 0.024112654320987654 0.07783564814814815
1 0.032407407407407406 0.8692129629629629 0.010030864197530864 0.019675925925925927
0 0.031635802469135804 0.9097222222222222 0.03819444444444445 0.10706018518518519