1 0.9558333333333333 0.61 0.058333333333333334 0.2
0 0.9558333333333333 0.61 0.058333333333333334 0.2
1 0.9383333333333334 0.598125 0.05333333333333334 0.19375
0 0.9383333333333334 0.598125 0.05333333333333334 0.19375
1 0.9170833333333334 0.59625 0.06583333333333333 0.1975
0 0.9170833333333334 0.59625 0.06583333333333333 0.1975
1 0.8145833333333333 0.6865625 0.08416666666666667 0.210625
0 0.8145833333333333 0.6865625 0.08416666666666667 0.210625
1 0.6808333333333333 0.72125 0.075 0.11375
0 0.6808333333333333 0.72125 0.075 0.11375
1 0.17833333333333334 0.7325 0.18833333333333332 0.10375
0 0.17833333333333334 0.7325 0.18833333333333332 0.10375
1 0.15708333333333332 0.9165625 0.009166666666666667 0.006875
0 0.15291666666666667 0.93625 0.019166666666666665 0.0475
1 0.15541666666666668 0.9165625 0.0075 0.006875
0 0.14875 0.929375 0.020833333333333332 0.04
1 0.16375 0.9175 0.0075 0.0075
0 0.16833333333333333 0.93625 0.018333333333333333 0.0475
1 0.17333333333333334 0.9215625 0.005 0.004375
0 0.1725 0.9375 0.013333333333333334 0.03875
1 0.19083333333333333 0.91875 0.008333333333333333 0.00625
0 0.19083333333333333 0.935625 0.028333333333333332 0.04125
1 0.2275 0.9240625 0.006666666666666667 0.005625
0 0.22875 0.940625 0.015833333333333335 0.04125
1 0.2633333333333333 0.91375 0.008333333333333333 0.00625
0 0.26666666666666666 0.9303125 0.02666666666666667 0.040625
1 0.31625 0.915 0.009166666666666667 0.0075
0 0.31875 0.93375 0.024166666666666666 0.04875
1 0.43583333333333335 0.9153125 0.008333333333333333 0.006875
0 0.4429166666666667 0.93375 0.0225 0.04625
1 0.53 0.9171875 0.01 0.008125
0 0.5266666666666666 0.9353125 0.02666666666666667 0.046875
1 0.5725 0.9153125 0.01 0.006875
0 0.5766666666666667 0.9365625 0.023333333333333334 0.050625
1 0.59625 0.911875 0.0075 0.00625
0 0.59375 0.9334375 0.020833333333333332 0.050625
1 0.6629166666666667 0.9096875 0.010833333333333334 0.008125
0 0.66875 0.931875 0.0275 0.055
1 0.6916666666666667 0.91375 0.01 0.00875
0 0.6916666666666667 0.933125 0.023333333333333334 0.04875
1 0.69125 0.913125 0.009166666666666667 0.00875
0 0.6933333333333334 0.93125 0.02 0.05