1 0.99140625 0.4541387024608501 0.0109375 0.017897091722595078
0 0.9875 0.49217002237136465 0.025 0.10738255033557047
1 0.89140625 0.4306487695749441 0.0109375 0.020134228187919462
0 0.8828125 0.470917225950783 0.046875 0.1185682326621924
1 0.92734375 0.44407158836689037 0.0390625 0.05592841163310962
0 0.94375 0.6062639821029083 0.1125 0.38926174496644295
1 0.828125 0.441834451901566 0.009375 0.015659955257270694
0 0.8328125 0.4809843400447427 0.025 0.1029082774049217
1 0.828125 0.43847874720357943 0.009375 0.013422818791946308
0 0.8265625 0.4720357941834452 0.025 0.08501118568232663
1 0.80703125 0.436241610738255 0.0109375 0.017897091722595078
0 0.809375 0.4742729306487696 0.025 0.1029082774049217
1 0.80625 0.4395973154362416 0.009375 0.015659955257270694
0 0.80625 0.4720357941834452 0.025 0.08501118568232663
1 0.784375 0.43512304250559286 0.0125 0.015659955257270694
0 0.7828125 0.46196868008948544 0.021875 0.07829977628635347
1 0.74140625 0.43512304250559286 0.0078125 0.011185682326621925
0 0.74140625 0.4574944071588367 0.0203125 0.06935123042505593
1 0.7328125 0.4407158836689038 0.00625 0.008948545861297539
0 0.73125 0.45861297539149887 0.015625 0.058165548098434
1 0.75390625 0.4463087248322148 0.0265625 0.04697986577181208
0 0.753125 0.569351230425056 0.09375 0.30648769574944074
1 0.7125 0.42841163310961966 0.0125 0.020134228187919462
0 0.71484375 0.49105145413870244 0.0296875 0.14541387024608501
1 0.67421875 0.43288590604026844 0.0140625 0.020134228187919462
0 0.67421875 0.4854586129753915 0.0328125 0.1342281879194631
1 0.69453125 0.441834451901566 0.0234375 0.03803131991051454
0 0.68671875 0.5503355704697986 0.0765625 0.2639821029082774
1 0.64921875 0.44407158836689037 0.0078125 0.011185682326621925
0 0.65 0.465324384787472 0.021875 0.06711409395973154
1 0.63515625 0.4373601789709172 0.0078125 0.011185682326621925
0 0.63671875 0.46308724832214765 0.0203125 0.07158836689038031
1 0.62109375 0.4407158836689038 0.0203125 0.040268456375838924
0 0.63203125 0.5391498881431768 0.0640625 0.24161073825503357
1 0.571875 0.4395973154362416 0.01875 0.03355704697986577
0 0.57109375 0.5425055928411633 0.0390625 0.24384787472035793
1 0.59296875 0.4228187919463087 0.0296875 0.049217002237136466
0 0.596875 0.5615212527964206 0.084375 0.33557046979865773
1 0.53125 0.4429530201342282 0.021875 0.035794183445190156
0 0.53359375 0.5503355704697986 0.0671875 0.27293064876957496
1 0.5125 0.441834451901566 0.028125 0.04697986577181208
0 0.5046875 0.5682326621923938 0.096875 0.3042505592841163
1 0.203125 0.4250559284116331 0.00625 0.008948545861297539
0 0.19921875 0.44854586129753915 0.0140625 0.06040268456375839
1 0.14609375 0.4888143176733781 0.0265625 0.09172259507829977
0 0.14609375 0.4888143176733781 0.0265625 0.09172259507829977
1 0.15546875 0.4955257270693512 0.0453125 0.06040268456375839
0 0.15546875 0.4955257270693512 0.0453125 0.06040268456375839
1 0.028125 0.4541387024608501 0.009375 0.013422818791946308
0 0.028125 0.4742729306487696 0.015625 0.06263982102908278
1 0.021875 0.4541387024608501 0.00625 0.008948545861297539
0 0.021875 0.4753914988814318 0.015625 0.06040268456375839
1 0.0125 0.4228187919463087 0.00625 0.008948545861297539
0 0.01484375 0.4574944071588367 0.0234375 0.10067114093959731
1 0.46796875 0.4373601789709172 0.0203125 0.03355704697986577
0 0.4671875 0.5234899328859061 0.04375 0.21923937360178972
1 0.44765625 0.44742729306487694 0.0203125 0.035794183445190156
0 0.4421875 0.5447427293064877 0.059375 0.23937360178970918
1 0.40625 0.4407158836689038 0.021875 0.040268456375838924
0 0.4046875 0.5425055928411633 0.05 0.25727069351230425
1 0.37734375 0.4217002237136465 0.0140625 0.024608501118568233
0 0.3796875 0.49328859060402686 0.03125 0.1767337807606264
1 0.3546875 0.4407158836689038 0.025 0.040268456375838924
0 0.36875 0.5570469798657718 0.078125 0.28187919463087246
1 0.2875 0.42953020134228187 0.0125 0.02237136465324385
0 0.290625 0.49776286353467564 0.0375 0.16778523489932887
1 0.25234375 0.4015659955257271 0.0296875 0.04697986577181208
0 0.2546875 0.5369127516778524 0.084375 0.33109619686800895
1 0.31875 0.4261744966442953 0.03125 0.06040268456375839
0 0.31484375 0.5950782997762863 0.0953125 0.407158836689038
1 0.24765625 0.43288590604026844 0.0296875 0.05592841163310962
0 0.246875 0.5794183445190156 0.103125 0.3579418344519016
1 0.1015625 0.3970917225950783 0.0375 0.06040268456375839
0 0.08359375 0.5794183445190156 0.1296875 0.42953020134228187