1 0.775625 0.56 0.05125 0.08444444444444445
0 0.77625 0.7466666666666667 0.1625 0.5066666666666667
1 0.7075 0.7111111111111111 0.065 0.14222222222222222
0 0.6825 0.8066666666666666 0.19 0.38666666666666666
1 0.659375 0.61 0.04625 0.10888888888888888
0 0.6825 0.7711111111111111 0.1125 0.4577777777777778
1 0.665625 0.5066666666666667 0.02875 0.06222222222222222
0 0.659375 0.6477777777777778 0.07625 0.35333333333333333
1 0.6275 0.5333333333333333 0.0175 0.04
0 0.623125 0.6344444444444445 0.05375 0.2866666666666667
1 0.66625 0.5555555555555556 0.03 0.05333333333333334
0 0.666875 0.7388888888888889 0.11375 0.43777777777777777