1 0.6075 0.5722326454033771 0.05 0.09380863039399624
0 0.58 0.6697936210131332 0.325 0.5703564727954972
1 0.751875 0.3818011257035647 0.04125 0.07317073170731707
0 0.746875 0.5647279549718575 0.17125 0.44652908067542213
1 0.856875 0.24859287054409004 0.01875 0.028142589118198873
0 0.849375 0.3236397748592871 0.04875 0.18198874296435272
1 0.853125 0.22045028142589118 0.01375 0.020637898686679174
0 0.850625 0.28142589118198874 0.04375 0.150093808630394
1 0.74625 0.3236397748592871 0.0325 0.058161350844277676
0 0.715625 0.4924953095684803 0.12625 0.425891181988743
1 0.69375 0.3574108818011257 0.035 0.06941838649155722
0 0.65625 0.4530956848030019 0.125 0.5196998123827392
1 0.6025 0.3348968105065666 0.04 0.08067542213883677
0 0.59625 0.4971857410881801 0.1225 0.4090056285178236
1 0.5075 0.3348968105065666 0.04 0.07692307692307693
0 0.5175 0.5347091932457786 0.2 0.4803001876172608
1 0.421875 0.3330206378986867 0.03125 0.06941838649155722
0 0.39125 0.4849906191369606 0.1575 0.5159474671669794
1 0.26125 0.3714821763602251 0.0475 0.0825515947467167
0 0.289375 0.5816135084427767 0.11125 0.5140712945590994
1 0.218125 0.349906191369606 0.03875 0.08067542213883677
0 0.21 0.49624765478424016 0.13 0.5722326454033771
1 0.22 0.34615384615384615 0.0425 0.08067542213883677
0 0.181875 0.45590994371482174 0.11375 0.5703564727954972
1 0.286875 0.274859287054409 0.03125 0.06191369606003752
0 0.328125 0.40337711069418386 0.16375 0.551594746716698
1 0.290625 0.33583489681050654 0.03375 0.06378986866791744
0 0.29375 0.525328330206379 0.11 0.4540337711069418
1 0.715 0.2326454033771107 0.01 0.0150093808630394
0 0.716875 0.28330206378986866 0.03375 0.12382739212007504
1 0.59625 0.21106941838649157 0.01 0.016885553470919325
0 0.6 0.25422138836772984 0.03 0.12570356472795496
1 0.594375 0.2570356472795497 0.01125 0.01876172607879925
0 0.601875 0.2861163227016886 0.03375 0.09568480300187618
1 0.425625 0.20168855534709193 0.01125 0.020637898686679174
0 0.425625 0.2589118198874296 0.03625 0.1425891181988743
1 0.388125 0.20356472795497185 0.01375 0.024390243902439025
0 0.375625 0.25609756097560976 0.04625 0.14071294559099437
1 0.34875 0.19887429643527205 0.0125 0.01876172607879925
0 0.3525 0.2551594746716698 0.035 0.14634146341463414
1 0.2875 0.18761726078799248 0.0125 0.0225140712945591
0 0.29375 0.23639774859287055 0.0325 0.1275797373358349
1 0.203125 0.1848030018761726 0.01375 0.024390243902439025
0 0.200625 0.24577861163227016 0.03625 0.150093808630394
1 0.040625 0.18761726078799248 0.01375 0.02626641651031895
0 0.036875 0.2523452157598499 0.02625 0.16322701688555347
1 0.0625 0.18198874296435272 0.0125 0.0225140712945591
0 0.063125 0.24390243902439024 0.03625 0.15384615384615385
1 0.083125 0.19793621013133209 0.01125 0.016885553470919325
0 0.085625 0.2448405253283302 0.03875 0.12570356472795496
1 0.123125 0.19324577861163228 0.01125 0.01876172607879925
0 0.123125 0.24765478424015008 0.03375 0.13133208255159476
1 0.16 0.22420262664165103 0.0125 0.020637898686679174
0 0.15875 0.2589118198874296 0.03 0.1050656660412758
1 0.005 0.175422138836773 0.01 0.020637898686679174
0 0.0125 0.22889305816135083 0.025 0.13883677298311445
1 0.226875 0.21951219512195122 0.00875 0.0150093808630394
0 0.22875 0.2598499061913696 0.035 0.10318949343339587
1 0.9375 0.12570356472795496 0.025 0.09380863039399624
0 0.9375 0.12570356472795496 0.025 0.09380863039399624
1 0.874375 0.16041275797373358 0.00875 0.013133208255159476
0 0.86625 0.17166979362101314 0.0325 0.04690431519699812
1 0.86375 0.18105065666041276 0.0075 0.013133208255159476
0 0.861875 0.19887429643527205 0.02125 0.05628517823639775
1 0.800625 0.1726078799249531 0.00625 0.01125703564727955
0 0.79875 0.1951219512195122 0.02 0.06378986866791744
1 0.825 0.17166979362101314 0.0075 0.013133208255159476
0 0.821875 0.19606003752345216 0.02375 0.06566604127579738
1 0.83375 0.19699812382739212 0.025 0.06378986866791744
0 0.83375 0.19699812382739212 0.025 0.06378986866791744
1 0.8375 0.19606003752345216 0.0275 0.06566604127579738
0 0.8375 0.19606003752345216 0.0275 0.06566604127579738
1 0.174375 0.2073170731707317 0.01125 0.020637898686679174
0 0.180625 0.24108818011257035 0.03125 0.10318949343339587
1 0.075625 0.18574108818011256 0.01125 0.0225140712945591
0 0.07625 0.24577861163227016 0.035 0.150093808630394