1 0.020166666666666666 0.678 0.011666666666666667 0.017
0 0.0255 0.729 0.051 0.168
1 0.034333333333333334 0.672 0.014 0.02
0 0.030333333333333334 0.736 0.05 0.148
1 0.069 0.66575 0.015333333333333332 0.0215
0 0.0615 0.73275 0.043 0.1585
1 0.10683333333333334 0.65825 0.014333333333333333 0.0265
0 0.10366666666666667 0.7255 0.046 0.163
1 0.13266666666666665 0.6655 0.013333333333333334 0.022
0 0.12333333333333334 0.74375 0.04666666666666667 0.1845
1 0.14716666666666667 0.67575 0.012333333333333333 0.0225
0 0.1475 0.739 0.035 0.154
1 0.18183333333333335 0.67525 0.014333333333333333 0.0235
0 0.17183333333333334 0.749 0.043666666666666666 0.171
1 0.19216666666666668 0.685 0.007666666666666666 0.013
0 0.192 0.73375 0.025333333333333333 0.1135
1 0.2275 0.673 0.011 0.017
0 0.22483333333333333 0.736 0.04033333333333333 0.142
1 0.2475 0.70625 0.006333333333333333 0.0115
0 0.24833333333333332 0.73925 0.018666666666666668 0.0835
1 0.2765 0.70325 0.006333333333333333 0.0085
0 0.27566666666666667 0.7365 0.020666666666666667 0.079
1 0.3016666666666667 0.63875 0.015333333333333332 0.0255
0 0.30266666666666664 0.72775 0.056 0.2085
1 0.31383333333333335 0.7345 0.015 0.072
0 0.31383333333333335 0.7345 0.015 0.072
1 0.33366666666666667 0.68 0.010666666666666666 0.019
0 0.3345 0.7365 0.027666666666666666 0.134
1 0.3605 0.691 0.011 0.017
0 0.3586666666666667 0.74125 0.028 0.1185
1 0.37766666666666665 0.715 0.005333333333333333 0.009
0 0.37733333333333335 0.7365 0.012666666666666666 0.053
1 0.463 0.3325 0.078 0.119
0 0.4861666666666667 0.62975 0.2803333333333333 0.7405
1 0.777 0.37425 0.1 0.1045
0 0.7755 0.66025 0.30633333333333335 0.6795
1 0.9555 0.62 0.017666666666666667 0.033
0 0.9553333333333334 0.73275 0.064 0.2645
1 0.3258333333333333 0.7365 0.013 0.064
0 0.3258333333333333 0.7365 0.013 0.064