1 0.1067172264355363 0.4797891036906854 0.04225352112676056 0.08787346221441125
0 0.10455037919826653 0.7170474516695958 0.10075839653304441 0.562390158172232
1 0.19501625135427952 0.4130052724077329 0.041170097508125676 0.0843585237258348
0 0.19772481040086673 0.6652021089630932 0.12459371614301191 0.6133567662565905
1 0.3087757313109426 0.45518453427065025 0.0390032502708559 0.08787346221441125
0 0.30606717226435537 0.6933216168717048 0.12026002166847237 0.5711775043936731
1 0.4171180931744312 0.44112478031634444 0.04333694474539545 0.0913884007029877
0 0.4133261105092091 0.6783831282952548 0.11592632719393282 0.5834797891036907
1 0.12351029252437704 0.3989455184534271 0.04550379198266522 0.0843585237258348
0 0.10292524377031419 0.6546572934973638 0.10834236186348863 0.6098418277680141
1 0.13271939328277357 0.3339191564147627 0.04008667388949079 0.08084358523725835
0 0.12513542795232935 0.5228471001757469 0.08992416034669556 0.4727592267135325
1 0.17009750812567714 0.28471001757469244 0.03683640303358613 0.0773286467486819
0 0.17497291440953414 0.45254833040421794 0.07692307692307693 0.4270650263620387
1 0.16630552546045504 0.19068541300527242 0.0314192849404117 0.05799648506151142
0 0.1533044420368364 0.3163444639718805 0.08125677139761647 0.3233743409490334
1 0.19880823401950162 0.23110720562390158 0.0314192849404117 0.061511423550087874
0 0.20043336944745396 0.31282952548330406 0.047670639219934995 0.24253075571177504
1 0.22806067172264355 0.18541300527240773 0.0314192849404117 0.06502636203866433
0 0.23564463705308775 0.30755711775043937 0.06825568797399784 0.3339191564147627
1 0.24702058504875407 0.2750439367311072 0.030335861321776816 0.061511423550087874
0 0.2372697724810401 0.40597539543058 0.0628385698808234 0.3339191564147627
1 0.2735644637053088 0.3110720562390158 0.0314192849404117 0.06678383128295255
0 0.2822318526543879 0.44024604569420034 0.07692307692307693 0.335676625659051
1 0.2551462621885157 0.3936731107205624 0.04008667388949079 0.0773286467486819
0 0.25568797399783316 0.6159929701230229 0.09100758396533044 0.539543057996485
1 0.36132177681473454 0.35676625659050965 0.04008667388949079 0.0773286467486819
0 0.35861321776814736 0.5975395430579965 0.09317443120260022 0.5694200351493849
1 0.4582881906825569 0.3330404217926186 0.03683640303358613 0.07557117750439367
0 0.4507042253521127 0.5579964850615114 0.10400866738894908 0.5289982425307557
1 0.5211267605633803 0.4253075571177504 0.041170097508125676 0.0913884007029877
0 0.5254604550379198 0.672231985940246 0.12351029252437704 0.5957820738137083
1 0.6159263271939328 0.4182776801405975 0.04225352112676056 0.08084358523725835
0 0.6218851570964247 0.6704745166959578 0.09750812567713976 0.6028119507908611
1 0.680931744312026 0.4428822495606327 0.03791982665222102 0.0773286467486819
0 0.6901408450704225 0.679261862917399 0.08450704225352113 0.5641476274165202
1 0.7654387865655471 0.45430579964850615 0.044420368364030335 0.08260105448154657
0 0.7643553629469122 0.6924428822495606 0.12026002166847237 0.5764499121265377
1 0.8342361863488624 0.4727592267135325 0.04983748645720477 0.0913884007029877
0 0.856988082340195 0.710896309314587 0.10617551462621885 0.5782073813708261
1 0.547670639219935 0.3304042179261863 0.035752979414951244 0.07381370826010544
0 0.5449620801733478 0.5492091388400703 0.09534127843986999 0.539543057996485
1 0.6446370530877573 0.3532513181019332 0.0390032502708559 0.08084358523725835
0 0.6316359696641387 0.562390158172232 0.09534127843986999 0.5202108963093146
1 0.7177681473456121 0.34885764499121263 0.035752979414951244 0.07908611599297012
0 0.7118093174431203 0.5834797891036907 0.09317443120260022 0.5659050966608085
1 0.7968580715059588 0.4033391915641476 0.0314192849404117 0.06854130052724078
0 0.7952329360780065 0.6028119507908611 0.06500541711809317 0.47451669595782076
1 0.8759479956663055 0.4103690685413005 0.04008667388949079 0.07205623901581722
0 0.886240520043337 0.6265377855887522 0.09100758396533044 0.5114235500878734
1 0.9079089924160346 0.35588752196836554 0.0390032502708559 0.08260105448154657
0 0.9035752979414952 0.5606326889279437 0.1256771397616468 0.5061511423550088
1 0.3152762730227519 0.2609841827768014 0.030335861321776816 0.06502636203866433
0 0.319068255687974 0.40421792618629176 0.07692307692307693 0.36906854130052724
1 0.290899241603467 0.1968365553602812 0.027085590465872156 0.0492091388400703
0 0.2838569880823402 0.31195079086115995 0.0628385698808234 0.3145869947275923
1 0.3781148429035753 0.29701230228471004 0.03683640303358613 0.07381370826010544
0 0.37594799566630555 0.45869947275922673 0.10617551462621885 0.4182776801405975
1 0.36998916576381363 0.23022847100175747 0.027085590465872156 0.05272407732864675
0 0.3629469122426869 0.3453427065026362 0.05850487540628386 0.30052724077328646
1 0.4068255687973998 0.2697715289982425 0.03358613217768147 0.061511423550087874
0 0.409534127843987 0.39015817223198596 0.047670639219934995 0.31985940246045697
1 0.43932827735644636 0.19595782073813708 0.02925243770314193 0.061511423550087874
0 0.4507042253521127 0.3453427065026362 0.08234019501625135 0.38137082601054484
1 0.45774647887323944 0.22056239015817222 0.03358613217768147 0.061511423550087874
0 0.4599133261105092 0.39191564147627417 0.0790899241603467 0.4112478031634446
1 0.5200433369447454 0.24340949033391915 0.028169014084507043 0.061511423550087874
0 0.5130010834236186 0.38576449912126537 0.06175514626218852 0.35676625659050965
1 0.5390032502708559 0.1766256590509666 0.02925243770314193 0.05799648506151142
0 0.5346695557963164 0.31370826010544817 0.08775731310942579 0.3532513181019332
1 0.580715059588299 0.19947275922671354 0.028169014084507043 0.054481546572934976
0 0.581798483206934 0.30140597539543057 0.04550379198266522 0.27943760984182775
1 0.6159263271939328 0.23462214411247803 0.03358613217768147 0.061511423550087874
0 0.6164680390032503 0.39718804920913886 0.10617551462621885 0.39718804920913886
1 0.6408450704225352 0.20298769771529 0.02925243770314193 0.05799648506151142
0 0.6419284940411701 0.29876977152899825 0.04875406283856988 0.2601054481546573
1 0.7091007583965331 0.281195079086116 0.02925243770314193 0.056239015817223195
0 0.7015167930660888 0.4235500878734622 0.08559046587215602 0.37961335676625657
1 0.6895991332611051 0.2100175746924429 0.02925243770314193 0.054481546572934976
0 0.6885157096424702 0.3251318101933216 0.06608884073672806 0.29876977152899825
1 0.7410617551462622 0.20913884007029876 0.032502708559046585 0.05272407732864675
0 0.7367280606717227 0.3444639718804921 0.05200433369447454 0.3304042179261863
1 0.7724810400866738 0.2521968365553603 0.03466955579631636 0.06854130052724078
0 0.7735644637053087 0.4367311072056239 0.10184182015167931 0.4446397188049209
1 0.8049837486457205 0.19420035149384884 0.03466955579631636 0.061511423550087874
0 0.8120260021668473 0.34885764499121263 0.07042253521126761 0.38137082601054484
1 0.8401950162513543 0.27065026362038663 0.03358613217768147 0.05975395430579965
0 0.852112676056338 0.44551845342706503 0.07475622968580715 0.4200351493848858