1 0.3160804020100503 0.4584450402144772 0.01306532663316583 0.01876675603217158
0 0.314572864321608 0.5073726541554959 0.04020100502512563 0.12198391420911528
1 0.37035175879396987 0.4584450402144772 0.011055276381909548 0.0160857908847185
0 0.37236180904522614 0.5 0.033165829145728645 0.10723860589812333
1 0.11256281407035176 0.45375335120643434 0.016080402010050253 0.02546916890080429
0 0.10753768844221105 0.5227882037533512 0.03819095477386935 0.17158176943699732
1 0.14271356783919598 0.4289544235924933 0.022110552763819097 0.032171581769437
0 0.13969849246231156 0.5308310991957105 0.0743718592964824 0.2386058981233244
1 0.18944723618090453 0.45576407506702415 0.01306532663316583 0.01876675603217158
0 0.19045226130653267 0.5214477211796247 0.04723618090452261 0.15281501340482573
1 0.23467336683417087 0.4584450402144772 0.017085427135678392 0.024128686327077747
0 0.24170854271356784 0.5241286863270778 0.04321608040201005 0.16085790884718498
1 0.2628140703517588 0.46179624664879354 0.01306532663316583 0.01742627345844504
0 0.26532663316582916 0.5127345844504021 0.03819095477386935 0.12198391420911528
1 0.36180904522613067 0.4691689008042895 0.008040201005025126 0.010723860589812333
0 0.36180904522613067 0.49865951742627346 0.01407035175879397 0.07506702412868632
1 0.350251256281407 0.4671581769436997 0.007035175879396985 0.00938337801608579
0 0.3512562814070352 0.49865951742627346 0.017085427135678392 0.07238605898123325
1 0.3407035175879397 0.4718498659517426 0.006030150753768844 0.00804289544235925
0 0.3391959798994975 0.49865951742627346 0.01507537688442211 0.06702412868632708
1 0.928643216080402 0.43967828418230565 0.006030150753768844 0.00804289544235925
0 0.9291457286432161 0.46179624664879354 0.01306532663316583 0.054959785522788206
1 0.9462311557788945 0.4450402144772118 0.007035175879396985 0.00804289544235925
0 0.9442211055276382 0.4698391420911528 0.02512562814070352 0.06300268096514745
1 0.9517587939698492 0.4410187667560322 0.006030150753768844 0.00804289544235925
0 0.9527638190954774 0.4651474530831099 0.016080402010050253 0.06166219839142091
1 0.49447236180904525 0.35924932975871315 0.054271356783919596 0.06702412868632708
0 0.4984924623115578 0.6206434316353887 0.24723618090452262 0.6353887399463807