1 0.7920997920997921 0.2119309262166405 0.13513513513513514 0.22919937205651492
0 0.8092515592515592 0.5463108320251178 0.3814968814968815 0.9073783359497645
1 0.3471933471933472 0.2653061224489796 0.04365904365904366 0.09419152276295134
0 0.341995841995842 0.4976452119309262 0.14137214137214138 0.565149136577708
1 0.329002079002079 0.336734693877551 0.06548856548856549 0.13657770800627944
0 0.3201663201663202 0.5847723704866562 0.1496881496881497 0.6295133437990581
1 0.4994802494802495 0.3069073783359498 0.10291060291060292 0.17739403453689168
0 0.4682952182952183 0.6083202511773941 0.2817047817047817 0.783359497645212
1 0.1314968814968815 0.22998430141287285 0.04261954261954262 0.08006279434850863
0 0.12785862785862787 0.4026687598116169 0.11434511434511435 0.4474097331240188
1 0.2515592515592516 0.1726844583987441 0.13513513513513514 0.23547880690737832
0 0.18295218295218296 0.5290423861852434 0.35135135135135137 0.9419152276295133
1 0.05041580041580042 0.14207221350078492 0.10083160083160084 0.19309262166405022
0 0.14189189189189189 0.521978021978022 0.28378378378378377 0.9560439560439561