1 0.792 0.415 0.054 0.11333333333333333
0 0.7755 0.6591666666666667 0.171 0.645
1 0.753 0.28 0.05 0.10333333333333333
0 0.72 0.5383333333333333 0.186 0.6533333333333333
1 0.702 0.18333333333333332 0.046 0.09333333333333334
0 0.709 0.435 0.158 0.61
1 0.6055 0.13833333333333334 0.041 0.09666666666666666
0 0.5975 0.38666666666666666 0.115 0.6033333333333334
1 0.5205 0.1225 0.045 0.10166666666666667
0 0.586 0.38083333333333336 0.224 0.625
1 0.462 0.15583333333333332 0.04 0.08166666666666667
0 0.468 0.3875 0.104 0.595
1 0.4165 0.14416666666666667 0.039 0.07833333333333334
0 0.428 0.3933333333333333 0.104 0.5866666666666667
1 0.3345 0.12333333333333334 0.041 0.09
0 0.378 0.3441666666666667 0.188 0.6616666666666666
1 0.267 0.1775 0.046 0.09833333333333333
0 0.266 0.3775 0.156 0.6016666666666667
1 0.1745 0.2733333333333333 0.041 0.08333333333333333
0 0.1795 0.5108333333333334 0.185 0.5883333333333334