1 0.0125 0.6791666666666667 0.01 0.015
0 0.015 0.715 0.03 0.09
1 0.056875 0.7175 0.02125 0.028333333333333332
0 0.0475 0.8116666666666666 0.08 0.24
1 0.093125 0.69 0.01125 0.013333333333333334
0 0.09 0.7425 0.0425 0.125
1 0.0975 0.6825 0.01 0.015
0 0.098125 0.7191666666666666 0.03125 0.09166666666666666
1 0.1725 0.6966666666666667 0.02 0.03
0 0.164375 0.7775 0.05875 0.20166666666666666
1 0.218125 0.7033333333333334 0.01625 0.023333333333333334
0 0.22375 0.7741666666666667 0.0425 0.19166666666666668
1 0.336875 0.6866666666666666 0.01125 0.02
0 0.3325 0.735 0.0425 0.12333333333333334
1 0.419375 0.6875 0.01625 0.025
0 0.42625 0.7533333333333333 0.055 0.16
1 0.608125 0.6916666666666667 0.01875 0.02666666666666667
0 0.60625 0.78 0.0525 0.21
1 0.60875 0.72 0.03 0.04
0 0.615625 0.8408333333333333 0.06625 0.2916666666666667
1 0.671875 0.6933333333333334 0.03125 0.04
0 0.686875 0.8233333333333334 0.10375 0.30333333333333334
1 0.69875 0.6666666666666666 0.025 0.03333333333333333
0 0.7 0.76 0.0475 0.22666666666666666
1 0.85625 0.6741666666666667 0.0175 0.03166666666666667
0 0.861875 0.755 0.08125 0.20333333333333334
1 0.856875 0.6575 0.01625 0.025
0 0.8675 0.7358333333333333 0.09 0.18833333333333332