1 0.16436170212765958 0.2353448275862069 0.0627659574468085 0.1396551724137931
0 0.14893617021276595 0.5818965517241379 0.21063829787234042 0.8362068965517241
1 0.24148936170212765 0.23879310344827587 0.04893617021276596 0.08448275862068966
0 0.22819148936170214 0.5181034482758621 0.11808510638297873 0.6775862068965517
1 0.3079787234042553 0.24741379310344827 0.05 0.10517241379310345
0 0.3101063829787234 0.5379310344827586 0.12659574468085105 0.6931034482758621
1 0.3595744680851064 0.1646551724137931 0.0425531914893617 0.10172413793103448
0 0.3638297872340426 0.4163793103448276 0.1148936170212766 0.6051724137931035
1 0.4324468085106383 0.2 0.045744680851063826 0.1
0 0.4329787234042553 0.5051724137931034 0.13404255319148936 0.7379310344827587
1 0.5138297872340426 0.22327586206896552 0.05106382978723404 0.11551724137931034
0 0.5255319148936171 0.531896551724138 0.13404255319148936 0.7327586206896551
1 0.6452127659574468 0.20517241379310344 0.045744680851063826 0.1103448275862069
0 0.6484042553191489 0.5198275862068965 0.1372340425531915 0.7396551724137931
1 0.7372340425531915 0.19741379310344828 0.05106382978723404 0.11206896551724138
0 0.7696808510638298 0.496551724137931 0.16702127659574467 0.7172413793103448
1 0.8436170212765958 0.2853448275862069 0.05319148936170213 0.08793103448275862
0 0.8531914893617021 0.5741379310344827 0.15106382978723404 0.7137931034482758
1 0.7297872340425532 0.3120689655172414 0.06170212765957447 0.14482758620689656
0 0.7558510638297873 0.6189655172413793 0.18829787234042553 0.7620689655172413
1 0.5914893617021276 0.3724137931034483 0.06170212765957447 0.1310344827586207
0 0.5632978723404255 0.6517241379310345 0.18617021276595744 0.696551724137931
1 0.4207446808510638 0.3353448275862069 0.05638297872340425 0.12931034482758622
0 0.40106382978723404 0.6310344827586207 0.1574468085106383 0.7379310344827587