1 0.7322628827483196 0.25109649122807015 0.07991038088125467 0.14912280701754385
0 0.7206870799103808 0.5866228070175439 0.1896938013442868 0.8267543859649122
1 0.8827483196415236 0.23026315789473684 0.07169529499626587 0.10307017543859649
0 0.8913368185212845 0.5855263157894737 0.2173263629574309 0.8289473684210527
1 0.5739357729648992 0.44024122807017546 0.07244212098581031 0.12390350877192982
0 0.5675877520537714 0.6858552631578947 0.14339058999253174 0.6282894736842105
1 0.4996265870052278 0.3651315789473684 0.05227781926811053 0.08114035087719298
0 0.4544436146377894 0.5997807017543859 0.1590739357729649 0.7631578947368421
1 0.6609410007468259 0.3092105263157895 0.07318894697535475 0.09868421052631579
0 0.5911127707244213 0.5816885964912281 0.2128454070201643 0.8212719298245614
1 0.7819268110530246 0.26096491228070173 0.070201643017177 0.10307017543859649
0 0.7162061239731142 0.6030701754385965 0.2210604929051531 0.793859649122807
1 0.3905899925317401 0.12335526315789473 0.08065720687079911 0.13925438596491227
0 0.4073935772964899 0.5191885964912281 0.37565347274085137 0.9616228070175439
1 0.4294249439880508 0.31140350877192985 0.04929051530993279 0.08333333333333333
0 0.4193427931292009 0.5734649122807017 0.1530993278566094 0.625
1 0.28005974607916356 0.4512061403508772 0.037341299477221805 0.0668859649122807
0 0.27184466019417475 0.6430921052631579 0.10604929051530994 0.4616228070175439
1 0.1960418222554145 0.38651315789473684 0.05003734129947722 0.0800438596491228
0 0.19380134428678117 0.5926535087719298 0.11426437640029873 0.49890350877192985
1 0.13480209111277072 0.3081140350877193 0.05153099327856609 0.07456140350877193
0 0.12247946228528753 0.5339912280701754 0.1299477221807319 0.5372807017543859
1 0.022031366691560868 0.30372807017543857 0.044062733383121735 0.08552631578947369
0 0.05713218820014936 0.49890350877192985 0.11426437640029873 0.4956140350877193
1 0.07991038088125467 0.34868421052631576 0.040328603435399554 0.06359649122807018
0 0.05937266616878267 0.48739035087719296 0.08737864077669903 0.40460526315789475
1 0.1590739357729649 0.22532894736842105 0.041822255414488425 0.07346491228070176
0 0.14936519790888722 0.41831140350877194 0.09111277072442121 0.4682017543859649
1 0.48693054518297235 0.3229166666666667 0.04929051530993279 0.06907894736842106
0 0.45108289768483945 0.6025219298245614 0.17625093353248694 0.6326754385964912
1 0.20761762509335324 0.1825657894736842 0.041822255414488425 0.06907894736842106
0 0.2027632561613144 0.3294956140350877 0.10082150858849888 0.3717105263157895
1 0.23226288274831963 0.2050438596491228 0.04779686333084392 0.07456140350877193
0 0.22890216579536968 0.3684210526315789 0.10082150858849888 0.4100877192982456
1 0.2251680358476475 0.33278508771929827 0.04854368932038835 0.0800438596491228
0 0.22218073188946974 0.5509868421052632 0.1157580283793876 0.5274122807017544
1 0.1960418222554145 0.2944078947368421 0.05302464525765497 0.08662280701754387
0 0.18745332337565349 0.506578947368421 0.09858103061986558 0.5175438596491229