1 0.8170833333333334 0.6658322903629537 0.03916666666666667 0.07008760951188986
0 0.8158333333333333 0.785982478097622 0.12666666666666668 0.31539424280350437
1 0.7129166666666666 0.685857321652065 0.034166666666666665 0.07008760951188986
0 0.7095833333333333 0.7916145181476846 0.09916666666666667 0.28410513141426785
1 0.6366666666666667 0.6777221526908636 0.03 0.056320400500625784
0 0.6370833333333333 0.769712140175219 0.1275 0.2553191489361702
1 0.5795833333333333 0.6871088861076345 0.0325 0.060075093867334166
0 0.57875 0.7822277847309136 0.08583333333333333 0.27284105131414266
1 0.5158333333333334 0.6808510638297872 0.03166666666666667 0.060075093867334166
0 0.50875 0.7897371714643304 0.08083333333333333 0.2878598247809762
1 0.45416666666666666 0.6620775969962454 0.035 0.07259073842302878
0 0.43333333333333335 0.7747183979974969 0.10166666666666667 0.30287859824780977
1 0.3720833333333333 0.6576971214017522 0.0325 0.06132665832290363
0 0.37125 0.7665832290362954 0.09083333333333334 0.28660826032540676
1 0.32083333333333336 0.6658322903629537 0.035 0.0625782227784731
0 0.31583333333333335 0.7797246558197747 0.07166666666666667 0.295369211514393
1 0.26666666666666666 0.6652065081351689 0.03166666666666667 0.06132665832290363
0 0.25333333333333335 0.7966207759699625 0.1 0.33667083854818525
1 0.18 0.6933667083854819 0.035 0.06758448060075094
0 0.17375 0.8028785982478097 0.1025 0.29161451814768463
1 0.07875 0.6608260325406758 0.035833333333333335 0.06508135168961202
0 0.08791666666666667 0.7878598247809763 0.10083333333333333 0.32916145181476847
1 0.13958333333333334 0.5006257822277848 0.030833333333333334 0.060075093867334166
0 0.13916666666666666 0.6564455569461827 0.09166666666666666 0.37922403003754696
1 0.22458333333333333 0.483729662077597 0.030833333333333334 0.056320400500625784
0 0.2225 0.6414267834793492 0.09166666666666666 0.38923654568210264
1 0.33125 0.5175219023779725 0.029166666666666667 0.058823529411764705
0 0.325 0.6564455569461827 0.075 0.33667083854818525
1 0.2945833333333333 0.5056320400500626 0.0275 0.052565707133917394
0 0.28541666666666665 0.646433041301627 0.06583333333333333 0.34167709637046306
1 0.39 0.5100125156445557 0.02666666666666667 0.04630788485607009
0 0.39166666666666666 0.6470588235294118 0.075 0.32540675844806005
1 0.4841666666666667 0.49874843554443055 0.02666666666666667 0.04881101376720901
0 0.47375 0.6245306633291614 0.0775 0.31289111389236546
1 0.5679166666666666 0.5381727158948686 0.0275 0.05506883604505632
0 0.5579166666666666 0.6933667083854819 0.1025 0.37546933667083854
1 0.645 0.509386733416771 0.03333333333333333 0.0625782227784731
0 0.63125 0.6752190237797246 0.09416666666666666 0.40175219023779724
1 0.7 0.5331664580725908 0.03166666666666667 0.057571964956195244
0 0.70875 0.6852315394242804 0.0875 0.37922403003754696
1 0.7416666666666667 0.48498122653316644 0.03166666666666667 0.056320400500625784
0 0.74 0.6508135168961201 0.09 0.3954943679599499
1 0.89625 0.5118898623279099 0.03916666666666667 0.07008760951188986
0 0.9025 0.7108886107634543 0.12666666666666668 0.4806007509386733
1 0.81375 0.5062578222778473 0.034166666666666665 0.06132665832290363
0 0.8333333333333334 0.6658322903629537 0.11833333333333333 0.4130162703379224
1 0.7779166666666667 0.5012515644555695 0.0275 0.05131414267834793
0 0.7733333333333333 0.6376720901126408 0.07833333333333334 0.3341677096370463
1 0.5370833333333334 0.516270337922403 0.029166666666666667 0.056320400500625784
0 0.5370833333333334 0.6382978723404256 0.060833333333333336 0.31038798498122655
1 0.5195833333333333 0.5131414267834794 0.0275 0.05506883604505632
0 0.5191666666666667 0.6226533166458073 0.07666666666666666 0.28660826032540676
1 0.425 0.4881101376720901 0.028333333333333332 0.052565707133917394
0 0.4195833333333333 0.6176470588235294 0.059166666666666666 0.3191489361702128
1 0.26208333333333333 0.4799749687108886 0.025833333333333333 0.05131414267834793
0 0.2575 0.5994993742177722 0.058333333333333334 0.3053817271589487
1 0.18958333333333333 0.4793491864831039 0.029166666666666667 0.052565707133917394
0 0.18875 0.6007509386733417 0.06583333333333333 0.31289111389236546
1 0.62 0.518773466833542 0.02666666666666667 0.05381727158948686
0 0.61625 0.630162703379224 0.0675 0.2816020025031289
1 0.6875 0.5081351689612015 0.03 0.04755944931163955
0 0.69 0.6220275344180225 0.065 0.2828535669586984
1 0.5983333333333334 0.4981226533166458 0.028333333333333332 0.05006257822277847
0 0.6008333333333333 0.6113892365456821 0.065 0.2816020025031289
1 0.3595833333333333 0.4956195244055069 0.025833333333333333 0.05006257822277847
0 0.36 0.6145181476846058 0.06333333333333334 0.2928660826032541