1 0.018475750577367205 0.6151079136690647 0.03695150115473441 0.027338129496402876
0 0.04503464203233257 0.6971223021582734 0.09006928406466513 0.20287769784172663
1 0.17090069284064666 0.49532374100719423 0.07390300230946882 0.05539568345323741
0 0.14145496535796767 0.6557553956834532 0.21362586605080833 0.3906474820143885
1 0.19168591224018475 0.4712230215827338 0.06928406466512702 0.05467625899280575
0 0.197459584295612 0.6388489208633094 0.18244803695150116 0.4
1 0.28117782909930716 0.4985611510791367 0.061200923787528866 0.05467625899280575
0 0.2823325635103926 0.6597122302158274 0.1928406466512702 0.38273381294964026
1 0.4607390300230947 0.4841726618705036 0.07390300230946882 0.05467625899280575
0 0.43937644341801385 0.6485611510791367 0.22748267898383373 0.3964028776978417
1 0.49942263279445726 0.4949640287769784 0.04734411085450346 0.05467625899280575
0 0.48903002309468824 0.6352517985611511 0.18822170900692842 0.34388489208633094
1 0.605080831408776 0.4830935251798561 0.07159353348729793 0.0539568345323741
0 0.6316397228637414 0.6172661870503597 0.23325635103926096 0.33093525179856115
1 0.7113163972286374 0.5190647482014389 0.053117782909930716 0.04388489208633094
0 0.703810623556582 0.64568345323741 0.1674364896073903 0.3043165467625899
1 0.7875288683602771 0.4546762589928058 0.07390300230946882 0.06618705035971223
0 0.7904157043879908 0.6356115107913669 0.3406466512702079 0.4366906474820144
1 0.8331408775981525 0.4399280575539568 0.09122401847575058 0.06978417266187051
0 0.8377598152424942 0.6384892086330936 0.312933025404157 0.47553956834532374
1 0.9722863741339491 0.5273381294964029 0.05542725173210162 0.034532374100719423
0 0.9509237875288684 0.6453237410071943 0.09815242494226328 0.30071942446043165