1 0.8236607142857143 0.62880291005291 0.05109126984126984 0.08961640211640212
0 0.8448660714285714 0.7900132275132276 0.11879960317460317 0.419973544973545
1 0.9350198412698413 0.7195767195767195 0.028273809523809524 0.04497354497354497
0 0.9419642857142857 0.8080357142857143 0.09672619047619048 0.22982804232804233
1 0.9904513888888888 0.7356150793650794 0.019097222222222224 0.04332010582010582
0 0.9796626984126984 0.7886904761904762 0.040674603174603176 0.15542328042328044
1 0.9172867063492064 0.7240410052910053 0.024553571428571428 0.03869047619047619
0 0.9210069444444444 0.7881944444444444 0.06076388888888889 0.1703042328042328
1 0.7336309523809523 0.7308201058201058 0.027281746031746032 0.03968253968253968
0 0.753844246031746 0.8005952380952381 0.07564484126984126 0.18452380952380953
1 0.6882440476190477 0.7142857142857143 0.018353174603174604 0.032407407407407406
0 0.7020089285714286 0.7743055555555556 0.05580357142857143 0.15707671957671956
1 0.6505456349206349 0.6656746031746031 0.049107142857142856 0.07804232804232804
0 0.6558779761904762 0.8120039682539683 0.1148313492063492 0.3759920634920635
1 0.6200396825396826 0.6294642857142857 0.03422619047619048 0.05257936507936508
0 0.6349206349206349 0.777281746031746 0.0882936507936508 0.34953703703703703
1 0.5844494047619048 0.6392195767195767 0.03149801587301587 0.051587301587301584
0 0.589905753968254 0.7921626984126984 0.08407738095238096 0.3621031746031746
1 0.47507440476190477 0.6494708994708994 0.026041666666666668 0.03835978835978836
0 0.4820188492063492 0.7380952380952381 0.04935515873015873 0.2261904761904762
1 0.4959077380952381 0.6541005291005291 0.02058531746031746 0.037037037037037035
0 0.5050843253968254 0.748181216931217 0.047867063492063495 0.22982804232804233
1 0.5608878968253969 0.6622023809523809 0.021081349206349208 0.0333994708994709
0 0.5553075396825397 0.7663690476190477 0.046130952380952384 0.24966931216931218
1 0.5096726190476191 0.6511243386243386 0.012896825396825396 0.018518518518518517
0 0.5131448412698413 0.7094907407407407 0.03422619047619048 0.14054232804232805
1 0.33779761904761907 0.638723544973545 0.027777777777777776 0.03670634920634921
0 0.34052579365079366 0.7410714285714286 0.043154761904761904 0.251984126984127
1 0.28249007936507936 0.6420304232804233 0.0248015873015873 0.04133597883597884
0 0.2751736111111111 0.7417328042328042 0.07316468253968254 0.24603174603174602
1 0.2330109126984127 0.658068783068783 0.029017857142857144 0.0496031746031746
0 0.21589781746031747 0.7736441798941799 0.06820436507936507 0.2820767195767196
1 0.32341269841269843 0.7371031746031746 0.03125 0.04894179894179894
0 0.29662698412698413 0.8263888888888888 0.17559523809523808 0.2347883597883598
1 0.2620287698412698 0.7351190476190477 0.024553571428571428 0.037037037037037035
0 0.2640128968253968 0.8181216931216931 0.09846230158730158 0.21362433862433863
1 0.15947420634920634 0.6577380952380952 0.021825396825396824 0.032407407407407406
0 0.14347718253968253 0.7566137566137566 0.060267857142857144 0.24074074074074073
1 0.16989087301587302 0.6552579365079365 0.017361111111111112 0.03273809523809524
0 0.16902281746031747 0.7371031746031746 0.04836309523809524 0.2056878306878307
1 0.0625 0.6478174603174603 0.039186507936507936 0.051587301587301584
0 0.05493551587301587 0.8077050264550265 0.10639880952380952 0.3845899470899471
1 0.39521329365079366 0.7015542328042328 0.03695436507936508 0.054563492063492064
0 0.3943452380952381 0.8065476190476191 0.12549603174603174 0.27116402116402116
1 0.8122519841269841 0.6590608465608465 0.049107142857142856 0.08531746031746032
0 0.8294890873015873 0.8053902116402116 0.13169642857142858 0.38921957671957674