1 0.0765 0.37 0.047 0.09333333333333334
0 0.0885 0.6441666666666667 0.155 0.655
1 0.1855 0.44666666666666666 0.043 0.09333333333333334
0 0.203 0.6883333333333334 0.146 0.5933333333333334
1 0.2765 0.3616666666666667 0.039 0.09333333333333334
0 0.2745 0.5958333333333333 0.101 0.5783333333333334
1 0.339 0.33916666666666667 0.04 0.09166666666666666
0 0.3405 0.6016666666666667 0.097 0.6233333333333333
1 0.4215 0.36916666666666664 0.031 0.075
0 0.4125 0.5725 0.077 0.49166666666666664
1 0.489 0.3725 0.032 0.06166666666666667
0 0.4895 0.5716666666666667 0.093 0.49
1 0.5865 0.36083333333333334 0.035 0.07166666666666667
0 0.5775 0.5525 0.103 0.46166666666666667
1 0.6765 0.21666666666666667 0.035 0.07333333333333333
0 0.693 0.405 0.106 0.46
1 0.6365 0.4766666666666667 0.041 0.08
0 0.6025 0.6525 0.129 0.43833333333333335
1 0.6855 0.49 0.043 0.09333333333333334
0 0.6795 0.6691666666666667 0.109 0.4583333333333333
1 0.799 0.27166666666666667 0.046 0.07
0 0.7815 0.5283333333333333 0.163 0.65
1 0.9245 0.2866666666666667 0.051 0.1
0 0.919 0.5758333333333333 0.138 0.6883333333333334