1 0.4636363636363636 0.406957928802589 0.04727272727272727 0.0825242718446602
0 0.5095454545454545 0.6634304207119741 0.18818181818181817 0.6731391585760518
1 0.6572727272727272 0.4854368932038835 0.05090909090909091 0.10032362459546926
0 0.6668181818181819 0.7152103559870551 0.16818181818181818 0.56957928802589
1 0.5309090909090909 0.3932038834951456 0.04181818181818182 0.07766990291262135
0 0.5377272727272727 0.598705501618123 0.10818181818181818 0.8025889967637541
1 0.12454545454545454 0.8883495145631068 0.02181818181818182 0.04854368932038835
0 0.16318181818181818 0.9288025889967637 0.1190909090909091 0.1423948220064725
1 0.21045454545454545 0.8883495145631068 0.019090909090909092 0.042071197411003236
0 0.24681818181818183 0.93042071197411 0.12636363636363637 0.13915857605177995
1 0.29454545454545455 0.8454692556634305 0.023636363636363636 0.05663430420711974
0 0.3009090909090909 0.906957928802589 0.06 0.18608414239482202