1 0.0615 0.49666666666666665 0.085 0.13733333333333334
0 0.1085 0.7073333333333334 0.217 0.5853333333333334
1 0.1815 0.49266666666666664 0.041 0.06533333333333333
0 0.212 0.6673333333333333 0.24 0.436
1 0.2225 0.456 0.045 0.058666666666666666
0 0.2165 0.6026666666666667 0.095 0.35733333333333334
1 0.3125 0.4573333333333333 0.039 0.064
0 0.3295 0.6166666666666667 0.109 0.4013333333333333
1 0.362 0.4886666666666667 0.046 0.06
0 0.376 0.6406666666666667 0.138 0.37466666666666665
1 0.4475 0.44266666666666665 0.073 0.12533333333333332
0 0.435 0.686 0.278 0.628
1 0.548 0.47333333333333333 0.06 0.07466666666666667
0 0.5295 0.7146666666666667 0.141 0.5706666666666667
1 0.64 0.44466666666666665 0.056 0.08133333333333333
0 0.633 0.6933333333333334 0.136 0.5893333333333334
1 0.137 0.44 0.032 0.056
0 0.1335 0.5433333333333333 0.073 0.2733333333333333
1 0.251 0.44533333333333336 0.028 0.034666666666666665
0 0.247 0.5326666666666666 0.09 0.23333333333333334
1 0.7025 0.4713333333333333 0.031 0.04933333333333333
0 0.673 0.5826666666666667 0.108 0.2853333333333333
1 0.7655 0.4713333333333333 0.021 0.036
0 0.749 0.5793333333333334 0.088 0.26
1 0.792 0.474 0.026 0.044
0 0.779 0.6173333333333333 0.118 0.33066666666666666
1 0.859 0.4706666666666667 0.03 0.048
0 0.8545 0.6033333333333334 0.079 0.324
1 0.8665 0.424 0.027 0.04
0 0.8675 0.542 0.067 0.28933333333333333
1 0.921 0.456 0.032 0.048
0 0.91 0.5993333333333334 0.06 0.3453333333333333
1 0.921 0.438 0.024 0.044
0 0.9255 0.5666666666666667 0.085 0.312