1 0.14111328125 0.6438802083333334 0.0400390625 0.061197916666666664
0 0.1376953125 0.7122395833333334 0.20703125 0.2421875
1 0.24267578125 0.5891927083333334 0.0361328125 0.06380208333333333
0 0.22900390625 0.6829427083333334 0.1162109375 0.2565104166666667
1 0.330078125 0.6341145833333334 0.03515625 0.06770833333333333
0 0.3232421875 0.7135416666666666 0.138671875 0.24479166666666666
1 0.38232421875 0.5514322916666666 0.0302734375 0.053385416666666664
0 0.3671875 0.6549479166666666 0.09375 0.2682291666666667
1 0.44189453125 0.5494791666666666 0.0302734375 0.0546875
0 0.427734375 0.6595052083333334 0.0859375 0.2825520833333333
1 0.48583984375 0.630859375 0.0361328125 0.05859375
0 0.4658203125 0.705078125 0.09765625 0.22265625
1 0.54443359375 0.623046875 0.0361328125 0.05859375
0 0.54541015625 0.7122395833333334 0.1337890625 0.23958333333333334
1 0.5810546875 0.7109375 0.0390625 0.0625
0 0.587890625 0.7623697916666666 0.068359375 0.17578125
1 0.681640625 0.6458333333333334 0.03515625 0.046875
0 0.67919921875 0.7122395833333334 0.0849609375 0.19791666666666666
1 0.75927734375 0.603515625 0.0361328125 0.061197916666666664
0 0.7578125 0.6927083333333334 0.08203125 0.2421875
1 0.8154296875 0.6022135416666666 0.03515625 0.05859375
0 0.8173828125 0.6985677083333334 0.08203125 0.25390625
1 0.8662109375 0.611328125 0.037109375 0.055989583333333336
0 0.8759765625 0.6940104166666666 0.08203125 0.23177083333333334
1 0.775390625 0.4303385416666667 0.033203125 0.048177083333333336
0 0.775390625 0.5657552083333334 0.087890625 0.33203125
1 0.70751953125 0.4368489583333333 0.0302734375 0.048177083333333336
0 0.70458984375 0.5677083333333334 0.0712890625 0.3255208333333333
1 0.65185546875 0.435546875 0.0302734375 0.048177083333333336
0 0.64501953125 0.5690104166666666 0.0712890625 0.3203125
1 0.6025390625 0.4557291666666667 0.029296875 0.049479166666666664
0 0.59619140625 0.576171875 0.0732421875 0.3033854166666667
1 0.53955078125 0.4680989583333333 0.0263671875 0.040364583333333336
0 0.52685546875 0.583984375 0.0771484375 0.2877604166666667
1 0.484375 0.4596354166666667 0.029296875 0.046875
0 0.4814453125 0.5813802083333334 0.06640625 0.2955729166666667
1 0.43212890625 0.4453125 0.0283203125 0.044270833333333336
0 0.43115234375 0.5735677083333334 0.0732421875 0.3111979166666667
1 0.3779296875 0.4388020833333333 0.03125 0.044270833333333336
0 0.3720703125 0.5703125 0.068359375 0.3203125
1 0.3369140625 0.4231770833333333 0.03125 0.049479166666666664
0 0.333984375 0.5631510416666666 0.0703125 0.3372395833333333
1 0.2763671875 0.416015625 0.03515625 0.048177083333333336
0 0.27587890625 0.55859375 0.0849609375 0.3489583333333333
1 0.20263671875 0.4049479166666667 0.0322265625 0.049479166666666664
0 0.20068359375 0.5553385416666666 0.0751953125 0.3606770833333333
1 0.13525390625 0.392578125 0.0341796875 0.05859375
0 0.12744140625 0.5481770833333334 0.0888671875 0.3776041666666667