1 0.4515625 0.8560500695410292 0.0859375 0.17663421418636996
0 0.468359375 0.8817802503477051 0.19765625 0.2364394993045897
1 0.07578125 0.9158553546592489 0.1359375 0.16828929068150209
0 0.14765625 0.913769123783032 0.2953125 0.17246175243393602
1 0.91953125 0.5090403337969402 0.021875 0.04172461752433936
0 0.914453125 0.6397774687065368 0.06015625 0.3087621696801113
1 0.95234375 0.5069541029207232 0.01875 0.03477051460361613
0 0.94921875 0.6098748261474269 0.0421875 0.24895688456189152
1 0.943359375 0.519471488178025 0.01328125 0.031988873435326845
0 0.9390625 0.6147426981919333 0.03125 0.23087621696801114
1 0.852734375 0.5139082058414465 0.01953125 0.037552155771905425
0 0.846875 0.6390820584144645 0.071875 0.29624478442280944
1 0.866015625 0.5104311543810849 0.01640625 0.03616133518776078
0 0.873828125 0.6091794158553546 0.06171875 0.24478442280945759
1 0.86015625 0.4673157162726008 0.0109375 0.027816411682892908
0 0.86640625 0.5556328233657858 0.0546875 0.21279554937413073
1 0.82421875 0.4972183588317107 0.0203125 0.043115438108484005
0 0.8125 0.6050069541029207 0.04375 0.2698191933240612
1 0.801171875 0.5048678720445062 0.01796875 0.03616133518776078
0 0.80390625 0.6112656467315716 0.046875 0.2545201668984701
1 0.78671875 0.5097357440890126 0.021875 0.037552155771905425
0 0.7796875 0.6376912378303199 0.0703125 0.30180806675938804
1 0.749609375 0.5312934631432545 0.01796875 0.03894297635605007
0 0.749609375 0.6425591098748261 0.04765625 0.2670375521557719
1 0.737890625 0.53894297635605 0.01640625 0.037552155771905425
0 0.73359375 0.6418636995827538 0.046875 0.24895688456189152
1 0.738671875 0.5083449235048678 0.01796875 0.031988873435326845
0 0.737890625 0.6147426981919333 0.04765625 0.25034770514603616
1 0.68984375 0.5438108484005564 0.01875 0.03894297635605007
0 0.69140625 0.6536856745479833 0.0609375 0.2670375521557719
1 0.69921875 0.5271210013908206 0.015625 0.04172461752433936
0 0.699609375 0.6376912378303199 0.05546875 0.26842837273991654
1 0.7 0.5159944367176634 0.015625 0.03337969401947149
0 0.699609375 0.6147426981919333 0.03359375 0.23922114047287898
1 0.67890625 0.5104311543810849 0.0171875 0.03337969401947149
0 0.685546875 0.6112656467315716 0.03984375 0.24061196105702365
1 0.66328125 0.5097357440890126 0.015625 0.037552155771905425
0 0.664453125 0.625173852573018 0.03984375 0.27399165507649514
1 0.66875 0.48956884561891517 0.015625 0.03616133518776078
0 0.66875 0.5917941585535466 0.0390625 0.24339360222531292
1 0.6296875 0.5299026425591099 0.01875 0.04172461752433936
0 0.61796875 0.6488178025034771 0.0671875 0.28789986091794156
1 0.642578125 0.5285118219749653 0.01796875 0.03894297635605007
0 0.641015625 0.6411682892906815 0.04609375 0.2726008344923505
1 0.607421875 0.5299026425591099 0.01953125 0.03894297635605007
0 0.604296875 0.6369958275382476 0.05234375 0.25869262865090403
1 0.6203125 0.519471488178025 0.015625 0.031988873435326845
0 0.6203125 0.627260083449235 0.0375 0.25312934631432543
1 0.618359375 0.5159944367176634 0.01640625 0.03337969401947149
0 0.617578125 0.6223922114047288 0.03359375 0.2517385257301808
1 0.61171875 0.5090403337969402 0.015625 0.027816411682892908
0 0.612890625 0.6175243393602226 0.03359375 0.24756606397774686
1 0.55546875 0.5458970792767733 0.021875 0.04033379694019471
0 0.544921875 0.6655076495132128 0.06640625 0.2851182197496523
1 0.553515625 0.5159944367176634 0.01484375 0.03337969401947149
0 0.55 0.6418636995827538 0.0609375 0.28789986091794156
1 0.574609375 0.5354659248956884 0.01796875 0.030598052851182198
0 0.571875 0.6286509040333796 0.0421875 0.22253129346314326
1 0.544921875 0.5319888734353269 0.01171875 0.02642559109874826
0 0.5453125 0.6210013908205841 0.034375 0.21001390820584145
1 0.582421875 0.5062586926286509 0.00859375 0.019471488178025034
0 0.581640625 0.5695410292072323 0.02109375 0.15159944367176634
1 0.5671875 0.5104311543810849 0.015625 0.030598052851182198
0 0.57109375 0.6126564673157163 0.0390625 0.24061196105702365
1 0.568359375 0.48817802503477054 0.01171875 0.027816411682892908
0 0.5703125 0.5792767732962448 0.034375 0.21557719054242003
1 0.525 0.5229485396383866 0.01875 0.03894297635605007
0 0.52578125 0.631432545201669 0.040625 0.2614742698191933
1 0.550390625 0.4909596662030598 0.01015625 0.019471488178025034
0 0.55078125 0.5500695410292072 0.021875 0.14603616133518776
1 0.53984375 0.48261474269819193 0.0109375 0.025034770514603615
0 0.539453125 0.5535465924895688 0.03046875 0.17246175243393602
1 0.528125 0.4909596662030598 0.009375 0.019471488178025034
0 0.525390625 0.5500695410292072 0.02734375 0.14603616133518776
1 0.50546875 0.5250347705146036 0.01875 0.03477051460361613
0 0.507421875 0.6390820584144645 0.04609375 0.26842837273991654
1 0.4703125 0.5549374130737135 0.01875 0.03894297635605007
0 0.466796875 0.6675938803894298 0.07578125 0.2698191933240612
1 0.4890625 0.5445062586926287 0.0203125 0.037552155771905425
0 0.483203125 0.6599443671766342 0.06015625 0.27399165507649514
1 0.4890625 0.5445062586926287 0.01875 0.03477051460361613
0 0.494921875 0.6460361613351877 0.03203125 0.24061196105702365
1 0.4828125 0.5104311543810849 0.015625 0.03337969401947149
0 0.48359375 0.6015299026425591 0.034375 0.2211404728789986
1 0.478125 0.5034770514603616 0.015625 0.03337969401947149
0 0.475390625 0.5966620305980529 0.03671875 0.22531293463143254
1 0.43828125 0.5333796940194715 0.01875 0.043115438108484005
0 0.434375 0.6557719054242003 0.0609375 0.2906815020862309
1 0.45546875 0.5264255910987483 0.01875 0.037552155771905425
0 0.453125 0.6411682892906815 0.04375 0.2753824756606398
1 0.43671875 0.4853963838664812 0.015625 0.03894297635605007
0 0.4328125 0.5994436717663422 0.0515625 0.2753824756606398
1 0.399609375 0.4860917941585535 0.01796875 0.03477051460361613
0 0.401171875 0.5945757997218358 0.03984375 0.2573018080667594
1 0.383203125 0.519471488178025 0.02421875 0.04033379694019471
0 0.37890625 0.6543810848400556 0.0546875 0.3157162726008345
1 0.372265625 0.5431154381084841 0.01484375 0.02920723226703755
0 0.374609375 0.6606397774687065 0.06640625 0.2753824756606398
1 0.370703125 0.5445062586926287 0.01328125 0.02920723226703755
0 0.373046875 0.650904033379694 0.03984375 0.25312934631432543
1 0.380078125 0.5034770514603616 0.01484375 0.027816411682892908
0 0.38046875 0.614047287899861 0.04375 0.26286509040333794
1 0.365625 0.49791376912378305 0.0203125 0.03894297635605007
0 0.357421875 0.6175243393602226 0.06015625 0.28929068150208626
1 0.383203125 0.48956884561891517 0.01640625 0.03337969401947149
0 0.381640625 0.5834492350486787 0.03203125 0.23226703755215578
1 0.3 0.5598052851182197 0.0171875 0.043115438108484005
0 0.290234375 0.6717663421418637 0.06484375 0.2753824756606398
1 0.31953125 0.527816411682893 0.0171875 0.037552155771905425
0 0.303515625 0.6432545201668984 0.06015625 0.27399165507649514
1 0.31953125 0.5271210013908206 0.0171875 0.03894297635605007
0 0.317578125 0.625173852573018 0.05390625 0.2573018080667594
1 0.318359375 0.5132127955493742 0.01953125 0.03894297635605007
0 0.32265625 0.6070931849791377 0.0515625 0.23783031988873435
1 0.337109375 0.519471488178025 0.01171875 0.02364394993045897
0 0.33671875 0.5897079276773296 0.0203125 0.16689847009735745
1 0.3234375 0.4909596662030598 0.0125 0.027816411682892908
0 0.3234375 0.5702364394993046 0.0296875 0.19193324061196107
1 0.317578125 0.48331015299026425 0.01328125 0.02364394993045897
0 0.315625 0.5653685674547984 0.0375 0.1933240611961057
1 0.28984375 0.5083449235048678 0.021875 0.04033379694019471
0 0.28359375 0.6390820584144645 0.0640625 0.3101529902642559
1 0.221484375 0.5257301808066759 0.01953125 0.04728789986091794
0 0.21875 0.6460361613351877 0.06875 0.29346314325452016
1 0.233984375 0.5201668984700973 0.01640625 0.03616133518776078
0 0.231640625 0.6369958275382476 0.05234375 0.2753824756606398
1 0.210546875 0.5187760778859527 0.01484375 0.030598052851182198
0 0.212109375 0.6286509040333796 0.04609375 0.25591098748261476
1 0.258203125 0.5229485396383866 0.01640625 0.027816411682892908
0 0.256640625 0.627260083449235 0.04296875 0.24200278164116829
1 0.264453125 0.5055632823365785 0.01640625 0.03477051460361613
0 0.262109375 0.60778859527121 0.03828125 0.24478442280945759
1 0.175390625 0.5118219749652295 0.01640625 0.03616133518776078
0 0.170703125 0.6321279554937413 0.05078125 0.28789986091794156
1 0.1921875 0.5152990264255911 0.0171875 0.031988873435326845
0 0.185546875 0.6223922114047288 0.03828125 0.2517385257301808
1 0.138671875 0.5542420027816412 0.01953125 0.04033379694019471
0 0.12734375 0.672461752433936 0.0578125 0.2795549374130737
1 0.10546875 0.5090403337969402 0.01875 0.03894297635605007
0 0.09921875 0.633518776077886 0.05625 0.3045897079276773
1 0.11875 0.5299026425591099 0.015625 0.04172461752433936
0 0.114453125 0.631432545201669 0.03984375 0.2698191933240612
1 0.130078125 0.5104311543810849 0.01640625 0.04450625869262865
0 0.1328125 0.6161335187760779 0.04375 0.26425591098748263
1 0.1453125 0.5006954102920723 0.015625 0.03337969401947149
0 0.145703125 0.6112656467315716 0.03203125 0.26286509040333794
1 0.090625 0.521557719054242 0.0140625 0.03337969401947149
0 0.09140625 0.6237830319888734 0.0390625 0.24339360222531292
1 0.09140625 0.5201668984700973 0.0140625 0.03337969401947149
0 0.083203125 0.6147426981919333 0.04609375 0.22809457579972184
1 0.05 0.5250347705146036 0.0171875 0.02920723226703755
0 0.060546875 0.6383866481223922 0.05859375 0.26425591098748263
1 0.04453125 0.5445062586926287 0.021875 0.0458970792767733
0 0.05234375 0.6689847009735744 0.059375 0.3031988873435327
1 0.00859375 0.5382475660639777 0.0171875 0.03894297635605007
0 0.023828125 0.6543810848400556 0.04765625 0.2795549374130737
1 0.0421875 0.5 0.0171875 0.031988873435326845
0 0.04296875 0.6112656467315716 0.0453125 0.26286509040333794
1 0.041796875 0.5 0.01640625 0.03477051460361613
0 0.04921875 0.5924895688456189 0.0375 0.24478442280945759
1 0.053125 0.47983310152990266 0.0203125 0.03616133518776078
0 0.050390625 0.5841446453407511 0.03203125 0.25312934631432543
1 0.074609375 0.502086230876217 0.01640625 0.03337969401947149
0 0.073046875 0.5959666203059806 0.02890625 0.2267037552155772
1 0.0671875 0.47844228094575797 0.0109375 0.022253129346314324
0 0.065234375 0.5486787204450626 0.02265625 0.17107093184979139
1 0.078125 0.4694019471488178 0.0140625 0.02920723226703755
0 0.075 0.5625869262865091 0.0265625 0.2211404728789986
1 0.0875 0.4958275382475661 0.015625 0.031988873435326845
0 0.086328125 0.5730180806675939 0.02265625 0.19749652294853964
1 0.09765625 0.4819193324061196 0.0125 0.02920723226703755
0 0.095703125 0.5611961057023644 0.02109375 0.1933240611961057
1 0.114453125 0.48887343532684285 0.01171875 0.02642559109874826
0 0.1125 0.5674547983310153 0.0234375 0.19471488178025034
1 0.123828125 0.456884561891516 0.01015625 0.01808066759388039
0 0.117578125 0.5055632823365785 0.02109375 0.12100139082058414
1 0.1296875 0.45897079276773295 0.0109375 0.022253129346314324
0 0.127734375 0.5264255910987483 0.02109375 0.16550764951321278
1 0.140625 0.45897079276773295 0.0109375 0.022253129346314324
0 0.140234375 0.5333796940194715 0.03046875 0.17663421418636996
1 0.15859375 0.4624478442280946 0.0109375 0.02364394993045897
0 0.160546875 0.541029207232267 0.03515625 0.18915159944367177
1 0.151953125 0.46453407510431155 0.01171875 0.025034770514603615
0 0.151953125 0.5340751043115438 0.02265625 0.16968011126564672
1 0.16484375 0.4624478442280946 0.009375 0.01808066759388039
0 0.1671875 0.5305980528511822 0.025 0.16550764951321278
1 0.490234375 0.47009735744089015 0.01015625 0.022253129346314324
0 0.490234375 0.5250347705146036 0.02578125 0.1376912378303199
1 0.47578125 0.4714881780250348 0.009375 0.016689847009735744
0 0.4734375 0.5257301808066759 0.0203125 0.13630041724617525
1 0.462890625 0.46453407510431155 0.00546875 0.013908205841446454
0 0.462890625 0.5097357440890126 0.01953125 0.10987482614742698
1 0.472265625 0.4541029207232267 0.00546875 0.012517385257301807
0 0.472265625 0.4937413073713491 0.01484375 0.09457579972183588
1 0.56171875 0.43949930458970793 0.0046875 0.008344923504867872
0 0.560546875 0.4673157162726008 0.01953125 0.06675938803894298
1 0.63046875 0.46522948539638387 0.00625 0.012517385257301807
0 0.6296875 0.4937413073713491 0.01875 0.08066759388038942
1 0.701953125 0.4527121001390821 0.00546875 0.009735744089012517
0 0.70078125 0.47983310152990266 0.015625 0.06954102920723226
1 0.759765625 0.4478442280945758 0.00546875 0.008344923504867872
0 0.7609375 0.4756606397774687 0.0140625 0.06954102920723226
1 0.885546875 0.4561891515994437 0.00390625 0.008344923504867872
0 0.88515625 0.48678720445062584 0.015625 0.08066759388038942
1 0.925390625 0.4610570236439499 0.00546875 0.009735744089012517
0 0.926953125 0.48817802503477054 0.01328125 0.06954102920723226
1 0.9234375 0.4617524339360223 0.0078125 0.016689847009735744
0 0.921484375 0.48400556328233657 0.01015625 0.06397774687065369
1 0.941015625 0.46383866481223923 0.00546875 0.009735744089012517
0 0.93984375 0.4909596662030598 0.015625 0.06954102920723226
1 0.978515625 0.4541029207232267 0.00703125 0.012517385257301807
0 0.9796875 0.48678720445062584 0.0140625 0.08344923504867872
1 0.97109375 0.48887343532684285 0.0125 0.0737134909596662
0 0.97109375 0.48887343532684285 0.0125 0.0737134909596662
1 0.60234375 0.44923504867872044 0.0046875 0.008344923504867872
0 0.601171875 0.4714881780250348 0.02109375 0.0584144645340751
1 0.791796875 0.44506258692628653 0.00703125 0.011126564673157162
0 0.789453125 0.48261474269819193 0.01953125 0.0917941585535466
1 0.774609375 0.44089012517385257 0.00546875 0.011126564673157162
0 0.77578125 0.47983310152990266 0.01875 0.0917941585535466
1 0.882421875 0.47009735744089015 0.00859375 0.016689847009735744
0 0.878515625 0.521557719054242 0.03203125 0.15299026425591097