1 0.8913333333333333 0.23705722070844687 0.10266666666666667 0.17438692098092642
0 0.8433333333333334 0.5690281562216167 0.31333333333333335 0.8619436875567665
1 0.6433333333333333 0.23614895549500453 0.10533333333333333 0.1980018165304269
0 0.6186666666666667 0.5626702997275205 0.24666666666666667 0.8746594005449592
1 0.448 0.28701180744777477 0.1 0.1344232515894641
0 0.42833333333333334 0.6012715712988193 0.27 0.7974568574023615
1 0.207 0.27475022706630337 0.10866666666666666 0.184377838328792
0 0.17733333333333334 0.5504087193460491 0.30933333333333335 0.8991825613079019
1 0.13133333333333333 0.26793823796548594 0.112 0.2089009990917348
0 0.11833333333333333 0.5794732061762035 0.23666666666666666 0.8410535876475931
1 0.377 0.20572207084468666 0.10733333333333334 0.14259763851044505
0 0.3863333333333333 0.5463215258855586 0.238 0.9073569482288828