1 0.24859287054409004 0.589375 0.054409005628517824 0.09125
0 0.24390243902439024 0.72875 0.1651031894934334 0.375
1 0.3611632270168856 0.581875 0.058161350844277676 0.09375
0 0.3954033771106942 0.69625 0.17354596622889307 0.335
1 0.45872420262664165 0.524375 0.0450281425891182 0.08375
0 0.4620075046904315 0.653125 0.13602251407129456 0.35625
1 0.5680112570356473 0.558125 0.04409005628517824 0.06875
0 0.5820825515947468 0.665625 0.12851782363977485 0.30125
1 0.7378048780487805 0.498125 0.051594746716697934 0.06875
0 0.7213883677298312 0.631875 0.13320825515947468 0.35625
1 0.8531894934333959 0.4075 0.04596622889305816 0.075
0 0.8897748592870544 0.565625 0.13602251407129456 0.40625
1 0.7893996247654784 0.37125 0.040337711069418386 0.0625
0 0.7931519699812383 0.529375 0.09849906191369606 0.40125
1 0.7021575984990619 0.376875 0.04596622889305816 0.08375
0 0.7199812382739212 0.529375 0.11538461538461539 0.39625
1 0.651031894934334 0.40375 0.039399624765478425 0.075
0 0.6435272045028143 0.553125 0.1275797373358349 0.38375
1 0.5844277673545967 0.42375 0.04127579737335835 0.075
0 0.5717636022514071 0.561875 0.12101313320825516 0.36125
1 0.4896810506566604 0.379375 0.0450281425891182 0.07375
0 0.4878048780487805 0.53625 0.09568480300187618 0.4
1 0.43198874296435275 0.413125 0.038461538461538464 0.07875
0 0.42073170731707316 0.56875 0.0947467166979362 0.4
1 0.34803001876172607 0.415625 0.04878048780487805 0.08625
0 0.3353658536585366 0.579375 0.10787992495309569 0.42375
1 0.24718574108818012 0.4225 0.04971857410881801 0.08
0 0.2453095684803002 0.6075 0.12664165103189493 0.47
1 0.16041275797373358 0.436875 0.058161350844277676 0.09625
0 0.1472795497185741 0.6325 0.13320825515947468 0.5025
1 0.11913696060037524 0.33125 0.04878048780487805 0.0825
0 0.12570356472795496 0.561875 0.15384615384615385 0.55125
1 0.20825515947467166 0.328125 0.043151969981238276 0.06625
0 0.20590994371482177 0.538125 0.12101313320825516 0.50625
1 0.2875234521575985 0.3125 0.04784240150093809 0.0725
0 0.2945590994371482 0.5225 0.12195121951219512 0.4975
1 0.3897748592870544 0.314375 0.038461538461538464 0.06625
0 0.39446529080675424 0.5075 0.11163227016885553 0.4675
1 0.3147279549718574 0.291875 0.036585365853658534 0.06125
0 0.3236397748592871 0.465625 0.10881801125703565 0.41875
1 0.45168855534709196 0.290625 0.040337711069418386 0.06875
0 0.4451219512195122 0.44125 0.08348968105065666 0.3875
1 0.5051594746716698 0.330625 0.038461538461538464 0.06625
0 0.5084427767354597 0.49625 0.1050656660412758 0.405
1 0.5178236397748592 0.284375 0.03564727954971857 0.06375
0 0.5164165103189493 0.440625 0.08911819887429644 0.38375
1 0.5633208255159474 0.3225 0.036585365853658534 0.07
0 0.5666041275797373 0.470625 0.10131332082551595 0.37375
1 0.5745778611632271 0.276875 0.036585365853658534 0.06125
0 0.5820825515947468 0.42 0.09287054409005628 0.36
1 0.6045966228893058 0.326875 0.03470919324577861 0.06375
0 0.6027204502814258 0.475625 0.08348968105065666 0.37625
1 0.6519699812382739 0.316875 0.03377110694183865 0.06375
0 0.6580675422138836 0.474375 0.07786116322701689 0.39375
1 0.6726078799249531 0.261875 0.0375234521575985 0.06375
0 0.6697936210131332 0.410625 0.09193245778611632 0.37125
1 0.7110694183864915 0.3175 0.03564727954971857 0.06
0 0.7134146341463414 0.47625 0.08348968105065666 0.4
1 0.7448405253283302 0.283125 0.03189493433395872 0.05875
0 0.7575046904315197 0.43 0.07786116322701689 0.3625
1 0.773921200750469 0.298125 0.0375234521575985 0.06125
0 0.774390243902439 0.473125 0.08536585365853659 0.42875
1 0.851782363977486 0.300625 0.043151969981238276 0.06375
0 0.8395872420262664 0.478125 0.09193245778611632 0.41875
1 0.901031894934334 0.316875 0.038461538461538464 0.06125
0 0.8883677298311444 0.5 0.10694183864915573 0.4325
1 0.9676360225140713 0.281875 0.04596622889305816 0.06875
0 0.9413696060037523 0.46875 0.11726078799249531 0.4475