1 0.6641541038525963 0.5193889541715628 0.09045226130653267 0.16686251468860164
0 0.6197654941373534 0.7156286721504113 0.2914572864321608 0.5687426556991775
1 0.9417922948073701 0.2596944770857814 0.0812395309882747 0.15276145710928318
0 0.9179229480737019 0.5787309048178614 0.16415410385259632 0.8425381903642774
1 0.8040201005025126 0.23266745005875442 0.06030150753768844 0.13396004700352526
0 0.7977386934673367 0.5757931844888367 0.18341708542713567 0.8484136310223267
1 0.7278056951423786 0.13689776733254994 0.06532663316582915 0.13513513513513514
0 0.7169179229480737 0.5029377203290247 0.18760469011725292 0.8695652173913043
1 0.5971524288107203 0.21034077555816685 0.07705192629815745 0.14336075205640422
0 0.597571189279732 0.5522914218566393 0.2102177554438861 0.8413631022326674
1 0.39321608040201006 0.37426556991774385 0.07788944723618091 0.1492361927144536
0 0.4103852596314908 0.63689776733255 0.18592964824120603 0.7262044653349001
1 0.5129815745393634 0.172737955346651 0.06448911222780569 0.1128084606345476
0 0.5226130653266332 0.5023501762632198 0.16415410385259632 0.7837837837837838
1 0.40703517587939697 0.1498237367802585 0.06867671691792294 0.12808460634547592
0 0.4053601340033501 0.5205640423031728 0.21440536013400335 0.8930669800235017
1 0.0661641541038526 0.28613396004700353 0.10720268006700168 0.17038777908343125
0 0.14530988274706869 0.5975323149236192 0.29061976549413737 0.8049353701527615
1 0.22278056951423786 0.23384253819036427 0.08040201005025126 0.15276145710928318
0 0.22571189279731993 0.572855464159812 0.1884422110552764 0.854289071680376
1 0.24916247906197656 0.1709753231492362 0.0728643216080402 0.12573443008225618
0 0.24581239530988275 0.5470035252643948 0.17671691792294808 0.8918918918918919
1 0.10845896147403684 0.18037602820211515 0.076214405360134 0.1398354876615746
0 0.11180904522613065 0.5511163337250293 0.2018425460636516 0.8977673325499412