1 0.7739085239085239 0.12460815047021943 0.11746361746361747 0.20219435736677116
0 0.7952182952182952 0.5086206896551724 0.4095634095634096 0.9827586206896551
1 0.6528066528066528 0.25940438871473354 0.0498960498960499 0.08620689655172414
0 0.656964656964657 0.49764890282131663 0.15384615384615385 0.5752351097178683
1 0.6013513513513513 0.26253918495297807 0.04054054054054054 0.07366771159874608
0 0.6127858627858628 0.4992163009404389 0.13201663201663202 0.5595611285266457
1 0.5031185031185031 0.2617554858934169 0.031185031185031187 0.06583072100313479
0 0.514033264033264 0.4553291536050157 0.09875259875259876 0.46865203761755486
1 0.4365904365904366 0.20532915360501566 0.06860706860706861 0.13479623824451412
0 0.4397089397089397 0.5626959247648903 0.16216216216216217 0.8557993730407524
1 0.3238045738045738 0.21238244514106583 0.057172557172557176 0.11442006269592477
0 0.3191268191268191 0.5431034482758621 0.1496881496881497 0.7852664576802508
1 0.22141372141372143 0.24843260188087773 0.05197505197505198 0.09561128526645768
0 0.21621621621621623 0.5478056426332288 0.1392931392931393 0.6974921630094044
1 0.14916839916839916 0.22178683385579936 0.04885654885654886 0.08620689655172414
0 0.14864864864864866 0.5062695924764891 0.13097713097713098 0.670846394984326
1 0.02546777546777547 0.2672413793103448 0.04677754677754678 0.0768025078369906
0 0.060810810810810814 0.5054858934169278 0.12162162162162163 0.5689655172413793