1 0.06041666666666667 0.5296296296296297 0.020833333333333332 0.037037037037037035
0 0.04861111111111111 0.6018518518518519 0.09722222222222222 0.1962962962962963
1 0.17083333333333334 0.5083333333333333 0.016666666666666666 0.06481481481481481
0 0.17083333333333334 0.5083333333333333 0.016666666666666666 0.06481481481481481
1 0.18819444444444444 0.46296296296296297 0.009722222222222222 0.014814814814814815
0 0.18611111111111112 0.5027777777777778 0.027777777777777776 0.10185185185185185
1 0.21875 0.4777777777777778 0.0125 0.014814814814814815
0 0.21875 0.5120370370370371 0.02361111111111111 0.09074074074074075
1 0.20416666666666666 0.45185185185185184 0.013888888888888888 0.018518518518518517
0 0.19652777777777777 0.524074074074074 0.043055555555555555 0.16666666666666666
1 0.11527777777777778 0.43333333333333335 0.041666666666666664 0.06296296296296296
0 0.1125 0.6287037037037037 0.13333333333333333 0.45740740740740743
1 0.24930555555555556 0.4888888888888889 0.029166666666666667 0.044444444444444446
0 0.24444444444444444 0.6157407407407407 0.09444444444444444 0.31666666666666665
1 0.2902777777777778 0.48518518518518516 0.008333333333333333 0.011111111111111112
0 0.28958333333333336 0.5138888888888888 0.029166666666666667 0.07222222222222222
1 0.2520833333333333 0.48703703703703705 0.04027777777777778 0.05185185185185185
0 0.26319444444444445 0.6537037037037037 0.12361111111111112 0.3962962962962963
1 0.33819444444444446 0.48333333333333334 0.029166666666666667 0.044444444444444446
0 0.33819444444444446 0.6157407407407407 0.07916666666666666 0.31666666666666665
1 0.38472222222222224 0.45555555555555555 0.013888888888888888 0.018518518518518517
0 0.38333333333333336 0.5083333333333333 0.041666666666666664 0.13148148148148148
1 0.4131944444444444 0.4703703703703704 0.034722222222222224 0.07407407407407407
0 0.4152777777777778 0.6583333333333333 0.11944444444444445 0.46111111111111114
1 0.5791666666666667 0.48518518518518516 0.025 0.044444444444444446
0 0.5708333333333333 0.637962962962963 0.1 0.3611111111111111
1 0.6097222222222223 0.43703703703703706 0.03888888888888889 0.06296296296296296
0 0.6215277777777778 0.6351851851851852 0.14583333333333334 0.4666666666666667
1 0.70625 0.6777777777777778 0.018055555555555554 0.022222222222222223
0 0.7131944444444445 0.725 0.09305555555555556 0.17592592592592593
1 0.6708333333333333 0.4537037037037037 0.03611111111111111 0.05925925925925926
0 0.6791666666666667 0.6194444444444445 0.10277777777777777 0.39444444444444443
1 0.7479166666666667 0.4666666666666667 0.034722222222222224 0.06296296296296296
0 0.7569444444444444 0.6537037037037037 0.125 0.44814814814814813