1 0.4188368055555556 0.5546875 0.0078125 0.010416666666666666
0 0.4169921875 0.5943287037037037 0.026692708333333332 0.0931712962962963
1 0.4486762152777778 0.5409432870370371 0.008029513888888888 0.011284722222222222
0 0.4482421875 0.5853587962962963 0.027560763888888888 0.10185185185185185
1 0.4738498263888889 0.5512152777777778 0.008029513888888888 0.010416666666666666
0 0.4775390625 0.5889756944444444 0.03493923611111111 0.09230324074074074
1 0.4913194444444444 0.5454282407407407 0.0026041666666666665 0.003472222222222222
0 0.4911024305555556 0.5575810185185185 0.0078125 0.028356481481481483
1 0.4991319444444444 0.5461516203703703 0.003472222222222222 0.004340277777777778
0 0.4982638888888889 0.5574363425925926 0.009114583333333334 0.028645833333333332
1 0.5034722222222222 0.5442708333333334 0.001736111111111111 0.0023148148148148147
0 0.5034722222222222 0.5516493055555556 0.004774305555555556 0.01765046296296296
1 0.4989149305555556 0.5500578703703703 0.005208333333333333 0.015625
0 0.4989149305555556 0.5500578703703703 0.005208333333333333 0.015625
1 0.4993489583333333 0.5423900462962963 0.0008680555555555555 0.0014467592592592592
0 0.4993489583333333 0.5467303240740741 0.004340277777777778 0.01070601851851852
1 0.01171875 0.5691550925925926 0.005208333333333333 0.008101851851851851
0 0.012044270833333334 0.5914351851851852 0.019314236111111112 0.059027777777777776