1 0.17625 0.0925700365408039 0.08083333333333333 0.1315468940316687
0 0.16875 0.4805115712545676 0.2808333333333333 0.9293544457978076
1 0.35375 0.25761266747868455 0.04416666666666667 0.07673568818514007
0 0.32875 0.5109622411693058 0.14916666666666667 0.5834348355663824
1 0.36333333333333334 0.3148599269183922 0.03333333333333333 0.05481120584652863
0 0.38958333333333334 0.4951278928136419 0.10583333333333333 0.43727161997563946
1 0.47708333333333336 0.25334957369062117 0.04416666666666667 0.0828258221680877
0 0.46791666666666665 0.46224116930572473 0.16916666666666666 0.510353227771011
1 0.4766666666666667 0.35931790499390986 0.028333333333333332 0.0389768574908648
0 0.47875 0.48721071863581 0.0925 0.3848964677222899
1 0.5279166666666667 0.618148599269184 0.0675 0.13032886723507917
0 0.48333333333333334 0.7478684531059683 0.20333333333333334 0.4336175395858709
1 0.6675 0.22472594397076737 0.051666666666666666 0.10109622411693057
0 0.665 0.47503045066991473 0.16 0.6065773447015834
1 0.6825 0.2758830694275274 0.03833333333333333 0.057247259439707675
0 0.66125 0.4884287454323995 0.14583333333333334 0.49695493300852617
1 0.6033333333333334 0.5328867235079172 0.03 0.04506699147381242
0 0.6325 0.5651644336175395 0.1 0.2387332521315469
1 0.7504166666666666 0.35992691839220464 0.029166666666666667 0.057247259439707675
0 0.76125 0.4884287454323995 0.09083333333333334 0.3215590742996346