1 0.208375 0.6685 0.05675 0.077
0 0.217375 0.8101666666666667 0.13875 0.377
1 0.33575 0.4166666666666667 0.0485 0.08733333333333333
0 0.328125 0.6356666666666667 0.16175 0.5326666666666666
1 0.39225 0.30833333333333335 0.0445 0.07533333333333334
0 0.37025 0.554 0.154 0.5773333333333334
1 0.465125 0.368 0.05325 0.082
0 0.466375 0.5835 0.16675 0.5836666666666667
1 0.545375 0.2465 0.05475 0.099
0 0.539375 0.5083333333333333 0.15475 0.628
1 0.694625 0.4251666666666667 0.05025 0.095
0 0.691375 0.6173333333333333 0.13175 0.5033333333333333
1 0.67975 0.27366666666666667 0.052 0.09
0 0.67975 0.5258333333333334 0.142 0.607
1 0.7715 0.2663333333333333 0.0575 0.10066666666666667
0 0.754625 0.5265 0.18275 0.6376666666666667