1 0.8921875 0.45708333333333334 0.066875 0.09916666666666667
0 0.9234375 0.7008333333333333 0.153125 0.5983333333333334
1 0.8021875 0.29625 0.058125 0.11083333333333334
0 0.865 0.5904166666666667 0.24875 0.7041666666666667
1 0.6984375 0.36291666666666667 0.054375 0.09916666666666667
0 0.70375 0.62125 0.165 0.6225
1 0.53625 0.5658333333333333 0.04375 0.07333333333333333
0 0.5415625 0.7058333333333333 0.105625 0.36
1 0.57875 0.4225 0.0475 0.07833333333333334
0 0.59 0.62875 0.11625 0.5025
1 0.7071875 0.3025 0.053125 0.085
0 0.7225 0.5641666666666667 0.15875 0.6166666666666667
1 0.6203125 0.2733333333333333 0.040625 0.07833333333333334
0 0.6125 0.4895833333333333 0.14 0.5241666666666667
1 0.5865625 0.22208333333333333 0.044375 0.06583333333333333
0 0.6065625 0.4241666666666667 0.160625 0.495
1 0.5509375 0.19375 0.030625 0.059166666666666666
0 0.56 0.3575 0.1075 0.39666666666666667
1 0.5809375 0.13291666666666666 0.035625 0.060833333333333336
0 0.584375 0.3 0.10875 0.4033333333333333
1 0.46125 0.21875 0.03125 0.0575
0 0.461875 0.385 0.08625 0.4116666666666667
1 0.4771875 0.17208333333333334 0.035625 0.050833333333333335
0 0.47625 0.3408333333333333 0.09 0.4116666666666667
1 0.4215625 0.14916666666666667 0.031875 0.045
0 0.420625 0.3225 0.08375 0.4083333333333333
1 0.3890625 0.17541666666666667 0.033125 0.05583333333333333
0 0.38875 0.3383333333333333 0.095 0.38666666666666666
1 0.3475 0.13458333333333333 0.0325 0.05583333333333333
0 0.3396875 0.21208333333333335 0.066875 0.22083333333333333
1 0.371875 0.24041666666666667 0.0425 0.06916666666666667
0 0.3615625 0.42583333333333334 0.118125 0.44666666666666666
1 0.3221875 0.28541666666666665 0.051875 0.0775
0 0.3459375 0.5066666666666667 0.178125 0.555
1 0.2925 0.37583333333333335 0.05 0.09166666666666666
0 0.3 0.60125 0.16375 0.5558333333333333
1 0.173125 0.4791666666666667 0.06 0.09333333333333334
0 0.1903125 0.7141666666666666 0.169375 0.5716666666666667