1 0.014791666666666667 0.39890625 0.005 0.0084375
0 0.016041666666666666 0.42234375 0.019166666666666665 0.0584375
1 0.04145833333333333 0.38453125 0.007916666666666667 0.0121875
0 0.0475 0.4284375 0.04 0.11125
1 0.0859375 0.4125 0.0027083333333333334 0.005
0 0.08520833333333333 0.4271875 0.01 0.03625
1 0.08354166666666667 0.4096875 0.0033333333333333335 0.005625
0 0.0834375 0.42390625 0.009791666666666667 0.0365625
1 0.1015625 0.4284375 0.03979166666666667 0.140625
0 0.1015625 0.4284375 0.03979166666666667 0.140625
1 0.209375 0.395 0.00875 0.015
0 0.209375 0.4325 0.0275 0.09625
1 0.830625 0.3578125 0.022083333333333333 0.030625
0 0.8427083333333333 0.4434375 0.05291666666666667 0.203125
1 0.9557291666666666 0.3609375 0.013541666666666667 0.02375
0 0.9545833333333333 0.43265625 0.042916666666666665 0.1721875
1 0.9117708333333333 0.3584375 0.016875 0.02625
0 0.9096875 0.4415625 0.043958333333333335 0.184375
1 0.9713541666666666 0.4253125 0.0077083333333333335 0.015
0 0.9707291666666666 0.451875 0.016875 0.071875
1 0.9463541666666667 0.4453125 0.015625 0.0625
0 0.9463541666666667 0.4453125 0.015625 0.0625
1 0.9310416666666667 0.4428125 0.005833333333333334 0.01125
0 0.930625 0.45640625 0.013333333333333334 0.0478125
1 0.9952083333333334 0.42234375 0.00375 0.0053125
0 0.9929166666666667 0.4403125 0.009583333333333333 0.04
1 0.9985416666666667 0.42875 0.002916666666666667 0.00625
0 0.9976041666666666 0.44171875 0.004791666666666666 0.0334375
1 0.8782291666666666 0.1765625 0.045625 0.08125
0 0.8908333333333334 0.4475 0.12416666666666666 0.665625
1 0.7890625 0.176875 0.045208333333333336 0.074375
0 0.7904166666666667 0.4403125 0.11125 0.633125
1 0.7016666666666667 0.22296875 0.04083333333333333 0.0821875
0 0.7023958333333333 0.466875 0.10145833333333333 0.5775
1 0.6189583333333334 0.2059375 0.03875 0.071875
0 0.6216666666666667 0.43921875 0.10291666666666667 0.5590625
1 0.5048958333333333 0.33375 0.044375 0.081875
0 0.5227083333333333 0.53171875 0.11041666666666666 0.5096875
1 0.5266666666666666 0.2065625 0.035833333333333335 0.07125
0 0.5276041666666667 0.425625 0.095625 0.544375
1 0.42875 0.375 0.04416666666666667 0.079375
0 0.421875 0.5478125 0.11291666666666667 0.453125
1 0.3184375 0.39328125 0.043958333333333335 0.0753125
0 0.3175 0.55828125 0.10791666666666666 0.4321875
1 0.15822916666666667 0.20640625 0.04604166666666667 0.0815625
0 0.1453125 0.4528125 0.12854166666666667 0.57875
1 0.2501041666666667 0.20140625 0.03979166666666667 0.0778125
0 0.25416666666666665 0.4490625 0.11125 0.57375
1 0.35125 0.2328125 0.042083333333333334 0.07125
0 0.35333333333333333 0.465625 0.10375 0.545625
1 0.4448958333333333 0.2234375 0.03770833333333334 0.071875
0 0.44979166666666665 0.4471875 0.10291666666666667 0.538125