1 0.077880859375 0.6022135416666666 0.03955078125 0.053385416666666664
0 0.074462890625 0.7421875 0.14892578125 0.328125
1 0.0380859375 0.5777994791666666 0.0078125 0.011067708333333334
0 0.03662109375 0.6083984375 0.033203125 0.076171875
1 0.078125 0.6009114583333334 0.0380859375 0.053385416666666664
0 0.06884765625 0.7047526041666666 0.1015625 0.2662760416666667
1 0.093017578125 0.58203125 0.00927734375 0.015625
0 0.08935546875 0.6175130208333334 0.025390625 0.08919270833333333
1 0.142822265625 0.5807291666666666 0.00732421875 0.010416666666666666
0 0.138427734375 0.6110026041666666 0.03369140625 0.076171875
1 0.156982421875 0.5960286458333334 0.01904296875 0.031901041666666664
0 0.14501953125 0.6770833333333334 0.06640625 0.19921875
1 0.198486328125 0.5930989583333334 0.03955078125 0.059895833333333336
0 0.17138671875 0.7731119791666666 0.1796875 0.4212239583333333
1 0.23486328125 0.5843098958333334 0.0068359375 0.011067708333333334
0 0.22705078125 0.6110026041666666 0.029296875 0.068359375
1 0.23974609375 0.5615234375 0.00390625 0.005859375
0 0.23828125 0.5774739583333334 0.0107421875 0.044270833333333336
1 0.24658203125 0.5625 0.00390625 0.006510416666666667
0 0.247802734375 0.578125 0.01123046875 0.041666666666666664
1 0.279296875 0.5924479166666666 0.0078125 0.010416666666666666
0 0.2802734375 0.6194661458333334 0.0234375 0.06705729166666667
1 0.289794921875 0.58203125 0.00732421875 0.01171875
0 0.28076171875 0.6136067708333334 0.0322265625 0.07747395833333333
1 0.301513671875 0.5641276041666666 0.00439453125 0.007161458333333333
0 0.298583984375 0.5836588541666666 0.01220703125 0.048828125
1 0.3056640625 0.5667317708333334 0.0048828125 0.007161458333333333
0 0.30517578125 0.5846354166666666 0.013671875 0.044270833333333336
1 0.32470703125 0.5823567708333334 0.0087890625 0.035807291666666664
0 0.32470703125 0.5823567708333334 0.0087890625 0.035807291666666664
1 0.329345703125 0.5667317708333334 0.00439453125 0.005859375
0 0.32861328125 0.5810546875 0.0107421875 0.037109375
1 0.351318359375 0.5716145833333334 0.00341796875 0.005208333333333333
0 0.354248046875 0.5862630208333334 0.01123046875 0.037109375
1 0.364013671875 0.5673828125 0.00341796875 0.004557291666666667
0 0.3642578125 0.583984375 0.0107421875 0.0390625
1 0.379638671875 0.5660807291666666 0.00341796875 0.004557291666666667
0 0.380126953125 0.5823567708333334 0.01220703125 0.038411458333333336
1 0.31982421875 0.6018880208333334 0.02734375 0.041015625
0 0.310791015625 0.7086588541666666 0.10107421875 0.2649739583333333
1 0.39453125 0.6233723958333334 0.025390625 0.044921875
0 0.369873046875 0.7194010416666666 0.07958984375 0.23828125
1 0.44189453125 0.6217447916666666 0.029296875 0.048177083333333336
0 0.451904296875 0.7584635416666666 0.12060546875 0.328125
1 0.494140625 0.6106770833333334 0.017578125 0.028645833333333332
0 0.4970703125 0.6839192708333334 0.0673828125 0.17903645833333334
1 0.635498046875 0.6171875 0.02978515625 0.0390625
0 0.6318359375 0.7281901041666666 0.1083984375 0.259765625
1 0.470703125 0.5862630208333334 0.0048828125 0.009765625
0 0.469482421875 0.6126302083333334 0.01708984375 0.06510416666666667
1 0.3779296875 0.5852864583333334 0.0087890625 0.013020833333333334
0 0.371826171875 0.6116536458333334 0.01806640625 0.06705729166666667
1 0.38037109375 0.5869140625 0.005859375 0.011067708333333334
0 0.377197265625 0.6126302083333334 0.01416015625 0.06640625
1 0.33642578125 0.5924479166666666 0.0107421875 0.018229166666666668
0 0.33544921875 0.6337890625 0.01953125 0.103515625
1 0.801513671875 0.59375 0.01025390625 0.013020833333333334
0 0.79541015625 0.630859375 0.0380859375 0.08854166666666667
1 0.849365234375 0.5970052083333334 0.00732421875 0.010416666666666666
0 0.85107421875 0.625 0.0205078125 0.06901041666666667
1 0.89501953125 0.6077473958333334 0.00390625 0.005859375
0 0.895263671875 0.6178385416666666 0.01513671875 0.03125
1 0.942138671875 0.5986328125 0.00732421875 0.011067708333333334
0 0.94921875 0.623046875 0.025390625 0.0625
1 0.5146484375 0.6022135416666666 0.0107421875 0.016927083333333332
0 0.52001953125 0.6402994791666666 0.03125 0.09700520833333333
1 0.526611328125 0.5908203125 0.00830078125 0.011067708333333334
0 0.52734375 0.6236979166666666 0.0224609375 0.078125
1 0.542724609375 0.5947265625 0.00732421875 0.011067708333333334
0 0.544189453125 0.6217447916666666 0.02197265625 0.06901041666666667
1 0.15283203125 0.5817057291666666 0.0068359375 0.009765625
0 0.151611328125 0.611328125 0.01904296875 0.0703125