1 0.2265625 0.35 0.05 0.075
0 0.20234375 0.6041666666666666 0.1703125 0.6083333333333333
1 0.259375 0.3927083333333333 0.059375 0.10208333333333333
0 0.2453125 0.665625 0.2 0.66875
1 0.29296875 0.4427083333333333 0.0484375 0.08958333333333333
0 0.2796875 0.6625 0.1125 0.5583333333333333
1 0.41953125 0.378125 0.0546875 0.08958333333333333
0 0.4171875 0.6416666666666667 0.184375 0.6291666666666667
1 0.5046875 0.459375 0.065625 0.10208333333333333
0 0.49140625 0.7010416666666667 0.2140625 0.5979166666666667
1 0.6390625 0.3885416666666667 0.0625 0.10625
0 0.66640625 0.6635416666666667 0.1953125 0.6729166666666667
1 0.6953125 0.48854166666666665 0.065625 0.11458333333333333
0 0.69453125 0.7125 0.1640625 0.575
1 0.709375 0.46979166666666666 0.05 0.08125
0 0.7359375 0.6854166666666667 0.1375 0.525