1 0.027142857142857142 0.6155480033984707 0.022857142857142857 0.05692438402718777
0 0.04 0.6945624468988955 0.08 0.22005097706032287
1 0.04380952380952381 0.6618521665250637 0.023809523809523808 0.05097706032285471
0 0.04904761904761905 0.7166525063721325 0.07047619047619047 0.16397621070518267
1 0.013333333333333334 0.40399320305862363 0.025714285714285714 0.05862361937128292
0 0.035 0.5598980458793543 0.07 0.3806287170773152
1 0.08214285714285714 0.2548853016142736 0.05 0.11214953271028037
0 0.08261904761904762 0.5480033984706882 0.15476190476190477 0.7102803738317757
1 0.12285714285714286 0.4180118946474087 0.023809523809523808 0.04927782497875956
0 0.11285714285714285 0.5815632965165676 0.06952380952380953 0.43755310110450296
1 0.15738095238095237 0.45751911639762105 0.023333333333333334 0.04672897196261682
0 0.15857142857142856 0.6146983857264231 0.049523809523809526 0.3610875106202209
1 0.17333333333333334 0.4358538657604078 0.025714285714285714 0.059473237043330504
0 0.17166666666666666 0.6015293118096856 0.07666666666666666 0.39932030586236195
1 0.20976190476190476 0.43755310110450296 0.025238095238095237 0.056074766355140186
0 0.21071428571428572 0.5951571792693288 0.05761904761904762 0.3882752761257434
1 0.25761904761904764 0.3058623619371283 0.04476190476190476 0.11554800339847068
0 0.2742857142857143 0.5802888700084962 0.15619047619047619 0.6779949022939677
1 0.32071428571428573 0.41461342395921835 0.023333333333333334 0.05777400169923534
0 0.3230952380952381 0.5819881053525914 0.05952380952380952 0.4010195412064571
1 0.34404761904761905 0.42650807136788443 0.027142857142857142 0.056074766355140186
0 0.34785714285714286 0.5900594732370433 0.05857142857142857 0.3882752761257434
1 0.355 0.4668649107901444 0.024285714285714285 0.055225148683092605
0 0.3607142857142857 0.5943075615972813 0.047142857142857146 0.318606627017842
1 0.4035714285714286 0.42183517417162275 0.02619047619047619 0.04333050127442651
0 0.4054761904761905 0.5858113848768054 0.06714285714285714 0.38657604078164826
1 0.44261904761904763 0.2531860662701784 0.043333333333333335 0.11214953271028037
0 0.455 0.5429056924384027 0.14047619047619048 0.7051826677994902
1 0.5083333333333333 0.3980458793542906 0.02142857142857143 0.05352591333899745
0 0.5121428571428571 0.5773152081563296 0.08238095238095237 0.42735768903993204
1 0.5273809523809524 0.4413763806287171 0.02619047619047619 0.051826677994902294
0 0.5266666666666666 0.6015293118096856 0.07047619047619047 0.3806287170773152
1 0.5654761904761905 0.45539507221750214 0.025238095238095237 0.056074766355140186
0 0.5616666666666666 0.6091758708581139 0.06714285714285714 0.37043330501274424
1 0.6288095238095238 0.3135089209855565 0.03666666666666667 0.08666100254885302
0 0.6245238095238095 0.5628717077315208 0.11666666666666667 0.5870858113848768
1 0.6652380952380952 0.5165675446049278 0.040952380952380955 0.07306711979609176
0 0.6957142857142857 0.5955819881053526 0.12380952380952381 0.26338147833474934
1 0.695952380952381 0.4001699235344095 0.027142857142857142 0.05777400169923534
0 0.6969047619047619 0.5781648258283772 0.06714285714285714 0.42225998300764656
1 0.7645238095238095 0.21962616822429906 0.04619047619047619 0.11979609175870858
0 0.7738095238095238 0.5339847068819031 0.1457142857142857 0.7570093457943925
1 0.820952380952381 0.6435853865760408 0.023809523809523808 0.055225148683092605
0 0.8514285714285714 0.7039082412914188 0.09619047619047619 0.1860662701784197
1 0.8597619047619047 0.4209855564995752 0.025238095238095237 0.048428207306711976
0 0.8602380952380952 0.5841121495327103 0.07857142857142857 0.405267629566695
1 0.8588095238095238 0.4235344095157179 0.025238095238095237 0.051826677994902294
0 0.8728571428571429 0.5849617672047579 0.08666666666666667 0.4103653355989805
1 0.9061904761904762 0.2905692438402719 0.0419047619047619 0.1070518266779949
0 0.9133333333333333 0.5662701784197112 0.14476190476190476 0.6652506372132541