1 0.6684210526315789 0.37458745874587457 0.04631578947368421 0.09900990099009901
0 0.6684210526315789 0.6567656765676567 0.10947368421052632 0.6864686468646864
1 0.22052631578947368 0.42244224422442245 0.03684210526315789 0.066006600660066
0 0.21578947368421053 0.6353135313531353 0.09473684210526316 0.504950495049505
1 0.07894736842105263 0.3564356435643564 0.061052631578947365 0.10891089108910891
0 0.08 0.6485148514851485 0.16 0.7029702970297029
1 0.12052631578947369 0.382013201320132 0.08105263157894736 0.16336633663366337
0 0.12210526315789473 0.6476897689768977 0.24421052631578946 0.7046204620462047
1 0.44263157894736843 0.1443894389438944 0.09789473684210526 0.18316831683168316
0 0.41947368421052633 0.5057755775577558 0.3294736842105263 0.9884488448844885
1 0.8152631578947368 0.13448844884488448 0.11894736842105263 0.19966996699669967
0 0.8478947368421053 0.5132013201320133 0.3042105263157895 0.9735973597359736
1 0.6447368421052632 0.23514851485148514 0.07473684210526316 0.12706270627062707
0 0.6378947368421053 0.5825082508250825 0.16421052631578947 0.834983498349835
1 0.3547368421052632 0.14933993399339934 0.07368421052631578 0.14686468646864687
0 0.3368421052631579 0.518976897689769 0.1936842105263158 0.9620462046204621
1 0.28578947368421054 0.3250825082508251 0.05578947368421053 0.0891089108910891
0 0.26052631578947366 0.6361386138613861 0.15052631578947367 0.7277227722772277