1 0.2630796670630202 0.2660619803476946 0.054102259215219974 0.08163265306122448
0 0.28180737217598095 0.5404383975812547 0.15338882282996433 0.636432350718065
1 0.3769322235434007 0.31519274376417233 0.06064209274673008 0.0982615268329554
0 0.38971462544589774 0.5880574452003023 0.12901307966706302 0.672713529856387
1 0.4123067776456599 0.28647014361300077 0.054102259215219974 0.08919123204837491
0 0.40784780023781214 0.5453514739229025 0.1450653983353151 0.6205593348450491
1 0.45481569560047563 0.25774754346182915 0.04994054696789536 0.08465608465608465
0 0.45541022592152197 0.5196523053665911 0.1426872770511296 0.6220710506424793
1 0.5115933412604042 0.3148148148148148 0.055291319857312726 0.0944822373393802
0 0.5541022592152199 0.5865457294028723 0.1961950059453032 0.654572940287226
1 0.5915576694411415 0.24414210128495842 0.052318668252080855 0.08465608465608465
0 0.6064209274673008 0.4969765684051398 0.178359096313912 0.6054421768707483
1 0.6727110582639715 0.23469387755102042 0.05766944114149822 0.10808767951625095
0 0.6846016646848989 0.518140589569161 0.19322235434007135 0.6870748299319728
1 0.7550535077288941 0.23167044595616024 0.054696789536266346 0.08692365835222977
0 0.7797265160523187 0.5136054421768708 0.1967895362663496 0.655328798185941