1 0.06103515625 0.5783308931185944 0.0048828125 0.008784773060029283
0 0.0576171875 0.6010248901903368 0.017578125 0.05710102489019034
1 0.0400390625 0.5783308931185944 0.005859375 0.008784773060029283
0 0.0390625 0.5937042459736457 0.015625 0.05417276720351391
1 0.02685546875 0.5614934114202049 0.0048828125 0.007320644216691069
0 0.02490234375 0.5775988286969254 0.0146484375 0.04538799414348463
1 0.0400390625 0.5937042459736457 0.005859375 0.010248901903367497
0 0.03759765625 0.6207906295754027 0.0205078125 0.07320644216691069
1 0.01611328125 0.595900439238653 0.0068359375 0.01171303074670571
0 0.015625 0.62298682284041 0.01953125 0.07174231332357248
1 0.1875 0.6588579795021962 0.017578125 0.03513909224011713
0 0.177734375 0.7415812591508053 0.052734375 0.2005856515373353
1 0.287109375 0.5153733528550513 0.03515625 0.04978038067349927
0 0.27099609375 0.6734992679355783 0.1044921875 0.3953147877013177
1 0.3046875 0.527818448023426 0.0234375 0.03953147877013177
0 0.3056640625 0.6581259150805271 0.06640625 0.3089311859443631
1 0.36181640625 0.5161054172767203 0.0244140625 0.036603221083455345
0 0.35986328125 0.637628111273792 0.0556640625 0.29428989751098095
1 0.39404296875 0.5358711566617862 0.0283203125 0.04685212298682284
0 0.3974609375 0.6830161054172768 0.08984375 0.34992679355783307
1 0.41162109375 0.5263543191800878 0.0205078125 0.036603221083455345
0 0.4072265625 0.6434846266471449 0.04296875 0.27379209370424595
1 0.43896484375 0.54099560761347 0.0302734375 0.05710102489019034
0 0.44677734375 0.6998535871156661 0.0849609375 0.3806734992679356
1 0.458984375 0.5336749633967789 0.017578125 0.03074670571010249
0 0.45751953125 0.6215226939970717 0.0439453125 0.21815519765739386
1 0.4853515625 0.5256222547584187 0.03125 0.04978038067349927
0 0.48486328125 0.678623718887262 0.0830078125 0.3821376281112738
1 0.4892578125 0.5124450951683748 0.033203125 0.06149341142020498
0 0.482421875 0.7320644216691069 0.123046875 0.5124450951683748
1 0.51953125 0.527818448023426 0.015625 0.036603221083455345
0 0.52001953125 0.6105417276720352 0.0341796875 0.2020497803806735
1 0.5478515625 0.5153733528550513 0.025390625 0.04978038067349927
0 0.54736328125 0.6830161054172768 0.0751953125 0.39092240117130306
1 0.57861328125 0.513177159590044 0.0224609375 0.036603221083455345
0 0.57470703125 0.6625183016105417 0.0576171875 0.3411420204978038
1 0.6279296875 0.49633967789165445 0.0390625 0.06734992679355783
0 0.6298828125 0.7240117130307467 0.1171875 0.5285505124450952
1 0.66162109375 0.5468521229868228 0.0302734375 0.048316251830161056
0 0.66455078125 0.6625183016105417 0.0576171875 0.28257686676427524
1 0.671875 0.5256222547584187 0.01953125 0.029282576866764276
0 0.6728515625 0.6295754026354319 0.046875 0.24011713030746706
1 0.70703125 0.5212298682284041 0.029296875 0.04685212298682284
0 0.71435546875 0.6669106881405563 0.0556640625 0.3411420204978038
1 0.74560546875 0.5175695461200586 0.0380859375 0.05417276720351391
0 0.7490234375 0.705710102489019 0.1171875 0.445095168374817
1 0.78515625 0.5505124450951684 0.029296875 0.04685212298682284
0 0.7939453125 0.6874084919472914 0.068359375 0.33528550512445093
1 0.78564453125 0.5153733528550513 0.0244140625 0.040995607613469986
0 0.7861328125 0.6251830161054173 0.044921875 0.2664714494875549
1 0.82666015625 0.5483162518301611 0.0302734375 0.048316251830161056
0 0.84130859375 0.6683748169838946 0.0810546875 0.2913616398243045
1 0.90673828125 0.5307467057101025 0.0458984375 0.05124450951683748
0 0.912109375 0.7079062957540263 0.09765625 0.4143484626647145