1 0.08251953125 0.40625 0.0419921875 0.06770833333333333
0 0.0869140625 0.634765625 0.15625 0.5325520833333334
1 0.16650390625 0.41796875 0.0439453125 0.06510416666666667
0 0.1435546875 0.630859375 0.181640625 0.4986979166666667
1 0.23779296875 0.3919270833333333 0.0439453125 0.06510416666666667
0 0.2216796875 0.6126302083333334 0.244140625 0.5143229166666666
1 0.3017578125 0.400390625 0.041015625 0.06640625
0 0.30712890625 0.61328125 0.1201171875 0.5
1 0.38134765625 0.3782552083333333 0.0439453125 0.06640625
0 0.38671875 0.6048177083333334 0.146484375 0.5247395833333334
1 0.45068359375 0.3880208333333333 0.0400390625 0.07552083333333333
0 0.44775390625 0.6080729166666666 0.1435546875 0.5182291666666666
1 0.51220703125 0.40234375 0.0458984375 0.078125
0 0.5 0.6100260416666666 0.13671875 0.5143229166666666
1 0.572265625 0.4016927083333333 0.0390625 0.06380208333333333
0 0.57763671875 0.6061197916666666 0.1044921875 0.48046875
1 0.640625 0.4231770833333333 0.0390625 0.06510416666666667
0 0.64453125 0.619140625 0.09375 0.4622395833333333
1 0.703125 0.400390625 0.044921875 0.07161458333333333
0 0.7119140625 0.60546875 0.16015625 0.484375
1 0.771484375 0.431640625 0.04296875 0.06901041666666667
0 0.791015625 0.6197916666666666 0.224609375 0.4947916666666667
1 0.83984375 0.3723958333333333 0.044921875 0.0703125
0 0.85498046875 0.6002604166666666 0.2451171875 0.5390625
1 0.90771484375 0.3528645833333333 0.0498046875 0.07552083333333333
0 0.90234375 0.6041666666666666 0.1953125 0.5807291666666666