1 0.105119825708061 0.32305055698371893 0.032679738562091505 0.06683804627249357
0 0.085239651416122 0.46872322193658955 0.10620915032679738 0.3581833761782348
1 0.24727668845315903 0.3281919451585261 0.007625272331154684 0.015424164524421594
0 0.25 0.3723221936589546 0.027233115468409588 0.11053984575835475
1 0.24428104575163398 0.3196229648671808 0.007080610021786492 0.013710368466152529
0 0.24537037037037038 0.3560411311053985 0.03104575163398693 0.09168808911739502
1 0.3006535947712418 0.3161953727506427 0.007625272331154684 0.011996572407883462
0 0.3025599128540305 0.3671808054841474 0.03104575163398693 0.11739502999143102
1 0.19498910675381265 0.32947729220222793 0.008714596949891068 0.016281062553556127
0 0.19607843137254902 0.3731790916880891 0.02178649237472767 0.10539845758354756
1 0.1770152505446623 0.33547557840616965 0.008714596949891068 0.016281062553556127
0 0.1775599128540305 0.37660668380462725 0.030501089324618737 0.10197086546700942
1 0.04547930283224401 0.3337617823479006 0.005991285403050109 0.011139674378748929
0 0.044389978213507625 0.3748928877463582 0.020152505446623094 0.10025706940874037
1 0.04411764705882353 0.3264781491002571 0.006535947712418301 0.011996572407883462
0 0.04520697167755991 0.3731790916880891 0.02287581699346405 0.11053984575835475
1 0.07489106753812637 0.3281919451585261 0.007080610021786492 0.013710368466152529
0 0.0724400871459695 0.37146529562982006 0.020697167755991286 0.10197086546700942
1 0.08932461873638345 0.32476435304198803 0.006535947712418301 0.011996572407883462
0 0.08959694989106753 0.36461011139674376 0.01906318082788671 0.10711225364181662
1 0.7696078431372549 0.3363324764353042 0.015250544662309368 0.026563838903170524
0 0.7712418300653595 0.40531276778063413 0.04030501089324619 0.1662382176520994
0 0.8366013071895425 0.6233933161953727 0.32679738562091504 0.7532133676092545
1 0.8986928104575164 0.31319622964867183 0.05119825708061002 0.08997429305912596
0 0.8071895424836601 0.5107112253641817 0.289760348583878 0.5227077977720651
1 0.8981481481481481 0.31533847472150817 0.044662309368191724 0.0805484147386461
0 0.8447712418300654 0.6096829477292203 0.3104575163398693 0.6555269922879178
1 0.9011437908496732 0.31790916880891174 0.041938997821350764 0.07369323050556983
0 0.8845315904139434 0.5141388174807198 0.23093681917211328 0.46786632390745503