1 0.8910714285714286 0.35 0.02976190476190476 0.05
0 0.8678571428571429 0.4901785714285714 0.11428571428571428 0.3410714285714286
1 0.7154761904761905 0.4232142857142857 0.023809523809523808 0.039285714285714285
0 0.7101190476190476 0.48660714285714285 0.041666666666666664 0.1732142857142857
1 0.7285714285714285 0.34732142857142856 0.01904761904761905 0.033928571428571426
0 0.7267857142857143 0.4357142857142857 0.04880952380952381 0.21428571428571427
1 0.7297619047619047 0.3267857142857143 0.01904761904761905 0.03214285714285714
0 0.7351190476190477 0.40535714285714286 0.04642857142857143 0.19285714285714287
1 0.5845238095238096 0.31339285714285714 0.02142857142857143 0.04107142857142857
0 0.5833333333333334 0.4125 0.05952380952380952 0.25
1 0.2642857142857143 0.29910714285714285 0.01904761904761905 0.030357142857142857
0 0.2619047619047619 0.38839285714285715 0.05238095238095238 0.21607142857142858
1 0.19107142857142856 0.3223214285714286 0.02023809523809524 0.033928571428571426
0 0.19107142857142856 0.4017857142857143 0.05119047619047619 0.2
1 0.12678571428571428 0.29196428571428573 0.025 0.044642857142857144
0 0.1261904761904762 0.40089285714285716 0.06666666666666667 0.2732142857142857
1 0.08095238095238096 0.30089285714285713 0.023809523809523808 0.04107142857142857
0 0.0761904761904762 0.4142857142857143 0.05 0.2857142857142857
1 0.017261904761904763 0.3205357142857143 0.03214285714285714 0.05892857142857143
0 0.03154761904761905 0.4616071428571429 0.0630952380952381 0.34464285714285714
1 0.039285714285714285 0.30625 0.02619047619047619 0.048214285714285716
0 0.04404761904761905 0.44375 0.05714285714285714 0.3339285714285714