1 0.06103515625 0.2707390648567119 0.0595703125 0.10708898944193061
0 0.08740234375 0.555052790346908 0.1748046875 0.6817496229260935
1 0.13427734375 0.33710407239819007 0.0478515625 0.09803921568627451
0 0.14697265625 0.5716440422322775 0.1240234375 0.5822021116138764
1 0.169921875 0.2986425339366516 0.0390625 0.0693815987933635
0 0.17529296875 0.5150829562594268 0.0908203125 0.526395173453997
1 0.1943359375 0.3393665158371041 0.04296875 0.08748114630467571
0 0.20849609375 0.5603318250377074 0.1103515625 0.5565610859728507
1 0.205078125 0.2933634992458522 0.037109375 0.06184012066365008
0 0.2138671875 0.4539969834087481 0.06640625 0.39215686274509803
1 0.26904296875 0.3137254901960784 0.0361328125 0.06636500754147813
0 0.27099609375 0.4645550527903469 0.0693359375 0.3740573152337858
1 0.28125 0.32277526395173456 0.037109375 0.0693815987933635
0 0.27392578125 0.530920060331825 0.0830078125 0.4947209653092006
1 0.31103515625 0.27978883861236803 0.0419921875 0.08597285067873303
0 0.3203125 0.5248868778280543 0.12890625 0.5912518853695324
1 0.36962890625 0.2828054298642534 0.0439453125 0.08295625942684766
0 0.3720703125 0.5203619909502263 0.115234375 0.5701357466063348
1 0.447265625 0.26244343891402716 0.029296875 0.06334841628959276
0 0.44189453125 0.46003016591251883 0.0849609375 0.473604826546003
1 0.4609375 0.277526395173454 0.044921875 0.08748114630467571
0 0.45751953125 0.5279034690799397 0.1279296875 0.6003016591251885
1 0.47412109375 0.28808446455505277 0.0283203125 0.05731523378582202
0 0.48779296875 0.5120663650075414 0.0595703125 0.526395173453997
1 0.5380859375 0.30392156862745096 0.046875 0.09502262443438914
0 0.5673828125 0.526395173453997 0.111328125 0.5580693815987934
1 0.59423828125 0.30693815987933637 0.0634765625 0.10105580693815988
0 0.626953125 0.5437405731523378 0.173828125 0.6018099547511312
1 0.65771484375 0.2458521870286576 0.0419921875 0.06334841628959276
0 0.65625 0.46003016591251883 0.107421875 0.5037707390648567
1 0.7158203125 0.2888386123680241 0.0390625 0.06787330316742081
0 0.72021484375 0.4592760180995475 0.0712890625 0.42684766214177977
1 0.76318359375 0.28205128205128205 0.0478515625 0.07239819004524888
0 0.76513671875 0.5399698340874811 0.1669921875 0.5822021116138764
1 0.76806640625 0.23152337858220212 0.0849609375 0.167420814479638
0 0.72314453125 0.5316742081447964 0.3193359375 0.7737556561085973