1 0.9619020061728395 0.5452835648148148 0.04301697530864197 0.08362268518518519
0 0.9399112654320988 0.6491608796296297 0.12017746913580248 0.2994791666666667
1 0.9675925925925926 0.5086805555555556 0.03819444444444445 0.06018518518518518
0 0.9445408950617284 0.5963541666666666 0.11091820987654322 0.2662037037037037
1 0.8423996913580247 0.5011574074074074 0.03587962962962963 0.07349537037037036
0 0.8623649691358025 0.5697337962962963 0.13483796296296297 0.3287037037037037
1 0.7796103395061729 0.5766782407407407 0.041087962962962965 0.08101851851851852
0 0.8054591049382716 0.6578414351851852 0.16724537037037038 0.3550347222222222
1 0.6820023148148148 0.5625 0.03838734567901234 0.0625
0 0.7400655864197531 0.6090856481481481 0.17496141975308643 0.25
1 0.7259837962962963 0.41015625 0.025655864197530864 0.05237268518518518
0 0.7352430555555556 0.49291087962962965 0.13059413580246915 0.23350694444444445
1 0.6890432098765432 0.48972800925925924 0.03009259259259259 0.06105324074074074
0 0.6969521604938271 0.5528067129629629 0.16859567901234568 0.23755787037037038
1 0.6206597222222222 0.5299479166666666 0.036458333333333336 0.06336805555555555
0 0.6490162037037037 0.5623553240740741 0.12172067901234568 0.2566550925925926
1 0.6262538580246914 0.6140046296296297 0.048032407407407406 0.08622685185185185
0 0.6313657407407407 0.7081886574074074 0.15316358024691357 0.2896412037037037
1 0.5565200617283951 0.5189525462962963 0.032407407407407406 0.06394675925925926
0 0.5697337962962963 0.5763888888888888 0.08121141975308642 0.19212962962962962
1 0.5497685185185185 0.5587384259259259 0.03780864197530864 0.07175925925925926
0 0.5687692901234568 0.6592881944444444 0.11786265432098765 0.2884837962962963
1 0.49951774691358025 0.47453703703703703 0.029513888888888888 0.06944444444444445
0 0.5423418209876543 0.5444155092592593 0.16415895061728394 0.21903935185185186
1 0.5410879629629629 0.4011863425925926 0.030478395061728395 0.055266203703703706
0 0.5337577160493827 0.46498842592592593 0.09143518518518519 0.3107638888888889
1 0.4904513888888889 0.6717303240740741 0.03915895061728395 0.07609953703703703
0 0.5059799382716049 0.7488425925925926 0.1261574074074074 0.25
1 0.5022183641975309 0.5931712962962963 0.038001543209876545 0.06944444444444445
0 0.5202546296296297 0.6780960648148148 0.11458333333333333 0.24913194444444445
1 0.4411651234567901 0.5923032407407407 0.04050925925925926 0.07465277777777778
0 0.4601658950617284 0.6743344907407407 0.1255787037037037 0.26070601851851855
1 0.40335648148148145 0.6741898148148148 0.035493827160493825 0.0787037037037037
0 0.41001157407407407 0.7565104166666666 0.11400462962962964 0.2595486111111111
1 0.44145447530864196 0.4730902777777778 0.03260030864197531 0.06944444444444445
0 0.4581404320987654 0.5409432870370371 0.16550925925925927 0.22077546296296297
1 0.3646797839506173 0.5807291666666666 0.03877314814814815 0.07291666666666667
0 0.3704668209876543 0.6662326388888888 0.11593364197530864 0.2803819444444444
1 0.3273533950617284 0.6219618055555556 0.03896604938271605 0.07378472222222222
0 0.3376736111111111 0.7322048611111112 0.0931712962962963 0.3133680555555556
1 0.26099537037037035 0.7038483796296297 0.03510802469135803 0.08015046296296297
0 0.2808641975308642 0.7702546296296297 0.13001543209876543 0.2829861111111111
1 0.3974729938271605 0.3576388888888889 0.029513888888888888 0.057291666666666664
0 0.4134837962962963 0.47453703703703703 0.11091820987654322 0.41550925925925924
1 0.3314043209876543 0.33695023148148145 0.02970679012345679 0.06510416666666667
0 0.3403742283950617 0.4558738425925926 0.10011574074074074 0.39554398148148145
1 0.2596450617283951 0.3168402777777778 0.03433641975308642 0.06597222222222222
0 0.25482253086419754 0.4603587962962963 0.11921296296296297 0.45891203703703703
1 0.18238811728395063 0.34085648148148145 0.034915123456790126 0.06886574074074074
0 0.1896219135802469 0.49508101851851855 0.12422839506172839 0.39699074074074076
1 0.18759645061728394 0.6668113425925926 0.03877314814814815 0.07378472222222222
0 0.1956983024691358 0.7621527777777778 0.10513117283950617 0.30150462962962965
1 0.2349537037037037 0.5695891203703703 0.03819444444444445 0.06915509259259259
0 0.2300347222222222 0.6650752314814815 0.10435956790123457 0.2879050925925926
1 0.1482445987654321 0.6362847222222222 0.043402777777777776 0.08333333333333333
0 0.18663194444444445 0.7269965277777778 0.15142746913580246 0.2902199074074074
1 0.11352237654320987 0.5758101851851852 0.03915895061728395 0.0775462962962963
0 0.13734567901234568 0.6885127314814815 0.19020061728395063 0.3151041666666667
1 0.07156635802469136 0.3666087962962963 0.03433641975308642 0.06770833333333333
0 0.07484567901234568 0.5685763888888888 0.1091820987654321 0.5017361111111112
1 0.01861496913580247 0.48292824074074076 0.030285493827160493 0.04918981481481482
0 0.047935956790123455 0.5692997685185185 0.09587191358024691 0.23177083333333334
1 0.017457561728395063 0.6138599537037037 0.034915123456790126 0.04600694444444445
0 0.07002314814814815 0.6286168981481481 0.1400462962962963 0.09751157407407407