1 0.5514583333333334 0.2678125 0.032916666666666664 0.02875
0 0.5404166666666667 0.34984375 0.056666666666666664 0.1953125
1 0.719375 0.308125 0.037083333333333336 0.029375
0 0.7216666666666667 0.35953125 0.07083333333333333 0.1340625
1 0.6447916666666667 0.31203125 0.027083333333333334 0.0290625
0 0.6439583333333333 0.36234375 0.06958333333333333 0.1303125
1 0.5970833333333333 0.2615625 0.03333333333333333 0.03
0 0.5766666666666667 0.35046875 0.08916666666666667 0.2140625
1 0.7275 0.32265625 0.04083333333333333 0.0390625
0 0.7135416666666666 0.394375 0.10625 0.183125
1 0.798125 0.315625 0.04791666666666667 0.035
0 0.7847916666666667 0.388125 0.11208333333333333 0.191875
1 0.7910416666666666 0.3678125 0.05708333333333333 0.060625
0 0.7891666666666667 0.445625 0.16916666666666666 0.2275
1 0.8454166666666667 0.38296875 0.05333333333333334 0.0434375
0 0.8583333333333333 0.48296875 0.19833333333333333 0.2484375
1 0.9452083333333333 0.48546875 0.10958333333333334 0.1396875
0 0.8589583333333334 0.7 0.28208333333333335 0.589375
1 0.385 0.28265625 0.03916666666666667 0.0346875
0 0.4010416666666667 0.3603125 0.09958333333333333 0.1925
1 0.33708333333333335 0.29578125 0.045 0.0384375
0 0.36020833333333335 0.40015625 0.15541666666666668 0.2496875
1 0.253125 0.29609375 0.08541666666666667 0.0746875
0 0.241875 0.465625 0.27125 0.420625
1 0.05479166666666667 0.33296875 0.10958333333333334 0.0859375
0 0.19875 0.5984375 0.3975 0.625
1 0.719375 0.308125 0.037083333333333336 0.02875
0 0.7102083333333333 0.36765625 0.12041666666666667 0.1490625