1 0.4609375 0.4638888888888889 0.014583333333333334 0.027777777777777776
0 0.4622395833333333 0.5546296296296296 0.0546875 0.22407407407407406
1 0.45364583333333336 0.5694444444444444 0.014583333333333334 0.03333333333333333
0 0.4518229166666667 0.6625 0.05677083333333333 0.23055555555555557
1 0.47630208333333335 0.5578703703703703 0.015104166666666667 0.03611111111111111
0 0.47630208333333335 0.6412037037037037 0.0515625 0.21203703703703702
1 0.6317708333333333 0.5907407407407408 0.0125 0.024074074074074074
0 0.6278645833333333 0.6810185185185185 0.05572916666666667 0.22870370370370371
1 0.68359375 0.562962962962963 0.0171875 0.03148148148148148
0 0.6869791666666667 0.6546296296296297 0.04895833333333333 0.2222222222222222
1 0.9083333333333333 0.7143518518518519 0.013541666666666667 0.032407407407407406
0 0.9020833333333333 0.8050925925925926 0.06770833333333333 0.22685185185185186
1 0.9442708333333333 0.7518518518518519 0.015625 0.03148148148148148
0 0.9432291666666667 0.8162037037037037 0.0375 0.1712962962962963
1 0.946875 0.8458333333333333 0.020833333333333332 0.04537037037037037
0 0.9393229166666667 0.9083333333333333 0.04739583333333333 0.18333333333333332