1 0.9775390625 0.8232217573221757 0.014973958333333334 0.03138075313807531
0 0.9723307291666666 0.87918410041841 0.052734375 0.14539748953974896
1 0.9537760416666666 0.803347280334728 0.014322916666666666 0.027196652719665274
0 0.9388020833333334 0.8582635983263598 0.059895833333333336 0.13912133891213388
1 0.94140625 0.801255230125523 0.015625 0.03138075313807531
0 0.935546875 0.8519874476987448 0.046875 0.13702928870292888
1 0.916015625 0.7960251046025104 0.013020833333333334 0.02092050209205021
0 0.9085286458333334 0.8373430962343096 0.035807291666666664 0.10774058577405858
1 0.9169921875 0.7709205020920502 0.013671875 0.027196652719665274
0 0.9046223958333334 0.8200836820083682 0.060546875 0.1297071129707113
1 0.9085286458333334 0.7839958158995816 0.011067708333333334 0.021966527196652718
0 0.9016927083333334 0.8242677824267782 0.040364583333333336 0.10669456066945607
1 0.7216796875 0.9126569037656904 0.014973958333333334 0.034518828451882845
0 0.7259114583333334 0.944560669456067 0.052083333333333336 0.1108786610878661
1 0.7337239583333334 0.8692468619246861 0.016927083333333332 0.03347280334728033
0 0.7327473958333334 0.9257322175732218 0.048828125 0.14853556485355648
1 0.7581380208333334 0.819560669456067 0.014973958333333334 0.032426778242677826
0 0.7613932291666666 0.9006276150627615 0.046223958333333336 0.19874476987447698
1 0.72265625 0.8284518828451883 0.013020833333333334 0.027196652719665274
0 0.7158203125 0.9063807531380753 0.046223958333333336 0.18723849372384938
1 0.7447916666666666 0.7447698744769874 0.015625 0.02510460251046025
0 0.7438151041666666 0.8043933054393305 0.030598958333333332 0.1506276150627615
1 0.7493489583333334 0.7144351464435147 0.010416666666666666 0.014644351464435146
0 0.7493489583333334 0.7604602510460251 0.0234375 0.1108786610878661
1 0.7102864583333334 0.725418410041841 0.01171875 0.02615062761506276
0 0.708984375 0.8002092050209205 0.03515625 0.1799163179916318
1 0.6839192708333334 0.725418410041841 0.013671875 0.02615062761506276
0 0.681640625 0.8023012552301255 0.036458333333333336 0.18200836820083682
1 0.6637369791666666 0.7060669456066946 0.012369791666666666 0.02092050209205021
0 0.6669921875 0.7709205020920502 0.034505208333333336 0.15690376569037656
1 0.6357421875 0.729602510460251 0.013671875 0.028242677824267783
0 0.6389973958333334 0.801255230125523 0.038411458333333336 0.18410041841004185
1 0.6442057291666666 0.702928870292887 0.012369791666666666 0.02301255230125523
0 0.6399739583333334 0.7688284518828452 0.032552083333333336 0.16527196652719664
1 0.5927734375 0.8478033472803347 0.016276041666666668 0.034518828451882845
0 0.5950520833333334 0.9142259414225942 0.053385416666666664 0.17154811715481172
1 0.6061197916666666 0.801255230125523 0.013020833333333334 0.02510460251046025
0 0.611328125 0.8776150627615062 0.045572916666666664 0.18619246861924685
1 0.5169270833333334 0.7567991631799164 0.014322916666666666 0.028242677824267783
0 0.5143229166666666 0.8331589958158996 0.037760416666666664 0.18514644351464435
1 0.5403645833333334 0.7651673640167364 0.01171875 0.02615062761506276
0 0.5406901041666666 0.8362970711297071 0.034505208333333336 0.17259414225941422
1 0.544921875 0.747907949790795 0.014322916666666666 0.029288702928870293
0 0.544921875 0.8185146443514645 0.033854166666666664 0.17677824267782427
1 0.5693359375 0.7494769874476988 0.013671875 0.02405857740585774
0 0.5706380208333334 0.8164225941422594 0.030598958333333332 0.1600418410041841
1 0.6005859375 0.7332635983263598 0.011067708333333334 0.02301255230125523
0 0.5940755208333334 0.7913179916317992 0.046223958333333336 0.17468619246861924
1 0.5960286458333334 0.6825313807531381 0.013671875 0.02615062761506276
0 0.5966796875 0.7468619246861925 0.033203125 0.15690376569037656
1 0.5784505208333334 0.7107740585774058 0.012369791666666666 0.021966527196652718
0 0.5813802083333334 0.774581589958159 0.033854166666666664 0.151673640167364
1 0.55859375 0.7050209205020921 0.010416666666666666 0.02301255230125523
0 0.5582682291666666 0.7604602510460251 0.029296875 0.13598326359832635
1 0.544921875 0.6799163179916318 0.014322916666666666 0.02510460251046025
0 0.5403645833333334 0.7489539748953975 0.03515625 0.16527196652719664
1 0.5543619791666666 0.6448744769874477 0.011067708333333334 0.02615062761506276
0 0.5540364583333334 0.6903765690376569 0.02734375 0.12133891213389121
1 0.5846354166666666 0.6391213389121339 0.01171875 0.02301255230125523
0 0.5856119791666666 0.6882845188284519 0.029296875 0.12552301255230125
1 0.5032552083333334 0.647489539748954 0.013020833333333334 0.02301255230125523
0 0.505859375 0.7044979079497908 0.03515625 0.14330543933054393
1 0.4619140625 0.6516736401673641 0.009765625 0.02092050209205021
0 0.4622395833333333 0.7086820083682008 0.029947916666666668 0.13912133891213388
1 0.4365234375 0.6485355648535565 0.012369791666666666 0.02510460251046025
0 0.4319661458333333 0.7076359832635983 0.030598958333333332 0.14539748953974896
1 0.3798828125 0.7672594142259415 0.013671875 0.02405857740585774
0 0.3844401041666667 0.8446652719665272 0.046223958333333336 0.18305439330543932
1 0.3385416666666667 0.7709205020920502 0.015625 0.02510460251046025
0 0.3382161458333333 0.8425732217573222 0.043619791666666664 0.1893305439330544
1 0.1884765625 0.7259414225941423 0.012369791666666666 0.029288702928870293
0 0.193359375 0.7981171548117155 0.040364583333333336 0.17782426778242677
1 0.20670572916666666 0.6705020920502092 0.011067708333333334 0.02510460251046025
0 0.2041015625 0.7343096234309623 0.031901041666666664 0.15481171548117154
1 0.22395833333333334 0.6114016736401674 0.010416666666666666 0.0198744769874477
0 0.2236328125 0.6736401673640168 0.031901041666666664 0.14853556485355648
1 0.2861328125 0.6929916317991632 0.013671875 0.021966527196652718
0 0.2994791666666667 0.7144351464435147 0.04296875 0.0794979079497908
1 0.3134765625 0.6307531380753139 0.011067708333333334 0.02301255230125523
0 0.3196614583333333 0.6757322175732218 0.028645833333333332 0.11715481171548117
1 0.3587239583333333 0.62918410041841 0.009114583333333334 0.01778242677824268
0 0.3590494791666667 0.6757322175732218 0.024088541666666668 0.11506276150627615
1 0.3935546875 0.6213389121338913 0.011067708333333334 0.02301255230125523
0 0.3942057291666667 0.678347280334728 0.029296875 0.14330543933054393
1 0.380859375 0.6040794979079498 0.01171875 0.021966527196652718
0 0.3909505208333333 0.6647489539748954 0.043619791666666664 0.14748953974895398
1 0.50390625 0.516213389121339 0.010416666666666666 0.01778242677824268
0 0.5061848958333334 0.5632845188284519 0.035807291666666664 0.11610878661087866
1 0.546875 0.5047071129707112 0.009114583333333334 0.01778242677824268
0 0.548828125 0.5570083682008368 0.03125 0.12866108786610878
1 0.5625 0.4769874476987448 0.0078125 0.016736401673640166
0 0.5625 0.5151673640167364 0.018229166666666668 0.09728033472803348
1 0.5677083333333334 0.4341004184100418 0.006510416666666667 0.012552301255230125
0 0.5673828125 0.46705020920502094 0.021484375 0.08263598326359832
1 0.5846354166666666 0.42677824267782427 0.0078125 0.012552301255230125
0 0.5830078125 0.4571129707112971 0.013671875 0.07740585774058577
1 0.5755208333333334 0.42887029288702927 0.0078125 0.014644351464435146
0 0.5751953125 0.4560669456066946 0.016276041666666668 0.07531380753138076
1 0.5745442708333334 0.41997907949790797 0.008463541666666666 0.013598326359832637
0 0.5748697916666666 0.448744769874477 0.015625 0.07531380753138076
1 0.5514322916666666 0.4320083682008368 0.0078125 0.014644351464435146
0 0.5517578125 0.4675732217573222 0.020182291666666668 0.09205020920502092
1 0.5263671875 0.44822175732217573 0.009765625 0.015690376569037656
0 0.5286458333333334 0.4895397489539749 0.01953125 0.10669456066945607
1 0.4973958333333333 0.45502092050209203 0.0078125 0.014644351464435146
0 0.4986979166666667 0.4905857740585774 0.016927083333333332 0.08786610878661087
1 0.4886067708333333 0.4534518828451883 0.007161458333333333 0.013598326359832637
0 0.4879557291666667 0.4905857740585774 0.014973958333333334 0.09205020920502092
1 0.4749348958333333 0.428347280334728 0.007161458333333333 0.015690376569037656
0 0.4762369791666667 0.46443514644351463 0.017578125 0.09414225941422594
1 0.4541015625 0.4408995815899582 0.007161458333333333 0.015690376569037656
0 0.4554036458333333 0.4827405857740586 0.021484375 0.10146443514644352
1 0.4602864583333333 0.4341004184100418 0.006510416666666667 0.012552301255230125
0 0.4583333333333333 0.47175732217573224 0.01953125 0.09205020920502092
1 0.4352213541666667 0.44142259414225943 0.007161458333333333 0.012552301255230125
0 0.4348958333333333 0.4837866108786611 0.020833333333333332 0.10146443514644352
1 0.447265625 0.428347280334728 0.006510416666666667 0.011506276150627616
0 0.4443359375 0.46234309623430964 0.016276041666666668 0.08368200836820083
1 0.408203125 0.40585774058577406 0.006510416666666667 0.012552301255230125
0 0.4069010416666667 0.4398535564853556 0.022135416666666668 0.08472803347280335
1 0.419921875 0.5010460251046025 0.009114583333333334 0.016736401673640166
0 0.4182942708333333 0.5434100418410042 0.026692708333333332 0.10564853556485355
1 0.3932291666666667 0.49215481171548114 0.009114583333333334 0.015690376569037656
0 0.3938802083333333 0.5392259414225942 0.02734375 0.11192468619246862
1 0.3756510416666667 0.5057531380753139 0.0078125 0.013598326359832637
0 0.3740234375 0.5455020920502092 0.022786458333333332 0.09728033472803348
1 0.3740234375 0.46234309623430964 0.008463541666666666 0.014644351464435146
0 0.3733723958333333 0.4973849372384937 0.021484375 0.08891213389121339
1 0.3899739583333333 0.43357740585774057 0.006510416666666667 0.013598326359832637
0 0.3880208333333333 0.4639121338912134 0.018229166666666668 0.07845188284518828
1 0.3590494791666667 0.42102510460251047 0.005859375 0.011506276150627616
0 0.3567708333333333 0.45502092050209203 0.020833333333333332 0.08368200836820083
1 0.3655598958333333 0.3865062761506276 0.005859375 0.009414225941422594
0 0.3645833333333333 0.41422594142259417 0.014322916666666666 0.07112970711297072
1 0.3727213541666667 0.3655857740585774 0.004557291666666667 0.009414225941422594
0 0.3723958333333333 0.3912133891213389 0.013020833333333334 0.06485355648535565
1 0.3564453125 0.3619246861924686 0.005859375 0.010460251046025104
0 0.3551432291666667 0.3865062761506276 0.013671875 0.06171548117154812
1 0.3606770833333333 0.35826359832635984 0.005208333333333333 0.011506276150627616
0 0.3590494791666667 0.3817991631799163 0.014973958333333334 0.06276150627615062
1 0.337890625 0.3645397489539749 0.005208333333333333 0.009414225941422594
0 0.3375651041666667 0.38964435146443516 0.014973958333333334 0.06380753138075314
1 0.3372395833333333 0.4131799163179916 0.006510416666666667 0.012552301255230125
0 0.3382161458333333 0.44037656903765693 0.014973958333333334 0.07322175732217573
1 0.3297526041666667 0.4408995815899582 0.007161458333333333 0.013598326359832637
0 0.3304036458333333 0.4743723849372385 0.022786458333333332 0.08682008368200837
1 0.3297526041666667 0.46443514644351463 0.007161458333333333 0.014644351464435146
0 0.3313802083333333 0.4989539748953975 0.022135416666666668 0.08786610878661087
1 0.3473307291666667 0.5188284518828452 0.008463541666666666 0.016736401673640166
0 0.3460286458333333 0.5617154811715481 0.026692708333333332 0.11297071129707113
1 0.3450520833333333 0.5706066945606695 0.009114583333333334 0.01778242677824268
0 0.3414713541666667 0.6202928870292888 0.026692708333333332 0.12343096234309624
1 0.2662760416666667 0.5339958158995816 0.009114583333333334 0.01778242677824268
0 0.2646484375 0.5800209205020921 0.035807291666666664 0.11401673640167365
1 0.2503255208333333 0.5172594142259415 0.007161458333333333 0.013598326359832637
0 0.248046875 0.5617154811715481 0.02734375 0.10669456066945607
1 0.2692057291666667 0.49581589958158995 0.007161458333333333 0.012552301255230125
0 0.2698567708333333 0.5339958158995816 0.025390625 0.09518828451882845
1 0.24772135416666666 0.4837866108786611 0.008463541666666666 0.013598326359832637
0 0.24544270833333334 0.5214435146443515 0.020833333333333332 0.09728033472803348
1 0.19986979166666666 0.4811715481171548 0.0078125 0.016736401673640166
0 0.2021484375 0.5240585774058577 0.026692708333333332 0.10460251046025104
1 0.15299479166666666 0.4801255230125523 0.009114583333333334 0.014644351464435146
0 0.15494791666666666 0.5251046025104602 0.033854166666666664 0.1087866108786611
1 0.13053385416666666 0.48064853556485354 0.008463541666666666 0.013598326359832637
0 0.13020833333333334 0.5261506276150628 0.029947916666666668 0.1087866108786611
1 0.14322916666666666 0.47855648535564854 0.009114583333333334 0.015690376569037656
0 0.14583333333333334 0.522489539748954 0.020833333333333332 0.10774058577405858
1 0.09016927083333333 0.48430962343096234 0.008463541666666666 0.016736401673640166
0 0.0908203125 0.5235355648535565 0.027994791666666668 0.10564853556485355
1 0.15364583333333334 0.625 0.009114583333333334 0.015690376569037656
0 0.14615885416666666 0.678347280334728 0.055338541666666664 0.12866108786610878
1 0.1455078125 0.729602510460251 0.011067708333333334 0.021966527196652718
0 0.14225260416666666 0.7923640167364017 0.042317708333333336 0.1579497907949791
1 0.0869140625 0.7536610878661087 0.012369791666666666 0.02405857740585774
0 0.0869140625 0.8310669456066946 0.034505208333333336 0.1893305439330544
1 0.09830729166666667 0.6752092050209205 0.013020833333333334 0.02405857740585774
0 0.09765625 0.75 0.052083333333333336 0.18410041841004185
1 0.06901041666666667 0.7264644351464435 0.014322916666666666 0.030334728033472803
0 0.06705729166666667 0.797071129707113 0.03515625 0.17364016736401675
1 0.027018229166666668 0.7081589958158996 0.013671875 0.02510460251046025
0 0.024088541666666668 0.7839958158995816 0.0390625 0.1788702928870293
1 0.037109375 0.9089958158995816 0.015625 0.027196652719665274
0 0.0380859375 0.9419456066945606 0.041015625 0.11610878661087866
1 0.06510416666666667 0.680439330543933 0.010416666666666666 0.021966527196652718
0 0.06380208333333333 0.7473849372384938 0.03125 0.16213389121338911
1 0.043619791666666664 0.6375523012552301 0.013020833333333334 0.0198744769874477
0 0.042643229166666664 0.7034518828451883 0.034505208333333336 0.15376569037656904
1 0.064453125 0.6501046025104602 0.013020833333333334 0.01778242677824268
0 0.064453125 0.7123430962343096 0.032552083333333336 0.14435146443514643
1 0.1005859375 0.6161087866108786 0.012369791666666666 0.01882845188284519
0 0.10188802083333333 0.6731171548117155 0.029296875 0.1412133891213389
1 0.10286458333333333 0.6129707112970711 0.009114583333333334 0.02092050209205021
0 0.10319010416666667 0.6610878661087866 0.024088541666666668 0.12343096234309624
1 0.07942708333333333 0.6396443514644351 0.010416666666666666 0.01778242677824268
0 0.07942708333333333 0.6872384937238494 0.026041666666666668 0.11506276150627615
1 0.055989583333333336 0.6176778242677824 0.010416666666666666 0.01778242677824268
0 0.058919270833333336 0.6710251046025104 0.029296875 0.1307531380753138
1 0.0625 0.5998953974895398 0.0078125 0.013598326359832637
0 0.06282552083333333 0.645397489539749 0.024088541666666668 0.12133891213389121
1 0.10514322916666667 0.4053347280334728 0.007161458333333333 0.011506276150627616
0 0.103515625 0.4325313807531381 0.014322916666666666 0.06799163179916318
1 0.09407552083333333 0.3948744769874477 0.005859375 0.011506276150627616
0 0.0927734375 0.42311715481171547 0.016276041666666668 0.0700836820083682
1 0.07486979166666667 0.36140167364016734 0.006510416666666667 0.011506276150627616
0 0.07454427083333333 0.3922594142259414 0.017578125 0.07531380753138076
1 0.06477864583333333 0.33158995815899583 0.004557291666666667 0.008368200836820083
0 0.0634765625 0.34675732217573224 0.011067708333333334 0.04497907949790795
1 0.09244791666666667 0.32897489539748953 0.006510416666666667 0.011506276150627616
0 0.091796875 0.34414225941422594 0.010416666666666666 0.04811715481171548
1 0.09993489583333333 0.3274058577405858 0.004557291666666667 0.008368200836820083
0 0.0986328125 0.3436192468619247 0.011067708333333334 0.04497907949790795
1 0.14029947916666666 0.3070083682008368 0.004557291666666667 0.007322175732217573
0 0.1416015625 0.32688284518828453 0.011067708333333334 0.051255230125523014
1 0.1640625 0.3122384937238494 0.00390625 0.007322175732217573
0 0.16341145833333334 0.33368200836820083 0.010416666666666666 0.05230125523012552
1 0.17610677083333334 0.31537656903765693 0.004557291666666667 0.007322175732217573
0 0.17708333333333334 0.3342050209205021 0.01171875 0.049163179916317995
1 0.1982421875 0.3493723849372385 0.004557291666666667 0.008368200836820083
0 0.1982421875 0.37081589958158995 0.012369791666666666 0.053347280334728034
1 0.20442708333333334 0.3368200836820084 0.005208333333333333 0.008368200836820083
0 0.20345052083333334 0.35669456066945604 0.011067708333333334 0.0502092050209205
1 0.20247395833333334 0.2965481171548117 0.00390625 0.007322175732217573
0 0.20052083333333334 0.3148535564853556 0.013020833333333334 0.04602510460251046
1 0.20475260416666666 0.3106694560669456 0.009765625 0.043933054393305436
0 0.20475260416666666 0.3106694560669456 0.009765625 0.043933054393305436
1 0.2060546875 0.28085774058577406 0.009765625 0.034518828451882845
0 0.2060546875 0.28085774058577406 0.009765625 0.034518828451882845
1 0.2265625 0.30857740585774057 0.00390625 0.008368200836820083
0 0.22591145833333334 0.3247907949790795 0.01171875 0.04707112970711297
1 0.23177083333333334 0.3200836820083682 0.00390625 0.006276150627615063
0 0.23177083333333334 0.3378661087866109 0.01171875 0.043933054393305436
1 0.23860677083333334 0.3190376569037657 0.004557291666666667 0.008368200836820083
0 0.23860677083333334 0.33472803347280333 0.011067708333333334 0.04184100418410042
1 0.24674479166666666 0.34989539748953974 0.005208333333333333 0.009414225941422594
0 0.24674479166666666 0.3723849372384937 0.014322916666666666 0.058577405857740586
1 0.2607421875 0.34205020920502094 0.005859375 0.008368200836820083
0 0.2600911458333333 0.36976987447698745 0.013671875 0.06589958158995816
1 0.23014322916666666 0.3514644351464435 0.004557291666666667 0.008368200836820083
0 0.2294921875 0.372907949790795 0.012369791666666666 0.05543933054393305
1 0.23079427083333334 0.34048117154811713 0.004557291666666667 0.009414225941422594
0 0.2294921875 0.3577405857740586 0.012369791666666666 0.04811715481171548
1 0.24153645833333334 0.33002092050209203 0.005208333333333333 0.009414225941422594
0 0.2421875 0.35460251046025104 0.013020833333333334 0.06485355648535565
1 0.24055989583333334 0.30857740585774057 0.0032552083333333335 0.006276150627615063
0 0.23958333333333334 0.323744769874477 0.010416666666666666 0.04288702928870293
1 0.2314453125 0.2918410041841004 0.0032552083333333335 0.006276150627615063
0 0.23111979166666666 0.3106694560669456 0.010416666666666666 0.04602510460251046
1 0.2581380208333333 0.303347280334728 0.004557291666666667 0.008368200836820083
0 0.2574869791666667 0.32217573221757323 0.011067708333333334 0.04811715481171548
1 0.2555338541666667 0.29341004184100417 0.0032552083333333335 0.005230125523012552
0 0.2561848958333333 0.3117154811715481 0.012369791666666666 0.04602510460251046
1 0.2688802083333333 0.28451882845188287 0.00390625 0.006276150627615063
0 0.2669270833333333 0.30387029288702927 0.01171875 0.049163179916317995
1 0.2819010416666667 0.2897489539748954 0.00390625 0.008368200836820083
0 0.2822265625 0.3043933054393305 0.012369791666666666 0.04184100418410042
1 0.2906901041666667 0.2824267782426778 0.004557291666666667 0.008368200836820083
0 0.2913411458333333 0.30073221757322177 0.011067708333333334 0.049163179916317995
1 0.3014322916666667 0.3054393305439331 0.00390625 0.006276150627615063
0 0.3011067708333333 0.32322175732217573 0.009765625 0.04602510460251046
1 0.3134765625 0.29811715481171547 0.0032552083333333335 0.006276150627615063
0 0.3147786458333333 0.3122384937238494 0.009765625 0.038702928870292884
1 0.314453125 0.30282426778242677 0.00390625 0.007322175732217573
0 0.3147786458333333 0.3195606694560669 0.009765625 0.04497907949790795
1 0.3118489583333333 0.3206066945606695 0.00390625 0.007322175732217573
0 0.3134765625 0.3399581589958159 0.012369791666666666 0.04811715481171548
1 0.3251953125 0.33158995815899583 0.004557291666666667 0.010460251046025104
0 0.3255208333333333 0.35460251046025104 0.013020833333333334 0.06485355648535565
1 0.333984375 0.3247907949790795 0.00390625 0.009414225941422594
0 0.3336588541666667 0.3436192468619247 0.012369791666666666 0.053347280334728034
1 0.3401692708333333 0.3305439330543933 0.004557291666666667 0.008368200836820083
0 0.3401692708333333 0.3514644351464435 0.011067708333333334 0.05230125523012552
1 0.3125 0.3624476987447699 0.005208333333333333 0.011506276150627616
0 0.3111979166666667 0.38859832635983266 0.018229166666666668 0.06799163179916318
1 0.3225911458333333 0.4157949790794979 0.008463541666666666 0.013598326359832637
0 0.3203125 0.4503138075313807 0.018229166666666668 0.08472803347280335
1 0.302734375 0.4074267782426778 0.006510416666666667 0.011506276150627616
0 0.3053385416666667 0.4408995815899582 0.01953125 0.08263598326359832
1 0.3102213541666667 0.3980125523012552 0.005859375 0.009414225941422594
0 0.3089192708333333 0.4273012552301255 0.014973958333333334 0.07635983263598327
1 0.2926432291666667 0.38702928870292885 0.005859375 0.010460251046025104
0 0.2932942708333333 0.4131799163179916 0.017578125 0.06694560669456066
1 0.2877604166666667 0.3985355648535565 0.005208333333333333 0.008368200836820083
0 0.2887369791666667 0.42416317991631797 0.016276041666666668 0.06799163179916318
1 0.2903645833333333 0.42311715481171547 0.005208333333333333 0.009414225941422594
0 0.2893880208333333 0.45763598326359833 0.014973958333333334 0.08472803347280335
1 0.2890625 0.4309623430962343 0.0078125 0.012552301255230125
0 0.2884114583333333 0.46705020920502094 0.01953125 0.08891213389121339
1 0.271484375 0.43462343096234307 0.006510416666666667 0.011506276150627616
0 0.2718098958333333 0.4686192468619247 0.020182291666666668 0.08368200836820083
1 0.2659505208333333 0.47855648535564854 0.008463541666666666 0.013598326359832637
0 0.2679036458333333 0.5120292887029289 0.020182291666666668 0.08263598326359832
1 0.2906901041666667 0.33263598326359833 0.004557291666666667 0.008368200836820083
0 0.2919921875 0.3551255230125523 0.013671875 0.05543933054393305
1 0.2838541666666667 0.32792887029288703 0.00390625 0.007322175732217573
0 0.283203125 0.3436192468619247 0.010416666666666666 0.04707112970711297
1 0.27734375 0.3117154811715481 0.005208333333333333 0.008368200836820083
0 0.2779947916666667 0.32897489539748953 0.010416666666666666 0.04497907949790795
1 0.2747395833333333 0.3342050209205021 0.00390625 0.007322175732217573
0 0.2744140625 0.3472803347280335 0.008463541666666666 0.03765690376569038
1 0.2711588541666667 0.3138075313807531 0.0032552083333333335 0.006276150627615063
0 0.2711588541666667 0.3274058577405858 0.009765625 0.0397489539748954
1 0.2630208333333333 0.33629707112970714 0.00390625 0.007322175732217573
0 0.2643229166666667 0.35721757322175735 0.013020833333333334 0.05543933054393305
1 0.2669270833333333 0.3457112970711297 0.009114583333333334 0.036610878661087864
0 0.2669270833333333 0.3457112970711297 0.009114583333333334 0.036610878661087864
1 0.2529296875 0.2839958158995816 0.009765625 0.036610878661087864
0 0.2529296875 0.2839958158995816 0.009765625 0.036610878661087864
1 0.2490234375 0.30962343096234307 0.009765625 0.04184100418410042
0 0.2490234375 0.30962343096234307 0.009765625 0.04184100418410042
1 0.2861328125 0.2641213389121339 0.0032552083333333335 0.005230125523012552
0 0.2848307291666667 0.27876569037656906 0.009765625 0.038702928870292884
1 0.3336588541666667 0.28870292887029286 0.004557291666666667 0.008368200836820083
0 0.3326822916666667 0.301255230125523 0.010416666666666666 0.0397489539748954
1 0.6793619791666666 0.5240585774058577 0.009765625 0.01882845188284519
0 0.6774088541666666 0.5711297071129707 0.021484375 0.11715481171548117
1 0.6744791666666666 0.5251046025104602 0.006510416666666667 0.014644351464435146
0 0.677734375 0.5690376569037657 0.020833333333333332 0.10669456066945607
1 0.6927083333333334 0.5031380753138075 0.009114583333333334 0.014644351464435146
0 0.6920572916666666 0.5523012552301255 0.022135416666666668 0.11506276150627615
1 0.7158203125 0.4963389121338912 0.007161458333333333 0.01778242677824268
0 0.7132161458333334 0.5407949790794979 0.027994791666666668 0.11715481171548117
1 0.8518880208333334 0.3091004184100418 0.0032552083333333335 0.005230125523012552
0 0.8518880208333334 0.3274058577405858 0.012369791666666666 0.05230125523012552
1 0.9866536458333334 0.3158995815899582 0.004557291666666667 0.008368200836820083
0 0.9856770833333334 0.33734309623430964 0.01171875 0.053347280334728034
1 0.9632161458333334 0.3321129707112971 0.004557291666666667 0.007322175732217573
0 0.9638671875 0.348326359832636 0.009765625 0.04811715481171548
1 0.2724609375 0.2557531380753138 0.0032552083333333335 0.005230125523012552
0 0.2721354166666667 0.2698744769874477 0.009114583333333334 0.0397489539748954
1 0.2490234375 0.2594142259414226 0.0032552083333333335 0.006276150627615063
0 0.24837239583333334 0.27510460251046026 0.008463541666666666 0.0397489539748954
1 0.2451171875 0.2594142259414226 0.0032552083333333335 0.006276150627615063
0 0.24479166666666666 0.2735355648535565 0.009114583333333334 0.036610878661087864
1 0.23795572916666666 0.2975941422594142 0.007161458333333333 0.032426778242677826
0 0.23795572916666666 0.2975941422594142 0.007161458333333333 0.032426778242677826
1 0.22916666666666666 0.28765690376569036 0.00390625 0.006276150627615063
0 0.22884114583333334 0.29811715481171547 0.008463541666666666 0.03138075313807531
1 0.23274739583333334 0.2939330543933054 0.007161458333333333 0.03347280334728033
0 0.23274739583333334 0.2939330543933054 0.007161458333333333 0.03347280334728033
1 0.22688802083333334 0.26464435146443516 0.0032552083333333335 0.006276150627615063
0 0.22688802083333334 0.27981171548117156 0.007161458333333333 0.038702928870292884
1 0.23665364583333334 0.2651673640167364 0.0032552083333333335 0.005230125523012552
0 0.23665364583333334 0.2792887029288703 0.009765625 0.03556485355648536
1 0.232421875 0.2489539748953975 0.00390625 0.006276150627615063
0 0.23111979166666666 0.25889121338912136 0.0078125 0.032426778242677826
1 0.2294921875 0.24947698744769875 0.009765625 0.032426778242677826
0 0.2294921875 0.24947698744769875 0.009765625 0.032426778242677826
1 0.22298177083333334 0.25784518828451886 0.008463541666666666 0.032426778242677826
0 0.22298177083333334 0.25784518828451886 0.008463541666666666 0.032426778242677826
1 0.1962890625 0.2510460251046025 0.0032552083333333335 0.006276150627615063
0 0.19661458333333334 0.2630753138075314 0.0078125 0.034518828451882845
1 0.2001953125 0.24476987447698745 0.007161458333333333 0.03347280334728033
0 0.2001953125 0.24476987447698745 0.007161458333333333 0.03347280334728033
1 0.20540364583333334 0.23430962343096234 0.001953125 0.0041841004184100415
0 0.20442708333333334 0.24372384937238495 0.006510416666666667 0.027196652719665274
1 0.205078125 0.24790794979079497 0.0026041666666666665 0.0041841004184100415
0 0.20475260416666666 0.2594142259414226 0.007161458333333333 0.03138075313807531
1 0.19173177083333334 0.23587866108786612 0.0032552083333333335 0.005230125523012552
0 0.19108072916666666 0.24738493723849372 0.007161458333333333 0.032426778242677826
1 0.2060546875 0.21286610878661089 0.0032552083333333335 0.005230125523012552
0 0.20572916666666666 0.22228033472803346 0.006510416666666667 0.02615062761506276
1 0.19986979166666666 0.21338912133891214 0.0026041666666666665 0.0041841004184100415
0 0.19921875 0.22384937238493724 0.006510416666666667 0.029288702928870293
1 0.1953125 0.21809623430962344 0.0026041666666666665 0.005230125523012552
0 0.1953125 0.22541841004184102 0.0078125 0.02615062761506276
1 0.2581380208333333 0.25 0.0032552083333333335 0.0041841004184100415
0 0.2578125 0.2615062761506276 0.006510416666666667 0.03347280334728033
1 0.24967447916666666 0.24738493723849372 0.0032552083333333335 0.005230125523012552
0 0.24869791666666666 0.25732217573221755 0.0078125 0.029288702928870293
1 0.2646484375 0.2615062761506276 0.0032552083333333335 0.006276150627615063
0 0.2646484375 0.27248953974895396 0.007161458333333333 0.030334728033472803
1 0.2630208333333333 0.25784518828451886 0.006510416666666667 0.028242677824267783
0 0.2630208333333333 0.25784518828451886 0.006510416666666667 0.028242677824267783
1 0.9007161458333334 0.8059623430962343 0.013671875 0.02615062761506276
0 0.8971354166666666 0.8206066945606695 0.032552083333333336 0.0596234309623431
1 0.5094401041666666 0.7547071129707112 0.013671875 0.02615062761506276
0 0.501953125 0.823744769874477 0.040364583333333336 0.17259414225941422
1 0.5364583333333334 0.44037656903765693 0.006510416666666667 0.010460251046025104
0 0.5374348958333334 0.4764644351464435 0.016276041666666668 0.08263598326359832
1 0.3876953125 0.4837866108786611 0.007161458333333333 0.013598326359832637
0 0.3893229166666667 0.5219665271966527 0.020833333333333332 0.09623430962343096
1 0.2932942708333333 0.3158995815899582 0.004557291666666667 0.008368200836820083
0 0.2945963541666667 0.3389121338912134 0.016276041666666668 0.058577405857740586
1 0.21809895833333334 0.35564853556485354 0.013020833333333334 0.058577405857740586
0 0.21809895833333334 0.35564853556485354 0.013020833333333334 0.058577405857740586
1 0.2470703125 0.3075313807531381 0.0032552083333333335 0.006276150627615063
0 0.24772135416666666 0.3274058577405858 0.009765625 0.04811715481171548
1 0.21875 0.2777196652719665 0.00390625 0.007322175732217573
0 0.21907552083333334 0.2918410041841004 0.008463541666666666 0.04184100418410042