1 0.9039589442815249 0.7407024793388429 0.08651026392961877 0.16735537190082644
0 0.8922287390029325 0.8233471074380165 0.12463343108504399 0.35330578512396693
1 0.1348973607038123 0.259297520661157 0.16422287390029325 0.2334710743801653
0 0.35777126099706746 0.5650826446280992 0.7155425219941349 0.8698347107438017
1 0.3262463343108504 0.8150826446280992 0.08357771260997067 0.09297520661157024
0 0.2558651026392962 0.8801652892561983 0.43255131964809385 0.2396694214876033
1 0.5300586510263929 0.3956611570247934 0.09824046920821114 0.1797520661157025
0 0.47653958944281527 0.6456611570247934 0.2873900293255132 0.7086776859504132
1 0.6722873900293255 0.34710743801652894 0.12756598240469208 0.2024793388429752
0 0.6920821114369502 0.6208677685950413 0.40175953079178883 0.7582644628099173
1 0.7104105571847508 0.5 0.1217008797653959 0.23140495867768596
0 0.750733137829912 0.6787190082644629 0.34017595307917886 0.6425619834710744
1 0.8687683284457478 0.40082644628099173 0.07771260997067449 0.10330578512396695
0 0.8570381231671554 0.6735537190082644 0.1744868035190616 0.6528925619834711
1 0.8409090909090909 0.2799586776859504 0.051319648093841645 0.08057851239669421
0 0.8174486803519062 0.4731404958677686 0.14222873900293256 0.48760330578512395
1 0.9098240469208211 0.2190082644628099 0.0689149560117302 0.11983471074380166
0 0.8988269794721407 0.4700413223140496 0.15542521994134897 0.6260330578512396