1 0.10772727272727273 0.27472527472527475 0.035454545454545454 0.09523809523809523
0 0.13136363636363638 0.5457875457875457 0.16818181818181818 0.6410256410256411
1 0.1590909090909091 0.2683150183150183 0.03636363636363636 0.07875457875457875
0 0.165 0.5091575091575091 0.09181818181818181 0.5641025641025641
1 0.25545454545454543 0.31043956043956045 0.03636363636363636 0.07875457875457875
0 0.30272727272727273 0.5668498168498168 0.19090909090909092 0.6208791208791209
1 0.29863636363636364 0.25457875457875456 0.035454545454545454 0.09157509157509157
0 0.31363636363636366 0.4432234432234432 0.10909090909090909 0.47619047619047616
1 0.44045454545454543 0.25457875457875456 0.03 0.06227106227106227
0 0.4268181818181818 0.4523809523809524 0.09363636363636364 0.4981684981684982
1 0.4536363636363636 0.35714285714285715 0.04 0.10256410256410256
0 0.4763636363636364 0.6135531135531136 0.1290909090909091 0.6263736263736264
1 0.5095454545454545 0.3141025641025641 0.028181818181818183 0.07142857142857142
0 0.5095454545454545 0.49542124542124544 0.06636363636363636 0.44505494505494503
1 0.5663636363636364 0.30036630036630035 0.03090909090909091 0.07326007326007326
0 0.5663636363636364 0.5027472527472527 0.08545454545454545 0.4926739926739927
1 0.5931818181818181 0.27106227106227104 0.028181818181818183 0.06593406593406594
0 0.5913636363636363 0.4624542124542125 0.06636363636363636 0.46703296703296704
1 0.6486363636363637 0.2619047619047619 0.024545454545454544 0.06593406593406594
0 0.65 0.47527472527472525 0.08181818181818182 0.5146520146520146
1 0.6809090909090909 0.29212454212454214 0.025454545454545455 0.07142857142857142
0 0.6859090909090909 0.4899267399267399 0.07727272727272727 0.49633699633699635
1 0.7313636363636363 0.3498168498168498 0.035454545454545454 0.09157509157509157
0 0.7290909090909091 0.5604395604395604 0.1 0.5164835164835165
1 0.81 0.2857142857142857 0.03090909090909091 0.07326007326007326
0 0.8090909090909091 0.4826007326007326 0.10727272727272727 0.47802197802197804
1 0.8722727272727273 0.25274725274725274 0.031818181818181815 0.09157509157509157
0 0.8581818181818182 0.5027472527472527 0.1509090909090909 0.5989010989010989
1 0.9145454545454546 0.22435897435897437 0.03636363636363636 0.08608058608058608
0 0.9231818181818182 0.45879120879120877 0.10636363636363637 0.5622710622710623