1 0.075625 0.33771106941838647 0.07625 0.13133208255159476
0 0.084375 0.6322701688555347 0.16875 0.7354596622889306
1 0.155625 0.21388367729831145 0.08875 0.150093808630394
0 0.145 0.5647279549718575 0.19 0.8705440900562852
1 0.2025 0.34896810506566606 0.14 0.24765478424015008
0 0.250625 0.6088180112570356 0.28375 0.7823639774859287
1 0.475625 0.42401500938086306 0.12125 0.1951219512195122
0 0.530625 0.6566604127579737 0.26875 0.6866791744840526
1 0.594375 0.2598499061913696 0.06625 0.12195121951219512
0 0.604375 0.5928705440900562 0.17875 0.8142589118198874
1 0.723125 0.26641651031894936 0.16625 0.2851782363977486
0 0.735 0.551594746716698 0.4325 0.8968105065666041