1 0.9474576271186441 0.7988095238095239 0.10508474576271186 0.27380952380952384
0 0.9330508474576271 0.8238095238095238 0.13389830508474576 0.3523809523809524
1 0.38305084745762713 0.8976190476190476 0.13220338983050847 0.20476190476190476
0 0.3974576271186441 0.8916666666666667 0.21864406779661016 0.21666666666666667
1 0.26610169491525426 0.8511904761904762 0.1152542372881356 0.1976190476190476
0 0.20508474576271185 0.8333333333333334 0.2983050847457627 0.3333333333333333
1 0.2847457627118644 0.7297619047619047 0.13220338983050847 0.1976190476190476
0 0.28983050847457625 0.8023809523809524 0.2305084745762712 0.3952380952380952
1 0.8203389830508474 0.6 0.1288135593220339 0.22857142857142856
0 0.7923728813559322 0.7309523809523809 0.3644067796610169 0.5380952380952381
1 0.9542372881355933 0.55 0.09152542372881356 0.24761904761904763
0 0.9347457627118644 0.7083333333333334 0.13050847457627118 0.5833333333333334
1 0.6516949152542373 0.5583333333333333 0.1135593220338983 0.20238095238095238
0 0.6610169491525424 0.7142857142857143 0.3423728813559322 0.5714285714285714
1 0.7983050847457627 0.3261904761904762 0.12203389830508475 0.2
0 0.8542372881355932 0.5369047619047619 0.29152542372881357 0.7976190476190477
1 0.9677966101694915 0.10952380952380952 0.06440677966101695 0.16666666666666666
0 0.9127118644067796 0.29523809523809524 0.17457627118644067 0.5857142857142857
1 0.8898305084745762 0.07023809523809524 0.08813559322033898 0.14047619047619048
0 0.8915254237288136 0.22142857142857142 0.2135593220338983 0.44285714285714284
1 0.676271186440678 0.28214285714285714 0.07796610169491526 0.15476190476190477
0 0.6779661016949152 0.4607142857142857 0.2 0.5738095238095238
1 0.488135593220339 0.2130952380952381 0.09830508474576272 0.18333333333333332
0 0.5440677966101695 0.4488095238095238 0.45084745762711864 0.8976190476190476
1 0.6076271186440678 0.225 0.11016949152542373 0.20714285714285716
0 0.6220338983050847 0.4595238095238095 0.5830508474576271 0.7333333333333333
1 0.31949152542372883 0.15833333333333333 0.10338983050847457 0.1976190476190476
0 0.4152542372881356 0.41904761904761906 0.3694915254237288 0.7666666666666667
1 0.2533898305084746 0.5511904761904762 0.1135593220338983 0.1738095238095238
0 0.30847457627118646 0.7130952380952381 0.36271186440677966 0.5738095238095238
1 0.09322033898305085 0.2523809523809524 0.10847457627118644 0.18095238095238095
0 0.15 0.5666666666666667 0.2830508474576271 0.8666666666666667
1 0.08813559322033898 0.0869047619047619 0.08135593220338982 0.1595238095238095
0 0.12457627118644068 0.4392857142857143 0.24915254237288137 0.8785714285714286