1 0.31776315789473686 0.6936758893280632 0.019736842105263157 0.03162055335968379
0 0.3138157894736842 0.775691699604743 0.09342105263157895 0.19960474308300397
1 0.5401315789473684 0.6877470355731226 0.017105263157894738 0.03162055335968379
0 0.5434210526315789 0.7747035573122529 0.12105263157894737 0.21739130434782608
1 0.7763157894736842 0.658102766798419 0.021052631578947368 0.03162055335968379
0 0.7907894736842105 0.7361660079051383 0.12105263157894737 0.1956521739130435
1 0.7546052631578948 0.49407114624505927 0.019736842105263157 0.02766798418972332
0 0.7651315789473684 0.5790513833992095 0.07763157894736843 0.20553359683794467
1 0.819078947368421 0.41699604743083 0.017105263157894738 0.03162055335968379
0 0.8315789473684211 0.5039525691699605 0.05263157894736842 0.2134387351778656
1 0.5947368421052631 0.47134387351778656 0.018421052631578946 0.029644268774703556
0 0.5947368421052631 0.5513833992094862 0.08421052631578947 0.24110671936758893
1 0.5177631578947368 0.475296442687747 0.017105263157894738 0.03359683794466403
0 0.5157894736842106 0.5573122529644269 0.07105263157894737 0.233201581027668
1 0.49144736842105263 0.40810276679841895 0.017105263157894738 0.029644268774703556
0 0.4901315789473684 0.49308300395256915 0.06973684210526315 0.20355731225296442
1 0.4394736842105263 0.33300395256917 0.015789473684210527 0.029644268774703556
0 0.44276315789473686 0.4189723320158103 0.046052631578947366 0.20948616600790515
1 0.5592105263157895 0.34288537549407117 0.021052631578947368 0.029644268774703556
0 0.5388157894736842 0.4397233201581028 0.06447368421052632 0.23122529644268774
1 0.5565789473684211 0.39723320158102765 0.013157894736842105 0.019762845849802372
0 0.5447368421052632 0.4772727272727273 0.09736842105263158 0.18379446640316205
1 0.6539473684210526 0.36264822134387353 0.015789473684210527 0.029644268774703556
0 0.655921052631579 0.4357707509881423 0.056578947368421055 0.18774703557312253
1 0.9493421052631579 0.2717391304347826 0.011842105263157895 0.025691699604743084
0 0.9493421052631579 0.34782608695652173 0.03289473684210526 0.18181818181818182
1 0.7907894736842105 0.2440711462450593 0.010526315789473684 0.025691699604743084
0 0.7901315789473684 0.29446640316205536 0.04342105263157895 0.13438735177865613
1 0.06644736842105263 0.3142292490118577 0.017105263157894738 0.02766798418972332
0 0.06776315789473684 0.4031620553359684 0.038157894736842106 0.21739130434782608
1 0.11118421052631579 0.25 0.014473684210526316 0.029644268774703556
0 0.11907894736842105 0.31521739130434784 0.046052631578947366 0.16403162055335968
1 0.09276315789473684 0.13636363636363635 0.009210526315789473 0.015810276679841896
0 0.09671052631578947 0.18181818181818182 0.04078947368421053 0.11462450592885376
1 0.09078947368421053 0.0533596837944664 0.010526315789473684 0.019762845849802372
0 0.08881578947368421 0.11264822134387352 0.03289473684210526 0.14624505928853754
1 0.1881578947368421 0.14525691699604742 0.010526315789473684 0.021739130434782608
0 0.1875 0.17687747035573123 0.02763157894736842 0.08893280632411067
1 0.21578947368421053 0.1422924901185771 0.010526315789473684 0.019762845849802372
0 0.21644736842105264 0.17687747035573123 0.030263157894736843 0.09288537549407115
1 0.25 0.13438735177865613 0.010526315789473684 0.015810276679841896
0 0.2513157894736842 0.17292490118577075 0.031578947368421054 0.1007905138339921
1 0.4743421052631579 0.1422924901185771 0.011842105263157895 0.019762845849802372
0 0.4743421052631579 0.17588932806324112 0.02763157894736842 0.09881422924901186
1 0.5230263157894737 0.1324110671936759 0.011842105263157895 0.023715415019762844
0 0.5230263157894737 0.17094861660079053 0.02763157894736842 0.10869565217391304
1 0.5480263157894737 0.14130434782608695 0.011842105263157895 0.017786561264822136
0 0.5486842105263158 0.17687747035573123 0.02631578947368421 0.09683794466403162
1 0.4993421052631579 0.1482213438735178 0.009210526315789473 0.011857707509881422
0 0.4980263157894737 0.17687747035573123 0.02236842105263158 0.07707509881422925
1 0.6171052631578947 0.13932806324110672 0.010526315789473684 0.021739130434782608
0 0.6164473684210526 0.17687747035573123 0.02763157894736842 0.1007905138339921
1 0.6723684210526316 0.1442687747035573 0.010526315789473684 0.019762845849802372
0 0.6717105263157894 0.17885375494071146 0.030263157894736843 0.09683794466403162
1 0.8940789473684211 0.1422924901185771 0.011842105263157895 0.019762845849802372
0 0.8907894736842106 0.1808300395256917 0.02894736842105263 0.1007905138339921
1 0.9197368421052632 0.1492094861660079 0.010526315789473684 0.017786561264822136
0 0.9177631578947368 0.18280632411067194 0.025 0.09683794466403162
1 0.23684210526315788 0.025691699604743084 0.010526315789473684 0.019762845849802372
0 0.23026315789473684 0.05731225296442688 0.03684210526315789 0.09090909090909091
1 0.25921052631578945 0.029644268774703556 0.010526315789473684 0.019762845849802372
0 0.25723684210526315 0.05632411067193676 0.02763157894736842 0.08102766798418973
1 0.225 0.005928853754940711 0.007894736842105263 0.011857707509881422
0 0.2243421052631579 0.037549407114624504 0.030263157894736843 0.07509881422924901
1 0.33881578947368424 0.06422924901185771 0.009210526315789473 0.01383399209486166
0 0.3375 0.09387351778656126 0.019736842105263157 0.07707509881422925
1 0.3605263157894737 0.06027667984189723 0.010526315789473684 0.017786561264822136
0 0.3631578947368421 0.08893280632411067 0.039473684210526314 0.08300395256916997
1 0.4 0.06027667984189723 0.010526315789473684 0.017786561264822136
0 0.4 0.08596837944664032 0.02368421052631579 0.07707509881422925
1 0.4421052631578947 0.058300395256917 0.010526315789473684 0.017786561264822136
0 0.44013157894736843 0.08794466403162056 0.03289473684210526 0.08498023715415019
1 0.48026315789473684 0.05533596837944664 0.010526315789473684 0.019762845849802372
0 0.48026315789473684 0.08498023715415019 0.031578947368421054 0.08695652173913043
1 0.5052631578947369 0.038537549407114624 0.007894736842105263 0.017786561264822136
0 0.5039473684210526 0.06126482213438735 0.02368421052631579 0.07114624505928854
1 0.5243421052631579 0.06027667984189723 0.009210526315789473 0.017786561264822136
0 0.5230263157894737 0.08596837944664032 0.02236842105263158 0.07707509881422925
1 0.5427631578947368 0.06324110671936758 0.009210526315789473 0.015810276679841896
0 0.5447368421052632 0.09090909090909091 0.02894736842105263 0.07905138339920949
1 0.5256578947368421 0.03260869565217391 0.009210526315789473 0.017786561264822136
0 0.525 0.058300395256917 0.02368421052631579 0.07707509881422925
1 0.5453947368421053 0.041501976284584984 0.009210526315789473 0.015810276679841896
0 0.5453947368421053 0.06422924901185771 0.02236842105263158 0.0691699604743083
1 0.5657894736842105 0.03458498023715415 0.010526315789473684 0.017786561264822136
0 0.5644736842105263 0.06027667984189723 0.02894736842105263 0.08102766798418973
1 0.6328947368421053 0.058300395256917 0.010526315789473684 0.017786561264822136
0 0.6276315789473684 0.08695652173913043 0.02894736842105263 0.08300395256916997
1 0.6526315789473685 0.06620553359683795 0.010526315789473684 0.017786561264822136
0 0.65 0.09189723320158102 0.02368421052631579 0.07312252964426877
1 0.6328947368421053 0.040513833992094864 0.010526315789473684 0.017786561264822136
0 0.6289473684210526 0.06521739130434782 0.02368421052631579 0.07114624505928854
1 0.6486842105263158 0.037549407114624504 0.010526315789473684 0.015810276679841896
0 0.65 0.06422924901185771 0.02368421052631579 0.07707509881422925
1 0.694078947368421 0.030632411067193676 0.011842105263157895 0.017786561264822136
0 0.6894736842105263 0.06126482213438735 0.02631578947368421 0.08695652173913043
1 0.7131578947368421 0.03458498023715415 0.010526315789473684 0.017786561264822136
0 0.7125 0.06620553359683795 0.02763157894736842 0.08498023715415019
1 0.7335526315789473 0.06126482213438735 0.011842105263157895 0.019762845849802372
0 0.7335526315789473 0.08992094861660078 0.030263157894736843 0.08498023715415019
1 0.7513157894736842 0.03260869565217391 0.010526315789473684 0.017786561264822136
0 0.7519736842105263 0.058300395256917 0.025 0.07707509881422925
1 0.7763157894736842 0.06126482213438735 0.010526315789473684 0.015810276679841896
0 0.775 0.08695652173913043 0.031578947368421054 0.07509881422924901
1 0.7835526315789474 0.021739130434782608 0.011842105263157895 0.015810276679841896
0 0.7835526315789474 0.05731225296442688 0.03289473684210526 0.09486166007905138
1 0.8131578947368421 0.0266798418972332 0.010526315789473684 0.01383399209486166
0 0.8111842105263158 0.05928853754940711 0.03289473684210526 0.08695652173913043
1 0.8361842105263158 0.029644268774703556 0.009210526315789473 0.015810276679841896
0 0.8335526315789473 0.05632411067193676 0.025 0.07312252964426877
1 0.8552631578947368 0.03162055335968379 0.010526315789473684 0.019762845849802372
0 0.8559210526315789 0.06126482213438735 0.025 0.08695652173913043
1 0.8736842105263158 0.008893280632411068 0.007894736842105263 0.01383399209486166
0 0.8736842105263158 0.040513833992094864 0.02368421052631579 0.08102766798418973
1 0.9105263157894737 0.024703557312252964 0.010526315789473684 0.017786561264822136
0 0.905921052631579 0.05928853754940711 0.02763157894736842 0.09486166007905138
1 0.3256578947368421 0.007905138339920948 0.009210526315789473 0.015810276679841896
0 0.3243421052631579 0.038537549407114624 0.02236842105263158 0.07707509881422925
1 0.3631578947368421 0.00691699604743083 0.007894736842105263 0.01383399209486166
0 0.3618421052631579 0.03458498023715415 0.02631578947368421 0.0691699604743083
1 0.7289473684210527 0.009881422924901186 0.007894736842105263 0.011857707509881422
0 0.7289473684210527 0.02865612648221344 0.021052631578947368 0.05731225296442688