1 0.029375 0.3904494382022472 0.05625 0.09925093632958802
0 0.069375 0.6076779026217228 0.13875 0.5561797752808989
1 0.268125 0.3342696629213483 0.02375 0.04307116104868914
0 0.2575 0.4044943820224719 0.0525 0.19101123595505617
1 0.466875 0.25936329588014984 0.07125 0.13295880149812733
0 0.461875 0.5936329588014981 0.15875 0.8127340823970037
1 0.9725 0.3211610486891386 0.025 0.04681647940074907
0 0.96125 0.46348314606741575 0.0725 0.35767790262172283
1 0.6975 0.299625468164794 0.115 0.22846441947565543
0 0.78125 0.5739700374531835 0.415 0.8520599250936329
1 0.3825 0.3464419475655431 0.1075 0.20973782771535582
0 0.2875 0.6132958801498127 0.3075 0.7734082397003745
1 0.54625 0.34176029962546817 0.1 0.22659176029962547
0 0.531875 0.601123595505618 0.25875 0.797752808988764