1 0.006111111111111111 0.6878680800942285 0.01 0.02591283863368669
0 0.013888888888888888 0.7661955241460542 0.027777777777777776 0.1896348645465253
1 0.028333333333333332 0.6542991755005889 0.013333333333333334 0.02944640753828033
0 0.03638888888888889 0.7326266195524146 0.04722222222222222 0.1955241460541814
1 0.06444444444444444 0.6419316843345112 0.01 0.02591283863368669
0 0.06861111111111111 0.7002355712603062 0.04833333333333333 0.14958775029446408
1 0.07138888888888889 0.6413427561837456 0.010555555555555556 0.024734982332155476
0 0.06222222222222222 0.7214369846878681 0.042222222222222223 0.19199057714958775
1 0.07388888888888889 0.6154299175500589 0.008888888888888889 0.024734982332155476
0 0.08194444444444444 0.6808009422850412 0.03944444444444444 0.160188457008245
1 0.09 0.6160188457008245 0.011111111111111112 0.023557126030624265
0 0.09388888888888888 0.6690223792697291 0.025555555555555557 0.13898704358068315
1 0.09722222222222222 0.6048292108362779 0.0077777777777777776 0.0176678445229682
0 0.10222222222222223 0.6702002355712603 0.028888888888888888 0.15783274440518258
1 0.10611111111111111 0.6189634864546525 0.008888888888888889 0.02237926972909305
0 0.10805555555555556 0.6696113074204947 0.03722222222222222 0.16372202591283863
1 0.11472222222222223 0.5959952885747939 0.009444444444444445 0.02120141342756184
0 0.12361111111111112 0.6613663133097762 0.03166666666666667 0.15665488810365136
1 0.14083333333333334 0.6036513545347467 0.008333333333333333 0.0176678445229682
0 0.13416666666666666 0.6648998822143698 0.03833333333333333 0.15665488810365136
1 0.13805555555555554 0.5948174322732627 0.009444444444444445 0.023557126030624265
0 0.13972222222222222 0.6542991755005889 0.025 0.1519434628975265
1 0.1511111111111111 0.5977620730270907 0.01 0.020023557126030624
0 0.15055555555555555 0.6537102473498233 0.015555555555555555 0.143698468786808
1 0.1575 0.5871613663133097 0.010555555555555556 0.024734982332155476
0 0.1597222222222222 0.6501766784452296 0.02277777777777778 0.160188457008245
1 0.15944444444444444 0.6195524146054181 0.011111111111111112 0.02120141342756184
0 0.16 0.6819787985865724 0.028888888888888888 0.16489988221436985
1 0.14694444444444443 0.6890459363957597 0.011666666666666667 0.030624263839811542
0 0.14972222222222223 0.7744405182567726 0.04055555555555555 0.21083627797408716
1 0.1827777777777778 0.6348645465253239 0.01 0.02120141342756184
0 0.18 0.7114252061248527 0.027777777777777776 0.1790341578327444
1 0.18055555555555555 0.6001177856301532 0.008888888888888889 0.02237926972909305
0 0.17944444444444443 0.6590106007067138 0.022222222222222223 0.1425206124852768
1 0.17555555555555555 0.5848056537102474 0.0077777777777777776 0.02237926972909305
0 0.17527777777777778 0.6383981154299175 0.019444444444444445 0.13427561837455831
1 0.19027777777777777 0.5995288574793876 0.010555555555555556 0.02120141342756184
0 0.19333333333333333 0.6731448763250883 0.021111111111111112 0.18021201413427562
1 0.19194444444444445 0.5677267373380448 0.009444444444444445 0.02120141342756184
0 0.1947222222222222 0.6313309776207303 0.021666666666666667 0.15547703180212014
1 0.20166666666666666 0.565959952885748 0.011111111111111112 0.027090694935217905
0 0.2038888888888889 0.6325088339222615 0.021111111111111112 0.1696113074204947
1 0.20694444444444443 0.588339222614841 0.010555555555555556 0.024734982332155476
0 0.20972222222222223 0.6560659599528857 0.025 0.17196702002355713
1 0.21638888888888888 0.5512367491166078 0.008333333333333333 0.01884570082449941
0 0.21861111111111112 0.607773851590106 0.02722222222222222 0.13898704358068315
1 0.23055555555555557 0.549469964664311 0.008888888888888889 0.02237926972909305
0 0.23027777777777778 0.6007067137809188 0.018333333333333333 0.12956419316843346
1 0.25 0.5547703180212014 0.008888888888888889 0.023557126030624265
0 0.24916666666666668 0.6048292108362779 0.017222222222222222 0.13074204946996468
1 0.2675 0.5394581861012956 0.010555555555555556 0.023557126030624265
0 0.2652777777777778 0.5865724381625441 0.02277777777777778 0.12249705535924617
1 0.2922222222222222 0.5153121319199058 0.01 0.024734982332155476
0 0.2897222222222222 0.5783274440518257 0.030555555555555555 0.15783274440518258
1 0.23027777777777778 0.6266195524146054 0.010555555555555556 0.023557126030624265
0 0.22972222222222222 0.6937573616018846 0.03722222222222222 0.1625441696113074
1 0.23472222222222222 0.582449941107185 0.008333333333333333 0.020023557126030624
0 0.23333333333333334 0.627208480565371 0.017777777777777778 0.11425206124852769
1 0.24388888888888888 0.6130742049469965 0.008888888888888889 0.0176678445229682
0 0.24444444444444444 0.6808009422850412 0.024444444444444446 0.1625441696113074
1 0.2619444444444444 0.6101295641931684 0.012777777777777779 0.028268551236749116
0 0.26305555555555554 0.6896348645465253 0.03277777777777778 0.19199057714958775
1 0.2738888888888889 0.574793875147232 0.008888888888888889 0.02120141342756184
0 0.27416666666666667 0.6348645465253239 0.021666666666666667 0.15076560659599528
1 0.29527777777777775 0.5636042402826855 0.008333333333333333 0.02237926972909305
0 0.2947222222222222 0.6395759717314488 0.026111111111111113 0.1790341578327444
1 0.3013888888888889 0.5630153121319199 0.006111111111111111 0.016489988221436984
0 0.30333333333333334 0.6154299175500589 0.023333333333333334 0.13780918727915195
1 0.3233333333333333 0.5471142520612485 0.01 0.020023557126030624
0 0.32416666666666666 0.6007067137809188 0.021666666666666667 0.13191990577149587
1 0.3238888888888889 0.5600706713780919 0.01 0.020023557126030624
0 0.32222222222222224 0.6236749116607774 0.022222222222222223 0.14958775029446408
1 0.33944444444444444 0.5965842167255595 0.008888888888888889 0.0176678445229682
0 0.33805555555555555 0.6354534746760895 0.017222222222222222 0.10011778563015312
1 0.34444444444444444 0.6342756183745583 0.012222222222222223 0.08598351001177856
0 0.34444444444444444 0.6342756183745583 0.012222222222222223 0.08598351001177856
1 0.3461111111111111 0.541813898704358 0.008888888888888889 0.02120141342756184
0 0.34694444444444444 0.6054181389870436 0.021666666666666667 0.15312131919905772
1 0.3491666666666667 0.5312131919905771 0.008333333333333333 0.01884570082449941
0 0.3458333333333333 0.5906949352179034 0.019444444444444445 0.14723203769140164
1 0.36 0.5288574793875147 0.008888888888888889 0.01884570082449941
0 0.3616666666666667 0.5948174322732627 0.021111111111111112 0.15312131919905772
1 0.3680555555555556 0.5647820965842167 0.010555555555555556 0.024734982332155476
0 0.3688888888888889 0.6289752650176679 0.023333333333333334 0.15783274440518258
1 0.37805555555555553 0.5323910482921084 0.009444444444444445 0.023557126030624265
0 0.3811111111111111 0.6007067137809188 0.02666666666666667 0.1625441696113074
1 0.3825 0.5259128386336867 0.007222222222222222 0.015312131919905771
0 0.38472222222222224 0.5936395759717314 0.025 0.15783274440518258
1 0.4025 0.5294464075382803 0.009444444444444445 0.020023557126030624
0 0.4025 0.5942285041224971 0.02277777777777778 0.1519434628975265
1 0.4063888888888889 0.5070671378091873 0.007222222222222222 0.020023557126030624
0 0.4072222222222222 0.5742049469964664 0.023333333333333334 0.16136631330977622
1 0.42944444444444446 0.5212014134275619 0.0077777777777777776 0.020023557126030624
0 0.4297222222222222 0.5865724381625441 0.03722222222222222 0.15783274440518258
1 0.45555555555555555 0.532979976442874 0.008888888888888889 0.0176678445229682
0 0.45805555555555555 0.5924617196702002 0.02277777777777778 0.143698468786808
1 0.4802777777777778 0.5235571260306242 0.007222222222222222 0.0176678445229682
0 0.4766666666666667 0.5859835100117785 0.022222222222222223 0.15429917550058891
1 0.5094444444444445 0.5318021201413428 0.008888888888888889 0.02237926972909305
0 0.505 0.5918727915194346 0.023333333333333334 0.14723203769140164
1 0.5127777777777778 0.5647820965842167 0.008888888888888889 0.020023557126030624
0 0.5086111111111111 0.5959952885747939 0.025 0.09187279151943463
1 0.5211111111111111 0.5636042402826855 0.01 0.02237926972909305
0 0.5169444444444444 0.633097762073027 0.029444444444444443 0.16607773851590105
1 0.5233333333333333 0.5388692579505301 0.0077777777777777776 0.0176678445229682
0 0.5230555555555556 0.5971731448763251 0.019444444444444445 0.13898704358068315
1 0.5361111111111111 0.5506478209658422 0.008888888888888889 0.024734982332155476
0 0.5375 0.6189634864546525 0.025 0.1684334511189635
1 0.5427777777777778 0.5306242638398115 0.0077777777777777776 0.0176678445229682
0 0.5413888888888889 0.5918727915194346 0.02277777777777778 0.14958775029446408
1 0.57 0.5412249705535924 0.008888888888888889 0.024734982332155476
0 0.5688888888888889 0.5977620730270907 0.02666666666666667 0.1519434628975265
1 0.5727777777777778 0.5518256772673734 0.01 0.024734982332155476
0 0.5722222222222222 0.6207302709069493 0.024444444444444446 0.16489988221436985
1 0.5958333333333333 0.5353356890459364 0.009444444444444445 0.027090694935217905
0 0.5991666666666666 0.6042402826855123 0.025 0.17196702002355713
1 0.48638888888888887 0.6266195524146054 0.008333333333333333 0.023557126030624265
0 0.4816666666666667 0.6890459363957597 0.02 0.15547703180212014
1 0.4913888888888889 0.6342756183745583 0.011666666666666667 0.024734982332155476
0 0.4955555555555556 0.702002355712603 0.02666666666666667 0.1696113074204947
1 0.3463888888888889 0.696113074204947 0.010555555555555556 0.030624263839811542
0 0.3436111111111111 0.7608951707891637 0.03277777777777778 0.16725559481743227
1 0.37416666666666665 0.6325088339222615 0.012777777777777779 0.028268551236749116
0 0.36694444444444446 0.709658421672556 0.02388888888888889 0.19434628975265017
1 0.3738888888888889 0.6336866902237926 0.011111111111111112 0.028268551236749116
0 0.3725 0.7126030624263839 0.03166666666666667 0.19081272084805653
1 0.3794444444444444 0.7061248527679623 0.008888888888888889 0.024734982332155476
0 0.3761111111111111 0.7691401648998822 0.02666666666666667 0.15547703180212014
1 0.37777777777777777 0.7426383981154299 0.01 0.027090694935217905
0 0.3786111111111111 0.7868080094228505 0.02388888888888889 0.12014134275618374
1 0.3938888888888889 0.7502944640753828 0.011111111111111112 0.028268551236749116
0 0.39361111111111113 0.8297997644287397 0.03388888888888889 0.20141342756183744
1 0.4047222222222222 0.7061248527679623 0.010555555555555556 0.027090694935217905
0 0.40444444444444444 0.7820965842167256 0.03333333333333333 0.18845700824499412
1 0.4261111111111111 0.7520612485276796 0.01 0.027090694935217905
0 0.42333333333333334 0.8386336866902238 0.03 0.20965842167255594
1 0.4136111111111111 0.8356890459363958 0.011666666666666667 0.03415783274440518
0 0.41638888888888886 0.9081272084805654 0.03166666666666667 0.18374558303886926
1 0.4475 0.7909305064782096 0.012777777777777779 0.03415783274440518
0 0.4483333333333333 0.8816254416961131 0.034444444444444444 0.23674911660777384
1 0.4786111111111111 0.8845700824499411 0.012777777777777779 0.03297997644287397
0 0.47 0.9322732626619552 0.04 0.1354534746760895
1 0.46944444444444444 0.8056537102473498 0.015555555555555555 0.0353356890459364
0 0.4766666666666667 0.8822143698468787 0.04 0.20023557126030625
1 0.4672222222222222 0.7308598351001178 0.013333333333333334 0.03415783274440518
0 0.46305555555555555 0.8280329799764429 0.03166666666666667 0.24028268551236748
1 0.4888888888888889 0.7585394581861012 0.011111111111111112 0.030624263839811542
0 0.49194444444444446 0.8468786808009423 0.04055555555555555 0.21672555948174324
1 0.6472222222222223 0.5400471142520612 0.0077777777777777776 0.020023557126030624
0 0.6455555555555555 0.607773851590106 0.035555555555555556 0.160188457008245
1 0.645 0.5282685512367491 0.0077777777777777776 0.0176678445229682
0 0.6452777777777777 0.5977620730270907 0.028333333333333332 0.1684334511189635
1 0.6516666666666666 0.535924617196702 0.006666666666666667 0.016489988221436984
0 0.6580555555555555 0.6018845700824499 0.021666666666666667 0.15076560659599528
1 0.6547222222222222 0.5265017667844523 0.008333333333333333 0.016489988221436984
0 0.6608333333333334 0.5800942285041225 0.021666666666666667 0.13780918727915195
1 0.6641666666666667 0.508833922261484 0.009444444444444445 0.023557126030624265
0 0.6652777777777777 0.5712603062426383 0.018333333333333333 0.14840989399293286
1 0.6719444444444445 0.5111896348645465 0.007222222222222222 0.02120141342756184
0 0.6730555555555555 0.5677267373380448 0.018333333333333333 0.1413427561837456
1 0.6875 0.5541813898704359 0.009444444444444445 0.024734982332155476
0 0.6827777777777778 0.6060070671378092 0.02666666666666667 0.1330977620730271
1 0.6836111111111111 0.6666666666666666 0.010555555555555556 0.02591283863368669
0 0.68 0.7444051825677267 0.03777777777777778 0.19081272084805653
1 0.7113888888888888 0.6866902237926973 0.010555555555555556 0.028268551236749116
0 0.7102777777777778 0.7449941107184923 0.02388888888888889 0.1519434628975265
1 0.6977777777777778 0.5636042402826855 0.008888888888888889 0.020023557126030624
0 0.6938888888888889 0.6113074204946997 0.02 0.12249705535924617
1 0.705 0.5700824499411072 0.0077777777777777776 0.016489988221436984
0 0.7038888888888889 0.6260306242638398 0.021111111111111112 0.13074204946996468
1 0.7166666666666667 0.5865724381625441 0.01 0.02120141342756184
0 0.7152777777777778 0.643698468786808 0.02277777777777778 0.1425206124852768
1 0.685 0.5300353356890459 0.006666666666666667 0.02120141342756184
0 0.6822222222222222 0.5936395759717314 0.02666666666666667 0.160188457008245
1 0.6775 0.49646643109540634 0.009444444444444445 0.02237926972909305
0 0.6794444444444444 0.5671378091872792 0.022222222222222223 0.1707891637220259
1 0.6938888888888889 0.48468786808009423 0.0077777777777777776 0.020023557126030624
0 0.6938888888888889 0.5323910482921084 0.01888888888888889 0.11778563015312132
1 0.6975 0.47644287396937574 0.006111111111111111 0.012956419316843345
0 0.7025 0.5288574793875147 0.020555555555555556 0.1248527679623086
1 0.7294444444444445 0.47703180212014135 0.008888888888888889 0.02120141342756184
0 0.73 0.5217903415783275 0.01888888888888889 0.1154299175500589
1 0.7475 0.4829210836277974 0.009444444444444445 0.01884570082449941
0 0.7413888888888889 0.5323910482921084 0.026111111111111113 0.1248527679623086
1 0.7505555555555555 0.48115429917550057 0.0077777777777777776 0.020023557126030624
0 0.7502777777777778 0.535924617196702 0.019444444444444445 0.13191990577149587
1 0.76 0.4587750294464075 0.008888888888888889 0.0176678445229682
0 0.7594444444444445 0.5123674911660777 0.016666666666666666 0.127208480565371
1 0.8463888888888889 0.502944640753828 0.008333333333333333 0.02120141342756184
0 0.8455555555555555 0.5512367491166078 0.023333333333333334 0.12956419316843346
1 0.8636111111111111 0.4917550058892815 0.008333333333333333 0.020023557126030624
0 0.8636111111111111 0.5512367491166078 0.02722222222222222 0.14605418138987045
1 0.8858333333333334 0.5005889281507656 0.008333333333333333 0.01884570082449941
0 0.8847222222222222 0.5577149587750294 0.025 0.13780918727915195
1 0.9113888888888889 0.5123674911660777 0.008333333333333333 0.02120141342756184
0 0.9105555555555556 0.5653710247349824 0.016666666666666666 0.12956419316843346
1 0.9266666666666666 0.5082449941107184 0.0077777777777777776 0.020023557126030624
0 0.9266666666666666 0.5653710247349824 0.02666666666666667 0.13898704358068315
1 0.9627777777777777 0.5123674911660777 0.0077777777777777776 0.02120141342756184
0 0.9633333333333334 0.5565371024734982 0.022222222222222223 0.1166077738515901
1 0.9688888888888889 0.483510011778563 0.01 0.0176678445229682
0 0.9666666666666667 0.5223792697290931 0.017777777777777778 0.10247349823321555
1 0.9961111111111111 0.5618374558303887 0.0077777777777777776 0.02120141342756184
0 0.9880555555555556 0.6195524146054181 0.02388888888888889 0.15312131919905772
1 0.7433333333333333 0.5471142520612485 0.008888888888888889 0.020023557126030624
0 0.7444444444444445 0.5901060070671378 0.021111111111111112 0.11778563015312132
1 0.7352777777777778 0.6048292108362779 0.009444444444444445 0.02237926972909305
0 0.7325 0.6401648998822144 0.01611111111111111 0.10482921083627797
1 0.735 0.6484098939929329 0.011111111111111112 0.02944640753828033
0 0.7327777777777778 0.6972909305064782 0.023333333333333334 0.13663133097762073
1 0.7505555555555555 0.7008244994110718 0.008888888888888889 0.023557126030624265
0 0.7494444444444445 0.7243816254416962 0.022222222222222223 0.08244994110718493
1 0.7755555555555556 0.6808009422850412 0.011111111111111112 0.028268551236749116
0 0.7744444444444445 0.7296819787985865 0.027777777777777776 0.13780918727915195
1 0.7808333333333334 0.6183745583038869 0.008333333333333333 0.02120141342756184
0 0.7794444444444445 0.6802120141342756 0.025555555555555557 0.15901060070671377
1 0.7958333333333333 0.6054181389870436 0.009444444444444445 0.023557126030624265
0 0.7972222222222223 0.6696113074204947 0.025555555555555557 0.16136631330977622
1 0.76 0.5871613663133097 0.008888888888888889 0.02237926972909305
0 0.7566666666666667 0.6501766784452296 0.017777777777777778 0.15076560659599528
1 0.7716666666666666 0.5471142520612485 0.01 0.027090694935217905
0 0.77 0.6024734982332155 0.021111111111111112 0.14487632508833923
1 0.7833333333333333 0.5441696113074205 0.0077777777777777776 0.023557126030624265
0 0.7813888888888889 0.5954063604240283 0.028333333333333332 0.1354534746760895
1 0.7988888888888889 0.5394581861012956 0.0077777777777777776 0.02120141342756184
0 0.8 0.5942285041224971 0.022222222222222223 0.13780918727915195
1 0.7811111111111111 0.4917550058892815 0.008888888888888889 0.020023557126030624
0 0.7794444444444445 0.5412249705535924 0.025555555555555557 0.1330977620730271
1 0.8452777777777778 0.6790341578327445 0.010555555555555556 0.024734982332155476
0 0.8441666666666666 0.7420494699646644 0.028333333333333332 0.15783274440518258
1 0.8836111111111111 0.6796230859835101 0.012777777777777779 0.028268551236749116
0 0.8780555555555556 0.7467608951707891 0.03611111111111111 0.16725559481743227
1 0.9322222222222222 0.6672555948174322 0.012222222222222223 0.024734982332155476
0 0.9277777777777778 0.7308598351001178 0.03777777777777778 0.16136631330977622
1 0.9636111111111111 0.666077738515901 0.009444444444444445 0.027090694935217905
0 0.9611111111111111 0.7196702002355713 0.035555555555555556 0.14840989399293286
1 0.9336111111111111 0.7614840989399293 0.010555555555555556 0.02944640753828033
0 0.9316666666666666 0.8091872791519434 0.03222222222222222 0.12956419316843346
1 0.8663888888888889 0.8992932862190812 0.015 0.03651354534746761
0 0.8663888888888889 0.9381625441696113 0.03388888888888889 0.12367491166077739
1 0.8797222222222222 0.8898704358068316 0.015 0.03651354534746761
0 0.8794444444444445 0.9216725559481743 0.025555555555555557 0.11425206124852769
1 0.6661111111111111 0.8663133097762074 0.014444444444444444 0.03415783274440518
0 0.6677777777777778 0.908716136631331 0.05555555555555555 0.13074204946996468
1 0.9147222222222222 0.8433451118963486 0.020555555555555556 0.0447585394581861
0 0.8869444444444444 0.908716136631331 0.12055555555555555 0.18256772673733804
1 0.9155555555555556 0.842756183745583 0.02 0.043580683156654886
0 0.8925 0.9022379269729093 0.11388888888888889 0.16725559481743227
1 0.9422222222222222 0.8027090694935218 0.014444444444444444 0.03415783274440518
0 0.9275 0.85924617196702 0.0961111111111111 0.17550058892815076
1 0.9825 0.9140164899882215 0.020555555555555556 0.05418138987043581
0 0.9766666666666667 0.9399293286219081 0.04666666666666667 0.12014134275618374
1 0.9555555555555556 0.40694935217903416 0.006666666666666667 0.0176678445229682
0 0.9572222222222222 0.4493521790341578 0.022222222222222223 0.1071849234393404
1 0.9816666666666667 0.4004711425206125 0.006666666666666667 0.014134275618374558
0 0.9802777777777778 0.4369846878680801 0.017222222222222222 0.09658421672555949
1 0.9688888888888889 0.3822143698468787 0.006666666666666667 0.015312131919905771
0 0.9688888888888889 0.4210836277974087 0.015555555555555555 0.09540636042402827
1 0.9983333333333333 0.3910482921083628 0.0033333333333333335 0.011778563015312132
0 0.9955555555555555 0.43521790341578326 0.008888888888888889 0.1071849234393404
1 0.9586111111111111 0.35217903415783275 0.006111111111111111 0.011778563015312132
0 0.9566666666666667 0.3845700824499411 0.016666666666666666 0.08598351001177856
1 0.8238888888888889 0.5100117785630153 0.005555555555555556 0.014134275618374558
0 0.8225 0.5400471142520612 0.017222222222222222 0.12131919905771496
1 0.8152777777777778 0.49528857479387517 0.007222222222222222 0.0176678445229682
0 0.8172222222222222 0.5406360424028268 0.028888888888888888 0.11778563015312132
1 0.6894444444444444 0.4799764428739694 0.0077777777777777776 0.0176678445229682
0 0.6880555555555555 0.5294464075382803 0.015 0.12838633686690223
1 0.6538888888888889 0.525323910482921 0.008888888888888889 0.01884570082449941
0 0.66 0.5889281507656066 0.024444444444444446 0.14840989399293286
1 0.6922222222222222 0.6631330977620731 0.0077777777777777776 0.01884570082449941
0 0.6894444444444444 0.6778563015312132 0.01888888888888889 0.05771495877502945
1 0.7513888888888889 0.5948174322732627 0.009444444444444445 0.023557126030624265
0 0.7530555555555556 0.6419316843345112 0.018333333333333333 0.1248527679623086
1 0.7436111111111111 0.6048292108362779 0.011666666666666667 0.027090694935217905
0 0.7466666666666667 0.6643109540636042 0.02666666666666667 0.15076560659599528
1 0.9308333333333333 0.4575971731448763 0.006111111111111111 0.015312131919905771
0 0.9322222222222222 0.4929328621908127 0.017777777777777778 0.09305064782096584