1 0.230625 0.8950850661625709 0.03125 0.05103969754253308
0 0.235625 0.9281663516068053 0.09625 0.14366729678638943
1 0.3325 0.8903591682419659 0.0325 0.05671077504725898
0 0.33 0.9281663516068053 0.0875 0.14366729678638943
1 0.378125 0.8431001890359168 0.02625 0.04914933837429111
0 0.37125 0.9054820415879017 0.06 0.1890359168241966
1 0.418125 0.8601134215500945 0.03625 0.052930056710775046
0 0.428125 0.9111531190926276 0.08125 0.1776937618147448
1 0.4375 0.8364839319470699 0.0225 0.03969754253308128
0 0.43875 0.9035916824196597 0.075 0.19281663516068054
1 0.473125 0.8695652173913043 0.02875 0.052930056710775046
0 0.475625 0.9139886578449905 0.07875 0.1720226843100189
1 0.49875 0.8676748582230623 0.03 0.04914933837429111
0 0.499375 0.9177693761814745 0.08625 0.16446124763705103
1 0.52875 0.8393194706994329 0.0275 0.04914933837429111
0 0.530625 0.9035916824196597 0.07125 0.19281663516068054
1 0.585 0.8468809073724007 0.0225 0.04914933837429111
0 0.5775 0.9083175803402647 0.0875 0.1833648393194707
1 0.604375 0.8846880907372401 0.02875 0.04914933837429111
0 0.601875 0.9272211720226843 0.06625 0.14555765595463138
1 0.63125 0.9035916824196597 0.0275 0.052930056710775046
0 0.61625 0.9366729678638941 0.095 0.1266540642722117
1 0.679375 0.8676748582230623 0.03125 0.052930056710775046
0 0.679375 0.9187145557655955 0.07625 0.16257088846880907
1 0.743125 0.8601134215500945 0.02875 0.04914933837429111
0 0.7525 0.9120982986767486 0.06 0.17580340264650285
1 0.876875 0.8809073724007561 0.01875 0.034026465028355386
0 0.869375 0.9300567107750473 0.04125 0.13988657844990549
1 0.77125 0.8941398865784499 0.02 0.034026465028355386
0 0.7775 0.9338374291115312 0.0575 0.1323251417769376
1 0.8175 0.8988657844990549 0.025 0.035916824196597356
0 0.819375 0.9376181474480151 0.05375 0.12476370510396975