1 0.044921875 0.4267935578330893 0.04296875 0.08345534407027819
0 0.06103515625 0.6500732064421669 0.1220703125 0.5387994143484627
1 0.12109375 0.4084919472913616 0.033203125 0.06442166910688141
0 0.1103515625 0.5893118594436311 0.103515625 0.4377745241581259
1 0.23486328125 0.45314787701317716 0.0224609375 0.03953147877013177
0 0.2421875 0.5578330893118595 0.05078125 0.2547584187408492
1 0.6005859375 0.5329428989751098 0.041015625 0.07320644216691069
0 0.58056640625 0.6793557833089312 0.1845703125 0.3806734992679356
1 0.5791015625 0.5263543191800878 0.03125 0.06881405563689605
0 0.583984375 0.6537335285505125 0.1171875 0.33528550512445093
1 0.67919921875 0.5219619326500732 0.0302734375 0.048316251830161056
0 0.68798828125 0.6325036603221084 0.0712890625 0.2781844802342606
1 0.6630859375 0.5109809663250366 0.029296875 0.055636896046852125
0 0.6474609375 0.6142020497803806 0.078125 0.27379209370424595
1 0.71923828125 0.5161054172767203 0.0263671875 0.05417276720351391
0 0.72119140625 0.6171303074670571 0.0771484375 0.2679355783308931
1 0.77587890625 0.5226939970717424 0.0283203125 0.04685212298682284
0 0.78515625 0.637628111273792 0.080078125 0.2913616398243045
1 0.6298828125 0.5043923865300146 0.0234375 0.0424597364568082
0 0.62109375 0.5702781844802343 0.06640625 0.1800878477306003
1 0.52587890625 0.5109809663250366 0.0244140625 0.043923865300146414
0 0.53271484375 0.5893118594436311 0.0556640625 0.2005856515373353
1 0.42919921875 0.45095168374816985 0.0166015625 0.02635431918008785
0 0.421875 0.5300146412884333 0.046875 0.1903367496339678
1 0.28515625 0.4472913616398243 0.015625 0.024890190336749635
0 0.2841796875 0.5329428989751098 0.04296875 0.20790629575402636