1 0.02727272727272727 0.21601941747572814 0.05454545454545454 0.1262135922330097
0 0.06783216783216783 0.5716019417475728 0.13566433566433567 0.8567961165048543
1 0.11118881118881119 0.3179611650485437 0.06013986013986014 0.13592233009708737
0 0.1034965034965035 0.6213592233009708 0.13146853146853146 0.7572815533980582
1 0.2013986013986014 0.3604368932038835 0.06433566433566433 0.12864077669902912
0 0.1972027972027972 0.6468446601941747 0.11188811188811189 0.7063106796116505
1 0.12097902097902098 0.09587378640776699 0.06573426573426573 0.14805825242718446
0 0.16293706293706295 0.49029126213592233 0.22517482517482518 0.9563106796116505
1 0.1972027972027972 0.12378640776699029 0.06153846153846154 0.13592233009708737
0 0.1972027972027972 0.5097087378640777 0.12027972027972028 0.9223300970873787
1 0.3181818181818182 0.13470873786407767 0.06293706293706294 0.14320388349514562
0 0.3083916083916084 0.5254854368932039 0.16083916083916083 0.9490291262135923
1 0.3839160839160839 0.16019417475728157 0.08531468531468532 0.16019417475728157
0 0.4097902097902098 0.537621359223301 0.24055944055944056 0.9247572815533981
1 0.44685314685314687 0.14441747572815533 0.11328671328671329 0.17233009708737865
0 0.44265734265734263 0.5242718446601942 0.2895104895104895 0.9514563106796117
1 0.5769230769230769 0.15898058252427186 0.06013986013986014 0.10922330097087378
0 0.5895104895104896 0.5364077669902912 0.13006993006993006 0.8689320388349514
1 0.6748251748251748 0.08373786407766991 0.06293706293706294 0.14320388349514562
0 0.6643356643356644 0.4672330097087379 0.16503496503496504 0.9296116504854369
1 0.7545454545454545 0.15048543689320387 0.06013986013986014 0.13592233009708737
0 0.7552447552447552 0.5218446601941747 0.17062937062937064 0.8932038834951457
1 0.8048951048951049 0.13349514563106796 0.057342657342657345 0.10194174757281553
0 0.8048951048951049 0.4393203883495146 0.13006993006993006 0.7669902912621359
1 0.972027972027972 0.0691747572815534 0.055944055944055944 0.1383495145631068
0 0.9552447552447553 0.5 0.08951048951048951 1