1 0.8982300884955752 0.5993150684931506 0.005309734513274336 0.00684931506849315
0 0.8982300884955752 0.6164383561643836 0.019469026548672566 0.0502283105022831
1 0.7663716814159292 0.589041095890411 0.007079646017699115 0.0091324200913242
0 0.763716814159292 0.6073059360730594 0.01592920353982301 0.0502283105022831
1 0.7530973451327434 0.6050228310502284 0.012389380530973451 0.0502283105022831
0 0.7530973451327434 0.6050228310502284 0.012389380530973451 0.0502283105022831
1 0.7371681415929203 0.6027397260273972 0.01592920353982301 0.045662100456621
0 0.7371681415929203 0.6027397260273972 0.01592920353982301 0.045662100456621
1 0.7238938053097345 0.6095890410958904 0.01415929203539823 0.0502283105022831
0 0.7238938053097345 0.6095890410958904 0.01415929203539823 0.0502283105022831
1 0.7079646017699115 0.6084474885844748 0.01415929203539823 0.04794520547945205
0 0.7079646017699115 0.6084474885844748 0.01415929203539823 0.04794520547945205
1 0.5327433628318584 0.613013698630137 0.007079646017699115 0.01141552511415525
0 0.5292035398230088 0.6404109589041096 0.024778761061946902 0.07077625570776255
1 0.4265486725663717 0.613013698630137 0.007079646017699115 0.01141552511415525
0 0.4247787610619469 0.6449771689497716 0.02831858407079646 0.07990867579908675
1 0.3911504424778761 0.6255707762557078 0.007079646017699115 0.0091324200913242
0 0.3893805309734513 0.6484018264840182 0.024778761061946902 0.0639269406392694
1 0.3805309734513274 0.617579908675799 0.007079646017699115 0.01141552511415525
0 0.37964601769911505 0.6438356164383562 0.023008849557522124 0.0776255707762557
1 0.34690265486725663 0.6073059360730594 0.007079646017699115 0.0091324200913242
0 0.34424778761061947 0.6289954337899544 0.023008849557522124 0.06164383561643835
1 0.3088495575221239 0.617579908675799 0.008849557522123894 0.01141552511415525
0 0.30442477876106194 0.6472602739726028 0.02831858407079646 0.07990867579908675
1 0.2849557522123894 0.610730593607306 0.010619469026548672 0.01598173515981735
0 0.2831858407079646 0.6404109589041096 0.02831858407079646 0.08447488584474885
1 0.2867256637168142 0.6301369863013698 0.010619469026548672 0.0182648401826484
0 0.28584070796460176 0.6689497716894978 0.03008849557522124 0.1095890410958904
1 0.25309734513274335 0.6164383561643836 0.010619469026548672 0.0136986301369863
0 0.2592920353982301 0.6472602739726028 0.03008849557522124 0.09360730593607305
1 0.24424778761061947 0.6073059360730594 0.007079646017699115 0.0091324200913242
0 0.24336283185840707 0.6312785388127854 0.023008849557522124 0.06164383561643835
1 0.22566371681415928 0.6244292237442922 0.008849557522123894 0.01141552511415525
0 0.22743362831858407 0.6552511415525114 0.023008849557522124 0.0867579908675799
1 0.21150442477876105 0.6221461187214612 0.008849557522123894 0.01141552511415525
0 0.2088495575221239 0.656392694063927 0.024778761061946902 0.08904109589041095
1 0.20176991150442478 0.591324200913242 0.007079646017699115 0.0091324200913242
0 0.20088495575221238 0.613013698630137 0.023008849557522124 0.05707762557077625
1 0.17610619469026548 0.5947488584474886 0.005309734513274336 0.00684931506849315
0 0.1752212389380531 0.610730593607306 0.017699115044247787 0.04794520547945205
1 0.15663716814159293 0.5924657534246576 0.008849557522123894 0.01141552511415525
0 0.15752212389380532 0.6118721461187214 0.017699115044247787 0.0547945205479452
1 0.11150442477876106 0.6244292237442922 0.010619469026548672 0.01598173515981735
0 0.11504424778761062 0.6541095890410958 0.04601769911504425 0.08447488584474885