1 0.874267578125 0.6630859375 0.09228515625 0.16471354166666666
0 0.8251953125 0.7903645833333334 0.33203125 0.4192708333333333
1 0.845703125 0.373046875 0.080078125 0.12630208333333334
0 0.8212890625 0.65234375 0.2998046875 0.6953125
1 0.71337890625 0.3492838541666667 0.068359375 0.12174479166666667
0 0.726806640625 0.62109375 0.18408203125 0.6770833333333334
1 0.591796875 0.4078776041666667 0.0595703125 0.10872395833333333
0 0.608154296875 0.6725260416666666 0.17041015625 0.6549479166666666
1 0.4951171875 0.3180338541666667 0.0595703125 0.10091145833333333
0 0.480712890625 0.6005859375 0.17138671875 0.681640625
1 0.398681640625 0.3961588541666667 0.06787109375 0.119140625
0 0.376953125 0.6611328125 0.1748046875 0.677734375
1 0.259521484375 0.3349609375 0.08837890625 0.14388020833333334
0 0.198486328125 0.626953125 0.38818359375 0.74609375
1 0.12451171875 0.3922526041666667 0.119140625 0.17513020833333334
0 0.133056640625 0.6477864583333334 0.26611328125 0.7044270833333334