1 0.7608333333333334 0.5427777777777778 0.08166666666666667 0.13
0 0.8233333333333334 0.7366666666666667 0.26666666666666666 0.5266666666666666
1 0.5920833333333333 0.5616666666666666 0.0725 0.12111111111111111
0 0.61125 0.7466666666666667 0.23083333333333333 0.5066666666666667
1 0.38 0.5972222222222222 0.07833333333333334 0.11888888888888889
0 0.37875 0.7627777777777778 0.2275 0.47444444444444445
1 0.24125 0.6244444444444445 0.08416666666666667 0.14666666666666667
0 0.16041666666666668 0.7655555555555555 0.32083333333333336 0.4688888888888889
1 0.3016666666666667 0.40444444444444444 0.06166666666666667 0.10888888888888888
0 0.29083333333333333 0.6633333333333333 0.185 0.64
1 0.48791666666666667 0.39444444444444443 0.06416666666666666 0.08666666666666667
0 0.4775 0.6538888888888889 0.18 0.6233333333333333
1 0.6508333333333334 0.39 0.06166666666666667 0.09777777777777778
0 0.67 0.6672222222222223 0.19166666666666668 0.6655555555555556