1 0.08133333333333333 0.4528112449799197 0.05333333333333334 0.08634538152610442
0 0.06566666666666666 0.7023092369477911 0.13133333333333333 0.5953815261044176
1 0.179 0.4723895582329317 0.03933333333333333 0.08132530120481928
0 0.16066666666666668 0.7068273092369478 0.10666666666666667 0.5642570281124498
1 0.23366666666666666 0.4854417670682731 0.03933333333333333 0.071285140562249
0 0.23433333333333334 0.7023092369477911 0.094 0.5170682730923695
1 0.27266666666666667 0.4954819277108434 0.036 0.06927710843373494
0 0.263 0.6912650602409639 0.06733333333333333 0.46887550200803213
1 0.322 0.4904618473895582 0.03333333333333333 0.06526104417670683
0 0.317 0.6792168674698795 0.06866666666666667 0.45481927710843373
1 0.38166666666666665 0.4563253012048193 0.03666666666666667 0.06526104417670683
0 0.37366666666666665 0.6621485943775101 0.094 0.48694779116465864
1 0.4493333333333333 0.44929718875502006 0.03866666666666667 0.06124497991967871
0 0.44633333333333336 0.6566265060240963 0.08066666666666666 0.4819277108433735
1 0.494 0.5 0.03333333333333333 0.06224899598393574
0 0.49233333333333335 0.6847389558232931 0.08066666666666666 0.44176706827309237
1 0.541 0.47941767068273095 0.03133333333333333 0.06124497991967871
0 0.544 0.6666666666666666 0.08133333333333333 0.44779116465863456
1 0.602 0.46686746987951805 0.03333333333333333 0.060240963855421686
0 0.606 0.6591365461847389 0.08666666666666667 0.44879518072289154
1 0.6516666666666666 0.4979919678714859 0.028666666666666667 0.05421686746987952
0 0.652 0.6711847389558233 0.07066666666666667 0.4086345381526104
1 0.6956666666666667 0.48343373493975905 0.035333333333333335 0.06325301204819277
0 0.7053333333333334 0.6721887550200804 0.076 0.44477911646586343
1 0.7556666666666667 0.5085341365461847 0.034 0.06124497991967871
0 0.7593333333333333 0.6807228915662651 0.08133333333333333 0.41967871485943775
1 0.819 0.4789156626506024 0.035333333333333335 0.06827309236947791
0 0.8416666666666667 0.6746987951807228 0.142 0.463855421686747
1 0.8736666666666667 0.5145582329317269 0.035333333333333335 0.06124497991967871
0 0.875 0.7043172690763052 0.09266666666666666 0.4467871485943775
1 0.9523333333333334 0.48343373493975905 0.04466666666666667 0.07329317269076305
0 0.9486666666666667 0.7063253012048193 0.10266666666666667 0.5311244979919679