1 0.065 0.8688610240334378 0.02076923076923077 0.02821316614420063
0 0.07307692307692308 0.9247648902821317 0.04923076923076923 0.15047021943573669
1 0.11538461538461539 0.855276907001045 0.023076923076923078 0.030303030303030304
0 0.12461538461538461 0.9179728317659352 0.05846153846153846 0.16405433646812956
1 0.24192307692307694 0.7941483803552769 0.02076923076923077 0.03343782654127482
0 0.22076923076923077 0.8871473354231975 0.06307692307692307 0.22570532915360503
1 0.25 0.812957157784744 0.02 0.029258098223615466
0 0.2373076923076923 0.896551724137931 0.05307692307692308 0.20689655172413793
1 0.32461538461538464 0.7899686520376176 0.015384615384615385 0.022988505747126436
0 0.32269230769230767 0.8584117032392894 0.045384615384615384 0.1619644723092999
1 0.335 0.741901776384535 0.014615384615384615 0.025078369905956112
0 0.3334615384615385 0.780564263322884 0.03923076923076923 0.11285266457680251
1 0.3515384615384615 0.7706374085684431 0.016923076923076923 0.02612330198537095
0 0.34807692307692306 0.8338557993730408 0.036153846153846154 0.15673981191222572
1 0.36615384615384616 0.7513061650992685 0.012307692307692308 0.02089864158829676
0 0.3688461538461538 0.7925809822361547 0.03 0.11180773249738767
1 0.4026923076923077 0.7685475444096134 0.01769230769230769 0.024033437826541274
0 0.39653846153846156 0.8254963427377221 0.03923076923076923 0.14211076280041798
1 0.425 0.7403343782654127 0.011538461538461539 0.0219435736677116
0 0.42230769230769233 0.7857889237199582 0.03230769230769231 0.11703239289446186
1 0.44461538461538463 0.7403343782654127 0.012307692307692308 0.019853709508881923
0 0.4426923076923077 0.7774294670846394 0.02846153846153846 0.10031347962382445
1 0.45884615384615385 0.7324973876698014 0.014615384615384615 0.022988505747126436
0 0.4584615384615385 0.7654127481713688 0.026153846153846153 0.09299895506792058
1 0.47846153846153844 0.725705329153605 0.013846153846153847 0.024033437826541274
0 0.4819230769230769 0.7622779519331243 0.031538461538461536 0.1013584117032393
1 0.47423076923076923 0.7518286311389759 0.014615384615384615 0.019853709508881923
0 0.4773076923076923 0.8181818181818182 0.04692307692307692 0.15673981191222572
1 0.4715384615384615 0.7810867293625914 0.013846153846153847 0.017763845350052248
0 0.4576923076923077 0.8286311389759665 0.06 0.11703239289446186
1 0.605 0.7471264367816092 0.014615384615384615 0.029258098223615466
0 0.6030769230769231 0.8009404388714734 0.05846153846153846 0.14106583072100312
1 0.6765384615384615 0.7236154649947754 0.014615384615384615 0.0219435736677116
0 0.6753846153846154 0.7826541274817137 0.046153846153846156 0.148380355276907
1 0.7265384615384616 0.6990595611285266 0.013076923076923076 0.018808777429467086
0 0.7261538461538461 0.7607105538140021 0.038461538461538464 0.14629049111807732
1 0.8076923076923077 0.6844305120167189 0.012307692307692308 0.02089864158829676
0 0.7946153846153846 0.7074190177638453 0.06461538461538462 0.06896551724137931
1 0.8996153846153846 0.7377220480668757 0.016153846153846154 0.018808777429467086
0 0.9065384615384615 0.7701149425287356 0.05 0.08986415882967608
1 0.9473076923076923 0.6593521421107628 0.013076923076923076 0.022988505747126436
0 0.945 0.7074190177638453 0.03923076923076923 0.12330198537095088
1 0.9615384615384616 0.6812957157784744 0.018461538461538463 0.022988505747126436
0 0.9526923076923077 0.7309299895506792 0.04384615384615385 0.12852664576802508
1 0.9465384615384616 0.6818181818181818 0.013076923076923076 0.019853709508881923
0 0.9476923076923077 0.7398119122257053 0.038461538461538464 0.1400208986415883