1 0.8988235294117647 0.21957671957671956 0.09647058823529411 0.1781305114638448
0 0.87 0.5520282186948854 0.26 0.8747795414462081
1 0.7911764705882353 0.18783068783068782 0.08352941176470588 0.14638447971781304
0 0.7576470588235295 0.4691358024691358 0.28941176470588237 0.7160493827160493
1 0.2676470588235294 0.16137566137566137 0.06705882352941177 0.12874779541446207
0 0.2447058823529412 0.4365079365079365 0.2 0.6931216931216931
1 0.47411764705882353 0.18694885361552027 0.04 0.09523809523809523
0 0.44882352941176473 0.41622574955908287 0.13294117647058823 0.5679012345679012
1 0.08176470588235295 0.1710758377425044 0.08588235294117647 0.15520282186948853
0 0.17941176470588235 0.5432098765432098 0.3588235294117647 0.9135802469135802
1 0.6688235294117647 0.24426807760141092 0.029411764705882353 0.05114638447971781
0 0.6576470588235294 0.37566137566137564 0.09647058823529411 0.328042328042328
1 0.6041176470588235 0.21075837742504408 0.027058823529411764 0.047619047619047616
0 0.5988235294117648 0.3430335097001764 0.058823529411764705 0.31569664902998235
1 0.5605882352941176 0.22663139329805995 0.024705882352941175 0.04409171075837742
0 0.558235294117647 0.34832451499118167 0.05529411764705883 0.291005291005291
1 0.5170588235294118 0.22839506172839505 0.02235294117647059 0.04056437389770723
0 0.5123529411764706 0.3474426807760141 0.052941176470588235 0.2821869488536155
1 0.3811764705882353 0.2257495590828924 0.021176470588235293 0.03880070546737213
0 0.38235294117647056 0.3412698412698413 0.05647058823529412 0.27336860670194
1 0.33647058823529413 0.23015873015873015 0.023529411764705882 0.04056437389770723
0 0.33647058823529413 0.3386243386243386 0.04941176470588235 0.2716049382716049
1 0.2911764705882353 0.2328042328042328 0.02 0.03880070546737213
0 0.29294117647058826 0.3377425044091711 0.047058823529411764 0.26278659611992944
1 0.7594117647058823 0.20899470899470898 0.027058823529411764 0.054673721340388004
0 0.7558823529411764 0.35978835978835977 0.0976470588235294 0.37037037037037035
1 0.15764705882352942 0.24426807760141092 0.023529411764705882 0.04056437389770723
0 0.15941176470588236 0.345679012345679 0.052941176470588235 0.25749559082892415
1 0.11647058823529412 0.23368606701940034 0.021176470588235293 0.04409171075837742
0 0.12 0.3395061728395062 0.058823529411764705 0.2804232804232804