1 0.07275390625 0.40263543191800877 0.0458984375 0.07027818448023426
0 0.0634765625 0.6061493411420205 0.126953125 0.4802342606149341
1 0.03662109375 0.4289897510980966 0.0341796875 0.04978038067349927
0 0.0439453125 0.5988286969253295 0.087890625 0.445095168374817
1 0.13232421875 0.4253294289897511 0.0244140625 0.04538799414348463
0 0.1318359375 0.5527086383601757 0.06640625 0.3118594436310395
1 0.17138671875 0.4355783308931186 0.0341796875 0.060029282576866766
0 0.16357421875 0.6017569546120058 0.0908203125 0.41874084919472915
1 0.34619140625 0.38799414348462663 0.1787109375 0.39824304538799415
0 0.28857421875 0.5863836017569546 0.5068359375 0.8272327964860908
1 0.478515625 0.3206442166910688 0.060546875 0.1054172767203514
0 0.4775390625 0.6083455344070278 0.15234375 0.7833089311859444
1 0.78173828125 0.45168374816983897 0.0048828125 0.007320644216691069
0 0.7880859375 0.48535871156661786 0.029296875 0.08638360175695461
1 0.701171875 0.42825768667642755 0.015625 0.027818448023426062
0 0.71044921875 0.513177159590044 0.0537109375 0.20351390922401172
1 0.66162109375 0.43191800878477304 0.0146484375 0.02635431918008785
0 0.662109375 0.5043923865300146 0.0390625 0.17715959004392387
1 0.64453125 0.45973645680819913 0.015625 0.020497803806734993
0 0.63720703125 0.554904831625183 0.0556640625 0.24011713030746706