1 0.27266666666666667 0.434 0.07733333333333334 0.12488888888888888
0 0.18216666666666667 0.6715555555555556 0.2723333333333333 0.6568888888888889
1 0.15466666666666667 0.47 0.048666666666666664 0.09466666666666666
0 0.15416666666666667 0.6526666666666666 0.123 0.49377777777777776
1 0.264 0.43933333333333335 0.04733333333333333 0.06533333333333333
0 0.2738333333333333 0.6253333333333333 0.08833333333333333 0.44622222222222224
1 0.07166666666666667 0.4648888888888889 0.014666666666666666 0.035555555555555556
0 0.07166666666666667 0.4648888888888889 0.014666666666666666 0.035555555555555556
1 0.30416666666666664 0.46266666666666667 0.007666666666666666 0.014222222222222223
0 0.304 0.48977777777777776 0.027333333333333334 0.07466666666666667
1 0.4028333333333333 0.5251111111111111 0.011666666666666667 0.018222222222222223
0 0.4025 0.5555555555555556 0.035 0.08266666666666667
1 0.44016666666666665 0.5237777777777778 0.012333333333333333 0.02
0 0.451 0.5553333333333333 0.051333333333333335 0.09377777777777778
1 0.44916666666666666 0.5148888888888888 0.014333333333333333 0.02
0 0.46116666666666667 0.5473333333333333 0.051 0.09644444444444444
1 0.405 0.4622222222222222 0.009333333333333334 0.022222222222222223
0 0.405 0.4622222222222222 0.009333333333333334 0.022222222222222223
1 0.4066666666666667 0.45466666666666666 0.0033333333333333335 0.005333333333333333
0 0.4088333333333333 0.4613333333333333 0.011 0.022222222222222223
1 0.4236666666666667 0.4562222222222222 0.008 0.024444444444444446
0 0.4236666666666667 0.4562222222222222 0.008 0.024444444444444446
1 0.43433333333333335 0.452 0.0026666666666666666 0.0035555555555555557
0 0.43483333333333335 0.4597777777777778 0.007666666666666666 0.020888888888888887
1 0.49916666666666665 0.462 0.003 0.004888888888888889
0 0.49983333333333335 0.472 0.010333333333333333 0.03111111111111111
1 0.6678333333333333 0.4713333333333333 0.003 0.004
0 0.6683333333333333 0.47955555555555557 0.009333333333333334 0.022222222222222223
1 0.6988333333333333 0.5164444444444445 0.049 0.088
0 0.6556666666666666 0.7335555555555555 0.17266666666666666 0.5328888888888889
1 0.7375 0.49866666666666665 0.06166666666666667 0.09866666666666667
0 0.7346666666666667 0.7222222222222222 0.12333333333333334 0.5555555555555556
1 0.858 0.4593333333333333 0.082 0.13822222222222222
0 0.8883333333333333 0.684 0.22333333333333333 0.632