1 0.9061111111111111 0.5666666666666667 0.0077777777777777776 0.01037037037037037
0 0.9061111111111111 0.5896296296296296 0.016666666666666666 0.06518518518518518
1 0.8005555555555556 0.5711111111111111 0.01 0.013333333333333334
0 0.8 0.6140740740740741 0.03333333333333333 0.10518518518518519
1 0.7655555555555555 0.5681481481481482 0.013333333333333334 0.01925925925925926
0 0.7644444444444445 0.6111111111111112 0.03111111111111111 0.1111111111111111
1 0.7061111111111111 0.554074074074074 0.014444444444444444 0.017777777777777778
0 0.705 0.6096296296296296 0.03888888888888889 0.1348148148148148
1 0.6661111111111111 0.5644444444444444 0.014444444444444444 0.023703703703703703
0 0.6622222222222223 0.6266666666666667 0.044444444444444446 0.15407407407407409
1 0.6577777777777778 0.5622222222222222 0.006666666666666667 0.01037037037037037
0 0.655 0.5874074074074074 0.01888888888888889 0.0637037037037037
1 0.6216666666666667 0.5659259259259259 0.0077777777777777776 0.011851851851851851
0 0.6177777777777778 0.5933333333333334 0.02 0.06962962962962962
1 0.5972222222222222 0.562962962962963 0.005555555555555556 0.008888888888888889
0 0.5966666666666667 0.5911111111111111 0.02 0.07111111111111111
1 0.6116666666666667 0.582962962962963 0.016666666666666666 0.04888888888888889
0 0.6116666666666667 0.582962962962963 0.016666666666666666 0.04888888888888889
1 0.5227777777777778 0.5651851851851852 0.005555555555555556 0.007407407407407408
0 0.5227777777777778 0.582962962962963 0.014444444444444444 0.04888888888888889
1 0.5122222222222222 0.5703703703703704 0.0044444444444444444 0.005925925925925926
0 0.5111111111111111 0.585925925925926 0.013333333333333334 0.04296296296296296
1 0.48388888888888887 0.5659259259259259 0.005555555555555556 0.008888888888888889
0 0.4816666666666667 0.5844444444444444 0.016666666666666666 0.04888888888888889
1 0.4716666666666667 0.5674074074074074 0.005555555555555556 0.005925925925925926
0 0.46944444444444444 0.5851851851851851 0.012222222222222223 0.044444444444444446
1 0.49333333333333335 0.5674074074074074 0.0044444444444444444 0.005925925925925926
0 0.49166666666666664 0.5762962962962963 0.01 0.02962962962962963
1 0.44722222222222224 0.5622222222222222 0.005555555555555556 0.01037037037037037
0 0.4461111111111111 0.585925925925926 0.016666666666666666 0.06074074074074074
1 0.4211111111111111 0.5718518518518518 0.008888888888888889 0.03259259259259259
0 0.4211111111111111 0.5718518518518518 0.008888888888888889 0.03259259259259259
1 0.4127777777777778 0.5592592592592592 0.0033333333333333335 0.0044444444444444444
0 0.4127777777777778 0.5725925925925925 0.01 0.034074074074074076
1 0.4038888888888889 0.5725925925925925 0.0077777777777777776 0.03111111111111111
0 0.4038888888888889 0.5725925925925925 0.0077777777777777776 0.03111111111111111
1 0.39944444444444444 0.5711111111111111 0.01 0.034074074074074076
0 0.39944444444444444 0.5711111111111111 0.01 0.034074074074074076