1 0.0703125 0.3815789473684211 0.126953125 0.23391812865497075
0 0.1669921875 0.6140350877192983 0.333984375 0.7719298245614035
1 0.189453125 0.35014619883040937 0.109375 0.20906432748538012
0 0.28076171875 0.5 0.4443359375 1
1 0.43701171875 0.3757309941520468 0.1201171875 0.19005847953216373
0 0.49267578125 0.5 0.4794921875 1
1 0.51025390625 0.28362573099415206 0.0869140625 0.17251461988304093
0 0.4599609375 0.5 0.537109375 1
1 0.625 0.5131578947368421 0.11328125 0.20175438596491227
0 0.693359375 0.6812865497076024 0.353515625 0.6374269005847953
1 0.8076171875 0.3165204678362573 0.123046875 0.2733918128654971
0 0.86474609375 0.5 0.2705078125 1