1 0.3007142857142857 0.5101651842439644 0.03571428571428571 0.09275730622617535
0 0.2742857142857143 0.658831003811944 0.1442857142857143 0.420584498094028
1 0.3578571428571429 0.5038119440914867 0.03 0.0724269377382465
0 0.33285714285714285 0.6709021601016518 0.1757142857142857 0.42947903430749684
1 0.43714285714285717 0.5076238881829733 0.03571428571428571 0.07750952986022872
0 0.45 0.6575603557814486 0.18571428571428572 0.3900889453621347
1 0.5157142857142857 0.48538754764930114 0.03142857142857143 0.08640406607369759
0 0.515 0.5806861499364676 0.11714285714285715 0.5260482846251588
1 0.5646428571428571 0.4898348157560356 0.03642857142857143 0.08005082592121983
0 0.5589285714285714 0.5978398983481575 0.2392857142857143 0.4841168996188056
1 0.7178571428571429 0.4866581956797967 0.03571428571428571 0.08640406607369759
0 0.6871428571428572 0.6423125794155019 0.1957142857142857 0.4104193138500635
1 0.785 0.48856416772554 0.02857142857142857 0.08259212198221093
0 0.8378571428571429 0.6518424396442185 0.21571428571428572 0.4218551461245235
1 0.8567857142857143 0.49682337992376113 0.03357142857142857 0.08132147395171538
0 0.8682142857142857 0.6442185514612452 0.11214285714285714 0.39644218551461247
1 0.07535714285714286 0.21728081321473952 0.03642857142857143 0.08640406607369759
0 0.08857142857142856 0.4263024142312579 0.16428571428571428 0.6264294790343075
1 0.10714285714285714 0.1855146124523507 0.03428571428571429 0.07878017789072427
0 0.08571428571428572 0.44027954256670904 0.1357142857142857 0.6060991105463787
1 0.1675 0.2420584498094028 0.03214285714285714 0.08005082592121983
0 0.16892857142857143 0.4644218551461245 0.115 0.5400254129606099
1 0.22678571428571428 0.19567979669631513 0.03357142857142857 0.08386277001270648
0 0.23642857142857143 0.44726810673443457 0.12714285714285714 0.5946632782719187
1 0.2960714285714286 0.21346886912325286 0.03214285714285714 0.07623888182973317
0 0.28214285714285714 0.4313850063532402 0.10571428571428572 0.5933926302414231
1 0.36 0.210292249047014 0.03142857142857143 0.0724269377382465
0 0.3532142857142857 0.4301143583227446 0.11785714285714285 0.5451080050825922
1 0.4057142857142857 0.24777636594663277 0.032857142857142856 0.07369758576874205
0 0.4157142857142857 0.44027954256670904 0.08714285714285715 0.49428208386277
1 0.4760714285714286 0.19822109275730623 0.030714285714285715 0.07369758576874205
0 0.43392857142857144 0.3703939008894536 0.145 0.6925031766200762
1 0.5267857142857143 0.18297331639135958 0.03214285714285714 0.08132147395171538
0 0.49892857142857144 0.3703939008894536 0.14357142857142857 0.6848792884371029
1 0.5778571428571428 0.21664548919949175 0.03142857142857143 0.07496823379923762
0 0.5739285714285715 0.4256670902160102 0.08785714285714286 0.5158831003811944
1 0.6378571428571429 0.21473951715374842 0.03142857142857143 0.07878017789072427
0 0.6425 0.40216010165184246 0.07642857142857143 0.5019059720457433
1 0.7014285714285714 0.18996188055908514 0.032857142857142856 0.08005082592121983
0 0.7335714285714285 0.35641677255400256 0.16714285714285715 0.6696315120711563
1 0.7564285714285715 0.25095298602287164 0.032857142857142856 0.07750952986022872
0 0.7625 0.4593392630241423 0.12357142857142857 0.5400254129606099
1 0.8178571428571428 0.1670902160101652 0.037142857142857144 0.07750952986022872
0 0.82 0.403430749682338 0.10714285714285714 0.5578144853875476
1 0.8771428571428571 0.22617534942820838 0.032857142857142856 0.08386277001270648
0 0.865 0.4383735705209657 0.15571428571428572 0.5260482846251588
1 0.9617857142857142 0.1855146124523507 0.03642857142857143 0.07878017789072427
0 0.9596428571428571 0.4250317662007624 0.08071428571428571 0.5756035578144854
1 0.5878571428571429 0.019695044472681066 0.022857142857142857 0.03939008894536213
0 0.5853571428571429 0.16518424396442186 0.07214285714285715 0.3303684879288437
1 0.9039285714285714 0.023506988564167726 0.023571428571428573 0.04701397712833545
0 0.9064285714285715 0.17471410419313851 0.08571428571428572 0.34942820838627703
1 0.6357142857142857 0.49809402795425667 0.03428571428571429 0.07623888182973317
0 0.6346428571428572 0.6556543837357052 0.10928571428571429 0.40152477763659467