1 0.19246281825056719 0.39856441254250097 0.01083942525838165 0.01511144692104269
0 0.19536173430804135 0.4282206271250472 0.030249558860599948 0.07744616547034379
1 0.28900932694731535 0.4280317340385342 0.029493319889084952 0.05062334718549301
0 0.2808167380892362 0.5749905553456743 0.07562389715149988 0.3656970154892331
1 0.3382908999243761 0.4374763883641859 0.02419964708847996 0.0415564790328674
0 0.3438366523821528 0.5647903286739705 0.0433577010335266 0.3037400831129581
1 0.3786236450718427 0.3995088779750661 0.023695487774136628 0.03664525878352852
0 0.37685908747164104 0.561579146203249 0.08419460549533653 0.36607480166225914
1 0.49407612805646584 0.42444276539478654 0.025207965717166624 0.050245561012466945
0 0.5005041593143433 0.5776350585568568 0.07234686160826821 0.36720816018133734
1 0.3858079153012352 0.2869285984132981 0.07789261406604488 0.09784661881375141
0 0.3279556339803378 0.6150358896864375 0.3483740862112428 0.7699282206271251
1 0.7780438618603479 0.3213071401586702 0.06377615326443156 0.09406875708349074
0 0.8306024703806403 0.618058179070646 0.19712629190824302 0.7064601435587458
1 0.9421477186791026 0.34699659992444276 0.022435089488278295 0.03891197582168492
0 0.947189311822536 0.4684548545523234 0.04461809931938492 0.29089535323007176
1 0.9073607259894126 0.3632414053645637 0.017897655659188303 0.026822818284850773
0 0.9082430047895135 0.45088779750661123 0.03831610789009327 0.22327162825840574
1 0.8871943534156793 0.3500188893086513 0.0209226115452483 0.037400831129580654
0 0.8811444416435593 0.44956554590102005 0.0395765061759516 0.24707215715904798
1 0.965969246281825 0.3475632791839819 0.019158053945046636 0.029467321496033247
0 0.9730274766826317 0.4523989421987155 0.05394504663473658 0.24367208160181336
1 0.9571464582808168 0.326029467321496 0.022183009831106628 0.03853418964865886
0 0.9678598437106125 0.4282206271250472 0.0642803125787749 0.24744994333207404