1 0.15673828125 0.6149341142020498 0.0263671875 0.04978038067349927
0 0.1513671875 0.6896046852122987 0.0703125 0.2108345534407028
1 0.212890625 0.5966325036603221 0.025390625 0.0424597364568082
0 0.212890625 0.6800878477306003 0.0625 0.21522693997071743
1 0.2646484375 0.5893118594436311 0.0234375 0.0424597364568082
0 0.2646484375 0.6661786237188873 0.064453125 0.2108345534407028
1 0.31494140625 0.5988286969253295 0.0205078125 0.043923865300146414
0 0.3154296875 0.6698389458272328 0.06640625 0.19472913616398244
1 0.361328125 0.5915080527086384 0.021484375 0.043923865300146414
0 0.36962890625 0.664714494875549 0.0732421875 0.19912152269399708
1 0.40771484375 0.5600292825768668 0.0224609375 0.03953147877013177
0 0.40625 0.6420204978038068 0.056640625 0.20937042459736457
1 0.44873046875 0.58199121522694 0.0205078125 0.03953147877013177
0 0.4580078125 0.6566617862371888 0.068359375 0.19472913616398244
1 0.4931640625 0.5834553440702782 0.01953125 0.0424597364568082
0 0.4912109375 0.6537335285505125 0.048828125 0.18887262079062958
1 0.529296875 0.58199121522694 0.021484375 0.04538799414348463
0 0.53125 0.6522693997071742 0.052734375 0.19472913616398244
1 0.57080078125 0.5995607613469985 0.0224609375 0.04538799414348463
0 0.57421875 0.6610541727672035 0.05859375 0.17715959004392387
1 0.630859375 0.5871156661786238 0.01953125 0.043923865300146414
0 0.626953125 0.6559297218155198 0.072265625 0.1903367496339678
1 0.6826171875 0.5944363103953147 0.021484375 0.03806734992679356
0 0.68115234375 0.6603221083455344 0.0615234375 0.1815519765739385
1 0.7177734375 0.6076134699853587 0.0234375 0.03806734992679356
0 0.72216796875 0.6698389458272328 0.0615234375 0.18301610541727673
1 0.7685546875 0.5878477306002928 0.021484375 0.04538799414348463
0 0.76416015625 0.6698389458272328 0.0771484375 0.21815519765739386
1 0.82080078125 0.58199121522694 0.0263671875 0.048316251830161056
0 0.833984375 0.6742313323572474 0.107421875 0.23865300146412885
1 0.89404296875 0.49194729136163984 0.0244140625 0.043923865300146414
0 0.9072265625 0.6244509516837482 0.07421875 0.31771595900439237
1 0.87744140625 0.4985358711566618 0.0244140625 0.05124450951683748
0 0.904296875 0.6105417276720352 0.08984375 0.28989751098096633
1 0.85498046875 0.47218155197657397 0.0224609375 0.03953147877013177
0 0.86328125 0.6039531478770132 0.06640625 0.3089311859443631
1 0.81396484375 0.4699853587115666 0.0244140625 0.040995607613469986
0 0.8173828125 0.5995607613469985 0.07421875 0.31771595900439237
1 0.77880859375 0.4707174231332357 0.0244140625 0.0424597364568082
0 0.78076171875 0.5878477306002928 0.0576171875 0.28257686676427524
1 0.75146484375 0.47218155197657397 0.0224609375 0.03953147877013177
0 0.75439453125 0.5834553440702782 0.0498046875 0.2708638360175695
1 0.7275390625 0.48462664714494874 0.021484375 0.03806734992679356
0 0.72900390625 0.5900439238653001 0.0439453125 0.26061493411420206
1 0.6943359375 0.47218155197657397 0.01953125 0.03953147877013177
0 0.6953125 0.5849194729136163 0.068359375 0.2767203513909224
1 0.67431640625 0.4765739385065886 0.0224609375 0.03953147877013177
0 0.67529296875 0.5775988286969254 0.0439453125 0.25329428989751096
1 0.65234375 0.4882869692532943 0.01953125 0.036603221083455345
0 0.64599609375 0.5885797950219619 0.0537109375 0.24890190336749635
1 0.62548828125 0.46925329428989754 0.0185546875 0.036603221083455345
0 0.6259765625 0.5622254758418741 0.048828125 0.23133235724743778
1 0.5966796875 0.48975109809663253 0.01953125 0.03367496339677892
0 0.59716796875 0.5878477306002928 0.0517578125 0.24743777452415813
1 0.578125 0.48243045387994143 0.017578125 0.03367496339677892
0 0.57763671875 0.5812591508052709 0.0361328125 0.23718887262079064
1 0.55859375 0.47584187408491946 0.01953125 0.03513909224011713
0 0.55859375 0.5878477306002928 0.05078125 0.2708638360175695
1 0.5283203125 0.4882869692532943 0.021484375 0.036603221083455345
0 0.53125 0.5878477306002928 0.056640625 0.2445095168374817
1 0.50732421875 0.48243045387994143 0.0205078125 0.036603221083455345
0 0.5078125 0.5856515373352855 0.0390625 0.24890190336749635
1 0.48291015625 0.4838945827232797 0.0205078125 0.0424597364568082
0 0.4814453125 0.5841874084919473 0.056640625 0.2518301610541728
1 0.4580078125 0.48096632503660325 0.017578125 0.036603221083455345
0 0.45654296875 0.5834553440702782 0.0380859375 0.25329428989751096
1 0.43310546875 0.48243045387994143 0.0166015625 0.036603221083455345
0 0.43310546875 0.595900439238653 0.0556640625 0.2781844802342606
1 0.404296875 0.4890190336749634 0.01953125 0.03513909224011713
0 0.39990234375 0.5980966325036603 0.0439453125 0.2591508052708638
1 0.39306640625 0.47291361639824303 0.0205078125 0.03513909224011713
0 0.396484375 0.5834553440702782 0.046875 0.2679355783308931
1 0.3662109375 0.4978038067349927 0.021484375 0.040995607613469986
0 0.36328125 0.5929721815519766 0.044921875 0.23718887262079064
1 0.353515625 0.4743777452415813 0.017578125 0.03513909224011713
0 0.3564453125 0.5812591508052709 0.046875 0.2547584187408492
1 0.32958984375 0.48755490483162517 0.0205078125 0.040995607613469986
0 0.32958984375 0.5856515373352855 0.0517578125 0.24597364568081992
1 0.3427734375 0.5651537335285505 0.025390625 0.043923865300146414
0 0.34326171875 0.6412884333821376 0.0556640625 0.20497803806734993
1 0.2939453125 0.5519765739385066 0.0234375 0.04685212298682284
0 0.29345703125 0.6303074670571011 0.0595703125 0.212298682284041
1 0.3017578125 0.48243045387994143 0.01953125 0.03367496339677892
0 0.30322265625 0.5929721815519766 0.0419921875 0.2664714494875549
1 0.27978515625 0.5 0.0185546875 0.0424597364568082
0 0.28076171875 0.6039531478770132 0.0478515625 0.25329428989751096
1 0.2666015625 0.4838945827232797 0.017578125 0.036603221083455345
0 0.26318359375 0.5856515373352855 0.0380859375 0.2518301610541728
1 0.24560546875 0.48243045387994143 0.0224609375 0.03953147877013177
0 0.2470703125 0.6083455344070278 0.068359375 0.2972181551976574
1 0.22802734375 0.479502196193265 0.0205078125 0.03953147877013177
0 0.2275390625 0.5863836017569546 0.041015625 0.2562225475841874
1 0.21337890625 0.47218155197657397 0.0166015625 0.03367496339677892
0 0.2138671875 0.5761346998535871 0.033203125 0.25036603221083453
1 0.19677734375 0.4802342606149341 0.0205078125 0.040995607613469986
0 0.1923828125 0.5973645680819912 0.05859375 0.29282576866764276
1 0.17919921875 0.4780380673499268 0.0205078125 0.04538799414348463
0 0.1796875 0.5805270863836017 0.041015625 0.2562225475841874
1 0.15869140625 0.47218155197657397 0.0263671875 0.04538799414348463
0 0.15185546875 0.5761346998535871 0.0478515625 0.2591508052708638
1 0.13623046875 0.49194729136163984 0.0244140625 0.043923865300146414
0 0.13916015625 0.6222547584187409 0.0732421875 0.31332357247437775
1 0.1171875 0.48096632503660325 0.01953125 0.0424597364568082
0 0.08935546875 0.5966325036603221 0.1025390625 0.28550512445095166
1 0.09765625 0.48243045387994143 0.025390625 0.04538799414348463
0 0.09619140625 0.6083455344070278 0.0634765625 0.30307467057101023
1 0.06884765625 0.4816983894582723 0.0244140625 0.040995607613469986
0 0.0625 0.6024890190336749 0.0625 0.29428989751098095