1 0.833889816360601 0.4564814814814815 0.05175292153589316 0.07962962962962963
0 0.832220367278798 0.6398148148148148 0.21535893155258765 0.45740740740740743
1 0.6752921535893155 0.40925925925925927 0.05509181969949917 0.08888888888888889
0 0.6719532554257095 0.6472222222222223 0.19198664440734559 0.5685185185185185
1 0.7011686143572621 0.387037037037037 0.05008347245409015 0.08518518518518518
0 0.6986644407345576 0.5768518518518518 0.1419031719532554 0.47962962962962963
1 0.833889816360601 0.29259259259259257 0.038397328881469114 0.05555555555555555
0 0.845575959933222 0.41388888888888886 0.14524207011686144 0.32407407407407407
1 0.4056761268781302 0.39537037037037037 0.05342237061769616 0.06481481481481481
0 0.41569282136894825 0.6194444444444445 0.15692821368948248 0.524074074074074
1 0.24874791318864775 0.41759259259259257 0.05008347245409015 0.07222222222222222
0 0.24207011686143573 0.6425925925925926 0.16026711185308848 0.5333333333333333
1 0.48247078464106846 0.337037037037037 0.05008347245409015 0.07777777777777778
0 0.48998330550918195 0.5361111111111111 0.15191986644407346 0.48333333333333334
1 0.4040066777963272 0.35555555555555557 0.04674457429048414 0.06666666666666667
0 0.3797996661101836 0.5046296296296297 0.11519198664440734 0.37222222222222223
1 0.31636060100166946 0.2824074074074074 0.038397328881469114 0.06111111111111111
0 0.31719532554257096 0.44907407407407407 0.12020033388981637 0.40185185185185185
1 0.2262103505843072 0.29814814814814816 0.045075125208681135 0.06666666666666667
0 0.2287145242070117 0.4666666666666667 0.15358931552587646 0.4111111111111111
1 0.09849749582637729 0.31296296296296294 0.05008347245409015 0.07037037037037037
0 0.09682804674457429 0.5009259259259259 0.14691151919866444 0.4537037037037037
1 0.15609348914858096 0.2675925925925926 0.045075125208681135 0.06111111111111111
0 0.15525876460767946 0.44537037037037036 0.10684474123539232 0.42407407407407405
1 0.024207011686143573 0.2814814814814815 0.035058430717863104 0.040740740740740744
0 0.04340567612687813 0.41944444444444445 0.08681135225375626 0.32037037037037036
1 0.18196994991652754 0.28055555555555556 0.0333889816360601 0.046296296296296294
0 0.1986644407345576 0.4046296296296296 0.07345575959933222 0.29814814814814816
1 0.12103505843071787 0.26851851851851855 0.035058430717863104 0.040740740740740744
0 0.1327212020033389 0.387037037037037 0.08180300500834725 0.2851851851851852
1 0.09265442404006678 0.24722222222222223 0.035058430717863104 0.04259259259259259
0 0.09098497495826377 0.37037037037037035 0.08514190317195326 0.2962962962962963
1 0.015859766277128547 0.17685185185185184 0.011686143572621035 0.012962962962962963
0 0.018363939899833055 0.20462962962962963 0.03005008347245409 0.07962962962962963
1 0.02337228714524207 0.1712962962962963 0.01001669449081803 0.012962962962962963
0 0.028380634390651086 0.2 0.03005008347245409 0.08148148148148149
1 0.4348914858096828 0.1962962962962963 0.015025041736227046 0.022222222222222223
0 0.43989983305509184 0.23796296296296296 0.05175292153589316 0.11666666666666667
1 0.505008347245409 0.1675925925925926 0.015025041736227046 0.016666666666666666
0 0.503338898163606 0.2101851851851852 0.041736227045075125 0.10925925925925926
1 0.5358931552587646 0.16296296296296298 0.01335559265442404 0.018518518518518517
0 0.5333889816360601 0.2074074074074074 0.038397328881469114 0.1111111111111111
1 0.5500834724540902 0.15833333333333333 0.015025041736227046 0.012962962962962963
0 0.5517529215358932 0.20185185185185187 0.028380634390651086 0.10740740740740741
1 0.5667779632721202 0.15925925925925927 0.011686143572621035 0.014814814814814815
0 0.5676126878130217 0.1935185185185185 0.02671118530884808 0.09074074074074075
1 0.5818030050083473 0.16944444444444445 0.011686143572621035 0.016666666666666666
0 0.5809682804674458 0.20555555555555555 0.0333889816360601 0.1
1 0.6143572621035058 0.15925925925925927 0.01335559265442404 0.014814814814814815
0 0.6176961602671118 0.19907407407407407 0.03672787979966611 0.09814814814814815
1 0.8956594323873122 0.1675925925925926 0.018363939899833055 0.020370370370370372
0 0.8923205342237062 0.21944444444444444 0.041736227045075125 0.13148148148148148
1 0.9081803005008348 0.1574074074074074 0.01335559265442404 0.018518518518518517
0 0.9040066777963273 0.21944444444444444 0.06176961602671119 0.15
1 0.9799666110183639 0.17037037037037037 0.01669449081803005 0.025925925925925925
0 0.9757929883138564 0.22592592592592592 0.048414023372287146 0.14074074074074075
1 0.994991652754591 0.16111111111111112 0.01001669449081803 0.014814814814814815
0 0.988313856427379 0.21666666666666667 0.02337228714524207 0.1259259259259259