1 0.07211373758136348 0.19818840579710145 0.030489893799246316 0.0891304347826087
0 0.06817403220280918 0.47681159420289854 0.07536827680712573 0.6623188405797101
1 0.1368619390202124 0.15760869565217392 0.030489893799246316 0.09057971014492754
0 0.14251455978074684 0.4514492753623188 0.09112709832134293 0.6826086956521739
1 0.2290167865707434 0.4489130434782609 0.030489893799246316 0.09057971014492754
0 0.22559095580678315 0.6039855072463768 0.1380609797875985 0.41231884057971013
1 0.21754025351147654 0.17101449275362318 0.03357314148681055 0.08840579710144927
0 0.21514217197670435 0.4648550724637681 0.09660842754367935 0.686231884057971
1 0.3007879410757109 0.17644927536231883 0.028091812264474134 0.09057971014492754
0 0.2971908187735526 0.4634057971014493 0.09009934909215485 0.6731884057971015
1 0.3485782802329565 0.4409420289855073 0.02774922918807811 0.08768115942028985
0 0.354744775608085 0.5989130434782609 0.09832134292565947 0.4152173913043478
1 0.37375813634806443 0.18369565217391304 0.02877697841726619 0.08623188405797101
0 0.3823227132579651 0.4644927536231884 0.09044193216855087 0.6652173913043479
1 0.4624871531346352 0.4043478260869565 0.030832476875642344 0.08985507246376812
0 0.45323741007194246 0.5873188405797102 0.09592326139088729 0.4514492753623188
1 0.47036656389174375 0.1822463768115942 0.0315176430284344 0.08768115942028985
0 0.4635149023638232 0.4677536231884058 0.09249743062692703 0.6746376811594202
1 0.5644056183624528 0.20797101449275363 0.03323055841041452 0.09420289855072464
0 0.5577252483727304 0.4811594202898551 0.0986639260020555 0.644927536231884
1 0.5519013360739979 0.4083333333333333 0.0328879753340185 0.08768115942028985
0 0.5464200068516615 0.5829710144927536 0.1288112367249058 0.46594202898550724
1 0.6272696128811237 0.22282608695652173 0.0342583076396026 0.08768115942028985
0 0.6515930113052415 0.4902173913043478 0.11784857828023296 0.6384057971014493
1 0.657930798218568 0.41304347826086957 0.030489893799246316 0.08840579710144927
0 0.6558752997601919 0.5905797101449275 0.12504282288454951 0.4492753623188406
1 0.6894484412470024 0.2391304347826087 0.03186022610483042 0.08550724637681159
0 0.6764302843439534 0.5054347826086957 0.08393285371702638 0.6152173913043478
1 0.7598492634463857 0.18985507246376812 0.02946214457005824 0.08550724637681159
0 0.7689277149708804 0.47391304347826085 0.13189448441247004 0.6652173913043479
1 0.7877697841726619 0.40797101449275364 0.03254539225762247 0.09710144927536232
0 0.7798903734155532 0.5873188405797102 0.12435765673175746 0.4572463768115942
1 0.8585131894484412 0.1934782608695652 0.030832476875642344 0.08550724637681159
0 0.8437821171634121 0.4771739130434783 0.11373758136348064 0.6630434782608695
1 0.9246317231928742 0.20978260869565218 0.03699897225077081 0.09927536231884058
0 0.9261733470366564 0.49094202898550726 0.1223021582733813 0.6702898550724637