1 0.16561514195583596 0.3120567375886525 0.07255520504731862 0.13711583924349882
0 0.1474763406940063 0.5803782505910166 0.2444794952681388 0.6879432624113475
1 0.33990536277602523 0.3073286052009456 0.06466876971608833 0.13711583924349882
0 0.32965299684542587 0.6016548463356974 0.2082018927444795 0.7635933806146572
1 0.47003154574132494 0.41725768321513 0.06309148264984227 0.10638297872340426
0 0.49053627760252366 0.6560283687943262 0.26498422712933756 0.6501182033096927
1 0.5481072555205048 0.2872340425531915 0.06466876971608833 0.12056737588652482
0 0.5315457413249212 0.5130023640661938 0.19558359621451105 0.5862884160756501
1 0.6853312302839116 0.28841607565011823 0.06466876971608833 0.1276595744680851
0 0.7026813880126183 0.5366430260047281 0.21608832807570977 0.6288416075650118
1 0.8249211356466877 0.3037825059101655 0.06624605678233439 0.12056737588652482
0 0.8793375394321766 0.5460992907801419 0.24132492113564669 0.6146572104018913
1 0.11593059936908517 0.2222222222222222 0.03943217665615142 0.07092198581560284
0 0.1309148264984227 0.35815602836879434 0.1608832807570978 0.35697399527186763
1 0.23817034700315456 0.2541371158392435 0.06624605678233439 0.1016548463356974
0 0.20741324921135645 0.3829787234042553 0.16561514195583596 0.3829787234042553
1 0.3304416403785489 0.17612293144208038 0.0583596214511041 0.09219858156028368
0 0.3438485804416404 0.3664302600472813 0.167192429022082 0.48699763593380613
1 0.3138801261829653 0.10047281323877069 0.05362776025236593 0.07801418439716312
0 0.333596214511041 0.2198581560283688 0.15930599369085174 0.33569739952718675
1 0.4085173501577287 0.1099290780141844 0.04100946372239748 0.08747044917257683
0 0.40536277602523657 0.23877068557919623 0.11356466876971609 0.3640661938534279
1 0.5378548895899053 0.17375886524822695 0.06309148264984227 0.1111111111111111
0 0.5283911671924291 0.3416075650118203 0.1608832807570978 0.4657210401891253
1 0.6608832807570978 0.17966903073286053 0.0473186119873817 0.08983451536643026
0 0.667192429022082 0.3463356973995272 0.14826498422712933 0.44680851063829785
1 0.9108832807570978 0.1595744680851064 0.052050473186119876 0.09692671394799054
0 0.9274447949526814 0.29314420803782504 0.14511041009463724 0.37825059101654845
1 0.8541009463722398 0.1690307328605201 0.055205047318611984 0.09219858156028368
0 0.8698738170347003 0.24468085106382978 0.12460567823343849 0.3900709219858156
1 0.8028391167192429 0.23167848699763594 0.0694006309148265 0.12293144208037825
0 0.8028391167192429 0.35697399527186763 0.19873817034700317 0.3877068557919622
1 0.7831230283911672 0.14066193853427897 0.04258675078864353 0.07328605200945626
0 0.7965299684542587 0.23995271867612294 0.138801261829653 0.28132387706855794
1 0.8178233438485805 0.09692671394799054 0.03627760252365931 0.07092198581560284
0 0.8154574132492114 0.16666666666666666 0.10094637223974763 0.24822695035460993
1 0.9668769716088328 0.018912529550827423 0.025236593059936908 0.037825059101654845
0 0.9652996845425867 0.17375886524822695 0.0694006309148265 0.3475177304964539
1 0.6608832807570978 0.1099290780141844 0.050473186119873815 0.07801418439716312
0 0.6648264984227129 0.23404255319148937 0.16561514195583596 0.3404255319148936
1 0.46608832807570977 0.1773049645390071 0.04889589905362776 0.07092198581560284
0 0.47712933753943215 0.2966903073286052 0.10883280757097792 0.3144208037825059