1 0.002307692307692308 0.6378406708595388 0.004615384615384616 0.007337526205450734
0 0.008461538461538461 0.6509433962264151 0.016923076923076923 0.039832285115303984
1 0.028846153846153848 0.6268343815513627 0.005384615384615384 0.008385744234800839
0 0.027307692307692307 0.6467505241090147 0.02076923076923077 0.050314465408805034
1 0.039615384615384615 0.6357442348008385 0.002307692307692308 0.0031446540880503146
0 0.04 0.6409853249475891 0.009230769230769232 0.02410901467505241
1 0.05846153846153846 0.6341719077568134 0.004615384615384616 0.006289308176100629
0 0.05576923076923077 0.6488469601677149 0.013076923076923076 0.039832285115303984
1 0.06923076923076923 0.6336477987421384 0.004615384615384616 0.007337526205450734
0 0.06884615384615385 0.64937106918239 0.011538461538461539 0.0429769392033543
1 0.10307692307692308 0.6362683438155137 0.004615384615384616 0.006289308176100629
0 0.1026923076923077 0.6509433962264151 0.013076923076923076 0.039832285115303984
1 0.12615384615384614 0.6331236897274634 0.004615384615384616 0.006289308176100629
0 0.1276923076923077 0.64937106918239 0.013846153846153847 0.0429769392033543
1 0.16423076923076924 0.6357442348008385 0.0038461538461538464 0.005241090146750524
0 0.16346153846153846 0.6467505241090147 0.013076923076923076 0.031446540880503145
1 0.16692307692307692 0.6378406708595388 0.003076923076923077 0.005241090146750524
0 0.16692307692307692 0.6477987421383647 0.007692307692307693 0.029350104821802937
1 0.1726923076923077 0.6483228511530398 0.008461538461538461 0.02830188679245283
0 0.1726923076923077 0.6483228511530398 0.008461538461538461 0.02830188679245283
1 0.17846153846153845 0.6289308176100629 0.016923076923076923 0.027253668763102725
0 0.19923076923076924 0.6960167714884696 0.06769230769230769 0.16561844863731656
1 0.21 0.6388888888888888 0.016923076923076923 0.02620545073375262
0 0.2173076923076923 0.7070230607966457 0.06692307692307692 0.16666666666666666
1 0.24384615384615385 0.6383647798742138 0.003076923076923077 0.0041928721174004195
0 0.24192307692307694 0.6488469601677149 0.008461538461538461 0.029350104821802937
1 0.24769230769230768 0.6483228511530398 0.006153846153846154 0.0220125786163522
0 0.24769230769230768 0.6483228511530398 0.006153846153846154 0.0220125786163522
1 0.2580769230769231 0.6325995807127882 0.0038461538461538464 0.005241090146750524
0 0.2561538461538462 0.6483228511530398 0.009230769230769232 0.040880503144654086
1 0.27807692307692305 0.6226415094339622 0.02076923076923077 0.033542976939203356
0 0.2734615384615385 0.7133123689727463 0.08692307692307692 0.2190775681341719
1 0.3030769230769231 0.6436058700209644 0.004615384615384616 0.012578616352201259
0 0.3030769230769231 0.6436058700209644 0.004615384615384616 0.012578616352201259
1 0.37384615384615383 0.6352201257861635 0.003076923076923077 0.0041928721174004195
0 0.37346153846153846 0.6488469601677149 0.008461538461538461 0.03773584905660377
1 0.4319230769230769 0.6174004192872118 0.019230769230769232 0.031446540880503145
0 0.44 0.69916142557652 0.043076923076923075 0.20335429769392033
1 0.4596153846153846 0.6257861635220126 0.01 0.012578616352201259
0 0.4592307692307692 0.659853249475891 0.027692307692307693 0.0870020964360587
1 0.4857692307692308 0.6367924528301887 0.0038461538461538464 0.005241090146750524
0 0.48384615384615387 0.6472746331236897 0.007692307692307693 0.03039832285115304
1 0.5142307692307693 0.6210691823899371 0.025384615384615384 0.03878406708595388
0 0.5184615384615384 0.7206498951781971 0.06307692307692307 0.24423480083857443
1 0.553076923076923 0.6158280922431866 0.016923076923076923 0.02620545073375262
0 0.5565384615384615 0.6823899371069182 0.04692307692307692 0.16561844863731656
1 0.5673076923076923 0.6084905660377359 0.023846153846153847 0.03668763102725367
0 0.5738461538461539 0.7091194968553459 0.05846153846153846 0.24213836477987422
1 0.5957692307692307 0.6357442348008385 0.002307692307692308 0.0031446540880503146
0 0.5942307692307692 0.6483228511530398 0.008461538461538461 0.03459119496855346
1 0.6069230769230769 0.6378406708595388 0.003076923076923077 0.005241090146750524
0 0.6053846153846154 0.65041928721174 0.009230769230769232 0.03459119496855346
1 0.6134615384615385 0.6367924528301887 0.0038461538461538464 0.005241090146750524
0 0.6119230769230769 0.6477987421383647 0.008461538461538461 0.031446540880503145
1 0.6157692307692307 0.6352201257861635 0.0038461538461538464 0.0041928721174004195
0 0.6161538461538462 0.6477987421383647 0.010769230769230769 0.031446540880503145
1 0.6184615384615385 0.6357442348008385 0.003076923076923077 0.005241090146750524
0 0.6184615384615385 0.6467505241090147 0.009230769230769232 0.031446540880503145
1 0.65 0.6357442348008385 0.003076923076923077 0.005241090146750524
0 0.6515384615384615 0.6467505241090147 0.009230769230769232 0.031446540880503145
1 0.6907692307692308 0.6367924528301887 0.004615384615384616 0.005241090146750524
0 0.6903846153846154 0.6519916142557652 0.01 0.03773584905660377
1 0.7084615384615385 0.6315513626834381 0.004615384615384616 0.005241090146750524
0 0.7084615384615385 0.65041928721174 0.009230769230769232 0.04716981132075472
1 0.708076923076923 0.6320754716981132 0.005384615384615384 0.006289308176100629
0 0.7096153846153846 0.6509433962264151 0.01769230769230769 0.04821802935010482
1 0.7411538461538462 0.5849056603773585 0.023846153846153847 0.041928721174004195
0 0.7426923076923077 0.6981132075471698 0.05615384615384615 0.2746331236897275
1 0.818076923076923 0.6315513626834381 0.0038461538461538464 0.005241090146750524
0 0.8176923076923077 0.6514675052410901 0.027692307692307693 0.049266247379454925
1 0.8265384615384616 0.6357442348008385 0.0038461538461538464 0.005241090146750524
0 0.8261538461538461 0.6472746331236897 0.010769230769230769 0.03878406708595388
1 0.8388461538461538 0.6441299790356394 0.022307692307692306 0.040880503144654086
0 0.8215384615384616 0.7295597484276729 0.09538461538461539 0.2180293501048218
1 0.8469230769230769 0.609538784067086 0.02923076923076923 0.049266247379454925
0 0.8392307692307692 0.7258909853249476 0.08615384615384615 0.2840670859538784
1 0.895 0.6268343815513627 0.03461538461538462 0.050314465408805034
0 0.8953846153846153 0.7526205450733753 0.14153846153846153 0.3081761006289308
1 0.9292307692307692 0.5744234800838575 0.038461538461538464 0.06708595387840671
0 0.9507692307692308 0.740041928721174 0.08461538461538462 0.4129979035639413
1 0.9657692307692308 0.5796645702306079 0.036153846153846154 0.050314465408805034
0 0.965 0.7342767295597484 0.07 0.3637316561844864