1 0.03203125 0.6822429906542056 0.0171875 0.028037383177570093
0 0.02890625 0.7862149532710281 0.0578125 0.26401869158878505
1 0.08515625 0.6612149532710281 0.0203125 0.04205607476635514
0 0.08125 0.7675233644859814 0.059375 0.2733644859813084
1 0.1328125 0.6647196261682243 0.021875 0.035046728971962614
0 0.13203125 0.764018691588785 0.0578125 0.2523364485981308
1 0.17109375 0.655373831775701 0.0171875 0.030373831775700934
0 0.17109375 0.758177570093458 0.0546875 0.24065420560747663
1 0.22109375 0.6261682242990654 0.0171875 0.028037383177570093
0 0.2234375 0.735981308411215 0.071875 0.27102803738317754
1 0.26796875 0.6647196261682243 0.0203125 0.0397196261682243
0 0.26484375 0.7698598130841121 0.0640625 0.26401869158878505
1 0.3359375 0.6682242990654206 0.01875 0.03271028037383177
0 0.33515625 0.7663551401869159 0.0671875 0.2523364485981308
1 0.365625 0.6436915887850467 0.021875 0.030373831775700934
0 0.36484375 0.7441588785046729 0.0609375 0.2546728971962617
1 0.4078125 0.633177570093458 0.01875 0.03271028037383177
0 0.409375 0.7348130841121495 0.065625 0.2546728971962617
1 0.465625 0.6717289719626168 0.025 0.0397196261682243
0 0.4609375 0.7955607476635514 0.078125 0.32009345794392524
1 0.51171875 0.6623831775700935 0.0171875 0.030373831775700934
0 0.50859375 0.7733644859813084 0.0640625 0.2850467289719626
1 0.5703125 0.6705607476635514 0.01875 0.03271028037383177
0 0.565625 0.7733644859813084 0.065625 0.2616822429906542
1 0.640625 0.6670560747663551 0.01875 0.0397196261682243
0 0.64609375 0.780373831775701 0.0609375 0.27102803738317754
1 0.7109375 0.6530373831775701 0.01875 0.035046728971962614
0 0.71015625 0.7523364485981309 0.0578125 0.24299065420560748
1 0.76953125 0.6425233644859814 0.0234375 0.028037383177570093
0 0.76953125 0.7453271028037384 0.0703125 0.26635514018691586
1 0.8375 0.6413551401869159 0.01875 0.030373831775700934
0 0.8375 0.75 0.075 0.26635514018691586
1 0.9125 0.6507009345794392 0.021875 0.0397196261682243
0 0.9109375 0.7616822429906542 0.075 0.2757009345794392
1 0.98203125 0.6612149532710281 0.0234375 0.037383177570093455
0 0.97265625 0.7698598130841121 0.0546875 0.2733644859813084
1 0.9546875 0.6343457943925234 0.01875 0.035046728971962614
0 0.9578125 0.7394859813084113 0.071875 0.26401869158878505
1 0.6546875 0.6378504672897196 0.021875 0.03271028037383177
0 0.653125 0.741822429906542 0.06875 0.26401869158878505
1 0.60078125 0.6273364485981309 0.0203125 0.030373831775700934
0 0.6015625 0.7313084112149533 0.065625 0.26635514018691586
1 0.5515625 0.6436915887850467 0.01875 0.030373831775700934
0 0.54765625 0.7429906542056075 0.0515625 0.24766355140186916
1 0.453125 0.6425233644859814 0.01875 0.03271028037383177
0 0.45390625 0.741822429906542 0.0578125 0.25
1 0.32109375 0.6179906542056075 0.0203125 0.035046728971962614
0 0.32421875 0.727803738317757 0.0609375 0.26869158878504673
1 0.03359375 0.6261682242990654 0.0203125 0.037383177570093455
0 0.0328125 0.7336448598130841 0.059375 0.27102803738317754
1 0.2984375 0.3866822429906542 0.009375 0.016355140186915886
0 0.29375 0.42289719626168226 0.03125 0.09813084112149532
1 0.31328125 0.3925233644859813 0.0078125 0.014018691588785047
0 0.3125 0.42757009345794394 0.025 0.09813084112149532
1 0.35390625 0.4007009345794392 0.0078125 0.016355140186915886
0 0.34921875 0.4252336448598131 0.0265625 0.07009345794392523
1 0.4578125 0.40654205607476634 0.0125 0.02336448598130841
0 0.46015625 0.4310747663551402 0.0421875 0.08177570093457943
1 0.43125 0.39953271028037385 0.0125 0.02336448598130841
0 0.434375 0.43457943925233644 0.034375 0.10747663551401869
1 0.50390625 0.4053738317757009 0.0109375 0.02102803738317757
0 0.50625 0.44042056074766356 0.046875 0.09579439252336448
1 0.421875 0.3621495327102804 0.0125 0.02336448598130841
0 0.41953125 0.4077102803738318 0.0328125 0.1378504672897196
1 0.48046875 0.35514018691588783 0.0109375 0.018691588785046728
0 0.47890625 0.3820093457943925 0.0359375 0.08644859813084112
1 0.484375 0.3808411214953271 0.009375 0.018691588785046728
0 0.4828125 0.4147196261682243 0.034375 0.0911214953271028
1 0.52109375 0.3691588785046729 0.0109375 0.018691588785046728
0 0.52265625 0.3925233644859813 0.0421875 0.08411214953271028
1 0.0796875 0.6273364485981309 0.01875 0.030373831775700934
0 0.08125 0.7301401869158879 0.065625 0.2733644859813084
1 0.12578125 0.6413551401869159 0.0171875 0.030373831775700934
0 0.12734375 0.7301401869158879 0.0578125 0.23130841121495327
1 0.15625 0.625 0.01875 0.030373831775700934
0 0.1578125 0.7242990654205608 0.059375 0.24299065420560748
1 0.2046875 0.6098130841121495 0.01875 0.037383177570093455
0 0.2078125 0.7219626168224299 0.053125 0.26635514018691586
1 0.253125 0.6238317757009346 0.01875 0.03271028037383177
0 0.25234375 0.7254672897196262 0.0546875 0.25
1 0.2796875 0.6448598130841121 0.01875 0.03271028037383177
0 0.2765625 0.7441588785046729 0.05 0.24532710280373832
1 0.3046875 0.6191588785046729 0.01875 0.037383177570093455
0 0.30703125 0.7207943925233645 0.0453125 0.24532710280373832
1 0.41875 0.610981308411215 0.015625 0.030373831775700934
0 0.4140625 0.7137850467289719 0.053125 0.2546728971962617
1 0.575 0.6320093457943925 0.015625 0.030373831775700934
0 0.57421875 0.7231308411214953 0.0453125 0.23598130841121495
1 0.640625 0.6320093457943925 0.01875 0.030373831775700934
0 0.6390625 0.7324766355140186 0.046875 0.24065420560747663
1 0.67421875 0.6308411214953271 0.0171875 0.03271028037383177
0 0.6734375 0.7254672897196262 0.05 0.24065420560747663
1 0.7046875 0.6156542056074766 0.01875 0.030373831775700934
0 0.703125 0.7172897196261683 0.05 0.2616822429906542
1 0.725 0.6378504672897196 0.015625 0.028037383177570093
0 0.721875 0.727803738317757 0.046875 0.23130841121495327
1 0.7984375 0.633177570093458 0.01875 0.028037383177570093
0 0.8 0.7336448598130841 0.053125 0.24766355140186916
1 0.85078125 0.6413551401869159 0.0203125 0.0397196261682243
0 0.84609375 0.7383177570093458 0.0578125 0.2383177570093458
1 0.9015625 0.6518691588785047 0.01875 0.037383177570093455
0 0.903125 0.7476635514018691 0.05625 0.24299065420560748
1 0.99296875 0.6016355140186916 0.0140625 0.0397196261682243
0 0.98125 0.7254672897196262 0.0375 0.2967289719626168
1 0.89765625 0.6179906542056075 0.0171875 0.030373831775700934
0 0.90078125 0.7313084112149533 0.0578125 0.2757009345794392
1 0.09609375 0.37149532710280375 0.0109375 0.018691588785046728
0 0.09921875 0.4077102803738318 0.0328125 0.10046728971962617
1 0.0703125 0.3703271028037383 0.0125 0.02102803738317757
0 0.07734375 0.41238317757009346 0.0453125 0.1191588785046729
1 0.028125 0.3633177570093458 0.009375 0.016355140186915886
0 0.03359375 0.4135514018691589 0.0453125 0.12149532710280374