1 0.330322265625 0.2389234712559502 0.0244140625 0.04723544489198096
0 0.3306884765625 0.3361406078359575 0.071044921875 0.2541193701940681
1 0.404541015625 0.24386671548883193 0.025390625 0.05346027096301721
0 0.40283203125 0.34968875869644817 0.07958984375 0.26583668985719516
1 0.4791259765625 0.23654339069937752 0.027099609375 0.05053094104723545
0 0.472412109375 0.3434639326254119 0.07470703125 0.2731600146466496
1 0.54052734375 0.2508238740388136 0.02197265625 0.04247528377883559
0 0.5338134765625 0.35060417429512997 0.060302734375 0.25302087147564994
1 0.599609375 0.24917612596118638 0.02099609375 0.045770779934090074
0 0.60009765625 0.33723910655437567 0.05810546875 0.23141706334675943
1 0.7386474609375 0.27004760161113145 0.019775390625 0.04284145001830831
0 0.73193359375 0.3233247894544123 0.060546875 0.1618454778469425
1 0.802490234375 0.26675210545587696 0.0244140625 0.04430611497619919
0 0.7894287109375 0.32771878432808493 0.087646484375 0.17356279751006956
1 0.657958984375 0.3222262907359941 0.03173828125 0.061515928231417064
0 0.612548828125 0.436470157451483 0.16064453125 0.29952398388868545
1 0.6875 0.34419626510435736 0.04443359375 0.07982424020505309
0 0.659423828125 0.4729036982790187 0.17919921875 0.3482240937385573
1 0.749267578125 0.3806298059318931 0.0517578125 0.09556938850238009
0 0.700927734375 0.5303917978762358 0.21142578125 0.4119370194068107
1 0.873779296875 0.481691688026364 0.13818359375 0.20834859025997804
0 0.77490234375 0.683449285975833 0.4501953125 0.6331014280483339
1 0.3309326171875 0.41816184547784696 0.088623046875 0.15891614793116074
0 0.3983154296875 0.6644086415232515 0.405517578125 0.6711827169534968
1 0.13134765625 0.37056023434639324 0.05859375 0.1047235444891981
0 0.2061767578125 0.5430245331380447 0.270751953125 0.46576345660930063
1 0.19140625 0.3293665324057122 0.0478515625 0.08751373123398022
0 0.2239990234375 0.4534968875869645 0.192626953125 0.3482240937385573
1 0.217529296875 0.3035518125228854 0.03515625 0.06737458806298059
0 0.2398681640625 0.4055291102160381 0.155517578125 0.28890516294397656