1 0.8243992606284658 0.32569444444444445 0.13863216266173753 0.2513888888888889
0 0.7957486136783734 0.5972222222222222 0.40850277264325324 0.8055555555555556
1 0.433456561922366 0.32083333333333336 0.11645101663585952 0.225
0 0.48844731977818856 0.5909722222222222 0.33548983364140483 0.8180555555555555
1 0.6409426987060998 0.34375 0.034195933456561925 0.059722222222222225
0 0.6284658040665434 0.4798611111111111 0.09796672828096119 0.36527777777777776
1 0.6122920517560074 0.44513888888888886 0.04713493530499076 0.0763888888888889
0 0.5961182994454713 0.5673611111111111 0.12754158964879853 0.3486111111111111
1 0.23613678373382624 0.33611111111111114 0.026802218114602587 0.05555555555555555
0 0.24075785582255083 0.47291666666666665 0.11182994454713494 0.3402777777777778
1 0.19362292051756008 0.36041666666666666 0.030499075785582256 0.05416666666666667
0 0.1922365988909427 0.49375 0.08872458410351201 0.3347222222222222
1 0.31515711645101663 0.35625 0.033271719038817 0.05694444444444444
0 0.32809611829944546 0.4979166666666667 0.08133086876155268 0.3625
1 0.9214417744916821 0.38333333333333336 0.07393715341959335 0.12222222222222222
0 0.9209796672828097 0.5951388888888889 0.15804066543438078 0.5458333333333333
1 0.9630314232902033 0.3902777777777778 0.051756007393715345 0.1
0 0.949630314232902 0.5034722222222222 0.10073937153419593 0.3375