1 0.798125 0.22752808988764045 0.05875 0.12172284644194757
0 0.81 0.5777153558052435 0.2125 0.8445692883895131
1 0.588125 0.18726591760299627 0.06125 0.13108614232209737
0 0.609375 0.5552434456928839 0.19625 0.8895131086142322
1 0.506875 0.29681647940074907 0.05625 0.10674157303370786
0 0.5225 0.6086142322097379 0.1825 0.7827715355805244
1 0.396875 0.3651685393258427 0.05125 0.10861423220973783
0 0.3825 0.649812734082397 0.1775 0.700374531835206
1 0.3675 0.2883895131086142 0.0575 0.0898876404494382
0 0.360625 0.5880149812734082 0.14375 0.7378277153558053
1 0.29625 0.3089887640449438 0.065 0.11610486891385768
0 0.22625 0.5617977528089888 0.235 0.8764044943820225
1 0.194375 0.2958801498127341 0.06625 0.12359550561797752
0 0.145 0.6086142322097379 0.1925 0.7827715355805244