1 0.7171361502347418 0.545950864422202 0.09467918622848201 0.1510464058234759
0 0.7194835680751174 0.7292993630573248 0.34194053208137715 0.5414012738853503
1 0.5238654147104851 0.47725204731574156 0.12128325508607199 0.17925386715195632
0 0.5144757433489828 0.6888080072793449 0.2589984350547731 0.6223839854413102
1 0.24178403755868544 0.510919017288444 0.1111111111111111 0.17561419472247497
0 0.2147887323943662 0.7065514103730665 0.34507042253521125 0.5868971792538672
1 0.7856025039123631 0.2629663330300273 0.10328638497652583 0.1637852593266606
0 0.8341158059467919 0.5882620564149227 0.2863849765258216 0.8234758871701547
1 0.6095461658841941 0.2211101000909918 0.10015649452269171 0.16924476797088261
0 0.7077464788732394 0.5636942675159236 0.48278560250391234 0.8726114649681529
1 0.44796557120500785 0.24476797088262056 0.09780907668231612 0.1583257506824386
0 0.44522691705790296 0.5787079162875342 0.24882629107981222 0.8425841674249318
1 0.30203442879499215 0.29526842584167423 0.1111111111111111 0.1592356687898089
0 0.29107981220657275 0.6060054595086443 0.28012519561815336 0.7879890809827116
1 0.26604068857589985 0.20336669699727025 0.09859154929577464 0.13557779799818018
0 0.25039123630672927 0.564604185623294 0.28794992175273865 0.8707916287534122