1 0.011111111111111112 0.6358333333333334 0.008888888888888889 0.015
0 0.015 0.6725 0.03 0.095
1 0.019444444444444445 0.6758333333333333 0.005555555555555556 0.008333333333333333
0 0.01888888888888889 0.6933333333333334 0.017777777777777778 0.05
1 0.175 0.67 0.014444444444444444 0.02666666666666667
0 0.15944444444444444 0.7391666666666666 0.05 0.17166666666666666
1 0.19722222222222222 0.6691666666666667 0.014444444444444444 0.025
0 0.19277777777777777 0.7408333333333333 0.03888888888888889 0.17166666666666666
1 0.20333333333333334 0.6508333333333334 0.011111111111111112 0.015
0 0.2011111111111111 0.7 0.024444444444444446 0.11666666666666667
1 0.2411111111111111 0.655 0.011111111111111112 0.02
0 0.23722222222222222 0.7133333333333334 0.03888888888888889 0.14
1 0.4116666666666667 0.665 0.0077777777777777776 0.013333333333333334
0 0.4077777777777778 0.7041666666666667 0.022222222222222223 0.09833333333333333
1 0.42833333333333334 0.6583333333333333 0.0077777777777777776 0.013333333333333334
0 0.42777777777777776 0.7016666666666667 0.022222222222222223 0.10333333333333333
1 0.44055555555555553 0.6591666666666667 0.01 0.015
0 0.4438888888888889 0.7075 0.03666666666666667 0.115
1 0.46 0.6733333333333333 0.013333333333333334 0.02
0 0.4572222222222222 0.7391666666666666 0.03888888888888889 0.165
1 0.4772222222222222 0.6683333333333333 0.0077777777777777776 0.013333333333333334
0 0.4716666666666667 0.7 0.021111111111111112 0.08333333333333333
1 0.5105555555555555 0.6733333333333333 0.025555555555555557 0.04
0 0.5238888888888888 0.8125 0.08333333333333333 0.3283333333333333
1 0.5972222222222222 0.7041666666666667 0.025555555555555557 0.041666666666666664
0 0.5994444444444444 0.8333333333333334 0.07888888888888888 0.31
1 0.5688888888888889 0.6725 0.013333333333333334 0.021666666666666667
0 0.57 0.7325 0.03777777777777778 0.15166666666666667
1 0.6138888888888889 0.665 0.01 0.016666666666666666
0 0.6116666666666667 0.7191666666666666 0.03222222222222222 0.13166666666666665
1 0.6433333333333333 0.6783333333333333 0.008888888888888889 0.016666666666666666
0 0.6438888888888888 0.7316666666666667 0.034444444444444444 0.13
1 0.6688888888888889 0.6658333333333334 0.011111111111111112 0.018333333333333333
0 0.6733333333333333 0.7275 0.04 0.14833333333333334
1 0.6972222222222222 0.6758333333333333 0.0077777777777777776 0.011666666666666667
0 0.6944444444444444 0.7125 0.024444444444444446 0.09166666666666666
1 0.6844444444444444 0.665 0.006666666666666667 0.01
0 0.6838888888888889 0.6983333333333334 0.021111111111111112 0.08333333333333333
1 0.7122222222222222 0.7125 0.015555555555555555 0.055
0 0.7122222222222222 0.7125 0.015555555555555555 0.055
1 0.7244444444444444 0.6741666666666667 0.006666666666666667 0.011666666666666667
0 0.7227777777777777 0.7033333333333334 0.021111111111111112 0.07666666666666666
1 0.7455555555555555 0.685 0.011111111111111112 0.023333333333333334
0 0.7416666666666667 0.7391666666666666 0.034444444444444444 0.14166666666666666
1 0.7788888888888889 0.6725 0.013333333333333334 0.021666666666666667
0 0.7777777777777778 0.7433333333333333 0.042222222222222223 0.17
1 0.7872222222222223 0.6858333333333333 0.01 0.018333333333333333
0 0.7838888888888889 0.745 0.05 0.14
1 0.76 0.6733333333333333 0.006666666666666667 0.01
0 0.7611111111111111 0.6958333333333333 0.013333333333333334 0.06166666666666667
1 0.8672222222222222 0.7041666666666667 0.025555555555555557 0.04833333333333333
0 0.8555555555555555 0.8391666666666666 0.07777777777777778 0.32166666666666666
1 0.8961111111111111 0.685 0.025555555555555557 0.05333333333333334
0 0.9016666666666666 0.8275 0.07666666666666666 0.345
1 0.9372222222222222 0.675 0.0077777777777777776 0.013333333333333334
0 0.9322222222222222 0.7158333333333333 0.02 0.10166666666666667
1 0.9461111111111111 0.6633333333333333 0.0077777777777777776 0.013333333333333334
0 0.9466666666666667 0.7091666666666666 0.022222222222222223 0.10833333333333334
1 0.9627777777777777 0.6808333333333333 0.01 0.018333333333333333
0 0.965 0.7283333333333334 0.03666666666666667 0.12
1 0.9738888888888889 0.6691666666666667 0.0077777777777777776 0.015
0 0.9733333333333334 0.7025 0.015555555555555555 0.085
1 0.6438888888888888 0.6625 0.012222222222222223 0.018333333333333333
0 0.6455555555555555 0.7208333333333333 0.03111111111111111 0.135