1 0.15541666666666668 0.1484126984126984 0.0375 0.09365079365079365
0 0.13916666666666666 0.4111111111111111 0.135 0.6285714285714286
1 0.24375 0.18333333333333332 0.059166666666666666 0.12857142857142856
0 0.225 0.5095238095238095 0.13333333333333333 0.7968253968253968
1 0.3333333333333333 0.1634920634920635 0.03666666666666667 0.09523809523809523
0 0.3145833333333333 0.42777777777777776 0.1075 0.6333333333333333
1 0.455 0.14444444444444443 0.03833333333333333 0.10476190476190476
0 0.41875 0.43412698412698414 0.18583333333333332 0.7031746031746032
1 0.4708333333333333 0.25793650793650796 0.05 0.1126984126984127
0 0.4741666666666667 0.5944444444444444 0.14 0.8111111111111111
1 0.6241666666666666 0.1634920634920635 0.04666666666666667 0.13333333333333333
0 0.615 0.5007936507936508 0.18166666666666667 0.8238095238095238
1 0.7183333333333334 0.25 0.09666666666666666 0.22380952380952382
0 0.6958333333333333 0.5650793650793651 0.21166666666666667 0.8698412698412699
1 0.8733333333333333 0.33650793650793653 0.055 0.1365079365079365
0 0.85 0.6309523809523809 0.205 0.7380952380952381