1 0.7620370370370371 0.48641975308641977 0.05 0.06419753086419754
0 0.7648148148148148 0.6901234567901234 0.13333333333333333 0.49135802469135803
1 0.6601851851851852 0.43333333333333335 0.04259259259259259 0.06666666666666667
0 0.6592592592592592 0.6444444444444445 0.14444444444444443 0.5185185185185185
1 0.587037037037037 0.45555555555555555 0.03333333333333333 0.05185185185185185
0 0.6046296296296296 0.6185185185185185 0.11666666666666667 0.43209876543209874
1 0.5259259259259259 0.454320987654321 0.02962962962962963 0.05432098765432099
0 0.5277777777777778 0.6098765432098765 0.09259259259259259 0.3802469135802469
1 0.48148148148148145 0.4765432098765432 0.02962962962962963 0.04938271604938271
0 0.48703703703703705 0.6320987654320988 0.09259259259259259 0.37530864197530867
1 0.43796296296296294 0.6172839506172839 0.03518518518518519 0.06419753086419754
0 0.44722222222222224 0.7320987654320987 0.10555555555555556 0.29876543209876544
1 0.43148148148148147 0.4444444444444444 0.03333333333333333 0.05432098765432099
0 0.43796296296296294 0.6197530864197531 0.07592592592592592 0.4148148148148148
1 0.3851851851851852 0.4641975308641975 0.037037037037037035 0.06419753086419754
0 0.3787037037037037 0.6419753086419753 0.08703703703703704 0.4444444444444444
1 0.33425925925925926 0.4703703703703704 0.03888888888888889 0.06666666666666667
0 0.3138888888888889 0.674074074074074 0.10925925925925926 0.4888888888888889
1 0.2564814814814815 0.4074074074074074 0.03148148148148148 0.05925925925925926
0 0.2462962962962963 0.5604938271604938 0.08148148148148149 0.37530864197530867
1 0.2935185185185185 0.42592592592592593 0.027777777777777776 0.04691358024691358
0 0.2898148148148148 0.5703703703703704 0.06851851851851852 0.36049382716049383