1 0.2623239436619718 0.4125 0.029342723004694836 0.058333333333333334
0 0.2634976525821596 0.553125 0.11150234741784038 0.3645833333333333
1 0.43485915492957744 0.3645833333333333 0.03169014084507042 0.0625
0 0.4242957746478873 0.5177083333333333 0.11854460093896714 0.3770833333333333
1 0.5387323943661971 0.43020833333333336 0.02112676056338028 0.052083333333333336
0 0.534037558685446 0.5375 0.056338028169014086 0.2875
1 0.5539906103286385 0.365625 0.028169014084507043 0.06458333333333334
0 0.5545774647887324 0.5177083333333333 0.06924882629107981 0.39375
1 0.6109154929577465 0.3489583333333333 0.022300469483568074 0.052083333333333336
0 0.6026995305164319 0.5135416666666667 0.08333333333333333 0.39375
1 0.6302816901408451 0.33958333333333335 0.03286384976525822 0.06666666666666667
0 0.6261737089201878 0.49895833333333334 0.09741784037558686 0.39791666666666664
1 0.7071596244131455 0.37604166666666666 0.02699530516431925 0.06458333333333334
0 0.7030516431924883 0.5114583333333333 0.07511737089201878 0.35625