1 0.14238095238095239 0.37966101694915255 0.07142857142857142 0.12542372881355932
0 0.1061904761904762 0.614406779661017 0.2123809523809524 0.6016949152542372
1 0.2019047619047619 0.4830508474576271 0.07047619047619047 0.1423728813559322
0 0.19476190476190477 0.7033898305084746 0.16285714285714287 0.5932203389830508
1 0.2357142857142857 0.37457627118644066 0.04857142857142857 0.10847457627118644
0 0.21571428571428572 0.5279661016949152 0.10380952380952381 0.45254237288135596
1 0.20857142857142857 0.22203389830508474 0.049523809523809526 0.09830508474576272
0 0.22428571428571428 0.41694915254237286 0.12666666666666668 0.5016949152542373
1 0.2633333333333333 0.20508474576271185 0.037142857142857144 0.0847457627118644
0 0.25761904761904764 0.33305084745762714 0.07523809523809524 0.3576271186440678
1 0.32285714285714284 0.2016949152542373 0.03619047619047619 0.09152542372881356
0 0.319047619047619 0.3398305084745763 0.09142857142857143 0.3711864406779661
1 0.30333333333333334 0.3601694915254237 0.05238095238095238 0.1135593220338983
0 0.30095238095238097 0.538135593220339 0.10476190476190476 0.523728813559322
1 0.3580952380952381 0.3635593220338983 0.0419047619047619 0.1
0 0.3576190476190476 0.49322033898305084 0.09238095238095238 0.376271186440678
1 0.37047619047619046 0.24152542372881355 0.03619047619047619 0.08305084745762711
0 0.36095238095238097 0.35847457627118645 0.08 0.33728813559322035
1 0.4176190476190476 0.27372881355932205 0.03333333333333333 0.07966101694915254
0 0.4123809523809524 0.4152542372881356 0.0838095238095238 0.37966101694915255
1 0.4061904761904762 0.4211864406779661 0.04857142857142857 0.1135593220338983
0 0.4119047619047619 0.5754237288135593 0.11714285714285715 0.43898305084745765
1 0.4338095238095238 0.3644067796610169 0.037142857142857144 0.0847457627118644
0 0.43666666666666665 0.4703389830508475 0.06952380952380953 0.34067796610169493
1 0.3376190476190476 0.45508474576271185 0.06380952380952382 0.1576271186440678
0 0.32904761904761903 0.6872881355932203 0.19333333333333333 0.6254237288135593
1 0.4776190476190476 0.29067796610169494 0.03142857142857143 0.06610169491525424
0 0.4804761904761905 0.37542372881355934 0.07333333333333333 0.27627118644067794
1 0.47619047619047616 0.35677966101694913 0.03428571428571429 0.08305084745762711
0 0.4723809523809524 0.4754237288135593 0.0838095238095238 0.3305084745762712
1 0.49714285714285716 0.4957627118644068 0.06285714285714286 0.14067796610169492
0 0.4957142857142857 0.6966101694915254 0.17047619047619048 0.6067796610169491
1 0.5238095238095238 0.2923728813559322 0.03619047619047619 0.08983050847457627
0 0.5261904761904762 0.39661016949152544 0.07904761904761905 0.3220338983050847
1 0.5495238095238095 0.36610169491525424 0.047619047619047616 0.1152542372881356
0 0.5476190476190477 0.49830508474576274 0.10857142857142857 0.4033898305084746
1 0.5952380952380952 0.3652542372881356 0.0380952380952381 0.09322033898305085
0 0.599047619047619 0.46016949152542375 0.0761904761904762 0.30338983050847457
1 0.5819047619047619 0.21271186440677967 0.03428571428571429 0.08305084745762711
0 0.5861904761904762 0.3389830508474576 0.09238095238095238 0.34915254237288135
1 0.6433333333333333 0.23559322033898306 0.037142857142857144 0.0847457627118644
0 0.6414285714285715 0.3711864406779661 0.09619047619047619 0.376271186440678
1 0.6438095238095238 0.41271186440677965 0.049523809523809526 0.11694915254237288
0 0.6628571428571428 0.5338983050847458 0.10095238095238095 0.3728813559322034
1 0.6157142857142858 0.4864406779661017 0.054285714285714284 0.1288135593220339
0 0.62 0.7042372881355933 0.14666666666666667 0.5915254237288136
1 0.6852380952380952 0.2059322033898305 0.037142857142857144 0.08644067796610169
0 0.69 0.38813559322033897 0.07142857142857142 0.4610169491525424
1 0.7280952380952381 0.1923728813559322 0.037142857142857144 0.08644067796610169
0 0.7409523809523809 0.36186440677966103 0.08761904761904762 0.4491525423728814
1 0.7795238095238095 0.17966101694915254 0.04666666666666667 0.09830508474576272
0 0.8028571428571428 0.42542372881355933 0.12380952380952381 0.5966101694915255
1 0.76 0.35677966101694913 0.047619047619047616 0.11016949152542373
0 0.7533333333333333 0.5601694915254237 0.1219047619047619 0.5338983050847458
1 0.8642857142857143 0.3059322033898305 0.06380952380952382 0.1271186440677966
0 0.8895238095238095 0.5601694915254237 0.17142857142857143 0.6423728813559322
1 0.8385714285714285 0.5677966101694916 0.07904761904761905 0.13220338983050847
0 0.8385714285714285 0.7457627118644068 0.13238095238095238 0.5084745762711864
1 0.7328571428571429 0.5271186440677966 0.06 0.13898305084745763
0 0.7361904761904762 0.7254237288135593 0.15619047619047619 0.5491525423728814