1 0.0537109375 0.28193832599118945 0.037109375 0.06461086637298091
0 0.046875 0.49632892804698975 0.09375 0.49632892804698975
1 0.12255859375 0.3002936857562408 0.0322265625 0.06020558002936858
0 0.1318359375 0.5029368575624082 0.107421875 0.4801762114537445
1 0.1953125 0.3135095447870778 0.033203125 0.0631424375917768
0 0.1962890625 0.5058737151248165 0.0859375 0.4713656387665198
1 0.26611328125 0.27606461086637296 0.0361328125 0.05873715124816446
0 0.2734375 0.4897209985315712 0.126953125 0.5036710719530103
1 0.36083984375 0.3920704845814978 0.0380859375 0.07048458149779736
0 0.357421875 0.6108663729809104 0.11328125 0.5110132158590308
1 0.4638671875 0.37151248164464024 0.041015625 0.0763582966226138
0 0.46435546875 0.6013215859030837 0.1123046875 0.5447870778267254
1 0.5576171875 0.40308370044052866 0.03515625 0.07195301027900147
0 0.560546875 0.617474302496329 0.1015625 0.5212922173274597
1 0.66650390625 0.4118942731277533 0.0400390625 0.07782672540381791
0 0.66748046875 0.6248164464023495 0.1123046875 0.5095447870778267
1 0.806640625 0.33186490455212925 0.0390625 0.06754772393538913
0 0.79150390625 0.539647577092511 0.1181640625 0.5066079295154186
1 0.8857421875 0.3135095447870778 0.03515625 0.06607929515418502
0 0.88720703125 0.5308370044052864 0.0966796875 0.5212922173274597
1 0.87060546875 0.3619676945668135 0.0322265625 0.06607929515418502
0 0.873046875 0.5653450807635829 0.095703125 0.47283406754772395
1 0.93017578125 0.3524229074889868 0.0322265625 0.06167400881057269
0 0.94091796875 0.5594713656387665 0.0888671875 0.48751835535976507
1 0.4521484375 0.23494860499265785 0.037109375 0.06461086637298091
0 0.44287109375 0.44419970631424377 0.1025390625 0.5007342143906021
1 0.50146484375 0.276798825256975 0.0341796875 0.06901615271659324
0 0.50146484375 0.4684287812041116 0.0908203125 0.4581497797356828
1 0.55322265625 0.24155653450807635 0.0400390625 0.07195301027900147
0 0.55029296875 0.447870778267254 0.0966796875 0.49926578560939794
1 0.62255859375 0.23348017621145375 0.0361328125 0.06167400881057269
0 0.6240234375 0.4419970631424376 0.099609375 0.49926578560939794