1 0.23772727272727273 0.17205169628432956 0.035454545454545454 0.07269789983844911
0 0.24636363636363637 0.3804523424878837 0.08545454545454545 0.5121163166397416
1 0.3386363636363636 0.16155088852988692 0.03 0.05815831987075929
0 0.3386363636363636 0.3715670436187399 0.09909090909090909 0.5169628432956381
1 0.5509090909090909 0.17609046849757673 0.02727272727272727 0.05492730210016155
0 0.5509090909090909 0.37318255250403876 0.07818181818181819 0.46849757673667203
1 0.6572727272727272 0.22374798061389337 0.02909090909090909 0.05654281098546042
0 0.6581818181818182 0.42487883683360256 0.07454545454545454 0.4911147011308562
1 0.7713636363636364 0.3756058158319871 0.013636363636363636 0.030694668820678513
0 0.7695454545454545 0.4579967689822294 0.03363636363636364 0.20516962843295639
1 0.415 0.09369951534733441 0.07 0.1421647819063005
0 0.39454545454545453 0.47253634894991925 0.3290909090909091 0.9095315024232633
1 0.5163636363636364 0.12358642972536349 0.05272727272727273 0.12116316639741519
0 0.4918181818181818 0.44264943457189015 0.14727272727272728 0.7722132471728594
1 0.6081818181818182 0.1631663974151858 0.06727272727272728 0.11308562197092084
0 0.6 0.5 0.14727272727272728 0.7932148626817448
1 0.6577272727272727 0.308562197092084 0.06818181818181818 0.09693053311793215
0 0.61 0.622778675282714 0.19272727272727272 0.7544426494345718