1 0.0325 0.3958333333333333 0.065 0.075
0 0.059375 0.6416666666666667 0.11875 0.59
1 0.06 0.435 0.035 0.06333333333333334
0 0.06125 0.6166666666666667 0.0825 0.4533333333333333
1 0.089375 0.465 0.04375 0.07333333333333333
0 0.089375 0.6525 0.10125 0.4683333333333333
1 0.174375 0.4483333333333333 0.04375 0.06333333333333334
0 0.169375 0.6583333333333333 0.12875 0.55
1 0.17625 0.43583333333333335 0.06 0.085
0 0.1725 0.6958333333333333 0.0975 0.6083333333333333
1 0.219375 0.46166666666666667 0.04875 0.06333333333333334
0 0.22 0.6575 0.09 0.46166666666666667
1 0.29375 0.44916666666666666 0.06 0.08833333333333333
0 0.3025 0.6758333333333333 0.115 0.5483333333333333
1 0.344375 0.4066666666666667 0.05125 0.06666666666666667
0 0.35 0.6233333333333333 0.1175 0.53
1 0.405 0.44666666666666666 0.0475 0.06666666666666667
0 0.401875 0.6358333333333334 0.09125 0.455
1 0.37875 0.44666666666666666 0.0325 0.05333333333333334
0 0.3725 0.605 0.0675 0.39
1 0.486875 0.4175 0.03625 0.075
0 0.491875 0.5991666666666666 0.10875 0.4583333333333333
1 0.485625 0.4075 0.03375 0.06166666666666667
0 0.498125 0.5625 0.10375 0.40166666666666667
1 0.601875 0.47833333333333333 0.02875 0.05333333333333334
0 0.608125 0.62 0.10875 0.36333333333333334
1 0.645625 0.4625 0.03625 0.055
0 0.646875 0.6 0.09375 0.34
1 0.699375 0.4708333333333333 0.03125 0.045
0 0.691875 0.5991666666666666 0.07375 0.32166666666666666
1 0.715625 0.44333333333333336 0.03375 0.06
0 0.7375 0.6116666666666667 0.1225 0.4066666666666667
1 0.798125 0.4091666666666667 0.03625 0.065
0 0.790625 0.6133333333333333 0.16375 0.48333333333333334
1 0.900625 0.3983333333333333 0.07125 0.1
0 0.92375 0.67 0.1525 0.66