1 0.06447368421052632 0.73767258382643 0.015789473684210527 0.027613412228796843
0 0.06447368421052632 0.8007889546351085 0.039473684210526314 0.16173570019723865
1 0.20986842105263157 0.7416173570019724 0.019736842105263157 0.03550295857988166
0 0.22960526315789473 0.7869822485207101 0.09342105263157895 0.13806706114398423
1 0.25526315789473686 0.7712031558185405 0.013157894736842105 0.01972386587771203
0 0.2565789473684211 0.814595660749507 0.05263157894736842 0.1222879684418146
1 0.3263157894736842 0.7652859960552268 0.013157894736842105 0.015779092702169626
0 0.32763157894736844 0.8284023668639053 0.05 0.15384615384615385
1 0.35657894736842105 0.772189349112426 0.013157894736842105 0.02564102564102564
0 0.35657894736842105 0.8323471400394478 0.03684210526315789 0.15779092702169625
1 0.3868421052631579 0.7613412228796844 0.015789473684210527 0.027613412228796843
0 0.3881578947368421 0.8274161735700197 0.04473684210526316 0.17159763313609466
1 0.4125 0.7652859960552268 0.017105263157894738 0.027613412228796843
0 0.41907894736842105 0.8244575936883629 0.04868421052631579 0.15384615384615385
1 0.4236842105263158 0.7406311637080868 0.010526315789473684 0.01775147928994083
0 0.4263157894736842 0.7879684418145957 0.02368421052631579 0.1203155818540434
1 0.5105263157894737 0.7258382642998028 0.02894736842105263 0.05128205128205128
0 0.5184210526315789 0.849112426035503 0.07631578947368421 0.30177514792899407
1 0.5539473684210526 0.7100591715976331 0.010526315789473684 0.01972386587771203
0 0.5526315789473685 0.7692307692307693 0.031578947368421054 0.14595660749506903
1 0.5618421052631579 0.73767258382643 0.015789473684210527 0.027613412228796843
0 0.5618421052631579 0.8057199211045365 0.04736842105263158 0.16765285996055226
1 0.5907894736842105 0.7120315581854043 0.013157894736842105 0.023668639053254437
0 0.5927631578947369 0.7692307692307693 0.035526315789473684 0.14201183431952663
1 0.618421052631579 0.7140039447731755 0.018421052631578946 0.03155818540433925
0 0.6138157894736842 0.7850098619329389 0.046052631578947366 0.1814595660749507
1 0.6473684210526316 0.7514792899408284 0.013157894736842105 0.01972386587771203
0 0.6493421052631579 0.8076923076923077 0.035526315789473684 0.14792899408284024
1 0.6921052631578948 0.7287968441814595 0.007894736842105263 0.013806706114398421
0 0.6894736842105263 0.7583826429980276 0.021052631578947368 0.07692307692307693
1 0.7019736842105263 0.6755424063116371 0.006578947368421052 0.009861932938856016
0 0.7 0.7061143984220908 0.021052631578947368 0.07495069033530571
1 0.7171052631578947 0.7120315581854043 0.007894736842105263 0.011834319526627219
0 0.7164473684210526 0.747534516765286 0.02236842105263158 0.09467455621301775
1 0.7421052631578947 0.727810650887574 0.021052631578947368 0.027613412228796843
0 0.743421052631579 0.8027613412228797 0.05 0.1893491124260355
1 0.780921052631579 0.7061143984220908 0.009210526315789473 0.011834319526627219
0 0.7796052631578947 0.747534516765286 0.02763157894736842 0.10256410256410256
1 0.8105263157894737 0.7199211045364892 0.013157894736842105 0.01972386587771203
0 0.8138157894736842 0.7731755424063116 0.046052631578947366 0.14201183431952663
1 0.7907894736842105 0.7790927021696252 0.02631578947368421 0.04339250493096647
0 0.7980263157894737 0.8757396449704142 0.06447368421052632 0.2485207100591716
1 0.825 0.7751479289940828 0.021052631578947368 0.03550295857988166
0 0.8236842105263158 0.8767258382642998 0.04473684210526316 0.24260355029585798
1 0.8381578947368421 0.7209072978303748 0.010526315789473684 0.013806706114398421
0 0.8421052631578947 0.7514792899408284 0.02894736842105263 0.08678500986193294
1 0.8881578947368421 0.7080867850098619 0.021052631578947368 0.03155818540433925
0 0.8881578947368421 0.7583826429980276 0.06578947368421052 0.15187376725838264
1 0.9677631578947369 0.7130177514792899 0.025 0.04930966469428008
0 0.9559210526315789 0.8353057199211046 0.08552631578947369 0.3057199211045365
1 0.9809210526315789 0.7850098619329389 0.038157894736842106 0.09861932938856016
0 0.9638157894736842 0.8648915187376726 0.07236842105263158 0.2702169625246548
1 0.8644736842105263 0.7189349112426036 0.031578947368421054 0.03747534516765286
0 0.8776315789473684 0.8461538461538461 0.06842105263157895 0.3076923076923077
1 0.09671052631578947 0.7297830374753451 0.011842105263157895 0.015779092702169626
0 0.09539473684210527 0.7938856015779092 0.04078947368421053 0.14003944773175542
1 0.3118421052631579 0.7287968441814595 0.010526315789473684 0.01775147928994083
0 0.3138157894736842 0.772189349112426 0.02763157894736842 0.11242603550295859
1 0.33421052631578946 0.7169625246548323 0.010526315789473684 0.01775147928994083
0 0.33421052631578946 0.7633136094674556 0.02368421052631579 0.11045364891518737
1 0.35 0.7199211045364892 0.013157894736842105 0.01972386587771203
0 0.34868421052631576 0.7633136094674556 0.021052631578947368 0.11045364891518737
1 0.3907894736842105 0.7130177514792899 0.010526315789473684 0.01775147928994083
0 0.39013157894736844 0.7554240631163708 0.02236842105263158 0.11045364891518737
1 0.44276315789473686 0.7199211045364892 0.006578947368421052 0.011834319526627219
0 0.44013157894736843 0.7504930966469427 0.017105263157894738 0.07692307692307693
1 0.44802631578947366 0.7455621301775148 0.017105263157894738 0.08284023668639054
0 0.44802631578947366 0.7455621301775148 0.017105263157894738 0.08284023668639054
1 0.4618421052631579 0.7209072978303748 0.007894736842105263 0.009861932938856016
0 0.4598684210526316 0.7504930966469427 0.019736842105263157 0.07692307692307693
1 0.6032894736842105 0.7041420118343196 0.009210526315789473 0.011834319526627219
0 0.6032894736842105 0.7416173570019724 0.019736842105263157 0.09467455621301775
1 0.6789473684210526 0.7248520710059172 0.007894736842105263 0.009861932938856016
0 0.6776315789473685 0.752465483234714 0.02368421052631579 0.06903353057199212