1 0.22539893617021275 0.2546542553191489 0.00576241134751773 0.00997340425531915
0 0.22639627659574468 0.277593085106383 0.026817375886524823 0.061835106382978726
1 0.2478945035460993 0.2553191489361702 0.005097517730496454 0.009308510638297872
0 0.24855939716312056 0.27958776595744683 0.024157801418439716 0.06316489361702128
1 0.5397828014184397 0.2657912234042553 0.006870567375886525 0.012300531914893617
0 0.5443262411347518 0.28972739361702127 0.0274822695035461 0.0641622340425532
1 0.555186170212766 0.27194148936170215 0.0070921985815602835 0.011303191489361703
0 0.5548537234042553 0.29837101063829785 0.013962765957446808 0.0694813829787234
1 0.555186170212766 0.26412898936170215 0.0062056737588652485 0.010970744680851064
0 0.556072695035461 0.29537898936170215 0.015957446808510637 0.07546542553191489
1 0.6708776595744681 0.27543218085106386 0.0013297872340425532 0.002327127659574468
0 0.6710992907801419 0.28158244680851063 0.006648936170212766 0.015957446808510637
1 0.6768617021276596 0.2744348404255319 0.0013297872340425532 0.002327127659574468
0 0.6771941489361702 0.28058510638297873 0.007313829787234043 0.017287234042553192
1 0.04210992907801418 0.3816489361702128 0.05585106382978723 0.07380319148936171
0 0.0549645390070922 0.5766289893617021 0.08953900709219859 0.4744015957446808
1 0.08333333333333333 0.42037898936170215 0.06427304964539007 0.0920877659574468
0 0.11247783687943262 0.6592420212765957 0.15048758865248227 0.5824468085106383
1 0.16766400709219859 0.4632646276595745 0.049867021276595744 0.09009308510638298
0 0.18672429078014185 0.7061170212765957 0.1735372340425532 0.5877659574468085
1 0.2354831560283688 0.4271941489361702 0.0587322695035461 0.08377659574468085
0 0.2552083333333333 0.6597406914893617 0.11414007092198582 0.566156914893617
1 0.203125 0.3324468085106383 0.042774822695035464 0.06914893617021277
0 0.19481382978723405 0.5159574468085106 0.10505319148936171 0.4474734042553192
1 0.2860150709219858 0.35305851063829785 0.03701241134751773 0.0598404255319149
0 0.3042996453900709 0.5244348404255319 0.09219858156028368 0.4072473404255319
1 0.24423758865248227 0.3256316489361702 0.02925531914893617 0.05152925531914894
0 0.24335106382978725 0.4790558510638298 0.0726950354609929 0.363031914893617
1 0.3228058510638298 0.3334441489361702 0.028147163120567375 0.052526595744680854
0 0.3328900709219858 0.48570478723404253 0.07890070921985816 0.3703457446808511
1 0.37666223404255317 0.390625 0.042331560283687945 0.06848404255319149
0 0.38275709219858156 0.5628324468085106 0.08732269503546099 0.41888297872340424
1 0.4234264184397163 0.32180851063829785 0.02149822695035461 0.0398936170212766
0 0.4250886524822695 0.4519614361702128 0.05806737588652482 0.3035239361702128
1 0.450354609929078 0.4050864361702128 0.041223404255319146 0.07945478723404255
0 0.4478058510638298 0.6055518617021277 0.09951241134751773 0.4890292553191489
1 0.4730718085106383 0.37782579787234044 0.03125 0.06216755319148936
0 0.47750443262411346 0.5626662234042553 0.08488475177304965 0.4444813829787234
1 0.5596187943262412 0.4039228723404255 0.04521276595744681 0.08311170212765957
0 0.5434397163120568 0.6186835106382979 0.10948581560283688 0.5152925531914894
1 0.6161347517730497 0.3228058510638298 0.025709219858156027 0.04654255319148936
0 0.6103723404255319 0.4808843085106383 0.07402482269503546 0.3673537234042553
1 0.633311170212766 0.4384973404255319 0.05031028368794326 0.08976063829787234
0 0.6206781914893617 0.6660571808510638 0.12921099290780141 0.546875
1 0.7111037234042553 0.3972739361702128 0.04853723404255319 0.09375
0 0.7092198581560284 0.6181848404255319 0.12411347517730496 0.5402260638297872
1 0.7419104609929078 0.3537234042553192 0.04188829787234043 0.06981382978723404
0 0.7412455673758865 0.5628324468085106 0.10084219858156028 0.5053191489361702
1 0.8348847517730497 0.3503989361702128 0.026595744680851064 0.0538563829787234
0 0.8233599290780141 0.4920212765957447 0.0726950354609929 0.35106382978723405
1 0.8819813829787234 0.36768617021276595 0.053413120567375884 0.07912234042553191
0 0.8624778368794326 0.5866023936170213 0.13054078014184398 0.5249335106382979
1 0.9802748226950354 0.3836436170212766 0.03945035460992908 0.06914893617021277
0 0.9496897163120568 0.5736369680851063 0.10062056737588652 0.4597739361702128