1 0.17375 0.47076372315035797 0.010833333333333334 0.017899761336515514
0 0.17208333333333334 0.5184964200477327 0.0275 0.11575178997613365
1 0.12958333333333333 0.45465393794749404 0.0125 0.016706443914081145
0 0.1275 0.5077565632458234 0.035 0.1276849642004773
1 0.14916666666666667 0.4636038186157518 0.011666666666666667 0.02028639618138425
0 0.15041666666666667 0.5083532219570406 0.024166666666666666 0.12171837708830549
1 0.18958333333333333 0.46837708830548924 0.009166666666666667 0.015513126491646777
0 0.18833333333333332 0.513126491646778 0.023333333333333334 0.11455847255369929
1 0.20416666666666666 0.46957040572792363 0.011666666666666667 0.02028639618138425
0 0.20541666666666666 0.5107398568019093 0.025833333333333333 0.10978520286396182
1 0.21958333333333332 0.4665871121718377 0.010833333333333334 0.016706443914081145
0 0.21916666666666668 0.5077565632458234 0.023333333333333334 0.11097852028639618
1 0.235 0.4665871121718377 0.01 0.01909307875894988
0 0.23458333333333334 0.5119331742243437 0.019166666666666665 0.11217183770883055
1 0.24583333333333332 0.5095465393794749 0.02 0.10739856801909307
0 0.24583333333333332 0.5095465393794749 0.02 0.10739856801909307
1 0.11208333333333333 0.46837708830548924 0.0125 0.02028639618138425
0 0.10708333333333334 0.5113365155131265 0.030833333333333334 0.11575178997613365
1 0.16875 0.46420047732696895 0.0075 0.014319809069212411
0 0.16875 0.5023866348448688 0.020833333333333332 0.10501193317422435
1 0.25958333333333333 0.5089498806682577 0.019166666666666665 0.10143198090692124
0 0.25958333333333333 0.5089498806682577 0.019166666666666665 0.10143198090692124
1 0.27125 0.4701670644391408 0.009166666666666667 0.014319809069212411
0 0.27291666666666664 0.5107398568019093 0.020833333333333332 0.10023866348448687
1 0.27875 0.4701670644391408 0.009166666666666667 0.016706443914081145
0 0.28291666666666665 0.5089498806682577 0.019166666666666665 0.10143198090692124
1 0.2891666666666667 0.4701670644391408 0.008333333333333333 0.016706443914081145
0 0.2941666666666667 0.5107398568019093 0.02 0.1026252983293556
1 0.30041666666666667 0.47195704057279236 0.0075 0.013126491646778043
0 0.30125 0.5089498806682577 0.0175 0.09665871121718377
1 0.3145833333333333 0.5089498806682577 0.019166666666666665 0.09427207637231504
0 0.3145833333333333 0.5089498806682577 0.019166666666666665 0.09427207637231504
1 0.3175 0.46420047732696895 0.008333333333333333 0.011933174224343675
0 0.32083333333333336 0.5017899761336515 0.015 0.08949880668257756
1 0.335 0.5083532219570406 0.023333333333333334 0.0883054892601432
0 0.335 0.5083532219570406 0.023333333333333334 0.0883054892601432
1 0.34875 0.4737470167064439 0.005833333333333334 0.011933174224343675
0 0.35 0.5077565632458234 0.023333333333333334 0.08949880668257756
1 0.43875 0.48031026252983294 0.005833333333333334 0.010739856801909307
0 0.4404166666666667 0.5053699284009546 0.0125 0.06801909307875895
1 0.4354166666666667 0.5065632458233891 0.0125 0.06563245823389022
0 0.4354166666666667 0.5065632458233891 0.0125 0.06563245823389022
1 0.425 0.4785202863961814 0.006666666666666667 0.011933174224343675
0 0.42833333333333334 0.5047732696897375 0.015 0.06682577565632458
1 0.4 0.4785202863961814 0.006666666666666667 0.011933174224343675
0 0.4033333333333333 0.5035799522673031 0.015 0.06921241050119331
1 0.395 0.5059665871121718 0.015 0.07159904534606205
0 0.395 0.5059665871121718 0.015 0.07159904534606205
1 0.36375 0.477326968973747 0.005833333333333334 0.011933174224343675
0 0.36583333333333334 0.5083532219570406 0.015 0.07875894988066826