1 0.319375 0.6463414634146342 0.04625 0.07692307692307693
0 0.305625 0.8020637898686679 0.095 0.39587242026266417
1 0.411875 0.6299249530956847 0.02625 0.04409005628517824
0 0.415625 0.7584427767354597 0.04625 0.30863039399624764
1 0.42 0.625234521575985 0.02375 0.04221388367729831
0 0.4109375 0.7537523452157598 0.068125 0.3030018761726079
1 0.5009375 0.6308630393996247 0.008125 0.014071294559099437
0 0.5 0.6726078799249531 0.02125 0.10131332082551595
1 0.491875 0.6313320825515948 0.0075 0.013133208255159476
0 0.4915625 0.6674484052532833 0.019375 0.08724202626641651
1 0.516875 0.6374296435272045 0.0075 0.012195121951219513
0 0.515625 0.6655722326454033 0.01375 0.07223264540337711
1 0.531875 0.6411819887429644 0.00625 0.008442776735459663
0 0.5290625 0.6702626641651032 0.014375 0.06848030018761726
1 0.7365625 0.701688555347092 0.029375 0.04878048780487805
0 0.7228125 0.8147279549718575 0.081875 0.2804878048780488
1 0.7090625 0.7021575984990619 0.023125 0.04221388367729831
0 0.6971875 0.7926829268292683 0.073125 0.2326454033771107
1 0.6765625 0.702626641651032 0.023125 0.0375234521575985
0 0.6765625 0.7800187617260788 0.065625 0.19793621013133209