1 0.13193116634799235 0.2513850415512465 0.02676864244741874 0.04847645429362881
0 0.11950286806883365 0.3850415512465374 0.06883365200764818 0.32409972299168976
1 0.16921606118546845 0.26869806094182824 0.032504780114722756 0.05263157894736842
0 0.15630975143403442 0.4168975069252078 0.10803059273422562 0.3545706371191136
1 0.21319311663479923 0.27493074792243766 0.03441682600382409 0.045706371191135735
0 0.22705544933078395 0.3829639889196676 0.08317399617590822 0.27008310249307477
1 0.2074569789674952 0.3407202216066482 0.032504780114722756 0.05263157894736842
0 0.21892925430210325 0.5062326869806094 0.10325047801147227 0.39196675900277006
1 0.2552581261950287 0.33240997229916897 0.04397705544933078 0.06925207756232687
0 0.24760994263862332 0.5304709141274239 0.16252390057361377 0.47645429362880887
1 0.27724665391969405 0.296398891966759 0.032504780114722756 0.055401662049861494
0 0.2777246653919694 0.46121883656509693 0.08508604206500955 0.3878116343490305
1 0.30449330783938816 0.2804709141274238 0.027724665391969407 0.04847645429362881
0 0.3107074569789675 0.41066481994459836 0.06883365200764818 0.3171745152354571
1 0.3202676864244742 0.278393351800554 0.022944550669216062 0.04155124653739612
0 0.3188336520076482 0.3767313019390582 0.04684512428298279 0.2409972299168975
1 0.365678776290631 0.26523545706371193 0.029636711281070746 0.045706371191135735
0 0.369980879541109 0.42382271468144045 0.09177820267686425 0.3684210526315789
1 0.3938814531548757 0.2943213296398892 0.032504780114722756 0.045706371191135735
0 0.3953154875717017 0.45221606648199447 0.0965583173996176 0.37257617728531855
1 0.4077437858508604 0.28254847645429365 0.033460803059273424 0.05817174515235457
0 0.41539196940726575 0.4695290858725762 0.1118546845124283 0.44598337950138506
1 0.45793499043977054 0.26385041551246535 0.02676864244741874 0.04016620498614958
0 0.4545889101338432 0.3518005540166205 0.052581261950286805 0.24376731301939059
1 0.45793499043977054 0.26177285318559557 0.02676864244741874 0.0443213296398892
0 0.4641491395793499 0.40581717451523547 0.07552581261950286 0.3490304709141274
1 0.4861376673040153 0.27770083102493076 0.033460803059273424 0.054016620498614956
0 0.504302103250478 0.44944598337950137 0.0869980879541109 0.40581717451523547
1 0.5191204588910134 0.3192520775623269 0.05162523900573614 0.09002770083102493
0 0.5119502868068834 0.5865650969529086 0.14818355640535372 0.6440443213296398
1 0.5874760994263862 0.3781163434903047 0.0621414913957935 0.11911357340720222
0 0.5951242829827916 0.6578947368421053 0.15009560229445507 0.6842105263157895
1 0.737093690248566 0.45290858725761773 0.06883365200764818 0.11634349030470914
0 0.7265774378585086 0.693213296398892 0.20076481835564053 0.6135734072022161
1 0.5683556405353728 0.2804709141274238 0.027724665391969407 0.04293628808864266
0 0.5712237093690249 0.3988919667590028 0.05066921606118547 0.2880886426592798
1 0.6013384321223709 0.2790858725761773 0.022944550669216062 0.037396121883656507
0 0.6022944550669216 0.360803324099723 0.03441682600382409 0.21745152354570638
1 0.627151051625239 0.2873961218836565 0.030592734225621414 0.04016620498614958
0 0.6295411089866156 0.4265927977839335 0.08317399617590822 0.3296398891966759
1 0.6534416826003824 0.28462603878116344 0.02198852772466539 0.037396121883656507
0 0.6591778202676865 0.3815789473684211 0.06405353728489484 0.23961218836565096
1 0.6902485659655831 0.27354570637119113 0.02676864244741874 0.04016620498614958
0 0.7031548757170172 0.3815789473684211 0.06022944550669216 0.26177285318559557
1 0.7394837476099426 0.27493074792243766 0.020076481835564052 0.03462603878116344
0 0.7495219885277247 0.37534626038781166 0.05927342256214149 0.2520775623268698
1 0.7934990439770554 0.2409972299168975 0.01338432122370937 0.027700831024930747
0 0.7920650095602294 0.3414127423822715 0.04684512428298279 0.23684210526315788
1 0.8001912045889101 0.23199445983379502 0.02676864244741874 0.029085872576177285
0 0.8087954110898662 0.3587257617728532 0.06118546845124283 0.31301939058171746
1 0.8632887189292543 0.26454293628808867 0.022944550669216062 0.038781163434903045
0 0.8680688336520076 0.36772853185595566 0.05736137667304015 0.25346260387811637
1 0.9239961759082218 0.26177285318559557 0.02198852772466539 0.038781163434903045
0 0.9000956022944551 0.36149584487534625 0.08508604206500955 0.24930747922437674
1 0.9378585086042065 0.24792243767313019 0.02676864244741874 0.036011080332409975
0 0.9378585086042065 0.3635734072022161 0.0497131931166348 0.27008310249307477
1 0.9641491395793499 0.2790858725761773 0.016252390057361378 0.029085872576177285
0 0.9655831739961759 0.3718836565096953 0.045889101338432124 0.2257617728531856
1 0.9961759082217974 0.25761772853185594 0.0076481835564053535 0.038781163434903045
0 0.9933078393881453 0.3601108033240997 0.01338432122370937 0.24653739612188366
1 0.9952198852772467 0.2409972299168975 0.009560229445506692 0.030470914127423823
0 0.987093690248566 0.33933518005540164 0.02581261950286807 0.22437673130193905