1 0.7129340277777778 0.43411458333333336 0.057118055555555554 0.11875
0 0.6660590277777778 0.6764322916666666 0.3012152777777778 0.6111979166666667
1 0.5800347222222222 0.40377604166666664 0.060069444444444446 0.13151041666666666
0 0.5895833333333333 0.6532552083333333 0.3819444444444444 0.6502604166666667
1 0.4544270833333333 0.45 0.05607638888888889 0.10572916666666667
0 0.4444444444444444 0.6884114583333333 0.3260416666666667 0.6091145833333333
1 0.3420138888888889 0.44635416666666666 0.050347222222222224 0.1140625
0 0.35963541666666665 0.6928385416666667 0.2074652777777778 0.6143229166666667
1 0.8971354166666666 0.16015625 0.051215277777777776 0.10208333333333333
0 0.88359375 0.516015625 0.18489583333333334 0.8200520833333333
1 0.7916666666666666 0.193359375 0.05 0.10338541666666666
0 0.7943576388888889 0.5302083333333333 0.3411458333333333 0.7817708333333333
1 0.546875 0.19140625 0.05 0.1015625
0 0.5524305555555555 0.5260416666666666 0.15138888888888888 0.7921875
1 0.44756944444444446 0.25299479166666666 0.049652777777777775 0.09973958333333334
0 0.3990451388888889 0.56171875 0.2144097222222222 0.7208333333333333
1 0.3467013888888889 0.23203125 0.051041666666666666 0.10625
0 0.29444444444444445 0.546484375 0.22361111111111112 0.7533854166666667
1 0.24105902777777777 0.206640625 0.04774305555555555 0.10546875
0 0.21180555555555555 0.5361979166666667 0.18020833333333333 0.7765625
1 0.13559027777777777 0.22552083333333334 0.04895833333333333 0.0984375
0 0.1349826388888889 0.5549479166666667 0.13038194444444445 0.7703125
1 0.6684027777777778 0.21302083333333333 0.04375 0.0953125
0 0.6753472222222222 0.5338541666666666 0.16215277777777778 0.7541666666666667