1 0.6510416666666666 0.24421296296296297 0.057291666666666664 0.1087962962962963
0 0.6393229166666666 0.5925925925925926 0.171875 0.8148148148148148
1 0.28515625 0.26157407407407407 0.005208333333333333 0.009259259259259259
0 0.283203125 0.28935185185185186 0.014322916666666666 0.07407407407407407
1 0.291015625 0.2986111111111111 0.022135416666666668 0.07407407407407407
0 0.291015625 0.2986111111111111 0.022135416666666668 0.07407407407407407
1 0.244140625 0.2662037037037037 0.006510416666666667 0.013888888888888888
0 0.24739583333333334 0.3020833333333333 0.018229166666666668 0.09027777777777778
1 0.22981770833333334 0.2673611111111111 0.006510416666666667 0.011574074074074073
0 0.23111979166666666 0.3020833333333333 0.014322916666666666 0.08564814814814815
1 0.19270833333333334 0.29282407407407407 0.010416666666666666 0.0625
0 0.19270833333333334 0.29282407407407407 0.010416666666666666 0.0625
1 0.16080729166666666 0.27546296296296297 0.01171875 0.023148148148148147
0 0.16015625 0.34953703703703703 0.044270833333333336 0.18055555555555555