1 0.21997549019607843 0.6198937908496732 0.10416666666666667 0.1613562091503268
0 0.22824754901960784 0.7659313725490197 0.21568627450980393 0.4681372549019608
1 0.5664828431372549 0.4881535947712418 0.08762254901960784 0.1576797385620915
0 0.5435049019607843 0.704452614379085 0.23590686274509803 0.5910947712418301
1 0.7579656862745098 0.5461601307189542 0.10477941176470588 0.18137254901960784
0 0.7719056372549019 0.7324346405228758 0.21415441176470587 0.5351307189542484
1 0.9027267156862745 0.46895424836601307 0.06525735294117647 0.1053921568627451
0 0.9247855392156863 0.7071078431372549 0.14430147058823528 0.5857843137254902
1 0.9554227941176471 0.37254901960784315 0.05545343137254902 0.0915032679738562
0 0.9379595588235294 0.6425653594771242 0.12408088235294118 0.6331699346405228
1 0.6338848039215687 0.4252450980392157 0.07965686274509803 0.13725490196078433
0 0.6397058823529411 0.6727941176470589 0.13848039215686275 0.6544117647058824
1 0.8072916666666666 0.39685457516339867 0.08700980392156862 0.1417483660130719
0 0.7907475490196079 0.6617647058823529 0.2113970588235294 0.6764705882352942
1 0.36795343137254904 0.3574346405228758 0.10110294117647059 0.15931372549019607
0 0.33379289215686275 0.636437908496732 0.19393382352941177 0.7271241830065359
1 0.1018688725490196 0.4019607843137255 0.11182598039215687 0.17401960784313725
0 0.1090686274509804 0.6519607843137255 0.2181372549019608 0.696078431372549