1 0.9921875 0.7073991031390134 0.00625 0.011210762331838564
0 0.990625 0.7298206278026906 0.01875 0.06502242152466367
1 0.95390625 0.7073991031390134 0.0203125 0.033632286995515695
0 0.96484375 0.7903587443946188 0.0515625 0.2085201793721973
1 0.93203125 0.7073991031390134 0.0140625 0.02466367713004484
0 0.9375 0.7746636771300448 0.05625 0.1681614349775785
1 0.85390625 0.7051569506726457 0.0203125 0.02914798206278027
0 0.86484375 0.7836322869955157 0.0734375 0.2085201793721973
1 0.84765625 0.7174887892376681 0.0171875 0.03139013452914798
0 0.86953125 0.7982062780269058 0.0734375 0.20179372197309417
1 0.8296875 0.7219730941704036 0.015625 0.02242152466367713
0 0.8328125 0.7690582959641256 0.03125 0.13004484304932734
1 0.8109375 0.7197309417040358 0.0125 0.02242152466367713
0 0.82109375 0.7769058295964125 0.0546875 0.16367713004484305
1 0.7546875 0.7006726457399103 0.01875 0.02914798206278027
0 0.76015625 0.7802690582959642 0.0703125 0.19282511210762332
1 0.73828125 0.7017937219730942 0.0171875 0.026905829596412557
0 0.7515625 0.7713004484304933 0.071875 0.17488789237668162
1 0.69296875 0.6984304932735426 0.0171875 0.02466367713004484
0 0.70546875 0.7802690582959642 0.0515625 0.19730941704035873
1 0.61875 0.7062780269058296 0.015625 0.026905829596412557
0 0.62421875 0.7690582959641256 0.0453125 0.16143497757847533
1 0.56015625 0.7051569506726457 0.0171875 0.02466367713004484
0 0.5703125 0.773542600896861 0.0625 0.17040358744394618
1 0.48046875 0.7051569506726457 0.0140625 0.020179372197309416
0 0.484375 0.7679372197309418 0.03125 0.15022421524663676
1 0.48828125 0.7141255605381166 0.0109375 0.020179372197309416
0 0.48984375 0.7746636771300448 0.0484375 0.15022421524663676
1 0.34921875 0.7197309417040358 0.0140625 0.02242152466367713
0 0.34375 0.7836322869955157 0.040625 0.1591928251121076
1 0.26171875 0.7051569506726457 0.0140625 0.020179372197309416
0 0.259375 0.7679372197309418 0.03125 0.15022421524663676
1 0.2359375 0.7309417040358744 0.0125 0.017937219730941704
0 0.2265625 0.7780269058295964 0.034375 0.1210762331838565
1 0.2140625 0.7466367713004485 0.009375 0.017937219730941704
0 0.20546875 0.7858744394618834 0.0328125 0.10089686098654709
1 0.178125 0.7320627802690582 0.009375 0.01569506726457399
0 0.184375 0.765695067264574 0.028125 0.09192825112107623
1 0.18125 0.7432735426008968 0.009375 0.011210762331838564
0 0.17890625 0.7802690582959642 0.0234375 0.09417040358744394
1 0.159375 0.7331838565022422 0.009375 0.013452914798206279
0 0.153125 0.7713004484304933 0.028125 0.1031390134529148
1 0.1546875 0.7466367713004485 0.009375 0.017937219730941704
0 0.14765625 0.7858744394618834 0.0328125 0.10538116591928251
1 0.1390625 0.7455156950672646 0.0125 0.01569506726457399
0 0.1390625 0.7869955156950673 0.025 0.10762331838565023
1 0.125 0.7432735426008968 0.0125 0.01569506726457399
0 0.11953125 0.7903587443946188 0.0296875 0.11434977578475336
1 0.1109375 0.718609865470852 0.015625 0.02466367713004484
0 0.1015625 0.7802690582959642 0.046875 0.15246636771300448
1 0.06328125 0.7443946188340808 0.0109375 0.017937219730941704
0 0.06171875 0.7825112107623319 0.0359375 0.09865470852017937
1 0.04765625 0.7466367713004485 0.0140625 0.013452914798206279
0 0.04609375 0.7825112107623319 0.0171875 0.08968609865470852
1 0.04609375 0.7466367713004485 0.0109375 0.013452914798206279
0 0.0421875 0.7836322869955157 0.015625 0.09192825112107623
1 0.01484375 0.7354260089686099 0.0109375 0.013452914798206279
0 0.01328125 0.7713004484304933 0.0265625 0.09865470852017937