1 0.349375 0.25046904315197 0.05625 0.09193245778611632
0 0.295 0.5093808630393997 0.24 0.624765478424015
1 0.31375 0.31894934333958724 0.04 0.0600375234521576
0 0.31375 0.5225140712945591 0.1225 0.44840525328330205
1 0.456875 0.300187617260788 0.05125 0.09380863039399624
0 0.463125 0.5375234521575984 0.20375 0.575984990619137
1 0.588125 0.28330206378986866 0.03625 0.0675422138836773
0 0.5925 0.4971857410881801 0.09 0.5140712945590994
1 0.4225 0.23639774859287055 0.0325 0.0600375234521576
0 0.421875 0.4052532833020638 0.10125 0.4052532833020638
1 0.51125 0.27204502814258913 0.0375 0.05628517823639775
0 0.51875 0.474671669793621 0.0975 0.47654784240150094
1 0.559375 0.2373358348968105 0.03125 0.058161350844277676
0 0.555 0.398686679174484 0.0825 0.39587242026266417
1 0.63 0.27110694183864914 0.03 0.054409005628517824
0 0.63375 0.4155722326454034 0.0675 0.3545966228893058
1 0.6625 0.24953095684803 0.0375 0.04878048780487805
0 0.663125 0.3977485928705441 0.05375 0.3527204502814259
1 0.69125 0.27298311444652906 0.045 0.06941838649155722
0 0.715 0.4821763602251407 0.1325 0.5028142589118199
1 0.74 0.2795497185741088 0.035 0.0675422138836773
0 0.733125 0.4652908067542214 0.09875 0.450281425891182
1 0.768125 0.2682926829268293 0.02125 0.0375234521575985
0 0.770625 0.3789868667917448 0.04125 0.27392120075046905
1 0.801875 0.25422138836772984 0.02375 0.039399624765478425
0 0.801875 0.35553470919324576 0.05375 0.2570356472795497
1 0.8275 0.23921200750469043 0.03 0.054409005628517824
0 0.83125 0.4071294559099437 0.1525 0.3977485928705441
1 0.845625 0.2673545966228893 0.01875 0.03564727954971857
0 0.8575 0.3705440900562852 0.06 0.2570356472795497
1 0.891875 0.25328330206378985 0.02125 0.0375234521575985
0 0.896875 0.3433395872420263 0.04625 0.22889305816135083
1 0.92625 0.24202626641651032 0.0125 0.0225140712945591
0 0.9275 0.29362101313320826 0.035 0.14071294559099437
1 0.88125 0.26172607879924953 0.0175 0.03189493433395872
0 0.881875 0.3395872420262664 0.03875 0.2026266416510319
1 0.873125 0.24577861163227016 0.01625 0.0300187617260788
0 0.871875 0.31613508442776733 0.03125 0.17823639774859287