1 0.18481375358166188 0.35625 0.06017191977077364 0.1425
0 0.16475644699140402 0.64125 0.14613180515759314 0.7175
1 0.3166189111747851 0.34125 0.06017191977077364 0.1425
0 0.3144699140401146 0.635 0.15616045845272206 0.73
1 0.9183381088825215 0.39 0.07163323782234957 0.13
0 0.919054441260745 0.6575 0.16189111747851004 0.685
1 0.7578796561604585 0.38875 0.06017191977077364 0.1275
0 0.7729226361031518 0.66 0.1303724928366762 0.68
1 0.5945558739255015 0.48 0.05730659025787966 0.13
0 0.6060171919770774 0.71125 0.1174785100286533 0.5775
1 0.13252148997134672 0.27625 0.06160458452722063 0.1125
0 0.1303724928366762 0.60625 0.1518624641833811 0.7875
1 0.4054441260744986 0.35 0.05157593123209169 0.11
0 0.39183381088825214 0.625 0.11891117478510028 0.67
1 0.5121776504297995 0.29125 0.04154727793696275 0.0975
0 0.5085959885386819 0.5 0.10028653295128939 0.54
1 0.5229226361031518 0.3875 0.04297994269340974 0.1
0 0.5537249283667621 0.5475 0.1332378223495702 0.43
1 0.6583094555873925 0.3525 0.04727793696275072 0.1
0 0.666189111747851 0.64375 0.09169054441260745 0.7125