1 0.04346153846153846 0.18547544409613376 0.08692307692307692 0.12852664576802508
0 0.11807692307692308 0.5057471264367817 0.23615384615384616 0.8213166144200627
1 0.16807692307692307 0.1671891327063741 0.06538461538461539 0.10240334378265413
0 0.1673076923076923 0.39080459770114945 0.17153846153846153 0.587251828631139
1 0.4307692307692308 0.17136886102403343 0.06 0.08986415882967608
0 0.4430769230769231 0.3735632183908046 0.20461538461538462 0.5151515151515151
1 0.25346153846153846 0.3218390804597701 0.15615384615384614 0.24660397074190177
0 0.36538461538461536 0.5914315569487983 0.5907692307692308 0.8171368861024033
1 0.7234615384615385 0.26750261233019856 0.17153846153846153 0.29258098223615464
0 0.7096153846153846 0.5522466039707419 0.4976923076923077 0.8955067920585162
1 0.6126923076923076 0.16562173458725182 0.09923076923076923 0.180773249738767
0 0.6076923076923076 0.5308254963427377 0.34615384615384615 0.9383490073145245