1 0.8725260416666667 0.28055555555555556 0.03671875 0.07407407407407407
0 0.851953125 0.49537037037037035 0.12265625 0.5157407407407407
1 0.8083333333333333 0.28703703703703703 0.03229166666666667 0.05925925925925926
0 0.7984375 0.47939814814814813 0.10052083333333334 0.4625
1 0.7346354166666667 0.3141203703703704 0.0421875 0.08564814814814815
0 0.75546875 0.5157407407407407 0.15520833333333334 0.5074074074074074
1 0.6696614583333333 0.2650462962962963 0.02890625 0.06805555555555555
0 0.6727864583333333 0.4615740740740741 0.08359375 0.4861111111111111
1 0.635546875 0.2539351851851852 0.03567708333333333 0.08287037037037037
0 0.6345052083333333 0.4787037037037037 0.11484375 0.5361111111111111
1 0.526171875 0.2835648148148148 0.022135416666666668 0.052314814814814814
0 0.5161458333333333 0.45555555555555555 0.0609375 0.40370370370370373
1 0.552734375 0.25046296296296294 0.03463541666666667 0.0787037037037037
0 0.5427083333333333 0.47962962962962963 0.12447916666666667 0.562962962962963
1 0.46536458333333336 0.24351851851851852 0.03229166666666667 0.0712962962962963
0 0.46536458333333336 0.4585648148148148 0.0921875 0.5106481481481482
1 0.39765625 0.32916666666666666 0.03802083333333333 0.0787037037037037
0 0.40208333333333335 0.5226851851851851 0.10885416666666667 0.4740740740740741
1 0.42096354166666666 0.21574074074074073 0.02890625 0.06944444444444445
0 0.41705729166666666 0.42083333333333334 0.07838541666666667 0.487962962962963
1 0.3768229166666667 0.24513888888888888 0.0296875 0.07453703703703704
0 0.380078125 0.46041666666666664 0.09453125 0.5115740740740741
1 0.30950520833333334 0.2599537037037037 0.03359375 0.07361111111111111
0 0.3033854166666667 0.48217592592592595 0.09635416666666667 0.5254629629629629
1 0.22369791666666666 0.24375 0.0328125 0.07361111111111111
0 0.22395833333333334 0.4877314814814815 0.1125 0.5875
1 0.16080729166666666 0.23310185185185187 0.037760416666666664 0.08935185185185185
0 0.15950520833333334 0.4703703703703704 0.13359375 0.5722222222222222