1 0.63 0.3950892857142857 0.1 0.15267857142857144
0 0.7430769230769231 0.6584821428571429 0.49230769230769234 0.6830357142857143
1 0.565 0.325 0.09769230769230769 0.15
0 0.6192307692307693 0.6209821428571428 0.2353846153846154 0.7580357142857143
1 0.4288461538461538 0.37857142857142856 0.08846153846153847 0.125
0 0.4746153846153846 0.6535714285714286 0.2246153846153846 0.6928571428571428
1 0.35923076923076924 0.45267857142857143 0.09538461538461539 0.14107142857142857
0 0.3553846153846154 0.6888392857142858 0.31846153846153846 0.6223214285714286
1 0.1723076923076923 0.43839285714285714 0.13846153846153847 0.14107142857142857
0 0.1676923076923077 0.6803571428571429 0.3353846153846154 0.6392857142857142
1 0.03423076923076923 0.49464285714285716 0.03 0.04107142857142857
0 0.04038461538461539 0.6200892857142857 0.07 0.31339285714285714