1 0.8281818181818181 0.37479806138933763 0.1618181818181818 0.3263327948303716
0 0.7572727272727273 0.6033925686591276 0.45636363636363636 0.7932148626817448
1 0.28954545454545455 0.6801292407108239 0.21363636363636362 0.40064620355411956
0 0.43772727272727274 0.7059773828756059 0.6736363636363636 0.5880452342487884
1 0.14045454545454544 0.5549273021001615 0.17727272727272728 0.3505654281098546
0 0.18727272727272729 0.6873990306946688 0.37454545454545457 0.6252019386106623
1 0.12727272727272726 0.3384491114701131 0.17272727272727273 0.2827140549273021
0 0.30863636363636365 0.5 0.6172727272727273 1
1 0.6731818181818182 0.2689822294022617 0.14272727272727273 0.3344103392568659
0 0.7045454545454546 0.5428109854604201 0.4727272727272727 0.9143780290791599
1 0.2581818181818182 0.30936995153473346 0.12181818181818181 0.2762520193861066
0 0.2759090909090909 0.5735056542810986 0.30272727272727273 0.8529886914378029
1 0.30863636363636365 0.1631663974151858 0.09363636363636364 0.23909531502423265
0 0.31727272727272726 0.5080775444264943 0.20545454545454545 0.9838449111470113
1 0.3981818181818182 0.14135702746365106 0.09636363636363636 0.21809369951534732
0 0.39181818181818184 0.5080775444264943 0.18363636363636363 0.9838449111470113
1 0.19090909090909092 0.08562197092084006 0.09090909090909091 0.17124394184168013
0 0.17727272727272728 0.5 0.2909090909090909 1
1 0.3840909090909091 0.5702746365105008 0.14272727272727273 0.3263327948303716
0 0.39181818181818184 0.697092084006462 0.28909090909090907 0.6058158319870759
1 0.5577272727272727 0.5848142164781907 0.13727272727272727 0.3683360258481422
0 0.5922727272727273 0.6930533117932148 0.39 0.6138933764135702
1 0.4859090909090909 0.35137318255250405 0.12818181818181817 0.27948303715670436
0 0.4318181818181818 0.5840064620355412 0.32181818181818184 0.8319870759289176