1 0.038671875 0.3784722222222222 0.02734375 0.09027777777777778
0 0.038671875 0.3784722222222222 0.02734375 0.09027777777777778
1 0.414453125 0.46041666666666664 0.05078125 0.12361111111111112
0 0.4046875 0.6944444444444444 0.15 0.6111111111111112
1 0.54296875 0.40625 0.046875 0.09027777777777778
0 0.54453125 0.6708333333333333 0.1484375 0.6583333333333333
1 0.698046875 0.46041666666666664 0.04609375 0.11527777777777778
0 0.7203125 0.6986111111111111 0.1671875 0.6027777777777777
1 0.352734375 0.6909722222222222 0.04921875 0.12361111111111112
0 0.371875 0.8048611111111111 0.2125 0.3902777777777778
1 0.54453125 0.6520833333333333 0.0609375 0.14305555555555555
0 0.5296875 0.7868055555555555 0.1578125 0.4263888888888889
1 0.69921875 0.6722222222222223 0.0640625 0.13333333333333333
0 0.6921875 0.7979166666666667 0.175 0.4041666666666667