1 0.70375 0.4348148148148148 0.0475 0.09333333333333334
0 0.70875 0.58 0.22583333333333333 0.682962962962963
1 0.6575 0.39481481481481484 0.03666666666666667 0.07851851851851852
0 0.64625 0.5414814814814815 0.18916666666666668 0.5792592592592593
1 0.5654166666666667 0.4022222222222222 0.035833333333333335 0.0725925925925926
0 0.58375 0.5674074074074074 0.1975 0.6311111111111111
1 0.46875 0.6318518518518519 0.04416666666666667 0.09333333333333334
0 0.5804166666666667 0.7874074074074074 0.30416666666666664 0.42518518518518517
1 0.49 0.4014814814814815 0.03666666666666667 0.07703703703703704
0 0.5033333333333333 0.5688888888888889 0.14666666666666667 0.5214814814814814
1 0.4220833333333333 0.6088888888888889 0.04083333333333333 0.08296296296296296
0 0.4479166666666667 0.7725925925925926 0.18916666666666668 0.44592592592592595
1 0.4766666666666667 0.2822222222222222 0.03666666666666667 0.08148148148148149
0 0.49 0.46074074074074073 0.18666666666666668 0.4562962962962963
1 0.4041666666666667 0.4051851851851852 0.03833333333333333 0.0962962962962963
0 0.40958333333333335 0.56 0.13916666666666666 0.5037037037037037
1 0.32416666666666666 0.4066666666666667 0.03666666666666667 0.08444444444444445
0 0.31333333333333335 0.5925925925925926 0.17166666666666666 0.5244444444444445
1 0.3566666666666667 0.2740740740740741 0.035 0.09185185185185185
0 0.355 0.4274074074074074 0.22666666666666666 0.5437037037037037