1 0.07275390625 0.3059895833333333 0.0595703125 0.09635416666666667
0 0.1064453125 0.556640625 0.1796875 0.6002604166666666
1 0.12548828125 0.2727864583333333 0.0478515625 0.07682291666666667
0 0.1181640625 0.5123697916666666 0.125 0.5716145833333334
1 0.18505859375 0.3203125 0.0498046875 0.07552083333333333
0 0.193359375 0.525390625 0.103515625 0.4986979166666667
1 0.2734375 0.3209635416666667 0.044921875 0.07421875
0 0.2705078125 0.5208333333333334 0.09375 0.4947916666666667
1 0.296875 0.4283854166666667 0.046875 0.08333333333333333
0 0.2900390625 0.607421875 0.109375 0.4596354166666667
1 0.34375 0.3079427083333333 0.046875 0.07682291666666667
0 0.33447265625 0.525390625 0.1123046875 0.5169270833333334
1 0.40625 0.4375 0.05078125 0.0859375
0 0.39111328125 0.6256510416666666 0.1533203125 0.48828125
1 0.43701171875 0.3118489583333333 0.0419921875 0.07942708333333333
0 0.43603515625 0.5305989583333334 0.1162109375 0.5247395833333334
1 0.474609375 0.4459635416666667 0.052734375 0.09244791666666667
0 0.4853515625 0.6171875 0.12109375 0.4479166666666667
1 0.529296875 0.3177083333333333 0.041015625 0.0703125
0 0.5244140625 0.533203125 0.099609375 0.5143229166666666
1 0.52978515625 0.4524739583333333 0.0615234375 0.09765625
0 0.49951171875 0.6569010416666666 0.1884765625 0.51171875
1 0.6005859375 0.2975260416666667 0.044921875 0.07421875
0 0.59228515625 0.5240885416666666 0.1123046875 0.54296875
1 0.61279296875 0.3736979166666667 0.0458984375 0.08333333333333333
0 0.615234375 0.5950520833333334 0.111328125 0.5364583333333334
1 0.67431640625 0.333984375 0.0439453125 0.07942708333333333
0 0.67529296875 0.544921875 0.1103515625 0.5091145833333334
1 0.70556640625 0.3795572916666667 0.0458984375 0.08463541666666667
0 0.69921875 0.5983072916666666 0.099609375 0.5325520833333334
1 0.78125 0.3346354166666667 0.048828125 0.08072916666666667
0 0.7724609375 0.5598958333333334 0.1015625 0.5520833333333334
1 0.83642578125 0.2669270833333333 0.0458984375 0.08854166666666667
0 0.83203125 0.5065104166666666 0.150390625 0.5885416666666666
1 0.8388671875 0.3626302083333333 0.048828125 0.08984375
0 0.83154296875 0.5911458333333334 0.1201171875 0.5572916666666666
1 0.9169921875 0.3346354166666667 0.0546875 0.09375
0 0.91455078125 0.572265625 0.1552734375 0.5768229166666666