1 0.07568359375 0.4663250366032211 0.1240234375 0.18301610541727673
0 0.13525390625 0.6830161054172768 0.2705078125 0.6339677891654466
1 0.14892578125 0.35431918008784774 0.0830078125 0.15226939970717424
0 0.208984375 0.6339677891654466 0.29296875 0.7320644216691069
1 0.3037109375 0.35871156661786235 0.099609375 0.14641288433382138
0 0.36279296875 0.6383601756954612 0.2880859375 0.7232796486090776
1 0.64892578125 0.3418740849194729 0.0888671875 0.17423133235724744
0 0.673828125 0.6200585651537335 0.30859375 0.7598828696925329
1 0.95654296875 0.32210834553440704 0.0849609375 0.1581259150805271
0 0.890625 0.6185944363103953 0.21875 0.7628111273792094
1 0.896484375 0.0636896046852123 0.0703125 0.12152269399707175
0 0.88818359375 0.46193265007320644 0.1962890625 0.9238653001464129