1 0.197265625 0.11725955204216074 0.068359375 0.1080368906455863
0 0.166015625 0.4492753623188406 0.154296875 0.7852437417654808
1 0.35498046875 0.14361001317523056 0.0576171875 0.08168642951251646
0 0.349609375 0.4038208168642951 0.134765625 0.6152832674571805
1 0.49560546875 0.15217391304347827 0.0517578125 0.08563899868247694
0 0.52783203125 0.4044795783926219 0.2158203125 0.5928853754940712
1 0.6220703125 0.18642951251646903 0.0546875 0.09090909090909091
0 0.62255859375 0.4894598155467721 0.1650390625 0.6996047430830039
1 0.7421875 0.1903820816864295 0.052734375 0.09617918313570488
0 0.74462890625 0.48221343873517786 0.1435546875 0.6824769433465085
1 0.31103515625 0.2391304347826087 0.0634765625 0.10408432147562582
0 0.3154296875 0.5480895915678524 0.1328125 0.7246376811594203
1 0.46630859375 0.20092226613965744 0.0595703125 0.10144927536231885
0 0.46923828125 0.5111989459815547 0.1533203125 0.7220026350461133
1 0.59619140625 0.29183135704874835 0.0673828125 0.11725955204216074
0 0.57421875 0.6146245059288538 0.19140625 0.7707509881422925
1 0.68896484375 0.30303030303030304 0.0498046875 0.09486166007905138
0 0.6845703125 0.5968379446640316 0.1328125 0.6877470355731226
1 0.7451171875 0.2971014492753623 0.0546875 0.09354413702239789
0 0.74462890625 0.5797101449275363 0.1083984375 0.6666666666666666
1 0.84326171875 0.3168642951251647 0.0595703125 0.09617918313570488
0 0.8408203125 0.6317523056653491 0.142578125 0.7364953886693018
1 0.2373046875 0.2997364953886693 0.07421875 0.13043478260869565
0 0.2197265625 0.6172595520421608 0.166015625 0.7654808959156785
1 0.40673828125 0.2977602108036891 0.0693359375 0.11067193675889328
0 0.392578125 0.619235836627141 0.189453125 0.761528326745718