1 0.045 0.3469259723964868 0.045 0.07904642409033877
0 0.06458333333333334 0.6148055207026348 0.12916666666666668 0.6148055207026348
1 0.12541666666666668 0.32936010037641156 0.0525 0.09159347553324969
0 0.12333333333333334 0.6035131744040151 0.15333333333333332 0.644918444165621
1 0.26916666666666667 0.33877038895859474 0.03833333333333333 0.06775407779171895
0 0.24625 0.5984943538268507 0.18083333333333335 0.6022584692597239
1 0.26375 0.24780426599749059 0.049166666666666664 0.08406524466750313
0 0.2604166666666667 0.5307402760351317 0.1375 0.6649937264742786
1 0.3958333333333333 0.29924717691342534 0.043333333333333335 0.07653701380175659
0 0.3829166666666667 0.5595984943538268 0.1225 0.6047678795483061
1 0.46541666666666665 0.3111668757841907 0.04583333333333333 0.07528230865746549
0 0.47291666666666665 0.5771643663739021 0.13583333333333333 0.6148055207026348
1 0.5758333333333333 0.30614805520702637 0.041666666666666664 0.07528230865746549
0 0.5545833333333333 0.5683814303638645 0.1075 0.6072772898368883
1 0.61625 0.2973651191969887 0.06416666666666666 0.09284818067754078
0 0.6091666666666666 0.5821831869510665 0.15666666666666668 0.657465495608532
1 0.6770833333333334 0.3205771643663739 0.04583333333333333 0.08155583437892096
0 0.6804166666666667 0.5790464240903388 0.11083333333333334 0.6185696361355082
1 0.7495833333333334 0.3199498117942284 0.0475 0.06775407779171895
0 0.7558333333333334 0.6185696361355082 0.15333333333333332 0.685069008782936
1 0.82 0.30614805520702637 0.051666666666666666 0.08281053952321205
0 0.81375 0.581555834378921 0.1125 0.6461731493099122
1 0.88875 0.31304893350062735 0.05416666666666667 0.10163111668757842
0 0.885 0.5972396486825596 0.14666666666666667 0.6800501882057717
1 0.9566666666666667 0.34127979924717694 0.05 0.07779171894604768
0 0.9508333333333333 0.6028858218318696 0.09833333333333333 0.6185696361355082
1 0.044583333333333336 0.35257214554579674 0.04583333333333333 0.07528230865746549
0 0.08 0.5878293601003765 0.13166666666666665 0.5633626097867002
1 0.21916666666666668 0.3858218318695107 0.028333333333333332 0.03638644918444166
0 0.19166666666666668 0.6028858218318696 0.09833333333333333 0.5257214554579673
1 0.02 0.335633626097867 0.04 0.07151819322459223
0 0.04583333333333333 0.5708908406524467 0.09166666666666666 0.5646173149309912