1 0.107421875 0.9153284671532846 0.005859375 0.008759124087591242
0 0.10546875 0.9335766423357664 0.015625 0.051094890510948905
1 0.1376953125 0.9153284671532846 0.005859375 0.008759124087591242
0 0.1357421875 0.9328467153284672 0.017578125 0.052554744525547446
1 0.154296875 0.9153284671532846 0.005859375 0.008759124087591242
0 0.15478515625 0.9357664233576642 0.0166015625 0.052554744525547446
1 0.17431640625 0.9116788321167884 0.0048828125 0.0072992700729927005
0 0.17333984375 0.9306569343065694 0.0126953125 0.05693430656934306
1 0.19921875 0.9087591240875912 0.00390625 0.0072992700729927005
0 0.19970703125 0.9248175182481752 0.0126953125 0.04817518248175182
1 0.2109375 0.9102189781021898 0.005859375 0.0072992700729927005
0 0.2099609375 0.927007299270073 0.01171875 0.043795620437956206
1 0.236328125 0.9167883211678832 0.005859375 0.008759124087591242
0 0.2353515625 0.9372262773722628 0.01171875 0.052554744525547446
1 0.248046875 0.9124087591240876 0.005859375 0.008759124087591242
0 0.24755859375 0.9372262773722628 0.0224609375 0.061313868613138686
1 0.2685546875 0.9197080291970803 0.005859375 0.008759124087591242
0 0.26708984375 0.9386861313868613 0.0126953125 0.052554744525547446
1 0.27392578125 0.9197080291970803 0.0048828125 0.008759124087591242
0 0.2744140625 0.9372262773722628 0.01171875 0.049635036496350364
1 0.28857421875 0.9182481751824818 0.0048828125 0.008759124087591242
0 0.2880859375 0.9386861313868613 0.013671875 0.05547445255474453
1 0.28857421875 0.9167883211678832 0.0048828125 0.008759124087591242
0 0.2900390625 0.9408759124087591 0.01171875 0.051094890510948905
1 0.2998046875 0.916058394160584 0.005859375 0.010218978102189781
0 0.2998046875 0.9343065693430657 0.01171875 0.052554744525547446
1 0.31396484375 0.9211678832116789 0.0048828125 0.008759124087591242
0 0.3134765625 0.9408759124087591 0.013671875 0.05401459854014599
1 0.32763671875 0.9233576642335767 0.0048828125 0.0072992700729927005
0 0.326171875 0.9401459854014599 0.01171875 0.04671532846715328
1 0.34228515625 0.9218978102189781 0.0048828125 0.010218978102189781
0 0.3427734375 0.9430656934306569 0.015625 0.05547445255474453
1 0.3681640625 0.9240875912408759 0.005859375 0.008759124087591242
0 0.36669921875 0.9423357664233577 0.0185546875 0.051094890510948905
1 0.37255859375 0.918978102189781 0.0048828125 0.0072992700729927005
0 0.3720703125 0.9364963503649635 0.01171875 0.04525547445255475
1 0.40966796875 0.9226277372262773 0.0048828125 0.008759124087591242
0 0.40625 0.9379562043795621 0.01171875 0.04525547445255475
1 0.4169921875 0.9204379562043795 0.00390625 0.0072992700729927005
0 0.41943359375 0.9343065693430657 0.0126953125 0.043795620437956206
1 0.41748046875 0.9204379562043795 0.0048828125 0.0072992700729927005
0 0.41748046875 0.9343065693430657 0.0087890625 0.043795620437956206
1 0.4931640625 0.9343065693430657 0.00390625 0.00583941605839416
0 0.49462890625 0.9423357664233577 0.0107421875 0.030656934306569343
1 0.52783203125 0.9204379562043795 0.0029296875 0.004379562043795621
0 0.52685546875 0.9343065693430657 0.0107421875 0.03795620437956204
1 0.6083984375 0.9343065693430657 0.01171875 0.03795620437956204
0 0.6083984375 0.9343065693430657 0.01171875 0.03795620437956204
1 0.7763671875 0.9175182481751825 0.0078125 0.010218978102189781
0 0.78125 0.9437956204379562 0.03125 0.06861313868613139
1 0.85693359375 0.9197080291970803 0.0048828125 0.008759124087591242
0 0.85888671875 0.9423357664233577 0.0146484375 0.05693430656934306
1 0.826171875 0.9204379562043795 0.00390625 0.0072992700729927005
0 0.8271484375 0.9408759124087591 0.01171875 0.05401459854014599
1 0.994140625 0.927007299270073 0.005859375 0.008759124087591242
0 0.9931640625 0.9481751824817518 0.01171875 0.059854014598540145
1 0.98388671875 0.9182481751824818 0.0048828125 0.008759124087591242
0 0.98193359375 0.9394160583941605 0.0146484375 0.06277372262773723
1 0.88525390625 0.9131386861313868 0.0048828125 0.0072992700729927005
0 0.884765625 0.92992700729927 0.015625 0.04671532846715328
1 0.83935546875 0.935036496350365 0.0146484375 0.051094890510948905
0 0.83935546875 0.935036496350365 0.0146484375 0.051094890510948905
1 0.87060546875 0.9218978102189781 0.0048828125 0.0072992700729927005
0 0.86962890625 0.9416058394160584 0.0126953125 0.05547445255474453
1 0.79541015625 0.9394160583941605 0.0146484375 0.04817518248175182
0 0.79541015625 0.9394160583941605 0.0146484375 0.04817518248175182
1 0.5908203125 0.9248175182481752 0.00390625 0.0072992700729927005
0 0.59130859375 0.9357664233576642 0.0107421875 0.03795620437956204