1 0.7359375 0.5089118198874296 0.106875 0.15103189493433397
0 0.82375 0.7087242026266416 0.3325 0.5825515947467167
1 0.60875 0.37570356472795496 0.04875 0.08348968105065666
0 0.6040625 0.6547842401500938 0.153125 0.6904315196998124
1 0.3765625 0.43105065666041276 0.076875 0.11163227016885553
0 0.3628125 0.6726078799249531 0.324375 0.6547842401500938
1 0.186875 0.5891181988742964 0.04 0.06191369606003752
0 0.183125 0.7762664165103189 0.10875 0.4474671669793621
1 0.0421875 0.4202626641651032 0.084375 0.1125703564727955
0 0.096875 0.674015009380863 0.19375 0.6519699812382739
1 0.09375 0.5534709193245778 0.04125 0.07317073170731707
0 0.0725 0.7556285178236398 0.14125 0.48874296435272047
1 0.2675 0.5328330206378987 0.03375 0.04878048780487805
0 0.2628125 0.6946529080675422 0.086875 0.39118198874296434
1 0.4371875 0.5487804878048781 0.034375 0.07692307692307693
0 0.43 0.7363977485928705 0.0925 0.49343339587242024
1 0.1178125 0.6013133208255159 0.033125 0.0525328330206379
0 0.10375 0.7523452157598499 0.10375 0.3621013133208255