1 0.7592857142857142 0.378 0.037142857142857144 0.148
0 0.7517857142857143 0.645 0.13785714285714284 0.71
1 0.5785714285714286 0.096 0.03571428571428571 0.14
0 0.5832142857142857 0.507 0.10071428571428571 0.986
1 0.5017857142857143 0.14 0.03785714285714286 0.144
0 0.4953571428571429 0.5 0.08642857142857142 0.876
1 0.3982142857142857 0.142 0.039285714285714285 0.128
0 0.4017857142857143 0.494 0.09642857142857143 0.864
1 0.4689285714285714 0.576 0.055 0.216
0 0.45357142857142857 0.727 0.15571428571428572 0.546
1 0.4275 0.518 0.045 0.148
0 0.43392857142857144 0.712 0.18214285714285713 0.576
1 0.35964285714285715 0.431 0.04357142857142857 0.138
0 0.35714285714285715 0.668 0.10571428571428572 0.636
1 0.1992857142857143 0.458 0.04285714285714286 0.144
0 0.22392857142857142 0.655 0.11785714285714285 0.634
1 0.055714285714285716 0.433 0.05285714285714286 0.146
0 0.06392857142857143 0.676 0.12214285714285714 0.648
1 0.30178571428571427 0.802 0.065 0.22
0 0.2960714285714286 0.827 0.2621428571428571 0.346