1 0.9466519499632082 0.5844370860927153 0.03016924208977189 0.04746136865342163
0 0.9632082413539367 0.7345474613686535 0.07358351729212656 0.3498896247240618
1 0.9025018395879323 0.5645695364238411 0.027225901398086828 0.04525386313465784
0 0.9050772626931567 0.7257174392935982 0.08830022075055188 0.3830022075055188
1 0.8425312729948492 0.6131346578366446 0.04415011037527594 0.06291390728476821
0 0.8686534216335541 0.7880794701986755 0.10816777041942605 0.423841059602649
1 0.7763061074319353 0.6048565121412803 0.04415011037527594 0.0772626931567329
0 0.782560706401766 0.7814569536423841 0.1346578366445916 0.4370860927152318
1 0.6258278145695364 0.5894039735099338 0.034584253127299486 0.059602649006622516
0 0.6284032376747608 0.7709713024282561 0.17071376011773362 0.45805739514348787
1 0.13245033112582782 0.6467991169977925 0.03090507726269316 0.05739514348785872
0 0.13833701250919794 0.8073951434878587 0.1604120676968359 0.3852097130242826
1 0.2656364974245769 0.6318984547461368 0.029433406916850625 0.05187637969094923
0 0.2656364974245769 0.7985651214128036 0.11626195732155997 0.38741721854304634
1 0.3623988226637233 0.6037527593818984 0.01692420897718911 0.02869757174392936
0 0.3620309050772627 0.7003311258278145 0.06328182487122884 0.22626931567328917
1 0.2924944812362031 0.6147902869757175 0.01839587932303164 0.033112582781456956
0 0.2983811626195732 0.6997792494481236 0.046357615894039736 0.2185430463576159
1 0.17439293598233996 0.6103752759381899 0.008830022075055188 0.013245033112582781
0 0.1762325239146431 0.6506622516556292 0.022810890360559236 0.09823399558498896
1 0.20088300220750552 0.6087196467991169 0.007358351729212656 0.012141280353200883
0 0.19830757910228108 0.6473509933774835 0.024282560706401765 0.09381898454746136
1 0.4080206033848418 0.6103752759381899 0.011037527593818985 0.017660044150110375
0 0.40986019131714496 0.6766004415011038 0.03532008830022075 0.15673289183222958
1 0.38704930095658574 0.6059602649006622 0.005886681383370125 0.008830022075055188
0 0.38594554819720384 0.6291390728476821 0.01692420897718911 0.06181015452538632
1 0.42089771891096395 0.6004415011037527 0.005886681383370125 0.008830022075055188
0 0.42089771891096395 0.6285871964679912 0.016188373804267846 0.0717439293598234
1 0.45805739514348787 0.5993377483443708 0.006622516556291391 0.011037527593818985
0 0.4565857247976453 0.6352097130242825 0.025754231052244298 0.08940397350993377
1 0.48381162619573215 0.5993377483443708 0.008094186902133923 0.013245033112582781
0 0.4845474613686534 0.6445916114790287 0.02869757174392936 0.11037527593818984
1 0.5088300220750552 0.6098233995584988 0.008094186902133923 0.01434878587196468
0 0.5121412803532008 0.6429359823399559 0.026490066225165563 0.09161147902869757
1 0.5264900662251656 0.5949227373068433 0.008094186902133923 0.013245033112582781
0 0.5264900662251656 0.6335540838852097 0.022810890360559236 0.09713024282560706
1 0.5603384841795438 0.5927152317880795 0.008094186902133923 0.013245033112582781
0 0.5603384841795438 0.6341059602649006 0.025754231052244298 0.10264900662251655
1 0.5772626931567328 0.58719646799117 0.0051508462104488595 0.008830022075055188
0 0.5783664459161147 0.608167770419426 0.014716703458425313 0.052980132450331126
1 0.32229580573951433 0.6065121412803532 0.007358351729212656 0.012141280353200883
0 0.32450331125827814 0.6401766004415012 0.020603384841795438 0.08388520971302428