1 0.9719334719334719 0.5485133020344288 0.02079002079002079 0.0297339593114241
0 0.9610187110187111 0.6236306729264476 0.07172557172557173 0.19248826291079812
1 0.9745322245322245 0.52660406885759 0.02182952182952183 0.03286384976525822
0 0.9516632016632016 0.6071987480438185 0.06548856548856549 0.19718309859154928
1 0.9922037422037422 0.5226917057902973 0.015592515592515593 0.025039123630672927
0 0.9854469854469855 0.5915492957746479 0.029106029106029108 0.16588419405320814
1 0.7650727650727651 0.5500782472613458 0.016632016632016633 0.0297339593114241
0 0.7645530145530145 0.6181533646322379 0.05301455301455302 0.18466353677621283
1 0.6138253638253638 0.5211267605633803 0.017671517671517672 0.03442879499217527
0 0.6169438669438669 0.6032863849765259 0.05093555093555094 0.20187793427230047
1 0.5717255717255717 0.5273865414710485 0.014553014553014554 0.03442879499217527
0 0.564968814968815 0.6009389671361502 0.04885654885654886 0.19092331768388107
1 0.46361746361746364 0.5594679186228482 0.012474012474012475 0.026604068857589983
0 0.4604989604989605 0.6197183098591549 0.037422037422037424 0.15336463223787167
1 0.4911642411642412 0.5297339593114241 0.013513513513513514 0.023474178403755867
0 0.4875259875259875 0.596244131455399 0.037422037422037424 0.1752738654147105
1 0.4287941787941788 0.5273865414710485 0.013513513513513514 0.018779342723004695
0 0.4298336798336798 0.6040688575899843 0.04261954261954262 0.1752738654147105
1 0.433991683991684 0.5164319248826291 0.013513513513513514 0.025039123630672927
0 0.4319126819126819 0.5899843505477308 0.038461538461538464 0.1752738654147105
1 0.39293139293139295 0.5117370892018779 0.014553014553014554 0.025039123630672927
0 0.3898128898128898 0.5907668231611893 0.04158004158004158 0.18622848200312989
1 0.3705821205821206 0.5203442879499217 0.013513513513513514 0.023474178403755867
0 0.3685031185031185 0.5876369327073553 0.04054054054054054 0.1674491392801252
1 0.34511434511434513 0.5273865414710485 0.014553014553014554 0.025039123630672927
0 0.34511434511434513 0.594679186228482 0.0395010395010395 0.16901408450704225
1 0.3305613305613306 0.5211267605633803 0.016632016632016633 0.02190923317683881
0 0.3305613305613306 0.57981220657277 0.031185031185031187 0.15179968701095461
1 0.31392931392931395 0.5258215962441315 0.016632016632016633 0.025039123630672927
0 0.31548856548856546 0.5938967136150235 0.038461538461538464 0.17370892018779344
1 0.30613305613305614 0.52660406885759 0.011434511434511435 0.02034428794992175
0 0.30613305613305614 0.5743348982785602 0.032224532224532226 0.12206572769953052
1 0.27754677754677753 0.5297339593114241 0.016632016632016633 0.023474178403755867
0 0.2791060291060291 0.5978090766823161 0.038461538461538464 0.16588419405320814
1 0.24220374220374222 0.5242566510172144 0.014553014553014554 0.025039123630672927
0 0.2442827442827443 0.594679186228482 0.04158004158004158 0.16901408450704225
1 0.2234927234927235 0.5070422535211268 0.014553014553014554 0.025039123630672927
0 0.22713097713097713 0.5633802816901409 0.028066528066528068 0.14397496087636932
1 0.19386694386694386 0.5023474178403756 0.015592515592515593 0.025039123630672927
0 0.1949064449064449 0.581377151799687 0.0446985446985447 0.18935837245696402
1 0.1288981288981289 0.5289514866979655 0.014553014553014554 0.025039123630672927
0 0.13201663201663202 0.5860719874804382 0.037422037422037424 0.14241001564945227
1 0.09303534303534304 0.5273865414710485 0.013513513513513514 0.02190923317683881
0 0.08991683991683992 0.5852895148669797 0.04054054054054054 0.15336463223787167
1 0.11278586278586279 0.5164319248826291 0.013513513513513514 0.025039123630672927
0 0.11226611226611227 0.5782472613458529 0.035343035343035345 0.1486697965571205
1 0.13721413721413722 0.5062597809076682 0.014553014553014554 0.023474178403755867
0 0.13565488565488565 0.5625978090766823 0.028066528066528068 0.13928012519561817
1 0.08264033264033264 0.5140845070422535 0.015592515592515593 0.026604068857589983
0 0.06548856548856549 0.5719874804381847 0.06444906444906445 0.15179968701095461
1 0.036902286902286904 0.5336463223787168 0.013513513513513514 0.02190923317683881
0 0.037941787941787944 0.5860719874804382 0.05093555093555094 0.14241001564945227
1 0.016632016632016633 0.514866979655712 0.010395010395010396 0.02190923317683881
0 0.018191268191268192 0.5743348982785602 0.036382536382536385 0.15023474178403756
1 0.16424116424116425 0.5046948356807511 0.008316008316008316 0.014084507042253521
0 0.15956340956340956 0.5297339593114241 0.01975051975051975 0.07042253521126761
1 0.45582120582120583 0.5 0.005197505197505198 0.00782472613458529
0 0.4527027027027027 0.5179968701095462 0.013513513513513514 0.046948356807511735
1 0.45997920997921 0.5046948356807511 0.005197505197505198 0.00782472613458529
0 0.4573804573804574 0.5195618153364632 0.014553014553014554 0.046948356807511735
1 0.5197505197505198 0.5172143974960877 0.018711018711018712 0.048513302034428794
0 0.5197505197505198 0.5172143974960877 0.018711018711018712 0.048513302034428794
1 0.5155925155925156 0.5164319248826291 0.016632016632016633 0.046948356807511735
0 0.5155925155925156 0.5164319248826291 0.016632016632016633 0.046948356807511735
1 0.5410602910602911 0.49765258215962443 0.005197505197505198 0.009389671361502348
0 0.5379417879417879 0.5156494522691706 0.011434511434511435 0.048513302034428794
1 0.5446985446985447 0.5023474178403756 0.004158004158004158 0.006259780907668232
0 0.5431392931392931 0.5156494522691706 0.011434511434511435 0.04538341158059468
1 0.5769230769230769 0.49608763693270735 0.004158004158004158 0.006259780907668232
0 0.5784823284823285 0.5140845070422535 0.013513513513513514 0.04538341158059468
1 0.5582120582120582 0.5179968701095462 0.012474012474012475 0.04381846635367762
0 0.5582120582120582 0.5179968701095462 0.012474012474012475 0.04381846635367762
1 0.6595634095634095 0.5015649452269171 0.005197505197505198 0.00782472613458529
0 0.6611226611226612 0.5195618153364632 0.012474012474012475 0.050078247261345854
1 0.6538461538461539 0.5062597809076682 0.004158004158004158 0.00782472613458529
0 0.6538461538461539 0.5242566510172144 0.010395010395010396 0.046948356807511735
1 0.6366943866943867 0.5234741784037559 0.011434511434511435 0.051643192488262914
0 0.6366943866943867 0.5234741784037559 0.011434511434511435 0.051643192488262914
1 0.7260914760914761 0.5015649452269171 0.005197505197505198 0.00782472613458529
0 0.7234927234927235 0.5179968701095462 0.014553014553014554 0.04381846635367762
1 0.7546777546777547 0.49765258215962443 0.004158004158004158 0.006259780907668232
0 0.7531185031185031 0.5179968701095462 0.017671517671517672 0.053208137715179966
1 0.7744282744282744 0.49765258215962443 0.004158004158004158 0.006259780907668232
0 0.777027027027027 0.514866979655712 0.013513513513513514 0.04381846635367762
1 0.7863825363825364 0.4984350547730829 0.005197505197505198 0.00782472613458529
0 0.7858627858627859 0.5140845070422535 0.014553014553014554 0.04538341158059468
1 0.8097713097713097 0.49921752738654146 0.006237006237006237 0.009389671361502348
0 0.8102910602910602 0.5203442879499217 0.015592515592515593 0.057902973395931145
1 0.8305613305613305 0.5054773082942097 0.006237006237006237 0.009389671361502348
0 0.831081081081081 0.5195618153364632 0.011434511434511435 0.04381846635367762
1 0.8929313929313929 0.49608763693270735 0.006237006237006237 0.009389671361502348
0 0.8913721413721414 0.5203442879499217 0.013513513513513514 0.057902973395931145
1 0.9256756756756757 0.5015649452269171 0.005197505197505198 0.00782472613458529
0 0.9235966735966736 0.5203442879499217 0.015592515592515593 0.054773082942097026
1 0.8659043659043659 0.5054773082942097 0.006237006237006237 0.009389671361502348
0 0.8638253638253638 0.5242566510172144 0.018711018711018712 0.050078247261345854
1 0.49064449064449067 0.5156494522691706 0.014553014553014554 0.023474178403755867
0 0.4885654885654886 0.5805946791862285 0.04365904365904366 0.1752738654147105
1 0.7141372141372141 0.5007824726134585 0.004158004158004158 0.006259780907668232
0 0.7136174636174636 0.5156494522691706 0.011434511434511435 0.04225352112676056
1 0.7349272349272349 0.5007824726134585 0.004158004158004158 0.006259780907668232
0 0.7338877338877339 0.5195618153364632 0.014553014553014554 0.050078247261345854