1 0.12916666666666668 0.41125 0.065 0.1275
0 0.14416666666666667 0.63625 0.28833333333333333 0.7275
1 0.255 0.4625 0.06333333333333334 0.12
0 0.22833333333333333 0.6975 0.16 0.605
1 0.3883333333333333 0.43875 0.06 0.1175
0 0.3675 0.68125 0.13166666666666665 0.6375
1 0.465 0.44875 0.06 0.1225
0 0.4533333333333333 0.69125 0.13666666666666666 0.6175
1 0.5708333333333333 0.4125 0.055 0.11
0 0.5683333333333334 0.67 0.13333333333333333 0.66
1 0.6966666666666667 0.43375 0.06666666666666667 0.1325
0 0.6958333333333333 0.68125 0.135 0.6375
1 0.7325 0.51625 0.08166666666666667 0.1325
0 0.8175 0.72 0.27166666666666667 0.56
1 0.46 0.68625 0.07666666666666666 0.1525
0 0.4175 0.795 0.28833333333333333 0.41
1 0.6358333333333334 0.79375 0.075 0.1425
0 0.635 0.8475 0.23666666666666666 0.305
1 0.815 0.4325 0.08333333333333333 0.15
0 0.8558333333333333 0.675 0.285 0.65