1 0.13846153846153847 0.2692307692307692 0.09487179487179487 0.14615384615384616
0 0.10448717948717949 0.5884615384615385 0.20897435897435898 0.823076923076923
1 0.2391025641025641 0.2403846153846154 0.08076923076923077 0.13846153846153847
0 0.22756410256410256 0.5759615384615384 0.191025641025641 0.8480769230769231
1 0.3506410256410256 0.22115384615384615 0.09358974358974359 0.14615384615384616
0 0.33589743589743587 0.5634615384615385 0.2205128205128205 0.8730769230769231
1 0.46089743589743587 0.2692307692307692 0.08076923076923077 0.13076923076923078
0 0.48653846153846153 0.5875 0.18846153846153846 0.825
1 0.4807692307692308 0.2548076923076923 0.07179487179487179 0.12884615384615383
0 0.4653846153846154 0.5913461538461539 0.17435897435897435 0.8173076923076923
1 0.6801282051282052 0.18653846153846154 0.07307692307692308 0.15384615384615385
0 0.6814102564102564 0.5490384615384616 0.2141025641025641 0.9019230769230769
1 0.9012820512820513 0.31826923076923075 0.08205128205128205 0.14807692307692308
0 0.8756410256410256 0.6201923076923077 0.24871794871794872 0.7596153846153846
1 0.9217948717948717 0.325 0.0641025641025641 0.11538461538461539
0 0.9173076923076923 0.6278846153846154 0.16025641025641027 0.7442307692307693