1 0.3236397748592871 0.684375 0.07317073170731707 0.09875
0 0.37523452157598497 0.81375 0.22326454033771106 0.3725
1 0.6627579737335835 0.621875 0.06285178236397748 0.07875
0 0.6533771106941839 0.74375 0.124765478424015 0.32
1 0.5905253283302064 0.589375 0.05722326454033771 0.07375
0 0.5834896810506567 0.72 0.14821763602251406 0.345
1 0.45778611632270166 0.603125 0.058161350844277676 0.08375
0 0.4554409005628518 0.741875 0.1378986866791745 0.36375
1 0.3025328330206379 0.604375 0.036585365853658534 0.05875
0 0.29127579737335835 0.7325 0.14165103189493433 0.3375
1 0.1224202626641651 0.57625 0.03283302063789869 0.0425
0 0.14071294559099437 0.65 0.09943714821763602 0.195
1 0.38461538461538464 0.579375 0.0375234521575985 0.05875
0 0.3827392120075047 0.67 0.09568480300187618 0.245
1 0.8302063789868668 0.594375 0.043151969981238276 0.06875
0 0.8433395872420263 0.715 0.14446529080675422 0.325
1 0.9441838649155723 0.578125 0.04784240150093809 0.06875
0 0.9371482176360225 0.689375 0.12570356472795496 0.29875
1 0.75187617260788 0.5975 0.05722326454033771 0.065
0 0.7457786116322702 0.71875 0.11632270168855535 0.3275
1 0.6712007504690432 0.580625 0.04409005628517824 0.06625
0 0.6669793621013134 0.649375 0.08630393996247655 0.21625
1 0.2847091932457786 0.515625 0.019699812382739212 0.03125
0 0.28424015009380865 0.589375 0.04690431519699812 0.18875
1 0.3621013133208255 0.518125 0.016885553470919325 0.02875
0 0.3621013133208255 0.57875 0.05628517823639775 0.1675
1 0.4165103189493433 0.509375 0.0150093808630394 0.02375
0 0.4179174484052533 0.578125 0.05347091932457786 0.16875
1 0.8789868667917449 0.591875 0.0525328330206379 0.08375
0 0.8574108818011257 0.75 0.2176360225140713 0.42
1 0.5403377110694184 0.579375 0.020637898686679174 0.03375
0 0.5342401500938087 0.618125 0.05347091932457786 0.11375
1 0.18667917448405252 0.60125 0.04878048780487805 0.0625
0 0.18902439024390244 0.71375 0.11350844277673545 0.315
1 0.2124765478424015 0.57625 0.029080675422138838 0.04
0 0.21622889305816134 0.648125 0.07410881801125703 0.19875