1 0.16954545454545455 0.41437802907915994 0.04818181818181818 0.11147011308562198
0 0.16136363636363638 0.678513731825525 0.1190909090909091 0.6429725363489499
1 0.245 0.4305331179321486 0.04454545454545455 0.10823909531502424
0 0.25181818181818183 0.6882067851373183 0.12181818181818181 0.6235864297253635
1 0.3145454545454546 0.3949919224555735 0.045454545454545456 0.1050080775444265
0 0.3059090909090909 0.6526655896607432 0.10272727272727272 0.630048465266559
1 0.36363636363636365 0.401453957996769 0.04363636363636364 0.10177705977382875
0 0.35045454545454546 0.6179321486268174 0.21181818181818182 0.5476575121163166
1 0.41863636363636364 0.44022617124394187 0.04454545454545455 0.09854604200323101
0 0.4481818181818182 0.6720516962843296 0.18 0.5751211631663974
1 0.49318181818181817 0.45476575121163165 0.042727272727272725 0.1050080775444265
0 0.45545454545454545 0.654281098546042 0.16 0.5266558966074314
1 0.5772727272727273 0.438610662358643 0.04727272727272727 0.11147011308562198
0 0.5754545454545454 0.654281098546042 0.1290909090909091 0.6332794830371568
1 0.7240909090909091 0.4079159935379645 0.05 0.11793214862681745
0 0.71 0.672859450726979 0.13454545454545455 0.654281098546042
1 0.8127272727272727 0.3901453957996769 0.06 0.1308562197092084
0 0.8131818181818182 0.6583198707592892 0.16636363636363635 0.6833602584814217
1 0.38727272727272727 0.35379644588045234 0.03636363636363636 0.07431340872374798
0 0.3795454545454545 0.5840064620355412 0.10454545454545454 0.5444264943457189
1 0.46045454545454545 0.37318255250403876 0.03727272727272727 0.0840064620355412
0 0.4590909090909091 0.5993537964458805 0.07636363636363637 0.5428109854604201
1 0.519090909090909 0.33521809369951533 0.04 0.10177705977382875
0 0.5231818181818182 0.592891760904685 0.21181818181818182 0.6268174474959612
1 0.600909090909091 0.3667205169628433 0.03636363636363636 0.0840064620355412
0 0.5909090909090909 0.5856219709208401 0.10181818181818182 0.5250403877221325
1 0.6786363636363636 0.32390953150242324 0.04090909090909091 0.09208400646203554
0 0.6959090909090909 0.574313408723748 0.19363636363636363 0.5961227786752827
1 0.74 0.3150242326332795 0.04363636363636364 0.09046849757673667
0 0.7481818181818182 0.592891760904685 0.14 0.6526655896607432
1 0.6781818181818182 0.41437802907915994 0.04727272727272727 0.1050080775444265
0 0.6895454545454546 0.6752827140549273 0.12272727272727273 0.6365105008077544
1 0.6395454545454545 0.36995153473344106 0.046363636363636364 0.10339256865912763
0 0.6354545454545455 0.5799676898222941 0.10727272727272727 0.5363489499192245