1 0.136 0.28 0.084 0.158
0 0.123 0.5855 0.16066666666666668 0.829
1 0.2623333333333333 0.3005 0.07266666666666667 0.135
0 0.242 0.613 0.15066666666666667 0.774
1 0.37266666666666665 0.294 0.06666666666666667 0.138
0 0.352 0.6125 0.12666666666666668 0.775
1 0.4693333333333333 0.227 0.06266666666666666 0.122
0 0.4676666666666667 0.58 0.338 0.84
1 0.578 0.313 0.05733333333333333 0.112
0 0.573 0.625 0.15133333333333332 0.75
1 0.671 0.32 0.058 0.11
0 0.6636666666666666 0.6265 0.142 0.747
1 0.7646666666666667 0.3055 0.058666666666666666 0.115
0 0.7596666666666667 0.6235 0.15 0.753
1 0.8646666666666667 0.2965 0.06 0.121
0 0.8723333333333333 0.617 0.14866666666666667 0.766