1 0.025 0.6894444444444444 0.05 0.04777777777777778
0 0.085 0.8105555555555556 0.17 0.29888888888888887
1 0.11333333333333333 0.6744444444444444 0.02666666666666667 0.02666666666666667
0 0.11583333333333333 0.7411111111111112 0.08833333333333333 0.16444444444444445
1 0.1775 0.6672222222222223 0.045 0.03666666666666667
0 0.1875 0.7711111111111111 0.115 0.24666666666666667
1 0.18833333333333332 0.7127777777777777 0.04 0.03222222222222222
0 0.19 0.795 0.11666666666666667 0.21
1 0.21416666666666667 0.6894444444444444 0.04833333333333333 0.034444444444444444
0 0.20666666666666667 0.7955555555555556 0.14666666666666667 0.2511111111111111
1 0.28833333333333333 0.7183333333333334 0.07333333333333333 0.05
0 0.30583333333333335 0.845 0.18833333333333332 0.31
1 0.30666666666666664 0.6794444444444444 0.02666666666666667 0.023333333333333334
0 0.30916666666666665 0.7394444444444445 0.07833333333333334 0.15
1 0.3725 0.6477777777777778 0.021666666666666667 0.017777777777777778
0 0.375 0.695 0.07 0.11888888888888889
1 0.42083333333333334 0.65 0.025 0.017777777777777778
0 0.4225 0.6955555555555556 0.06833333333333333 0.11333333333333333
1 0.38083333333333336 0.6938888888888889 0.055 0.04111111111111111
0 0.38416666666666666 0.8127777777777778 0.10833333333333334 0.2811111111111111
1 0.4741666666666667 0.6988888888888889 0.055 0.03777777777777778
0 0.4875 0.83 0.145 0.30444444444444446
1 0.5283333333333333 0.6661111111111111 0.02666666666666667 0.021111111111111112
0 0.5291666666666667 0.7233333333333334 0.075 0.13777777777777778
1 0.58 0.6716666666666666 0.03 0.021111111111111112
0 0.5766666666666667 0.7416666666666667 0.06666666666666667 0.16555555555555557
1 0.6366666666666667 0.6805555555555556 0.02666666666666667 0.025555555555555557
0 0.6391666666666667 0.7488888888888889 0.10166666666666667 0.1711111111111111
1 0.6591666666666667 0.6561111111111111 0.025 0.021111111111111112
0 0.6625 0.6955555555555556 0.051666666666666666 0.1
1 0.69 0.6727777777777778 0.03666666666666667 0.03
0 0.6933333333333334 0.7544444444444445 0.11333333333333333 0.19555555555555557
1 0.7075 0.7033333333333334 0.035 0.028888888888888888
0 0.725 0.7866666666666666 0.14 0.20444444444444446
1 0.7933333333333333 0.6672222222222223 0.03333333333333333 0.025555555555555557
0 0.7975 0.7355555555555555 0.085 0.16666666666666666
1 0.8066666666666666 0.65 0.03 0.024444444444444446
0 0.8158333333333333 0.7094444444444444 0.07166666666666667 0.14777777777777779
1 0.8825 0.6988888888888889 0.04833333333333333 0.04
0 0.8808333333333334 0.8055555555555556 0.15833333333333333 0.25555555555555554
1 0.9183333333333333 0.6888888888888889 0.043333333333333335 0.03333333333333333
0 0.9208333333333333 0.7683333333333333 0.095 0.1922222222222222
1 0.9191666666666667 0.6338888888888888 0.021666666666666667 0.014444444444444444
0 0.91 0.6638888888888889 0.05333333333333334 0.07888888888888888
1 0.9441666666666667 0.6372222222222222 0.021666666666666667 0.014444444444444444
0 0.9408333333333333 0.6694444444444444 0.065 0.08333333333333333
1 0.95 0.6316666666666667 0.02 0.014444444444444444
0 0.9475 0.6544444444444445 0.045 0.06444444444444444
1 0.9825 0.6366666666666667 0.018333333333333333 0.013333333333333334
0 0.9783333333333334 0.6655555555555556 0.04 0.07555555555555556