1 0.06272617611580217 0.46223021582733814 0.038600723763570564 0.025179856115107913
0 0.0548854041013269 0.5323741007194245 0.1097708082026538 0.17553956834532375
1 0.13570566948130278 0.4266187050359712 0.047044632086851626 0.03741007194244604
0 0.109167671893848 0.537410071942446 0.218335343787696 0.2647482014388489
1 0.19903498190591074 0.4377697841726619 0.05307599517490953 0.03093525179856115
0 0.21290711700844392 0.5435251798561151 0.14837153196622438 0.24964028776978417
1 0.32870928829915563 0.4485611510791367 0.04463208685162847 0.023741007194244605
0 0.31423401688781666 0.5345323741007194 0.11700844390832328 0.1985611510791367
1 0.4234016887816647 0.46258992805755395 0.04101326899879373 0.02877697841726619
0 0.43003618817852834 0.5435251798561151 0.11700844390832328 0.19784172661870503
1 0.4957780458383595 0.39748201438848924 0.06272617611580217 0.04244604316546763
0 0.5006031363088058 0.5266187050359712 0.2388419782870929 0.3107913669064748
1 0.6019300361881785 0.3597122302158273 0.10132689987937274 0.06330935251798561
0 0.5211097708082026 0.5571942446043165 0.38600723763570566 0.46402877697841727
1 0.7490952955367913 0.3658273381294964 0.07237635705669482 0.05251798561151079
0 0.7967430639324488 0.5388489208633094 0.4016887816646562 0.40431654676258993
1 0.6652593486127865 0.48741007194244607 0.020506634499396863 0.015107913669064749
0 0.6646562123039808 0.5352517985611511 0.04825090470446321 0.11223021582733812
1 0.830518697225573 0.4985611510791367 0.015681544028950542 0.010071942446043165
0 0.8335343787696019 0.5399280575539568 0.05066344993968637 0.10431654676258993
1 0.9324487334137516 0.5089928057553957 0.012062726176115802 0.007913669064748202
0 0.9324487334137516 0.5309352517985612 0.033775633293124246 0.05611510791366906
1 0.9662243667068757 0.5147482014388489 0.012062726176115802 0.00935251798561151
0 0.9674306393244874 0.5316546762589928 0.031363088057901084 0.04748201438848921
1 0.9806996381182147 0.5359712230215827 0.019300361881785282 0.01870503597122302
0 0.9806996381182147 0.5359712230215827 0.019300361881785282 0.01870503597122302
1 0.9047044632086851 0.5197841726618705 0.007237635705669481 0.005035971223021582
0 0.9047044632086851 0.5316546762589928 0.026537997587454766 0.031654676258992806
1 0.8655006031363088 0.520863309352518 0.008443908323281062 0.0057553956834532375
0 0.867913148371532 0.531294964028777 0.022919179734620022 0.03093525179856115
1 0.8468033775633294 0.516546762589928 0.007237635705669481 0.004316546762589928
0 0.8498190591073582 0.531294964028777 0.020506634499396863 0.03669064748201439