1 0.9299221357063404 0.7091222030981067 0.03337041156840934 0.055077452667814115
0 0.9482758620689655 0.8390705679862306 0.08120133481646273 0.3218588640275387
1 0.8909899888765295 0.7168674698795181 0.03114571746384872 0.060240963855421686
0 0.9048943270300334 0.842512908777969 0.067853170189099 0.31497418244406195
1 0.8665183537263627 0.7607573149741824 0.028921023359288096 0.05163511187607573
0 0.8637374860956618 0.8657487091222031 0.07675194660734148 0.2685025817555938
1 0.860400444938821 0.7289156626506024 0.027808676307007785 0.04991394148020654
0 0.8620689655172413 0.8502581755593803 0.06674082313681869 0.29948364888123924
1 0.8153503893214683 0.7444061962134251 0.028921023359288096 0.05335628227194492
0 0.8175750834260289 0.8571428571428571 0.09121245828698554 0.2857142857142857
1 0.8342602892102335 0.7091222030981067 0.024471635150166853 0.04475043029259897
0 0.835928809788654 0.8347676419965576 0.05672969966629588 0.306368330464716
1 0.7969966629588432 0.7013769363166954 0.030033370411568408 0.04647160068846816
0 0.7953281423804227 0.8373493975903614 0.07341490545050056 0.3253012048192771
1 0.731924360400445 0.73407917383821 0.024471635150166853 0.04647160068846816
0 0.7324805339265851 0.8537005163511188 0.07230255839822025 0.29259896729776247
1 0.7469410456062291 0.7246127366609294 0.02335928809788654 0.04819277108433735
0 0.7441601779755284 0.846815834767642 0.06674082313681869 0.3029259896729776
1 0.7413793103448276 0.6944922547332186 0.018909899888765295 0.039586919104991396
0 0.7413793103448276 0.8235800344234079 0.07452725250278086 0.3046471600688468
1 0.6735261401557285 0.7461273666092944 0.02335928809788654 0.05335628227194492
0 0.6707452725250278 0.8571428571428571 0.06451612903225806 0.2857142857142857
1 0.639599555061179 0.7383820998278829 0.026696329254727477 0.04819277108433735
0 0.6362625139043382 0.8545611015490534 0.04671857619577308 0.2908777969018933
1 0.578420467185762 0.7117039586919105 0.024471635150166853 0.043029259896729774
0 0.5756395995550612 0.8442340791738382 0.06117908787541713 0.31153184165232356
1 0.5311457174638488 0.774526678141136 0.030033370411568408 0.055077452667814115
0 0.5294771968854283 0.8709122203098106 0.0778642936596218 0.25817555938037867
1 0.492769744160178 0.7667814113597247 0.028921023359288096 0.05335628227194492
0 0.4905450500556173 0.8691910499139415 0.05116796440489433 0.26161790017211706
1 0.41045606229143494 0.7590361445783133 0.04449388209121246 0.07917383820998279
0 0.40433815350389324 0.8562822719449226 0.11012235817575083 0.2874354561101549
1 0.27808676307007785 0.8046471600688468 0.04671857619577308 0.0774526678141136
0 0.2903225806451613 0.8803786574870912 0.1067853170189099 0.23924268502581755
1 0.22302558398220246 0.7461273666092944 0.027808676307007785 0.04991394148020654
0 0.22691879866518352 0.8588640275387264 0.07341490545050056 0.2822719449225473
1 0.11735261401557286 0.7693631669535284 0.027808676307007785 0.05163511187607573
0 0.13236929922135707 0.8709122203098106 0.10233592880978866 0.25817555938037867
1 0.07953281423804227 0.7564543889845095 0.027808676307007785 0.04991394148020654
0 0.05784204671857619 0.8631669535283993 0.0778642936596218 0.2736660929432014
1 0.3470522803114572 0.76592082616179 0.03114571746384872 0.05163511187607573
0 0.3403781979977753 0.8691910499139415 0.06896551724137931 0.26161790017211706
1 0.35984427141268077 0.7013769363166954 0.02335928809788654 0.04647160068846816
0 0.3704115684093437 0.8055077452667814 0.060066740823136816 0.25817555938037867
1 0.41379310344827586 0.7013769363166954 0.02224694104560623 0.043029259896729774
0 0.41601779755283647 0.7925989672977625 0.048943270300333706 0.23580034423407917
1 0.4549499443826474 0.6987951807228916 0.026696329254727477 0.04475043029259897
0 0.4549499443826474 0.8209982788296041 0.04449388209121246 0.2891566265060241
1 0.4872080088987764 0.7177280550774526 0.02224694104560623 0.0378657487091222
0 0.4944382647385984 0.8132530120481928 0.05005561735261402 0.23580034423407917
1 0.5328142380422692 0.6695352839931153 0.013348164627363738 0.024096385542168676
0 0.5350389321468298 0.7383820998278829 0.04004449388209121 0.1686746987951807
1 0.6190211345939933 0.7220309810671256 0.012235817575083427 0.0189328743545611
0 0.6173526140155728 0.7865748709122203 0.03781979977753059 0.1514629948364888
1 0.639599555061179 0.7366609294320138 0.026696329254727477 0.04819277108433735
0 0.6373748609566184 0.8485370051635112 0.04004449388209121 0.29948364888123924
1 0.6078976640711902 0.6617900172117039 0.010011123470522803 0.0189328743545611
0 0.6040044493882091 0.7228915662650602 0.026696329254727477 0.14457831325301204
1 0.44271412680756395 0.6600688468158348 0.013348164627363738 0.022375215146299483
0 0.44438264738598443 0.7125645438898451 0.030033370411568408 0.13080895008605853
1 0.47664071190211343 0.6678141135972461 0.012235817575083427 0.020654044750430294
0 0.4788654060066741 0.7134251290877797 0.030033370411568408 0.11876075731497418
1 0.4966629588431591 0.6566265060240963 0.00778642936596218 0.01549053356282272
0 0.4972191323692992 0.7194492254733219 0.03337041156840934 0.14802065404475043