1 0.8421666666666666 0.474 0.028333333333333332 0.048
0 0.8441666666666666 0.63525 0.07366666666666667 0.3765
1 0.7803333333333333 0.47875 0.03 0.0505
0 0.7845 0.63175 0.06566666666666666 0.3565
1 0.7646666666666667 0.4435 0.02666666666666667 0.047
0 0.7711666666666667 0.59775 0.07366666666666667 0.3625
1 0.7253333333333334 0.46175 0.024 0.0485
0 0.7276666666666667 0.618 0.07266666666666667 0.365
1 0.7126666666666667 0.464 0.021333333333333333 0.043
0 0.7116666666666667 0.59325 0.04933333333333333 0.3055
1 0.675 0.4725 0.024 0.045
0 0.6755 0.6085 0.061 0.32
1 0.655 0.4565 0.02266666666666667 0.04
0 0.6576666666666666 0.6015 0.046 0.334
1 0.6356666666666667 0.474 0.024 0.039
0 0.639 0.61175 0.05466666666666667 0.3255
1 0.6116666666666667 0.459 0.022 0.045
0 0.6163333333333333 0.59 0.059333333333333335 0.308
1 0.572 0.4655 0.022 0.043
0 0.5781666666666667 0.623 0.055 0.361
1 0.5216666666666666 0.46775 0.023333333333333334 0.0405
0 0.5215 0.62425 0.057 0.3585
1 0.47633333333333333 0.45425 0.023333333333333334 0.0475
0 0.476 0.5885 0.06 0.321
1 0.43266666666666664 0.46075 0.023333333333333334 0.0455
0 0.43483333333333335 0.6055 0.06833333333333333 0.342
1 0.3765 0.48025 0.025 0.0495
0 0.37666666666666665 0.61975 0.084 0.3325
1 0.39716666666666667 0.456 0.023666666666666666 0.041
0 0.3988333333333333 0.5945 0.05366666666666667 0.323
1 0.3253333333333333 0.46875 0.021333333333333333 0.0385
0 0.3245 0.601 0.06166666666666667 0.307
1 0.31083333333333335 0.49 0.025 0.046
0 0.3135 0.64225 0.06966666666666667 0.3545
1 0.2715 0.4945 0.028333333333333332 0.051
0 0.2705 0.65375 0.07966666666666666 0.3735
1 0.24466666666666667 0.465 0.028 0.05
0 0.24983333333333332 0.629 0.058333333333333334 0.38
1 0.21683333333333332 0.4885 0.029666666666666668 0.055
0 0.21383333333333332 0.6465 0.08766666666666667 0.376
1 0.5248333333333334 0.55625 0.027666666666666666 0.0515
0 0.5221666666666667 0.66975 0.08433333333333333 0.2845