1 0.7971354166666667 0.4498539435248296 0.042708333333333334 0.16358325219084713
0 0.7907552083333333 0.684031158714703 0.14244791666666667 0.631937682570594
1 0.8651041666666667 0.5053554040895814 0.0296875 0.14410905550146055
0 0.8864583333333333 0.6757546251217137 0.15989583333333332 0.6484907497565725
1 0.9763020833333333 0.6470301850048685 0.027604166666666666 0.13339824732229796
0 0.959765625 0.7882181110029212 0.07473958333333333 0.42356377799415773
1 0.9928385416666666 0.749269717624148 0.014322916666666666 0.13924050632911392
0 0.9665364583333333 0.8398247322297955 0.06692708333333333 0.32035053554040893
1 0.939453125 0.17283349561830574 0.029947916666666668 0.1450827653359299
0 0.9040364583333333 0.4469328140214216 0.11067708333333333 0.8938656280428432
1 0.9975260416666667 0.03018500486854917 0.0049479166666666664 0.06037000973709834
0 0.9694010416666666 0.29990262901655307 0.061197916666666664 0.5998052580331061
1 0.7588541666666667 0.44839337877312563 0.025 0.09639727361246349
0 0.74921875 0.6158714703018501 0.04895833333333333 0.4371957156767283
1 0.7817708333333333 0.2453748782862707 0.030208333333333334 0.11295034079844206
0 0.755859375 0.45034079844206426 0.08828125 0.5481986368062317
1 0.7532552083333334 0.06183057448880234 0.02578125 0.12366114897760468
0 0.745703125 0.26582278481012656 0.08776041666666666 0.5316455696202531
1 0.7057291666666666 0.1640701071080818 0.034375 0.14897760467380722
0 0.6924479166666667 0.4342745861733204 0.11875 0.6952288218111002
1 0.65546875 0.44206426484907496 0.030729166666666665 0.14410905550146055
0 0.6638020833333333 0.6017526777020448 0.125 0.7322297955209348
1 0.6880208333333333 0.7541382667964946 0.0359375 0.14313534566699124
0 0.6729166666666667 0.8383641674780915 0.07864583333333333 0.32327166504381694
1 0.65625 0.8300876338851022 0.035416666666666666 0.11976630963972736
0 0.650390625 0.878286270691334 0.047135416666666666 0.24342745861733203
1 0.6286458333333333 0.6353456669912366 0.03958333333333333 0.10808179162609542
0 0.6190104166666667 0.7278481012658228 0.058333333333333334 0.5443037974683544
1 0.540625 0.8622200584225901 0.034375 0.11002921129503408
0 0.553515625 0.9026290165530672 0.07942708333333333 0.19474196689386564
1 0.5666666666666667 0.7268743914313535 0.0359375 0.13339824732229796
0 0.5572916666666666 0.8296007789678675 0.08125 0.34079844206426485
1 0.5430989583333333 0.49659201557935734 0.023697916666666666 0.10710808179162609
0 0.531640625 0.7117818889970788 0.03723958333333333 0.5277507302823758
1 0.579296875 0.45228821811100295 0.03411458333333333 0.14703018500486856
0 0.5604166666666667 0.6815968841285297 0.0890625 0.6231742940603701
1 0.602734375 0.03602726387536514 0.018489583333333334 0.07205452775073028
0 0.58671875 0.315968841285297 0.0578125 0.631937682570594
1 0.5407552083333333 0.09444985394352483 0.02421875 0.14410905550146055
0 0.5485677083333333 0.37341772151898733 0.11848958333333333 0.7468354430379747
1 0.5026041666666666 0.3252190847127556 0.0359375 0.11489776046738072
0 0.5165364583333333 0.6056475170399221 0.13098958333333333 0.6757546251217137
1 0.46705729166666665 0.047224926971762414 0.019010416666666665 0.09444985394352483
0 0.46328125 0.29600778967867575 0.07552083333333333 0.5920155793573515
1 0.45924479166666665 0.16991236611489777 0.026302083333333334 0.1450827653359299
0 0.46575520833333334 0.43816942551119764 0.09036458333333333 0.6893865628042843
1 0.4265625 0.7380720545277507 0.03125 0.1694255111976631
0 0.4309895833333333 0.8261927945472249 0.09739583333333333 0.3476144109055501
1 0.43502604166666664 0.9352482960077897 0.032552083333333336 0.12950340798442064
0 0.44296875 0.934761441090555 0.06770833333333333 0.13047711781888996
1 0.3709635416666667 0.3748782862706913 0.02890625 0.15579357351509251
0 0.38359375 0.633398247322298 0.0890625 0.7176241480038948
1 0.34270833333333334 0.14995131450827653 0.034375 0.13437195715676728
0 0.34348958333333335 0.38656280428432327 0.09635416666666667 0.6329113924050633
1 0.38763020833333334 0.04235637779941578 0.022135416666666668 0.08471275559883155
0 0.3834635416666667 0.2848101265822785 0.06796875 0.569620253164557
1 0.294140625 0.038461538461538464 0.024739583333333332 0.07692307692307693
0 0.2950520833333333 0.2862706913339825 0.06302083333333333 0.572541382667965
1 0.309375 0.34177215189873417 0.030208333333333334 0.1655306718597858
0 0.31953125 0.6207400194741967 0.0953125 0.7254138266796495
1 0.24856770833333333 0.6514118792599806 0.032552083333333336 0.15774099318403115
0 0.250390625 0.7857838364167478 0.10026041666666667 0.42843232716650437
1 0.2520833333333333 0.8763388510223953 0.04791666666666667 0.1694255111976631
0 0.28828125 0.8948393378773125 0.13125 0.2103213242453749
1 0.25807291666666665 0.12074001947419669 0.0265625 0.14216163583252192
0 0.259765625 0.4133398247322298 0.06901041666666667 0.8266796494644596
1 0.20989583333333334 0.042843232716650435 0.01875 0.08568646543330087
0 0.21901041666666668 0.3539435248296008 0.08072916666666667 0.7078870496592016
1 0.133203125 0.8836416747809153 0.03671875 0.18208373904576436
0 0.14049479166666667 0.8958130477117819 0.09765625 0.20837390457643623
1 0.08385416666666666 0.6368062317429406 0.04479166666666667 0.14995131450827653
0 0.1 0.7804284323271665 0.08125 0.439143135345667
1 0.024088541666666668 0.46932814021421615 0.03307291666666667 0.16163583252190847
0 0.05 0.688412852969815 0.1 0.6231742940603701
1 0.13216145833333334 0.3592989289191821 0.03046875 0.15384615384615385
0 0.14127604166666666 0.621713729308666 0.16223958333333333 0.7565725413826679
1 0.14361979166666666 0.1450827653359299 0.032552083333333336 0.1655306718597858
0 0.15390625 0.4508276533592989 0.17916666666666667 0.7906523855890945
1 0.10872395833333333 0.06523855890944498 0.03046875 0.13047711781888996
0 0.12239583333333333 0.3320350535540409 0.07239583333333334 0.6640701071080818
1 0.039453125 0.06426484907497566 0.03619791666666667 0.12852969814995133
0 0.047265625 0.36075949367088606 0.09140625 0.7215189873417721
1 0.04049479166666667 0.057935735150925025 0.032552083333333336 0.11587147030185005
0 0.048828125 0.2925998052580331 0.08619791666666667 0.5851996105160662