1 0.8169354838709677 0.5048335123523093 0.0467741935483871 0.036519871106337275
0 0.8193548387096774 0.5907626208378088 0.13548387096774195 0.21267454350161116
1 0.7411290322580645 0.4897959183673469 0.037096774193548385 0.03007518796992481
0 0.7443548387096774 0.5515574650912997 0.10483870967741936 0.16219119226638024
1 0.6854838709677419 0.4033297529538131 0.012903225806451613 0.007518796992481203
0 0.6814516129032258 0.4296455424274973 0.04032258064516129 0.06659505907626208
1 0.6935483870967742 0.40494092373791624 0.00967741935483871 0.00644468313641246
0 0.6935483870967742 0.42749731471535984 0.03225806451612903 0.05800214822771214
1 0.6556451612903226 0.4113856068743287 0.01129032258064516 0.00644468313641246
0 0.6556451612903226 0.42857142857142855 0.020967741935483872 0.045112781954887216
1 0.5596774193548387 0.4221267454350161 0.0064516129032258064 0.004296455424274973
0 0.5604838709677419 0.43071965628356607 0.014516129032258065 0.023630504833512353
1 0.19274193548387097 0.46348012889366275 0.008064516129032258 0.0053705692803437165
0 0.19919354838709677 0.47207303974221265 0.027419354838709678 0.024704618689581095