1 0.19210526315789472 0.3747534516765286 0.039473684210526314 0.07100591715976332
0 0.19342105263157894 0.5956607495069034 0.1394736842105263 0.5207100591715976
1 0.09210526315789473 0.398422090729783 0.04473684210526316 0.07100591715976332
0 0.08092105263157895 0.6045364891518737 0.14078947368421052 0.49506903353057197
1 0.2868421052631579 0.373767258382643 0.018421052631578946 0.03353057199211045
0 0.2875 0.480276134122288 0.05921052631578947 0.25443786982248523
1 0.3736842105263158 0.3974358974358974 0.021052631578947368 0.03747534516765286
0 0.3671052631578947 0.48422090729783035 0.05263157894736842 0.23471400394477318
1 0.4072368421052632 0.368836291913215 0.019736842105263157 0.03155818540433925
0 0.40921052631578947 0.47731755424063116 0.05526315789473684 0.2564102564102564
1 0.4486842105263158 0.38560157790927024 0.021052631578947368 0.03747534516765286
0 0.4421052631578947 0.5069033530571992 0.06842105263157895 0.2879684418145957
1 0.48157894736842105 0.34911242603550297 0.015789473684210527 0.023668639053254437
0 0.48223684210526313 0.4270216962524655 0.04868421052631579 0.1913214990138067
1 0.5519736842105263 0.35601577909270216 0.019736842105263157 0.029585798816568046
0 0.5440789473684211 0.47337278106508873 0.06447368421052632 0.27218934911242604
1 0.593421052631579 0.39546351084812625 0.018421052631578946 0.03353057199211045
0 0.593421052631579 0.4911242603550296 0.05526315789473684 0.2406311637080868
1 0.5815789473684211 0.3629191321499014 0.015789473684210527 0.023668639053254437
0 0.5815789473684211 0.4358974358974359 0.03684210526315789 0.1814595660749507
1 0.7546052631578948 0.3609467455621302 0.025 0.03944773175542406
0 0.7513157894736842 0.48717948717948717 0.07368421052631578 0.29980276134122286
1 0.8072368421052631 0.3777120315581854 0.025 0.03747534516765286
0 0.8131578947368421 0.5 0.07368421052631578 0.2978303747534517
1 0.8802631578947369 0.3757396449704142 0.021052631578947368 0.03747534516765286
0 0.8782894736842105 0.4921104536489152 0.05921052631578947 0.28205128205128205
1 0.9703947368421053 0.3343195266272189 0.014473684210526316 0.021696252465483234
0 0.968421052631579 0.39546351084812625 0.042105263157894736 0.15187376725838264
1 0.6953947368421053 0.4368836291913215 0.02763157894736842 0.0611439842209073
0 0.6953947368421053 0.4368836291913215 0.02763157894736842 0.0611439842209073