1 0.209 0.5315315315315315 0.038 0.05105105105105105
0 0.2235 0.6734234234234234 0.161 0.37987987987987987
1 0.2695 0.5848348348348348 0.027 0.046546546546546545
0 0.258 0.6854354354354354 0.098 0.25675675675675674
1 0.367 0.6554054054054054 0.01 0.016516516516516516
0 0.368 0.6936936936936937 0.034 0.0990990990990991
1 0.328 0.6403903903903904 0.01 0.016516516516516516
0 0.3325 0.6861861861861862 0.025 0.11411411411411411
1 0.337 0.6291291291291291 0.01 0.018018018018018018
0 0.3335 0.6831831831831832 0.025 0.12912912912912913
1 0.477 0.5187687687687688 0.052 0.09759759759759759
0 0.5035 0.6944444444444444 0.165 0.45495495495495497
1 0.675 0.5593093093093093 0.042 0.07657657657657657
0 0.657 0.6891891891891891 0.15 0.34534534534534533
1 0.801 0.5345345345345346 0.054 0.07807807807807808
0 0.8125 0.6959459459459459 0.173 0.4069069069069069