1 0.16015625 0.3388888888888889 0.0171875 0.02962962962962963
0 0.16484375 0.4513888888888889 0.059895833333333336 0.25833333333333336
1 0.34661458333333334 0.32685185185185184 0.011979166666666667 0.020370370370370372
0 0.3536458333333333 0.3912037037037037 0.029166666666666667 0.14722222222222223
1 0.275 0.33935185185185185 0.010416666666666666 0.017592592592592594
0 0.27708333333333335 0.39166666666666666 0.03333333333333333 0.13518518518518519
1 0.44557291666666665 0.3087962962962963 0.022395833333333334 0.041666666666666664
0 0.4557291666666667 0.4532407407407407 0.08229166666666667 0.3398148148148148
1 0.4875 0.30185185185185187 0.020833333333333332 0.03148148148148148
0 0.4830729166666667 0.425462962962963 0.0671875 0.31203703703703706
1 0.5697916666666667 0.2814814814814815 0.016666666666666666 0.03888888888888889
0 0.5770833333333333 0.39351851851851855 0.065625 0.2759259259259259
1 0.63125 0.2962962962962963 0.025 0.046296296296296294
0 0.6372395833333333 0.4324074074074074 0.058854166666666666 0.3277777777777778
1 0.6401041666666667 0.2810185185185185 0.017708333333333333 0.03796296296296296
0 0.6466145833333333 0.4212962962962963 0.059895833333333336 0.3296296296296296
1 0.7057291666666666 0.2375 0.016666666666666666 0.030555555555555555
0 0.7130208333333333 0.3458333333333333 0.04479166666666667 0.2601851851851852
1 0.7453125 0.262037037037037 0.020833333333333332 0.03888888888888889
0 0.73125 0.37037037037037035 0.09791666666666667 0.30925925925925923