1 0.17708333333333334 0.601 0.009166666666666667 0.016
0 0.17583333333333334 0.646125 0.045 0.11375
1 0.20525 0.623 0.013166666666666667 0.019
0 0.19583333333333333 0.691125 0.03766666666666667 0.16025
1 0.1375 0.632 0.002 0.0035
0 0.13666666666666666 0.6425 0.007333333333333333 0.0255
1 0.21983333333333333 0.6405 0.0026666666666666666 0.004
0 0.21891666666666668 0.655 0.010166666666666666 0.0375
1 0.22858333333333333 0.638375 0.0025 0.00425
0 0.22791666666666666 0.654125 0.010166666666666666 0.03875
1 0.26066666666666666 0.637125 0.004666666666666667 0.00675
0 0.2604166666666667 0.66075 0.012166666666666666 0.056
1 0.28225 0.6425 0.011166666666666667 0.0185
0 0.2813333333333333 0.694875 0.024666666666666667 0.12625
1 0.30983333333333335 0.646625 0.007666666666666666 0.01375
0 0.30666666666666664 0.698125 0.029666666666666668 0.11975
1 0.3045 0.63425 0.002 0.0035
0 0.30475 0.64275 0.0075 0.023
1 0.33958333333333335 0.654 0.0045 0.0065
0 0.33941666666666664 0.670875 0.0125 0.04225
1 0.36833333333333335 0.65125 0.004333333333333333 0.006
0 0.36766666666666664 0.671625 0.012333333333333333 0.04925
1 0.37416666666666665 0.65575 0.004 0.0075
0 0.3734166666666667 0.674125 0.010833333333333334 0.04625
1 0.38183333333333336 0.68525 0.009 0.0125
0 0.39025 0.7245 0.029833333333333333 0.0985
1 0.39758333333333334 0.652625 0.0031666666666666666 0.00475
0 0.39725 0.668375 0.0085 0.03925
1 0.4043333333333333 0.649375 0.0026666666666666666 0.00475
0 0.4038333333333333 0.667 0.01 0.0425
1 0.41941666666666666 0.68675 0.007166666666666667 0.015
0 0.41941666666666666 0.724375 0.0255 0.09375
1 0.4525 0.641375 0.008666666666666666 0.01475
0 0.4514166666666667 0.694625 0.03216666666666667 0.12975
1 0.47825 0.685125 0.007833333333333333 0.01375
0 0.4795833333333333 0.7195 0.027166666666666665 0.088
1 0.5013333333333333 0.653625 0.0026666666666666666 0.00625
0 0.4999166666666667 0.6675 0.011166666666666667 0.0355
1 0.50875 0.64825 0.0031666666666666666 0.006
0 0.50875 0.665 0.0115 0.0415
1 0.51175 0.683375 0.004833333333333334 0.00925
0 0.52525 0.70725 0.0355 0.0605
1 0.521 0.655 0.004333333333333333 0.006
0 0.5204166666666666 0.67175 0.012833333333333334 0.042
1 0.53175 0.657375 0.0031666666666666666 0.00575
0 0.53075 0.675 0.012833333333333334 0.0425
1 0.5485 0.639625 0.01 0.02125
0 0.5396666666666666 0.695 0.05533333333333333 0.1355
1 0.5433333333333333 0.66875 0.008333333333333333 0.0145
0 0.5445 0.7105 0.022 0.102
1 0.5579166666666666 0.645375 0.011166666666666667 0.01575
0 0.5551666666666667 0.706125 0.03266666666666666 0.14175
1 0.5798333333333333 0.639625 0.011 0.01675
0 0.5816666666666667 0.701875 0.03866666666666667 0.16025
1 0.6039166666666667 0.69925 0.006833333333333334 0.0125
0 0.6065 0.73275 0.026333333333333334 0.09
1 0.6040833333333333 0.65025 0.0028333333333333335 0.0035
0 0.60475 0.662375 0.007833333333333333 0.03175
1 0.59625 0.6495 0.0025 0.0035
0 0.5960833333333333 0.662 0.0075 0.0305
1 0.62925 0.65375 0.0095 0.016
0 0.6285833333333334 0.70275 0.026166666666666668 0.117
1 0.6405833333333333 0.65075 0.009833333333333333 0.02
0 0.6475833333333333 0.702625 0.0315 0.12625
1 0.71825 0.643875 0.0018333333333333333 0.00275
0 0.7179166666666666 0.654875 0.006833333333333334 0.02675
1 0.7240833333333333 0.647 0.0025 0.0035
0 0.7231666666666666 0.657125 0.007333333333333333 0.02575
1 0.8061666666666667 0.651125 0.017666666666666667 0.03125
0 0.8035833333333333 0.731875 0.0545 0.19725
1 0.82225 0.664 0.0031666666666666666 0.0045
0 0.8233333333333334 0.6795 0.009 0.0445
1 0.8429166666666666 0.656125 0.0125 0.02225
0 0.83975 0.713875 0.0295 0.14425
1 0.86625 0.657125 0.014833333333333334 0.02425
0 0.864 0.724625 0.03933333333333333 0.17325
1 0.9045 0.634375 0.01633333333333333 0.02875
0 0.9059166666666667 0.718875 0.058833333333333335 0.20075
1 0.94525 0.64175 0.027166666666666665 0.0465
0 0.93925 0.7835 0.1025 0.349
1 0.66525 0.70325 0.007833333333333333 0.0115
0 0.66375 0.732 0.018833333333333334 0.0725
1 0.6730833333333334 0.7 0.0065 0.011
0 0.6716666666666666 0.733625 0.022 0.08225
1 0.6838333333333333 0.637375 0.010333333333333333 0.01575
0 0.6838333333333333 0.69325 0.029666666666666668 0.1305
1 0.6984166666666667 0.647625 0.0075 0.01375
0 0.6968333333333333 0.703625 0.03766666666666667 0.12825
1 0.74475 0.642125 0.0095 0.01725
0 0.7475 0.712125 0.04466666666666667 0.16575
1 0.7675833333333333 0.639375 0.009166666666666667 0.01625
0 0.76475 0.688875 0.0355 0.11825
1 0.39008333333333334 0.640625 0.013166666666666667 0.01625
0 0.38816666666666666 0.693375 0.026 0.12275
1 0.35341666666666666 0.64725 0.007166666666666667 0.034
0 0.35341666666666666 0.64725 0.007166666666666667 0.034
1 0.3560833333333333 0.63425 0.0025 0.004
0 0.35591666666666666 0.648 0.008833333333333334 0.033
1 0.36483333333333334 0.630875 0.0013333333333333333 0.00225
0 0.36425 0.63675 0.0045 0.0205
1 0.4315 0.636 0.0016666666666666668 0.0025
0 0.43166666666666664 0.643125 0.004666666666666667 0.01725
1 0.4876666666666667 0.6575 0.0036666666666666666 0.0055
0 0.48775 0.6785 0.0135 0.0495
1 0.4895 0.6475 0.003 0.004
0 0.48975 0.66225 0.0085 0.0355
1 0.48533333333333334 0.6475 0.0026666666666666666 0.004
0 0.4850833333333333 0.65675 0.0065 0.025
1 0.4811666666666667 0.644125 0.0026666666666666666 0.00425
0 0.48091666666666666 0.6525 0.006166666666666667 0.0215
1 0.46266666666666667 0.65575 0.005 0.0085
0 0.462 0.675875 0.011666666666666667 0.04975
1 0.4703333333333333 0.655875 0.004 0.00675
0 0.47041666666666665 0.676 0.009833333333333333 0.048
1 0.4755 0.65875 0.004 0.006
0 0.47583333333333333 0.6765 0.013666666666666667 0.045
1 0.47825 0.6495 0.0031666666666666666 0.0055
0 0.47841666666666666 0.661375 0.009833333333333333 0.03075
1 0.467 0.647 0.002 0.0035
0 0.4676666666666667 0.659375 0.007333333333333333 0.03075
1 0.5215 0.64175 0.0023333333333333335 0.0035
0 0.521 0.651625 0.006333333333333333 0.02425
1 0.52375 0.6425 0.0021666666666666666 0.003
0 0.5243333333333333 0.651625 0.005 0.02225
1 0.5310833333333334 0.648625 0.0028333333333333335 0.00525
0 0.5311666666666667 0.658375 0.008666666666666666 0.02725
1 0.6555 0.641375 0.003 0.00525
0 0.6555833333333333 0.6545 0.0085 0.0325
1 0.6698333333333333 0.64525 0.002 0.003
0 0.6685833333333333 0.657375 0.006833333333333334 0.02875
1 0.6676666666666666 0.65625 0.005333333333333333 0.0195
0 0.6676666666666666 0.65625 0.005333333333333333 0.0195
1 0.6716666666666666 0.64325 0.0023333333333333335 0.004
0 0.673 0.6525 0.006333333333333333 0.024