1 0.11267605633802817 0.5420792079207921 0.03755868544600939 0.06435643564356436
0 0.10250391236306729 0.6967821782178217 0.06729264475743349 0.39851485148514854
1 0.10172143974960876 0.5717821782178217 0.028169014084507043 0.04950495049504951
0 0.07902973395931143 0.7215346534653465 0.0892018779342723 0.37376237623762376
1 0.1267605633802817 0.5853960396039604 0.03442879499217527 0.05693069306930693
0 0.10015649452269171 0.7438118811881188 0.09389671361502347 0.38366336633663367
1 0.1729264475743349 0.6324257425742574 0.03286384976525822 0.05693069306930693
0 0.15492957746478872 0.7623762376237624 0.1189358372456964 0.3415841584158416
1 0.2519561815336463 0.6002475247524752 0.03442879499217527 0.05693069306930693
0 0.2433489827856025 0.7735148514851485 0.13615023474178403 0.4084158415841584
1 0.26369327073552423 0.5532178217821783 0.03599374021909233 0.05693069306930693
0 0.24569640062597808 0.7215346534653465 0.08763693270735524 0.4034653465346535
1 0.32316118935837246 0.5420792079207921 0.03599374021909233 0.06930693069306931
0 0.2942097026604069 0.7042079207920792 0.09076682316118936 0.39851485148514854
1 0.35602503912363065 0.5618811881188119 0.026604068857589983 0.0594059405940594
0 0.3622848200312989 0.6868811881188119 0.03912363067292645 0.3193069306930693
1 0.3380281690140845 0.5693069306930693 0.025039123630672927 0.04950495049504951
0 0.3208137715179969 0.7103960396039604 0.08450704225352113 0.3613861386138614
1 0.352112676056338 0.6150990099009901 0.028169014084507043 0.05198019801980198
0 0.32316118935837246 0.7611386138613861 0.107981220657277 0.349009900990099
1 0.3513302034428795 0.5866336633663366 0.03286384976525822 0.06435643564356436
0 0.3403755868544601 0.7425742574257426 0.07668231611893583 0.37623762376237624
1 0.4209702660406886 0.5618811881188119 0.03442879499217527 0.06435643564356436
0 0.39906103286384975 0.724009900990099 0.0782472613458529 0.4034653465346535
1 0.43427230046948356 0.5556930693069307 0.0297339593114241 0.05693069306930693
0 0.4194053208137715 0.7079207920792079 0.07198748043818466 0.3712871287128713
1 0.46870109546165883 0.5606435643564357 0.03599374021909233 0.05693069306930693
0 0.4593114241001565 0.7438118811881188 0.1298904538341158 0.4381188118811881
1 0.5046948356807511 0.551980198019802 0.026604068857589983 0.04950495049504951
0 0.5054773082942097 0.698019801980198 0.056338028169014086 0.3613861386138614
1 0.5164319248826291 0.5792079207920792 0.03442879499217527 0.0594059405940594
0 0.4953051643192488 0.7202970297029703 0.12050078247261346 0.36633663366336633
1 0.5539906103286385 0.4900990099009901 0.03129890453834116 0.0594059405940594
0 0.5344287949921753 0.6633663366336634 0.10485133020344288 0.4207920792079208
1 0.593114241001565 0.556930693069307 0.028169014084507043 0.0594059405940594
0 0.5751173708920188 0.6955445544554455 0.08294209702660407 0.3465346534653465
1 0.6173708920187794 0.6076732673267327 0.0297339593114241 0.05198019801980198
0 0.622848200312989 0.7400990099009901 0.10641627543035993 0.3415841584158416
1 0.6424100156494522 0.5792079207920792 0.0297339593114241 0.04950495049504951
0 0.6267605633802817 0.7128712871287128 0.10172143974960876 0.3564356435643564
1 0.676056338028169 0.5841584158415841 0.028169014084507043 0.054455445544554455
0 0.6604068857589984 0.7438118811881188 0.10954616588419405 0.3886138613861386
1 0.6885758998435054 0.5952970297029703 0.03442879499217527 0.05693069306930693
0 0.6838810641627543 0.7599009900990099 0.10641627543035993 0.39603960396039606
1 0.7347417840375586 0.530940594059406 0.0297339593114241 0.05198019801980198
0 0.7269170579029735 0.698019801980198 0.057902973395931145 0.400990099009901
1 0.7300469483568075 0.5816831683168316 0.03286384976525822 0.0594059405940594
0 0.7331768388106417 0.7388613861386139 0.08294209702660407 0.3787128712871287
1 0.8098591549295775 0.6126237623762376 0.0297339593114241 0.06188118811881188
0 0.812206572769953 0.7537128712871287 0.08450704225352113 0.35396039603960394
1 0.8419405320813772 0.5470297029702971 0.03129890453834116 0.0594059405940594
0 0.8380281690140845 0.7029702970297029 0.0892018779342723 0.38613861386138615
1 0.8998435054773083 0.5668316831683168 0.03129890453834116 0.054455445544554455
0 0.8904538341158059 0.698019801980198 0.06572769953051644 0.3316831683168317
1 0.9311424100156495 0.5742574257425742 0.03129890453834116 0.04950495049504951
0 0.9280125195618153 0.7042079207920792 0.07511737089201878 0.34405940594059403
1 0.9475743348982786 0.5779702970297029 0.026604068857589983 0.04702970297029703
0 0.9514866979655712 0.7017326732673267 0.056338028169014086 0.32425742574257427