1 0.9875919117647058 0.5665849673202614 0.024816176470588234 0.12336601307189543
0 0.9647671568627451 0.7481617647058824 0.0704656862745098 0.5036764705882353
1 0.9140625 0.6313316993464052 0.08854166666666667 0.1213235294117647
0 0.8795955882352942 0.7816584967320261 0.22058823529411764 0.4366830065359477
1 0.7435661764705882 0.6045751633986928 0.030637254901960783 0.05473856209150327
0 0.7323835784313726 0.7624591503267973 0.14491421568627452 0.38357843137254904
1 0.6200980392156863 0.6486928104575164 0.05943627450980392 0.09640522875816994
0 0.5821078431372549 0.7971813725490197 0.26348039215686275 0.4056372549019608
1 0.5082720588235294 0.5365604575163399 0.028799019607843136 0.04534313725490196
0 0.5082720588235294 0.6877042483660131 0.08946078431372549 0.35498366013071897
1 0.5363051470588235 0.7030228758169934 0.017463235294117647 0.03022875816993464
0 0.5376838235294118 0.7685866013071896 0.05024509803921569 0.16544117647058823
1 0.4453125 0.5957924836601307 0.02420343137254902 0.03553921568627451
0 0.4329044117647059 0.7069035947712419 0.07230392156862746 0.2863562091503268
1 0.4097732843137255 0.5396241830065359 0.021752450980392156 0.04003267973856209
0 0.3958333333333333 0.6652369281045751 0.06924019607843138 0.30187908496732024
1 0.3518688725490196 0.4152369281045752 0.04932598039215686 0.07802287581699346
0 0.3318014705882353 0.6746323529411765 0.11213235294117647 0.6033496732026143
1 0.32766544117647056 0.5500408496732027 0.030330882352941176 0.0428921568627451
0 0.3238357843137255 0.7154820261437909 0.0821078431372549 0.38929738562091504
1 0.2601102941176471 0.5606617647058824 0.030637254901960783 0.04616013071895425
0 0.26378676470588236 0.6954656862745098 0.08394607843137254 0.3190359477124183
1 0.2844669117647059 0.5163398692810458 0.02297794117647059 0.035130718954248366
0 0.2617953431372549 0.6233660130718954 0.07689950980392157 0.26062091503267976
1 0.22886029411764705 0.5061274509803921 0.024509803921568627 0.03594771241830065
0 0.21430759803921567 0.6182598039215687 0.07567401960784313 0.27001633986928103
1 0.15716911764705882 0.5012254901960784 0.026348039215686275 0.042483660130718956
0 0.15425857843137256 0.5953839869281046 0.05422794117647059 0.23570261437908496
1 0.12607230392156862 0.5038807189542484 0.03707107843137255 0.044526143790849675
0 0.13204656862745098 0.650531045751634 0.08762254901960784 0.3402777777777778
1 0.1090686274509804 0.5296160130718954 0.03860294117647059 0.06740196078431372
0 0.09237132352941177 0.6940359477124183 0.12285539215686274 0.3349673202614379
1 0.03753063725490196 0.5232843137254902 0.03707107843137255 0.058823529411764705
0 0.06724877450980392 0.6717728758169934 0.13449754901960784 0.3574346405228758
1 0.07169117647058823 0.46486928104575165 0.04105392156862745 0.051470588235294115
0 0.07735906862745098 0.6380718954248366 0.09589460784313726 0.4035947712418301
1 0.18841911764705882 0.4411764705882353 0.00428921568627451 0.005718954248366013
0 0.1878063725490196 0.463031045751634 0.012867647058823529 0.05024509803921569
1 0.17616421568627452 0.46282679738562094 0.0055147058823529415 0.008986928104575163
0 0.17693014705882354 0.47201797385620914 0.012561274509803922 0.02900326797385621
1 0.17034313725490197 0.4605800653594771 0.006127450980392157 0.006944444444444444
0 0.16712622549019607 0.47120098039215685 0.015625 0.03145424836601307
1 0.15395220588235295 0.4652777777777778 0.005208333333333333 0.008169934640522876
0 0.15226715686274508 0.4738562091503268 0.018995098039215685 0.026143790849673203
1 0.14154411764705882 0.47467320261437906 0.00428921568627451 0.005718954248366013
0 0.1409313725490196 0.4805964052287582 0.00857843137254902 0.01838235294117647
1 0.13357843137254902 0.46629901960784315 0.006740196078431373 0.010212418300653595
0 0.13174019607843138 0.47467320261437906 0.014093137254901961 0.029411764705882353
1 0.13082107843137256 0.4522058823529412 0.006127450980392157 0.008169934640522876
0 0.13112745098039216 0.4673202614379085 0.011029411764705883 0.04084967320261438
1 0.11504289215686274 0.4483251633986928 0.005821078431372549 0.00857843137254902
0 0.11443014705882353 0.47263071895424835 0.022365196078431373 0.058823529411764705
1 0.1211703431372549 0.44342320261437906 0.005821078431372549 0.009395424836601307
0 0.12025122549019608 0.4679330065359477 0.01991421568627451 0.05923202614379085
1 0.1253063725490196 0.4401552287581699 0.0055147058823529415 0.006944444444444444
0 0.12653186274509803 0.4618055555555556 0.013480392156862746 0.051879084967320264
1 0.10677083333333333 0.4464869281045752 0.005821078431372549 0.008986928104575163
0 0.1056985294117647 0.46915849673202614 0.018995098039215685 0.0559640522875817
1 0.0977328431372549 0.44199346405228757 0.0055147058823529415 0.008986928104575163
0 0.09604779411764706 0.46405228758169936 0.013174019607843137 0.05473856209150327
1 0.05376838235294118 0.45098039215686275 0.006433823529411764 0.00980392156862745
0 0.05330882352941176 0.46200980392156865 0.017769607843137254 0.035130718954248366
1 0.03431372549019608 0.4491421568627451 0.006740196078431373 0.010212418300653595
0 0.034466911764705885 0.4597630718954248 0.019301470588235295 0.037173202614379085
1 0.022365196078431373 0.3960375816993464 0.006127450980392157 0.00857843137254902
0 0.02466299019607843 0.41911764705882354 0.018688725490196078 0.056372549019607844
1 0.12254901960784313 0.41299019607843135 0.0055147058823529415 0.008169934640522876
0 0.12423406862745098 0.42177287581699346 0.015012254901960785 0.026552287581699346
1 0.10646446078431372 0.40625 0.005208333333333333 0.006944444444444444
0 0.1055453431372549 0.4236111111111111 0.015012254901960785 0.042483660130718956
1 0.08915441176470588 0.40665849673202614 0.004901960784313725 0.006944444444444444
0 0.08670343137254902 0.4250408496732026 0.02144607843137255 0.044526143790849675
1 0.06311274509803921 0.40441176470588236 0.006127450980392157 0.008986928104575163
0 0.0626531862745098 0.4252450980392157 0.01685049019607843 0.05228758169934641
1 0.04258578431372549 0.40584150326797386 0.006740196078431373 0.009395424836601307
0 0.04136029411764706 0.4252450980392157 0.0196078431372549 0.05065359477124183
1 0.059895833333333336 0.4007352941176471 0.004595588235294118 0.006535947712418301
0 0.05958946078431373 0.4178921568627451 0.015625 0.042483660130718956
1 0.07490808823529412 0.397875816993464 0.003982843137254902 0.007352941176470588
0 0.0739889705882353 0.414624183006536 0.01133578431372549 0.04084967320261438
1 0.08425245098039216 0.3937908496732026 0.00428921568627451 0.007352941176470588
0 0.08471200980392157 0.4131944444444444 0.015012254901960785 0.046977124183006536
1 0.09589460784313726 0.40155228758169936 0.004901960784313725 0.007352941176470588
0 0.09482230392156862 0.4178921568627451 0.012561274509803922 0.04330065359477124
1 0.14491421568627452 0.40584150326797386 0.003676470588235294 0.004493464052287581
0 0.14353553921568626 0.4209558823529412 0.010723039215686275 0.037173202614379085
1 0.15257352941176472 0.4042075163398693 0.0030637254901960784 0.0053104575163398695
0 0.15165441176470587 0.42034313725490197 0.010416666666666666 0.0392156862745098
1 0.15517769607843138 0.403390522875817 0.003982843137254902 0.006127450980392157
0 0.15548406862745098 0.4199346405228758 0.008272058823529412 0.04084967320261438
1 0.16253063725490197 0.4042075163398693 0.004595588235294118 0.006127450980392157
0 0.16314338235294118 0.42116013071895425 0.01011029411764706 0.04084967320261438
1 0.16927083333333334 0.40604575163398693 0.003982843137254902 0.006535947712418301
0 0.16927083333333334 0.42320261437908496 0.009497549019607842 0.041666666666666664
1 0.18045343137254902 0.4097222222222222 0.004901960784313725 0.007352941176470588
0 0.17677696078431374 0.4258578431372549 0.012867647058823529 0.04044117647058824
1 0.17830882352941177 0.4272875816993464 0.004901960784313725 0.007352941176470588
0 0.17784926470588236 0.4462826797385621 0.015012254901960785 0.0494281045751634
1 0.19454656862745098 0.40788398692810457 0.003676470588235294 0.004493464052287581
0 0.1959252450980392 0.42606209150326796 0.014399509803921568 0.041666666666666664
1 0.11887254901960784 0.40788398692810457 0.0055147058823529415 0.006944444444444444
0 0.11596200980392157 0.4213643790849673 0.017463235294117647 0.034722222222222224
1 0.12821691176470587 0.4019607843137255 0.0033700980392156864 0.004901960784313725
0 0.12683823529411764 0.4187091503267974 0.011029411764705883 0.04003267973856209
1 0.1326593137254902 0.4027777777777778 0.003676470588235294 0.005718954248366013
0 0.13373161764705882 0.41482843137254904 0.009497549019607842 0.03308823529411765
1 0.6279105392156863 0.6053921568627451 0.03768382352941176 0.05310457516339869
0 0.632046568627451 0.7743055555555556 0.09558823529411764 0.3958333333333333
1 0.6055453431372549 0.5827205882352942 0.03707107843137255 0.05269607843137255
0 0.5951286764705882 0.7485702614379085 0.09099264705882353 0.3901143790849673
1 0.035386029411764705 0.40951797385620914 0.07077205882352941 0.1090686274509804
0 0.1400122549019608 0.6460375816993464 0.2800245098039216 0.5984477124183006