1 0.9546153846153846 0.7159353348729792 0.02923076923076923 0.050808314087759814
0 0.9538461538461539 0.8429561200923787 0.09230769230769231 0.3140877598152425
1 0.9038461538461539 0.7251732101616628 0.02923076923076923 0.046189376443418015
0 0.9115384615384615 0.8464203233256351 0.08153846153846153 0.3071593533487298
1 0.8846153846153846 0.7378752886836027 0.024615384615384615 0.03926096997690531
0 0.8876923076923077 0.8533487297921478 0.07384615384615385 0.29330254041570436
1 0.8123076923076923 0.7609699769053118 0.027692307692307693 0.04387990762124711
0 0.8015384615384615 0.8637413394919169 0.10461538461538461 0.27251732101616627
1 0.7146153846153847 0.7609699769053118 0.03230769230769231 0.06235565819861432
0 0.7092307692307692 0.8602771362586605 0.07692307692307693 0.279445727482679
1 0.7661538461538462 0.7090069284064665 0.018461538461538463 0.03233256351039261
0 0.7692307692307693 0.8175519630484989 0.06461538461538462 0.2817551963048499
1 0.8138461538461539 0.7032332563510393 0.018461538461538463 0.03002309468822171
0 0.8223076923076923 0.8140877598152425 0.06615384615384616 0.26096997690531176
1 0.9907692307692307 0.6893764434180139 0.015384615384615385 0.025404157043879907
0 0.9846153846153847 0.7933025404157044 0.03076923076923077 0.2517321016166282
1 0.9261538461538461 0.6939953810623557 0.015384615384615385 0.025404157043879907
0 0.9261538461538461 0.7494226327944573 0.036923076923076927 0.14087759815242495
1 0.8876923076923077 0.684757505773672 0.009230769230769232 0.016166281755196306
0 0.8830769230769231 0.7286374133949192 0.03076923076923077 0.11778290993071594
1 0.6253846153846154 0.7170900692840647 0.013846153846153847 0.025404157043879907
0 0.6207692307692307 0.792147806004619 0.05384615384615385 0.18937644341801385
1 0.64 0.6916859122401847 0.012307692307692308 0.020785219399538105
0 0.6430769230769231 0.7736720554272517 0.046153846153846156 0.19399538106235567
1 0.6807692307692308 0.7182448036951501 0.016923076923076923 0.02771362586605081
0 0.6807692307692308 0.7909930715935335 0.04461538461538461 0.17782909930715934
1 0.6130769230769231 0.6974595842956121 0.016923076923076923 0.02771362586605081
0 0.5984615384615385 0.7829099307159353 0.06153846153846154 0.20785219399538107
1 0.5638461538461539 0.7009237875288684 0.013846153846153847 0.025404157043879907
0 0.5646153846153846 0.7806004618937644 0.046153846153846156 0.20323325635103925
1 0.5123076923076924 0.6963048498845266 0.012307692307692308 0.020785219399538105
0 0.5138461538461538 0.7528868360277137 0.033846153846153845 0.14780600461893764
1 0.47923076923076924 0.7009237875288684 0.013846153846153847 0.020785219399538105
0 0.4876923076923077 0.7551963048498845 0.036923076923076927 0.13856812933025403
1 0.45153846153846156 0.7401847575057737 0.013846153846153847 0.025404157043879907
0 0.45 0.8117782909930716 0.04153846153846154 0.18706697459584296
1 0.4246153846153846 0.7933025404157044 0.015384615384615385 0.03002309468822171
0 0.4238461538461539 0.8406466512702079 0.04461538461538461 0.13394919168591224
1 0.3953846153846154 0.7263279445727483 0.018461538461538463 0.03464203233256351
0 0.39153846153846156 0.8094688221709007 0.05076923076923077 0.20554272517321015
1 0.3292307692307692 0.733256351039261 0.018461538461538463 0.025404157043879907
0 0.33076923076923076 0.8117782909930716 0.052307692307692305 0.19630484988452657
1 0.2853846153846154 0.7875288683602771 0.026153846153846153 0.04157043879907621
0 0.29615384615384616 0.8810623556581986 0.06923076923076923 0.23787528868360278
1 0.1946153846153846 0.8036951501154734 0.038461538461538464 0.07390300230946882
0 0.20153846153846153 0.8799076212471132 0.10461538461538461 0.24018475750577367
1 0.10076923076923076 0.8475750577367206 0.03538461538461538 0.06928406466512702
0 0.09 0.8995381062355658 0.1123076923076923 0.20092378752886836
1 0.031538461538461536 0.7886836027713626 0.02923076923076923 0.057736720554272515
0 0.04384615384615385 0.8752886836027713 0.0876923076923077 0.24942263279445728
1 0.14615384615384616 0.733256351039261 0.012307692307692308 0.020785219399538105
0 0.14461538461538462 0.7875288683602771 0.04 0.13856812933025403
1 0.11846153846153847 0.7494226327944573 0.012307692307692308 0.020785219399538105
0 0.11538461538461539 0.7956120092378753 0.033846153846153845 0.12702078521939955
1 0.23 0.7632794457274826 0.02 0.03464203233256351
0 0.22923076923076924 0.8464203233256351 0.055384615384615386 0.21478060046189376
1 0.2569230769230769 0.7378752886836027 0.015384615384615385 0.025404157043879907
0 0.25846153846153846 0.8060046189376443 0.036923076923076927 0.18013856812933027
1 0.2153846153846154 0.7263279445727483 0.015384615384615385 0.03002309468822171
0 0.21384615384615385 0.7967667436489607 0.04 0.18013856812933027
1 0.5523076923076923 0.7055427251732102 0.012307692307692308 0.020785219399538105
0 0.546923076923077 0.7551963048498845 0.023076923076923078 0.12471131639722864