1 0.06454545454545454 0.5581113801452785 0.012727272727272728 0.021791767554479417
0 0.06272727272727273 0.6004842615012107 0.02727272727272727 0.1162227602905569
1 0.08727272727272728 0.5314769975786925 0.01818181818181818 0.026634382566585957
0 0.09272727272727273 0.6283292978208233 0.06909090909090909 0.22518159806295399
1 0.11 0.5338983050847458 0.016363636363636365 0.021791767554479417
0 0.11181818181818182 0.5883777239709443 0.04181818181818182 0.13559322033898305
1 0.20636363636363636 0.559322033898305 0.016363636363636365 0.024213075060532687
0 0.2 0.6198547215496368 0.05454545454545454 0.15980629539951574
1 0.21545454545454545 0.5447941888619855 0.016363636363636365 0.024213075060532687
0 0.21636363636363637 0.6186440677966102 0.04727272727272727 0.18159806295399517
1 0.23363636363636364 0.5387409200968523 0.012727272727272728 0.021791767554479417
0 0.2290909090909091 0.6101694915254238 0.05818181818181818 0.1694915254237288
1 0.27454545454545454 0.5423728813559322 0.014545454545454545 0.01937046004842615
0 0.2718181818181818 0.5980629539951574 0.034545454545454546 0.13559322033898305
1 0.3018181818181818 0.5351089588377724 0.014545454545454545 0.01937046004842615
0 0.3054545454545455 0.5920096852300242 0.05454545454545454 0.14285714285714285
1 0.3890909090909091 0.5351089588377724 0.01818181818181818 0.024213075060532687
0 0.3972727272727273 0.5992736077481841 0.07454545454545454 0.16707021791767554
1 0.3981818181818182 0.5338983050847458 0.02181818181818182 0.031476997578692496
0 0.40545454545454546 0.5956416464891041 0.04 0.16464891041162227
1 0.44363636363636366 0.5423728813559322 0.01090909090909091 0.014527845036319613
0 0.4445454545454545 0.5871670702179177 0.038181818181818185 0.11380145278450363
1 0.5027272727272727 0.5411622276029056 0.012727272727272728 0.01694915254237288
0 0.5036363636363637 0.5907990314769975 0.04727272727272727 0.1162227602905569
1 0.5263636363636364 0.5278450363196125 0.016363636363636365 0.024213075060532687
0 0.5309090909090909 0.5907990314769975 0.04 0.15012106537530268
1 0.5672727272727273 0.5435835351089588 0.02181818181818182 0.031476997578692496
0 0.5581818181818182 0.6283292978208233 0.05454545454545454 0.2009685230024213
1 0.5954545454545455 0.5556900726392252 0.02727272727272727 0.03631961259079903
0 0.6072727272727273 0.6634382566585957 0.10545454545454545 0.26150121065375304
1 0.6709090909090909 0.5278450363196125 0.01090909090909091 0.014527845036319613
0 0.6690909090909091 0.5714285714285714 0.03272727272727273 0.10653753026634383
1 0.7 0.5387409200968523 0.01090909090909091 0.012106537530266344
0 0.7009090909090909 0.5750605326876513 0.02727272727272727 0.09443099273607748
1 0.7318181818181818 0.5290556900726392 0.02 0.031476997578692496
0 0.7290909090909091 0.6101694915254238 0.05454545454545454 0.19854721549636803
1 0.7927272727272727 0.5484261501210653 0.01818181818181818 0.026634382566585957
0 0.7954545454545454 0.6295399515738499 0.08181818181818182 0.19854721549636803
1 0.8290909090909091 0.5326876513317191 0.02909090909090909 0.0387409200968523
0 0.8436363636363636 0.639225181598063 0.11636363636363636 0.2469733656174334
1 0.8809090909090909 0.5544794188861986 0.012727272727272728 0.01937046004842615
0 0.8818181818181818 0.6210653753026635 0.05090909090909091 0.162227602905569
1 0.9327272727272727 0.585956416464891 0.02181818181818182 0.029055690072639227
0 0.9381818181818182 0.652542372881356 0.07272727272727272 0.17191283292978207
1 0.9527272727272728 0.5314769975786925 0.02181818181818182 0.031476997578692496
0 0.9536363636363636 0.6065375302663438 0.04181818181818182 0.18159806295399517
1 0.8690909090909091 0.5326876513317191 0.014545454545454545 0.01937046004842615
0 0.8763636363636363 0.6029055690072639 0.05090909090909091 0.16464891041162227
1 0.77 0.5338983050847458 0.00909090909090909 0.012106537530266344
0 0.7672727272727272 0.5665859564164649 0.025454545454545455 0.08232445520581114
1 0.6454545454545455 0.5302663438256658 0.007272727272727273 0.009685230024213076
0 0.6445454545454545 0.5581113801452785 0.023636363636363636 0.07990314769975787