1 0.0185 0.7190332326283988 0.023 0.03625377643504532
0 0.037 0.8436555891238671 0.074 0.297583081570997
1 0.133 0.7651057401812689 0.044 0.04984894259818731
0 0.1205 0.8670694864048338 0.151 0.26586102719033233
1 0.206 0.7666163141993958 0.028 0.04682779456193353
0 0.181 0.8685800604229608 0.086 0.2628398791540785
1 0.2245 0.7175226586102719 0.017 0.03323262839879154
0 0.2215 0.8006042296072508 0.049 0.2054380664652568
1 0.1675 0.7250755287009063 0.013 0.01812688821752266
0 0.1575 0.783987915407855 0.035 0.14501510574018128
1 0.1245 0.7280966767371602 0.013 0.01812688821752266
0 0.125 0.783987915407855 0.036 0.13595166163141995
1 0.186 0.729607250755287 0.01 0.01812688821752266
0 0.1835 0.7688821752265861 0.019 0.1027190332326284
1 0.207 0.7175226586102719 0.012 0.01812688821752266
0 0.206 0.770392749244713 0.034 0.1299093655589124
1 0.2465 0.7288519637462235 0.009 0.013595166163141994
0 0.248 0.7681268882175226 0.022 0.09818731117824774
1 0.2655 0.729607250755287 0.009 0.015105740181268883
0 0.2645 0.7651057401812689 0.025 0.09214501510574018
1 0.2365 0.7220543806646526 0.007 0.012084592145015106
0 0.238 0.7719033232628398 0.022 0.11782477341389729
1 0.272 0.75 0.018 0.05891238670694864
0 0.272 0.75 0.018 0.05891238670694864
1 0.284 0.7212990936555891 0.004 0.0075528700906344415
0 0.284 0.7386706948640483 0.012 0.04833836858006042
1 0.2915 0.7212990936555891 0.005 0.0075528700906344415
0 0.2905 0.7379154078549849 0.013 0.04984894259818731
1 0.302 0.7167673716012085 0.006 0.010574018126888218
0 0.301 0.7401812688821753 0.016 0.06042296072507553
1 0.315 0.7220543806646526 0.006 0.00906344410876133
0 0.3135 0.7545317220543807 0.031 0.0891238670694864
1 0.344 0.7386706948640483 0.026 0.04229607250755287
0 0.3385 0.8512084592145015 0.077 0.2854984894259819
1 0.686 0.7386706948640483 0.018 0.030211480362537766
0 0.687 0.8345921450151057 0.058 0.23413897280966767
1 0.737 0.716012084592145 0.022 0.030211480362537766
0 0.7555 0.8300604229607251 0.097 0.26435045317220546
1 0.932 0.7628398791540786 0.04 0.05740181268882175
0 0.928 0.8648036253776435 0.116 0.270392749244713
1 0.705 0.7341389728096677 0.012 0.02416918429003021
0 0.706 0.7930513595166163 0.04 0.14803625377643503
1 0.602 0.7265861027190332 0.008 0.012084592145015106
0 0.599 0.7726586102719033 0.034 0.10725075528700906
1 0.6385 0.7122356495468278 0.009 0.013595166163141994
0 0.6395 0.763595166163142 0.037 0.12235649546827794
1 0.568 0.7220543806646526 0.008 0.012084592145015106
0 0.573 0.7575528700906344 0.022 0.0891238670694864
1 0.6195 0.7258308157099698 0.007 0.010574018126888218
0 0.621 0.7530211480362538 0.016 0.06797583081570997