1 0.27662721893491127 0.23150887573964496 0.011834319526627219 0.013313609467455622
0 0.27884615384615385 0.253698224852071 0.051775147928994084 0.0695266272189349
1 0.5133136094674556 0.27071005917159763 0.05917159763313609 0.08579881656804733
0 0.5133136094674556 0.27071005917159763 0.05917159763313609 0.08579881656804733
1 0.1279585798816568 0.371301775147929 0.10502958579881656 0.14201183431952663
0 0.16568047337278108 0.5739644970414202 0.33136094674556216 0.5591715976331361
1 0.19674556213017752 0.36020710059171596 0.07692307692307693 0.09911242603550297
0 0.24778106508875739 0.5295857988165681 0.2470414201183432 0.4467455621301775
1 0.28624260355029585 0.3269230769230769 0.07840236686390532 0.10059171597633136
0 0.30547337278106507 0.4578402366863905 0.1878698224852071 0.3624260355029586
1 0.33505917159763315 0.3039940828402367 0.06656804733727811 0.08431952662721894
0 0.35355029585798814 0.41863905325443784 0.14201183431952663 0.3224852071005917
1 0.371301775147929 0.3076923076923077 0.047337278106508875 0.07396449704142012
0 0.3772189349112426 0.39718934911242604 0.08875739644970414 0.26479289940828404
1 0.4031065088757396 0.3106508875739645 0.042899408284023666 0.05621301775147929
0 0.40458579881656803 0.3890532544378698 0.09319526627218935 0.22781065088757396
1 0.6375739644970414 0.27144970414201186 0.04437869822485207 0.060650887573964495
0 0.6338757396449705 0.3217455621301775 0.09911242603550297 0.17307692307692307
1 0.6937869822485208 0.2566568047337278 0.038461538461538464 0.051775147928994084
0 0.6701183431952663 0.32840236686390534 0.11834319526627218 0.19822485207100593
1 0.6715976331360947 0.28476331360946744 0.047337278106508875 0.057692307692307696
0 0.6464497041420119 0.371301775147929 0.14497041420118342 0.26331360946745563
1 0.6715976331360947 0.28476331360946744 0.05029585798816568 0.057692307692307696
0 0.6819526627218935 0.371301775147929 0.16272189349112426 0.26331360946745563
1 0.7781065088757396 0.2818047337278107 0.06804733727810651 0.07544378698224852
0 0.7300295857988166 0.4031065088757396 0.23816568047337278 0.3269230769230769
1 0.7374260355029586 0.30029585798816566 0.051775147928994084 0.06804733727810651
0 0.724112426035503 0.4297337278106509 0.2618343195266272 0.3328402366863905
1 0.7840236686390533 0.33949704142011833 0.07100591715976332 0.07840236686390532
0 0.7662721893491125 0.4822485207100592 0.34615384615384615 0.3698224852071006
1 0.9112426035502958 0.33653846153846156 0.11834319526627218 0.15236686390532544
0 0.8121301775147929 0.5473372781065089 0.3757396449704142 0.5857988165680473
1 0.4245562130177515 0.27366863905325445 0.038461538461538464 0.047337278106508875
0 0.43047337278106507 0.3136094674556213 0.10650887573964497 0.11834319526627218