1 0.04512635379061372 0.41606498194945846 0.09025270758122744 0.12454873646209386
0 0.12545126353790614 0.6732851985559567 0.2509025270758123 0.6534296028880866
1 0.2328519855595668 0.45938628158844763 0.061371841155234655 0.0776173285198556
0 0.19855595667870035 0.6859205776173285 0.1299638989169675 0.5379061371841155
1 0.37093862815884476 0.5243682310469314 0.0703971119133574 0.0812274368231047
0 0.3167870036101083 0.7229241877256317 0.2509025270758123 0.5541516245487365
1 0.4232851985559567 0.4927797833935018 0.023465703971119134 0.02527075812274368
0 0.41787003610108303 0.5812274368231047 0.05956678700361011 0.22382671480144403
1 0.4720216606498195 0.4936823104693141 0.030685920577617327 0.03429602888086643
0 0.4620938628158845 0.6001805054151624 0.10108303249097472 0.2581227436823105
1 0.5180505415162455 0.4963898916967509 0.02527075812274368 0.02527075812274368
0 0.5036101083032491 0.5776173285198556 0.06859205776173286 0.19133574007220217
1 0.5496389891696751 0.5 0.016245487364620937 0.021660649819494584
0 0.5397111913357401 0.5496389891696751 0.036101083032490974 0.12815884476534295
1 0.5857400722021661 0.48826714801444043 0.016245487364620937 0.019855595667870037
0 0.5749097472924187 0.5415162454873647 0.04512635379061372 0.1371841155234657
1 0.601985559566787 0.5 0.016245487364620937 0.018050541516245487
0 0.5956678700361011 0.5514440433212996 0.039711191335740074 0.12093862815884476
1 0.6200361010830325 0.4954873646209386 0.016245487364620937 0.019855595667870037
0 0.621841155234657 0.5388086642599278 0.030685920577617327 0.11371841155234658
1 0.6462093862815884 0.490072202166065 0.04332129963898917 0.04512635379061372
0 0.644404332129964 0.6272563176895307 0.09386281588447654 0.3267148014440433
1 0.7030685920577617 0.5081227436823105 0.03429602888086643 0.03790613718411552
0 0.703971119133574 0.6037906137184116 0.08664259927797834 0.2364620938628159
1 0.8131768953068592 0.5063176895306859 0.0631768953068592 0.0740072202166065
0 0.8176895306859205 0.7193140794223827 0.15162454873646208 0.5072202166064982
1 0.927797833935018 0.5333935018050542 0.01444043321299639 0.01263537906137184
0 0.9259927797833934 0.5749097472924187 0.02888086642599278 0.10288808664259928
1 0.9675090252707581 0.5424187725631769 0.01444043321299639 0.016245487364620937
0 0.9711191335740073 0.5857400722021661 0.05415162454873646 0.10649819494584838