1 0.33203125 0.7866568914956011 0.046875 0.08064516129032258
0 0.3330078125 0.8658357771260997 0.138671875 0.26832844574780057
1 0.2001953125 0.782258064516129 0.044921875 0.08944281524926687
0 0.1982421875 0.8607038123167156 0.12109375 0.2785923753665689
1 0.0390625 0.7382697947214076 0.044921875 0.08064516129032258
0 0.064453125 0.8511730205278593 0.12890625 0.29765395894428154
1 0.11669921875 0.7302052785923754 0.0361328125 0.06158357771260997
0 0.1220703125 0.8453079178885631 0.091796875 0.3093841642228739
1 0.1318359375 0.8863636363636364 0.05078125 0.09530791788856305
0 0.14306640625 0.908357771260997 0.1376953125 0.18328445747800587
1 0.40673828125 0.9164222873900293 0.0888671875 0.1436950146627566
0 0.408203125 0.9208211143695014 0.154296875 0.15835777126099707
1 0.45703125 0.8233137829912024 0.05859375 0.12463343108504399
0 0.46826171875 0.8804985337243402 0.1455078125 0.23900293255131966
1 0.40966796875 0.6957478005865103 0.0302734375 0.0689149560117302
0 0.4052734375 0.8306451612903226 0.107421875 0.3387096774193548
1 0.4814453125 0.7587976539589443 0.05078125 0.09530791788856305
0 0.50732421875 0.8504398826979472 0.1396484375 0.2991202346041056
1 0.53515625 0.7536656891495601 0.044921875 0.08504398826979472
0 0.54638671875 0.8541055718475073 0.0927734375 0.29178885630498536
1 0.64794921875 0.75 0.0478515625 0.08357771260997067
0 0.646484375 0.8526392961876833 0.12890625 0.29472140762463345
1 0.7724609375 0.7441348973607038 0.04296875 0.0718475073313783
0 0.76513671875 0.8526392961876833 0.1025390625 0.29472140762463345
1 0.79638671875 0.9002932551319648 0.0673828125 0.11730205278592376
0 0.80029296875 0.9193548387096774 0.1396484375 0.16129032258064516
1 0.77880859375 0.8365102639296188 0.0517578125 0.10117302052785923
0 0.7841796875 0.8900293255131965 0.15625 0.21994134897360704
1 0.908203125 0.7947214076246334 0.0546875 0.08797653958944282
0 0.912109375 0.8768328445747801 0.140625 0.24633431085043989
1 0.94677734375 0.7353372434017595 0.0537109375 0.08651026392961877
0 0.94775390625 0.843841642228739 0.1025390625 0.312316715542522
1 0.94970703125 0.6994134897360704 0.0439453125 0.08504398826979472
0 0.95263671875 0.8218475073313783 0.0849609375 0.3563049853372434
1 0.86376953125 0.7250733137829912 0.0537109375 0.08064516129032258
0 0.853515625 0.8379765395894428 0.111328125 0.32404692082111436
1 0.8251953125 0.6590909090909091 0.02734375 0.039589442815249266
0 0.826171875 0.7705278592375366 0.0625 0.2653958944281525
1 0.771484375 0.6158357771260997 0.021484375 0.04398826979472141
0 0.77197265625 0.7045454545454546 0.0615234375 0.22140762463343108
1 0.7578125 0.5491202346041055 0.017578125 0.030791788856304986
0 0.7578125 0.6114369501466276 0.041015625 0.15835777126099707
1 0.71875 0.5835777126099707 0.01953125 0.02932551319648094
0 0.716796875 0.6341642228739003 0.03515625 0.13636363636363635
1 0.65673828125 0.5029325513196481 0.0107421875 0.017595307917888565
0 0.65673828125 0.5388563049853372 0.0244140625 0.09530791788856305
1 0.642578125 0.47947214076246336 0.01171875 0.017595307917888565
0 0.64111328125 0.5197947214076246 0.0205078125 0.10997067448680352
1 0.6279296875 0.5168621700879765 0.01171875 0.01906158357771261
0 0.62841796875 0.5689149560117303 0.0341796875 0.1348973607038123
1 0.60693359375 0.5139296187683284 0.0107421875 0.016129032258064516
0 0.60400390625 0.5549853372434017 0.0283203125 0.10410557184750734
1 0.70458984375 0.5381231671554252 0.0107421875 0.020527859237536656
0 0.70703125 0.5813782991202346 0.033203125 0.13049853372434017
1 0.66796875 0.5520527859237536 0.015625 0.021994134897360705
0 0.66748046875 0.6107038123167156 0.0498046875 0.1627565982404692
1 0.72265625 0.6774193548387096 0.0390625 0.05278592375366569
0 0.7119140625 0.8203812316715543 0.099609375 0.3592375366568915
1 0.55712890625 0.6400293255131965 0.0244140625 0.036656891495601175
0 0.55078125 0.7565982404692082 0.05859375 0.28152492668621704
1 0.61767578125 0.6326979472140762 0.0224609375 0.039589442815249266
0 0.6142578125 0.7470674486803519 0.0625 0.27419354838709675
1 0.66162109375 0.6326979472140762 0.0263671875 0.04252199413489736
0 0.66015625 0.7529325513196481 0.080078125 0.28885630498533726
1 0.20458984375 0.7316715542521994 0.0419921875 0.07038123167155426
0 0.21923828125 0.8453079178885631 0.1201171875 0.3093841642228739
1 0.13134765625 0.6422287390029325 0.0244140625 0.03519061583577713
0 0.130859375 0.7441348973607038 0.05078125 0.2536656891495601
1 0.15478515625 0.626099706744868 0.0185546875 0.03812316715542522
0 0.16162109375 0.7096774193548387 0.0419921875 0.21407624633431085
1 0.1689453125 0.5894428152492669 0.017578125 0.03225806451612903
0 0.1669921875 0.6590909090909091 0.03125 0.18621700879765396
1 0.18701171875 0.5777126099706745 0.0146484375 0.02932551319648094
0 0.18798828125 0.6539589442815249 0.0419921875 0.1935483870967742
1 0.197265625 0.6180351906158358 0.01953125 0.039589442815249266
0 0.1962890625 0.7089442815249267 0.04296875 0.24193548387096775
1 0.232421875 0.6451612903225806 0.025390625 0.03812316715542522
0 0.23291015625 0.7925219941348973 0.0791015625 0.34750733137829914
1 0.27099609375 0.6407624633431085 0.0205078125 0.04398826979472141
0 0.27197265625 0.7639296187683284 0.0576171875 0.2991202346041056
1 0.2666015625 0.5806451612903226 0.015625 0.026392961876832845
0 0.2705078125 0.656158357771261 0.03515625 0.18914956011730205
1 0.29052734375 0.5857771260997068 0.0146484375 0.024926686217008796
0 0.291015625 0.6451612903225806 0.033203125 0.15835777126099707
1 0.34423828125 0.6466275659824047 0.0302734375 0.06158357771260997
0 0.35107421875 0.782258064516129 0.0810546875 0.3387096774193548
1 0.3369140625 0.5733137829912024 0.01953125 0.02932551319648094
0 0.34033203125 0.6319648093841642 0.0322265625 0.16422287390029325
1 0.32666015625 0.623900293255132 0.0185546875 0.03372434017595308
0 0.32763671875 0.6986803519061584 0.0380859375 0.19208211143695014
1 0.41748046875 0.623900293255132 0.0244140625 0.04252199413489736
0 0.423828125 0.7287390029325513 0.0546875 0.25513196480938416
1 0.41259765625 0.5410557184750733 0.0126953125 0.020527859237536656
0 0.41064453125 0.6143695014662757 0.0634765625 0.17595307917888564
1 0.39697265625 0.5388563049853372 0.0126953125 0.024926686217008796
0 0.39501953125 0.593841642228739 0.0400390625 0.1378299120234604
1 0.36083984375 0.5197947214076246 0.0146484375 0.024926686217008796
0 0.36181640625 0.5615835777126099 0.0302734375 0.11730205278592376
1 0.3369140625 0.5146627565982405 0.01171875 0.02346041055718475
0 0.33447265625 0.5586510263929618 0.0283203125 0.12023460410557185
1 0.45849609375 0.5593841642228738 0.0126953125 0.024926686217008796
0 0.45751953125 0.6099706744868035 0.0380859375 0.13196480938416422
1 0.47509765625 0.5498533724340176 0.0146484375 0.026392961876832845
0 0.4765625 0.5953079178885631 0.033203125 0.12609970674486803
1 0.48876953125 0.6400293255131965 0.0244140625 0.04252199413489736
0 0.4873046875 0.7404692082111437 0.0625 0.25219941348973607
1 0.53076171875 0.6187683284457478 0.0244140625 0.04105571847507331
0 0.5322265625 0.717741935483871 0.04296875 0.24486803519061584
1 0.50927734375 0.5762463343108505 0.0185546875 0.02932551319648094
0 0.505859375 0.6429618768328446 0.0390625 0.17155425219941348
1 0.541015625 0.5835777126099707 0.017578125 0.026392961876832845
0 0.54052734375 0.6620234604105572 0.0400390625 0.19208211143695014
1 0.564453125 0.5997067448680352 0.021484375 0.03812316715542522
0 0.56689453125 0.6796187683284457 0.0458984375 0.20674486803519063
1 0.59912109375 0.5857771260997068 0.0185546875 0.030791788856304986
0 0.59814453125 0.6502932551319648 0.0380859375 0.1744868035190616
1 0.64404296875 0.6898826979472141 0.0439453125 0.20967741935483872
0 0.64404296875 0.6898826979472141 0.0439453125 0.20967741935483872
1 0.58935546875 0.5542521994134897 0.0166015625 0.02346041055718475
0 0.58447265625 0.6158357771260997 0.0341796875 0.15542521994134897
1 0.5791015625 0.4963343108504399 0.009765625 0.016129032258064516
0 0.578125 0.5417888563049853 0.03125 0.10410557184750734
1 0.5654296875 0.530791788856305 0.013671875 0.02346041055718475
0 0.56396484375 0.5806451612903226 0.0322265625 0.12316715542521994
1 0.50927734375 0.5205278592375366 0.0126953125 0.020527859237536656
0 0.5107421875 0.5755131964809385 0.0390625 0.14222873900293256
1 0.46875 0.5131964809384164 0.01171875 0.020527859237536656
0 0.46875 0.5733137829912024 0.037109375 0.1466275659824047
1 0.44775390625 0.5073313782991202 0.0126953125 0.020527859237536656
0 0.4462890625 0.5579178885630498 0.033203125 0.12756598240469208
1 0.39599609375 0.5029325513196481 0.0107421875 0.017595307917888565
0 0.39404296875 0.5454545454545454 0.0302734375 0.10850439882697947
1 0.4306640625 0.5065982404692082 0.01171875 0.021994134897360705
0 0.42626953125 0.5571847507331378 0.0263671875 0.12609970674486803
1 0.52783203125 0.49780058651026393 0.0126953125 0.01906158357771261
0 0.52978515625 0.5476539589442815 0.0263671875 0.1217008797653959
1 0.56103515625 0.49266862170087977 0.0126953125 0.020527859237536656
0 0.55712890625 0.5432551319648093 0.0322265625 0.12463343108504399
1 0.49365234375 0.5058651026392962 0.0107421875 0.017595307917888565
0 0.49267578125 0.5542521994134897 0.0263671875 0.11730205278592376
1 0.51318359375 0.501466275659824 0.0107421875 0.01466275659824047
0 0.5126953125 0.5579178885630498 0.029296875 0.13343108504398826
1 0.4794921875 0.4780058651026393 0.009765625 0.017595307917888565
0 0.478515625 0.5278592375366569 0.025390625 0.12023460410557185
1 0.4921875 0.4736070381231672 0.009765625 0.01466275659824047
0 0.4921875 0.5197947214076246 0.0234375 0.1158357771260997
1 0.43505859375 0.4750733137829912 0.0087890625 0.017595307917888565
0 0.43310546875 0.5219941348973607 0.0263671875 0.11730205278592376
1 0.46240234375 0.44574780058651026 0.0068359375 0.01466275659824047
0 0.46337890625 0.47873900293255134 0.0205078125 0.08651026392961877
1 0.474609375 0.4303519061583578 0.0078125 0.013196480938416423
0 0.4755859375 0.45894428152492667 0.01953125 0.07331378299120235
1 0.41796875 0.436950146627566 0.0078125 0.011730205278592375
0 0.41552734375 0.46187683284457476 0.0166015625 0.07038123167155426
1 0.42919921875 0.436950146627566 0.0068359375 0.011730205278592375
0 0.42626953125 0.4662756598240469 0.0185546875 0.07917888563049853
1 0.4345703125 0.4281524926686217 0.005859375 0.008797653958944282
0 0.43310546875 0.45161290322580644 0.0166015625 0.06158357771260997
1 0.45166015625 0.48240469208211145 0.0087890625 0.017595307917888565
0 0.451171875 0.5124633431085044 0.01953125 0.08064516129032258
1 0.564453125 0.5109970674486803 0.013671875 0.021994134897360705
0 0.56005859375 0.5601173020527859 0.0283203125 0.12609970674486803
1 0.6337890625 0.49266862170087977 0.009765625 0.01466275659824047
0 0.63818359375 0.5410557184750733 0.0224609375 0.11730205278592376
1 0.74169921875 0.5403225806451613 0.0107421875 0.024926686217008796
0 0.73779296875 0.6048387096774194 0.0283203125 0.17155425219941348
1 0.6708984375 0.5967741935483871 0.021484375 0.03519061583577713
0 0.67724609375 0.6906158357771262 0.0498046875 0.2404692082111437