1 0.017916666666666668 0.785625 0.029166666666666667 0.04625
0 0.030833333333333334 0.87875 0.06166666666666667 0.2425
1 0.04708333333333333 0.77875 0.0225 0.045
0 0.051666666666666666 0.876875 0.08833333333333333 0.24625
1 0.07708333333333334 0.788125 0.024166666666666666 0.04625
0 0.07208333333333333 0.879375 0.04583333333333333 0.23625
1 0.07 0.758125 0.018333333333333333 0.03375
0 0.07333333333333333 0.855 0.051666666666666666 0.235
1 0.08583333333333333 0.720625 0.023333333333333334 0.03875
0 0.08416666666666667 0.826875 0.05333333333333334 0.25375
1 0.045 0.704375 0.018333333333333333 0.02875
0 0.044583333333333336 0.77875 0.035833333333333335 0.1825
1 0.010833333333333334 0.744375 0.02 0.04125
0 0.015416666666666667 0.80625 0.030833333333333334 0.1725
1 0.010416666666666666 0.696875 0.0175 0.02625
0 0.01625 0.751875 0.0325 0.15375
1 0.03125 0.683125 0.0175 0.03125
0 0.02875 0.745625 0.030833333333333334 0.15875
1 0.04625 0.69625 0.020833333333333332 0.0375
0 0.037083333333333336 0.76375 0.0425 0.1775
1 0.07125 0.650625 0.0175 0.03125
0 0.07041666666666667 0.735625 0.059166666666666666 0.20625
1 0.12416666666666666 0.76875 0.025 0.04
0 0.12291666666666666 0.871875 0.059166666666666666 0.25125
1 0.16416666666666666 0.788125 0.03333333333333333 0.04875
0 0.165 0.878125 0.10166666666666667 0.24375
1 0.15708333333333332 0.756875 0.024166666666666666 0.03625
0 0.14916666666666667 0.826875 0.045 0.18625
1 0.19666666666666666 0.764375 0.025 0.03875
0 0.20333333333333334 0.853125 0.07666666666666666 0.24375
1 0.15541666666666668 0.7225 0.019166666666666665 0.0325
0 0.15333333333333332 0.799375 0.05333333333333334 0.19125
1 0.1675 0.72125 0.018333333333333333 0.0325
0 0.16166666666666665 0.799375 0.045 0.18875
1 0.19708333333333333 0.815 0.050833333333333335 0.205
0 0.19708333333333333 0.815 0.050833333333333335 0.205
1 0.1825 0.640625 0.011666666666666667 0.02125
0 0.18291666666666667 0.70125 0.03916666666666667 0.1525
1 0.2125 0.679375 0.016666666666666666 0.03125
0 0.20875 0.74375 0.035833333333333335 0.17
1 0.23541666666666666 0.688125 0.020833333333333332 0.03875
0 0.22541666666666665 0.765625 0.0475 0.19875
1 0.25083333333333335 0.74625 0.023333333333333334 0.0325
0 0.2554166666666667 0.8325 0.0525 0.245
1 0.2733333333333333 0.73 0.021666666666666667 0.04
0 0.28 0.843125 0.06 0.27125
1 0.2733333333333333 0.72875 0.021666666666666667 0.0425
0 0.2833333333333333 0.838125 0.055 0.26125
1 0.23333333333333334 0.654375 0.016666666666666666 0.03125
0 0.23875 0.723125 0.049166666666666664 0.17375
1 0.26208333333333333 0.6575 0.020833333333333332 0.035
0 0.25958333333333333 0.720625 0.04083333333333333 0.16625
1 0.29125 0.65375 0.019166666666666665 0.0325
0 0.29291666666666666 0.718125 0.049166666666666664 0.17375
1 0.3095833333333333 0.670625 0.020833333333333332 0.03625
0 0.30833333333333335 0.748125 0.04666666666666667 0.19875
1 0.3229166666666667 0.71125 0.0175 0.035
0 0.31708333333333333 0.791875 0.0475 0.21875
1 0.33375 0.7125 0.025833333333333333 0.04
0 0.3308333333333333 0.826875 0.051666666666666666 0.27375
1 0.3475 0.7 0.021666666666666667 0.0375
0 0.34625 0.79375 0.04583333333333333 0.2325
1 0.36 0.74625 0.02666666666666667 0.0375
0 0.3695833333333333 0.845625 0.06416666666666666 0.24625
1 0.38458333333333333 0.7175 0.020833333333333332 0.04
0 0.3904166666666667 0.8175 0.05416666666666667 0.2475
1 0.40125 0.708125 0.0175 0.03125
0 0.4116666666666667 0.80375 0.058333333333333334 0.2275
1 0.45708333333333334 0.69875 0.029166666666666667 0.045
0 0.45958333333333334 0.82375 0.060833333333333336 0.2975
1 0.46875 0.69 0.0225 0.035
0 0.47 0.80125 0.043333333333333335 0.265
1 0.5220833333333333 0.6725 0.020833333333333332 0.035
0 0.5145833333333333 0.728125 0.06583333333333333 0.15375
1 0.5258333333333334 0.710625 0.023333333333333334 0.04625
0 0.5154166666666666 0.828125 0.07583333333333334 0.29125
1 0.58375 0.74 0.020833333333333332 0.04
0 0.5833333333333334 0.85 0.05333333333333334 0.2675
1 0.6233333333333333 0.765 0.02666666666666667 0.0425
0 0.6179166666666667 0.86875 0.0475 0.2625
1 0.5583333333333333 0.694375 0.02666666666666667 0.03875
0 0.55875 0.801875 0.05416666666666667 0.26125
1 0.6529166666666667 0.71875 0.024166666666666666 0.035
0 0.6525 0.819375 0.051666666666666666 0.25375
1 0.67875 0.781875 0.0325 0.05625
0 0.6691666666666667 0.874375 0.055 0.25125
1 0.7004166666666667 0.709375 0.024166666666666666 0.03875
0 0.7079166666666666 0.8225 0.0575 0.2675
1 0.7166666666666667 0.714375 0.018333333333333333 0.03125
0 0.7216666666666667 0.795 0.041666666666666664 0.205
1 0.7425 0.695 0.025 0.0375
0 0.7408333333333333 0.784375 0.045 0.22125
1 0.7666666666666667 0.70625 0.023333333333333334 0.0375
0 0.7608333333333334 0.7975 0.051666666666666666 0.2375
1 0.7658333333333334 0.759375 0.02666666666666667 0.04375
0 0.7575 0.8625 0.05 0.2625
1 0.79375 0.669375 0.014166666666666666 0.02125
0 0.7954166666666667 0.7375 0.0475 0.16
1 0.7945833333333333 0.676875 0.0125 0.02125
0 0.8 0.744375 0.043333333333333335 0.16375
1 0.8679166666666667 0.63375 0.019166666666666665 0.0375
0 0.875 0.715 0.065 0.205
1 0.8970833333333333 0.769375 0.025833333333333333 0.04875
0 0.8779166666666667 0.846875 0.06416666666666666 0.20875
1 0.8954166666666666 0.745 0.025833333333333333 0.04
0 0.8883333333333333 0.825 0.05 0.2025
1 0.905 0.70625 0.02 0.04
0 0.9008333333333334 0.7825 0.07333333333333333 0.21
1 0.90375 0.70125 0.019166666666666665 0.03
0 0.9058333333333334 0.7825 0.03666666666666667 0.1975
1 0.90125 0.73625 0.020833333333333332 0.0325
0 0.92 0.80875 0.10333333333333333 0.1925
1 0.9516666666666667 0.69 0.028333333333333332 0.0525
0 0.9416666666666667 0.76125 0.05333333333333334 0.2
1 0.9629166666666666 0.64875 0.014166666666666666 0.0275
0 0.96125 0.72375 0.049166666666666664 0.18
1 0.9466666666666667 0.64375 0.02 0.0375
0 0.94 0.709375 0.043333333333333335 0.17875
1 0.9875 0.65 0.018333333333333333 0.03
0 0.9841666666666666 0.713125 0.03166666666666667 0.16125
1 0.9033333333333333 0.62125 0.02 0.0325
0 0.9033333333333333 0.69625 0.04666666666666667 0.185
1 0.9270833333333334 0.5975 0.015833333333333335 0.0275
0 0.9295833333333333 0.665 0.0425 0.1675
1 0.96875 0.60375 0.0175 0.035
0 0.9729166666666667 0.6725 0.05416666666666667 0.1825
1 0.98125 0.5825 0.0175 0.0325
0 0.9795833333333334 0.645625 0.04083333333333333 0.16375
1 0.9020833333333333 0.59625 0.0175 0.03
0 0.9020833333333333 0.658125 0.04083333333333333 0.15625
1 0.8625 0.61625 0.016666666666666666 0.03
0 0.8641666666666666 0.674375 0.03833333333333333 0.15125
1 0.8683333333333333 0.598125 0.015 0.02625
0 0.8745833333333334 0.666875 0.034166666666666665 0.16875
1 0.9016666666666666 0.598125 0.018333333333333333 0.03125
0 0.8991666666666667 0.66125 0.04 0.165
1 0.94125 0.595625 0.009166666666666667 0.01625
0 0.94375 0.631875 0.019166666666666665 0.09375
1 0.9566666666666667 0.59375 0.015 0.025
0 0.96125 0.6475 0.0325 0.14
1 0.89 0.556875 0.013333333333333334 0.02375
0 0.89125 0.61125 0.0375 0.1375
1 0.9158333333333334 0.56125 0.015 0.025
0 0.9170833333333334 0.613125 0.034166666666666665 0.13375
1 0.92375 0.584375 0.015833333333333335 0.02625
0 0.9220833333333334 0.633125 0.034166666666666665 0.13375
1 0.94 0.57375 0.011666666666666667 0.0225
0 0.9395833333333333 0.614375 0.025833333333333333 0.12125
1 0.7666666666666667 0.703125 0.023333333333333334 0.03875
0 0.7570833333333333 0.784375 0.04583333333333333 0.22125
1 0.7625 0.658125 0.02 0.03375
0 0.7654166666666666 0.728125 0.04083333333333333 0.20625
1 0.78625 0.606875 0.0175 0.02875
0 0.78375 0.678125 0.0425 0.17625
1 0.73375 0.646875 0.0175 0.03125
0 0.7370833333333333 0.714375 0.03916666666666667 0.17125
1 0.7120833333333333 0.668125 0.019166666666666665 0.03125
0 0.7166666666666667 0.73375 0.04666666666666667 0.1675
1 0.6591666666666667 0.674375 0.028333333333333332 0.04125
0 0.6691666666666667 0.7725 0.07333333333333333 0.33
1 0.5970833333333333 0.674375 0.020833333333333332 0.03625
0 0.59625 0.75 0.06416666666666666 0.2
1 0.5858333333333333 0.6425 0.021666666666666667 0.035
0 0.5783333333333334 0.70375 0.041666666666666664 0.165
1 0.615 0.666875 0.015 0.02625
0 0.6191666666666666 0.715 0.03833333333333333 0.1425
1 0.6208333333333333 0.66625 0.015 0.0325
0 0.6258333333333334 0.716875 0.035 0.13875
1 0.67 0.669375 0.018333333333333333 0.03375
0 0.6679166666666667 0.728125 0.0425 0.17125
1 0.5375 0.665 0.02 0.0375
0 0.5379166666666667 0.725625 0.04083333333333333 0.16375
1 0.5479166666666667 0.65 0.0175 0.0275
0 0.5504166666666667 0.705 0.035833333333333335 0.1425
1 0.5129166666666667 0.645625 0.0175 0.03125
0 0.51125 0.694375 0.0375 0.13375
1 0.4845833333333333 0.674375 0.0225 0.03125
0 0.48625 0.735625 0.0375 0.16375
1 0.44708333333333333 0.6775 0.019166666666666665 0.0325
0 0.44083333333333335 0.7625 0.03833333333333333 0.2075
1 0.38916666666666666 0.671875 0.018333333333333333 0.03625
0 0.38916666666666666 0.74625 0.03666666666666667 0.19
1 0.4 0.64 0.018333333333333333 0.035
0 0.4058333333333333 0.716875 0.043333333333333335 0.19625
1 0.37875 0.659375 0.015833333333333335 0.03375
0 0.37958333333333333 0.733125 0.0375 0.18625
1 0.4404166666666667 0.6675 0.019166666666666665 0.03
0 0.4375 0.73625 0.03666666666666667 0.1775
1 0.11666666666666667 0.7025 0.03 0.205
0 0.11666666666666667 0.7025 0.03 0.205
1 0.13666666666666666 0.639375 0.018333333333333333 0.02875
0 0.135 0.71625 0.035 0.185
1 0.020833333333333332 0.626875 0.018333333333333333 0.02625
0 0.024166666666666666 0.69375 0.04666666666666667 0.175
1 0.005833333333333334 0.631875 0.011666666666666667 0.02375
0 0.012916666666666667 0.67875 0.025833333333333333 0.1325
1 0.03375 0.624375 0.014166666666666666 0.02125
0 0.035 0.6825 0.02666666666666667 0.1475
1 0.03375 0.641875 0.014166666666666666 0.02625
0 0.035 0.696875 0.02 0.14125
1 0.04416666666666667 0.65125 0.01 0.0175
0 0.04 0.6925 0.021666666666666667 0.12
1 0.05541666666666667 0.66 0.015833333333333335 0.0275
0 0.05541666666666667 0.7125 0.0275 0.14
1 0.0825 0.658125 0.016666666666666666 0.02875
0 0.08625 0.7175 0.0325 0.155
1 0.09 0.63375 0.015 0.03
0 0.09166666666666666 0.685625 0.028333333333333332 0.13875
1 0.20416666666666666 0.650625 0.016666666666666666 0.02375
0 0.20541666666666666 0.71625 0.034166666666666665 0.165
1 0.97375 0.374375 0.005833333333333334 0.00875
0 0.9716666666666667 0.393125 0.013333333333333334 0.05375
1 0.9733333333333334 0.395625 0.005 0.00875
0 0.9745833333333334 0.415625 0.0125 0.05625
1 0.96375 0.40375 0.009166666666666667 0.045
0 0.96375 0.40375 0.009166666666666667 0.045
1 0.9625 0.405625 0.01 0.03875
0 0.9625 0.405625 0.01 0.03875
1 0.9270833333333334 0.379375 0.004166666666666667 0.00625
0 0.9270833333333334 0.395 0.010833333333333334 0.0425
1 0.9454166666666667 0.390625 0.004166666666666667 0.00625
0 0.9445833333333333 0.405625 0.010833333333333334 0.03875
1 0.91875 0.393125 0.009166666666666667 0.04375
0 0.91875 0.393125 0.009166666666666667 0.04375
1 0.9120833333333334 0.383125 0.005833333333333334 0.00875
0 0.9129166666666667 0.40125 0.014166666666666666 0.05
1 0.89875 0.3825 0.004166666666666667 0.0075
0 0.8991666666666667 0.4 0.011666666666666667 0.0475
1 0.87625 0.37875 0.005833333333333334 0.01
0 0.8745833333333334 0.396875 0.015833333333333335 0.05375
1 0.8520833333333333 0.3875 0.004166666666666667 0.0075
0 0.8520833333333333 0.4025 0.009166666666666667 0.04
1 0.83625 0.383125 0.005833333333333334 0.00875
0 0.8370833333333333 0.399375 0.010833333333333334 0.04375
1 0.8266666666666667 0.399375 0.01 0.03625
0 0.8266666666666667 0.399375 0.01 0.03625
1 0.79625 0.389375 0.005833333333333334 0.00875
0 0.7954166666666667 0.400625 0.010833333333333334 0.03625
1 0.8116666666666666 0.413125 0.008333333333333333 0.04625
0 0.8116666666666666 0.413125 0.008333333333333333 0.04625
1 0.78125 0.39375 0.005833333333333334 0.0075
0 0.7816666666666666 0.40875 0.013333333333333334 0.0425
1 0.7683333333333333 0.394375 0.005 0.00875
0 0.7675 0.41 0.013333333333333334 0.045
1 0.6895833333333333 0.39875 0.005833333333333334 0.0075
0 0.6916666666666667 0.41125 0.015 0.04
1 0.6454166666666666 0.396875 0.004166666666666667 0.00875
0 0.6441666666666667 0.41125 0.011666666666666667 0.0425
1 0.66625 0.419375 0.015833333333333335 0.05125
0 0.66625 0.419375 0.015833333333333335 0.05125
1 0.5983333333333334 0.401875 0.005 0.00875
0 0.5975 0.41875 0.015 0.05
1 0.6070833333333333 0.4075 0.005833333333333334 0.01
0 0.6075 0.42375 0.015 0.05
1 0.6191666666666666 0.41125 0.005 0.0075
0 0.6191666666666666 0.425625 0.015 0.04625
1 0.635 0.411875 0.006666666666666667 0.01125
0 0.6345833333333334 0.430625 0.019166666666666665 0.05375
1 0.5483333333333333 0.41 0.005 0.0075
0 0.54875 0.425 0.014166666666666666 0.0425
1 0.5270833333333333 0.414375 0.005833333333333334 0.01125
0 0.5283333333333333 0.429375 0.016666666666666666 0.04375
1 0.5133333333333333 0.40375 0.005 0.0075
0 0.5120833333333333 0.423125 0.014166666666666666 0.04875
1 0.4825 0.404375 0.0033333333333333335 0.00625
0 0.48291666666666666 0.414375 0.009166666666666667 0.03125
1 0.46 0.418125 0.005 0.00875
0 0.45958333333333334 0.425625 0.009166666666666667 0.02875
1 0.4508333333333333 0.420625 0.006666666666666667 0.01125
0 0.44958333333333333 0.43625 0.014166666666666666 0.05
1 0.25375 0.423125 0.005833333333333334 0.00875
0 0.25333333333333335 0.44125 0.016666666666666666 0.05
1 0.22541666666666665 0.440625 0.015833333333333335 0.05875
0 0.22541666666666665 0.440625 0.015833333333333335 0.05875
1 0.21958333333333332 0.623125 0.015833333333333335 0.02875
0 0.22916666666666666 0.67375 0.041666666666666664 0.1325
1 0.051666666666666666 0.61 0.015 0.0275
0 0.059166666666666666 0.661875 0.04 0.13875
1 0.07958333333333334 0.595625 0.015833333333333335 0.02375
0 0.07958333333333334 0.644375 0.035833333333333335 0.12625
1 0.010833333333333334 0.593125 0.013333333333333334 0.02375
0 0.01625 0.635625 0.0325 0.11375
1 0.004583333333333333 0.580625 0.009166666666666667 0.01875
0 0.010416666666666666 0.608125 0.020833333333333332 0.07625
1 0.00625 0.560625 0.009166666666666667 0.01875
0 0.009166666666666667 0.591875 0.018333333333333333 0.08625
1 0.018333333333333333 0.561875 0.011666666666666667 0.02125
0 0.021666666666666667 0.599375 0.03 0.09625
1 0.03791666666666667 0.61 0.019166666666666665 0.095
0 0.03791666666666667 0.61 0.019166666666666665 0.095
1 0.0425 0.58 0.013333333333333334 0.0225
0 0.04416666666666667 0.615 0.023333333333333334 0.095
1 0.050416666666666665 0.57625 0.014166666666666666 0.0275
0 0.05291666666666667 0.62125 0.0375 0.12
1 0.09916666666666667 0.61375 0.013333333333333334 0.025
0 0.10041666666666667 0.653125 0.034166666666666665 0.11375
1 0.10375 0.589375 0.0125 0.02625
0 0.105 0.63 0.028333333333333332 0.11
1 0.17708333333333334 0.60375 0.014166666666666666 0.025
0 0.17875 0.646875 0.0375 0.11625
1 0.18791666666666668 0.600625 0.010833333333333334 0.02125
0 0.18833333333333332 0.641875 0.03 0.11625
1 0.21416666666666667 0.601875 0.015 0.02375
0 0.21208333333333335 0.64625 0.034166666666666665 0.12
1 0.23458333333333334 0.603125 0.015833333333333335 0.02625
0 0.2375 0.64875 0.03166666666666667 0.12
1 0.25 0.604375 0.016666666666666666 0.02625
0 0.2504166666666667 0.645625 0.029166666666666667 0.11125
1 0.27458333333333335 0.605625 0.014166666666666666 0.02375
0 0.2708333333333333 0.654375 0.03333333333333333 0.12625
1 0.28375 0.610625 0.019166666666666665 0.02625
0 0.2825 0.665625 0.041666666666666664 0.13625
1 0.2991666666666667 0.6225 0.013333333333333334 0.025
0 0.29875 0.669375 0.03916666666666667 0.12875
1 0.3045833333333333 0.604375 0.0125 0.02375
0 0.30541666666666667 0.645625 0.034166666666666665 0.11375
1 0.3275 0.613125 0.016666666666666666 0.02875
0 0.32875 0.6575 0.035833333333333335 0.12
1 0.37416666666666665 0.576875 0.013333333333333334 0.02625
0 0.37333333333333335 0.615 0.03166666666666667 0.1075
1 0.39666666666666667 0.6025 0.013333333333333334 0.025
0 0.395 0.645625 0.03333333333333333 0.12625
1 0.40625 0.6 0.015833333333333335 0.0275
0 0.41208333333333336 0.64625 0.04583333333333333 0.1325
1 0.41125 0.63 0.015833333333333335 0.0275
0 0.41083333333333333 0.671875 0.03833333333333333 0.12125
1 0.44666666666666666 0.635 0.015 0.03
0 0.44875 0.680625 0.0425 0.12875
1 0.46708333333333335 0.63 0.020833333333333332 0.0325
0 0.4675 0.681875 0.03833333333333333 0.13875
1 0.5345833333333333 0.615625 0.0175 0.03375
0 0.53125 0.66625 0.0425 0.1475
1 0.5583333333333333 0.62 0.015 0.0275
0 0.5575 0.661875 0.02666666666666667 0.11875
1 0.57125 0.614375 0.014166666666666666 0.02625
0 0.5720833333333334 0.66 0.030833333333333334 0.1225
1 0.5945833333333334 0.595 0.010833333333333334 0.0225
0 0.59625 0.634375 0.025833333333333333 0.10875
1 0.6529166666666667 0.60875 0.015833333333333335 0.025
0 0.6525 0.658125 0.04 0.13375
1 0.6733333333333333 0.6375 0.013333333333333334 0.03
0 0.6741666666666667 0.678125 0.03666666666666667 0.11875
1 0.6808333333333333 0.6225 0.015 0.0275
0 0.6808333333333333 0.6575 0.03166666666666667 0.1075
1 0.7570833333333333 0.6125 0.014166666666666666 0.025
0 0.7566666666666667 0.655625 0.03166666666666667 0.11875
1 0.7525 0.59 0.015 0.0275
0 0.7495833333333334 0.635 0.035833333333333335 0.1275
1 0.7758333333333334 0.595625 0.013333333333333334 0.02125
0 0.7766666666666666 0.633125 0.028333333333333332 0.10375
1 0.7983333333333333 0.585 0.015 0.03
0 0.7995833333333333 0.635 0.0375 0.1375
1 0.8045833333333333 0.57125 0.014166666666666666 0.0275
0 0.8033333333333333 0.62 0.03833333333333333 0.1275
1 0.8504166666666667 0.56125 0.014166666666666666 0.03
0 0.8483333333333334 0.600625 0.035 0.11625
1 0.8645833333333334 0.575 0.0125 0.025
0 0.8645833333333334 0.615 0.030833333333333334 0.1125
1 0.8816666666666667 0.581875 0.013333333333333334 0.02625
0 0.8825 0.6175 0.03 0.1075
1 0.89 0.55625 0.015 0.0225
0 0.8908333333333334 0.603125 0.03833333333333333 0.11875
1 0.9479166666666666 0.550625 0.014166666666666666 0.02625
0 0.9504166666666667 0.59 0.030833333333333334 0.1075
1 0.30541666666666667 0.63375 0.0175 0.0325
0 0.3075 0.675 0.03333333333333333 0.1175
1 0.42041666666666666 0.649375 0.015833333333333335 0.02875
0 0.4195833333333333 0.701875 0.03916666666666667 0.13875
1 0.4454166666666667 0.599375 0.014166666666666666 0.02625
0 0.44333333333333336 0.650625 0.03833333333333333 0.13875
1 0.47125 0.599375 0.014166666666666666 0.02375
0 0.47333333333333333 0.65375 0.03833333333333333 0.1375
1 0.48291666666666666 0.595 0.0125 0.025
0 0.4845833333333333 0.650625 0.030833333333333334 0.13625
1 0.5079166666666667 0.610625 0.015833333333333335 0.03125
0 0.5054166666666666 0.656875 0.0275 0.12625
1 0.5791666666666667 0.3925 0.0033333333333333335 0.005
0 0.5775 0.40625 0.021666666666666667 0.0375
1 0.7729166666666667 0.61625 0.0125 0.025
0 0.77125 0.668125 0.025833333333333333 0.13375