1 0.9326666666666666 0.6857777777777778 0.13466666666666666 0.12533333333333332
0 0.8033333333333333 0.8084444444444444 0.3933333333333333 0.3831111111111111
1 0.5873333333333334 0.604 0.156 0.12355555555555556
0 0.5753333333333334 0.7644444444444445 0.5 0.4711111111111111
1 0.31066666666666665 0.5697777777777778 0.14933333333333335 0.144
0 0.30666666666666664 0.7466666666666667 0.4106666666666667 0.5066666666666667
1 0.20133333333333334 0.43644444444444447 0.12 0.11733333333333333
0 0.22066666666666668 0.6862222222222222 0.36133333333333334 0.6275555555555555
1 0.11266666666666666 0.35733333333333334 0.116 0.08711111111111111
0 0.19866666666666666 0.5817777777777777 0.3973333333333333 0.5466666666666666
1 0.45066666666666666 0.43466666666666665 0.104 0.09066666666666667
0 0.42866666666666664 0.6217777777777778 0.26 0.47555555555555556
1 0.618 0.43244444444444446 0.09733333333333333 0.09688888888888889
0 0.6226666666666667 0.6204444444444445 0.2773333333333333 0.48533333333333334
1 0.8066666666666666 0.37422222222222223 0.10933333333333334 0.10133333333333333
0 0.8353333333333334 0.588 0.3293333333333333 0.5413333333333333
1 0.4106666666666667 0.2866666666666667 0.08533333333333333 0.08444444444444445
0 0.4066666666666667 0.45555555555555555 0.25866666666666666 0.5022222222222222
1 0.5653333333333334 0.30177777777777776 0.104 0.0791111111111111
0 0.6193333333333333 0.4737777777777778 0.308 0.4871111111111111
1 0.7146666666666667 0.23733333333333334 0.09866666666666667 0.10133333333333333
0 0.7746666666666666 0.45111111111111113 0.32 0.5502222222222222
1 0.914 0.26222222222222225 0.12666666666666668 0.10488888888888889
0 0.904 0.4653333333333333 0.192 0.5306666666666666