1 0.025735294117647058 0.6981209150326797 0.04595588235294118 0.0718954248366013
0 0.04503676470588235 0.8298611111111112 0.0900735294117647 0.3402777777777778
1 0.0470281862745098 0.6090686274509803 0.01133578431372549 0.016339869281045753
0 0.04779411764705882 0.6460375816993464 0.032475490196078434 0.09272875816993464
1 0.08118872549019608 0.6088643790849673 0.007352941176470588 0.011029411764705883
0 0.07705269607843138 0.6360294117647058 0.01685049019607843 0.06699346405228758
1 0.0900735294117647 0.6015114379084967 0.014093137254901961 0.01919934640522876
0 0.08639705882352941 0.6625816993464052 0.037377450980392156 0.14460784313725492
1 0.11443014705882353 0.5998774509803921 0.007659313725490196 0.011029411764705883
0 0.11397058823529412 0.6301062091503268 0.020833333333333332 0.07312091503267974
1 0.14154411764705882 0.6072303921568627 0.006740196078431373 0.011029411764705883
0 0.13786764705882354 0.6429738562091504 0.03002450980392157 0.08415032679738563
1 0.1954656862745098 0.5968137254901961 0.00857843137254902 0.011437908496732025
0 0.1956188725490196 0.6286764705882353 0.024816176470588234 0.07761437908496732
1 0.19378063725490197 0.6527777777777778 0.029105392156862746 0.05065359477124183
0 0.2025122549019608 0.7973856209150327 0.0857843137254902 0.3472222222222222
1 0.2568933823529412 0.608251633986928 0.01133578431372549 0.018790849673202614
0 0.25628063725490197 0.6607434640522876 0.035845588235294115 0.12622549019607843
1 0.2780330882352941 0.5900735294117647 0.005208333333333333 0.006127450980392157
0 0.2778799019607843 0.6084558823529411 0.009191176470588236 0.04370915032679738
1 0.28737745098039214 0.6060049019607843 0.007965686274509803 0.011029411764705883
0 0.28232230392156865 0.6323529411764706 0.026041666666666668 0.0661764705882353
1 0.2270220588235294 0.6058006535947712 0.006127450980392157 0.00980392156862745
0 0.2261029411764706 0.6348039215686274 0.015318627450980392 0.06699346405228758
1 0.3170955882352941 0.5955882352941176 0.0055147058823529415 0.008986928104575163
0 0.3180147058823529 0.6180555555555556 0.014093137254901961 0.056372549019607844
1 0.30621936274509803 0.5923202614379085 0.007659313725490196 0.013888888888888888
0 0.3102022058823529 0.6352124183006536 0.018075980392156864 0.10212418300653595
1 0.3011642156862745 0.6092728758169934 0.012867647058823529 0.01919934640522876
0 0.30284926470588236 0.6605392156862745 0.04013480392156863 0.12663398692810457
1 0.34329044117647056 0.5990604575163399 0.006433823529411764 0.010212418300653595
0 0.3463541666666667 0.6270424836601307 0.017463235294117647 0.06862745098039216
1 0.4178921568627451 0.5902777777777778 0.00428921568627451 0.007352941176470588
0 0.4169730392156863 0.6078431372549019 0.011642156862745098 0.04330065359477124
1 0.4263174019607843 0.608047385620915 0.007659313725490196 0.04044117647058824
0 0.4263174019607843 0.608047385620915 0.007659313725490196 0.04044117647058824
1 0.43642769607843135 0.5921160130718954 0.007659313725490196 0.011029411764705883
0 0.43443627450980393 0.6200980392156863 0.012867647058823529 0.07026143790849673
1 0.44316789215686275 0.5912990196078431 0.005208333333333333 0.006944444444444444
0 0.4446997549019608 0.6098856209150327 0.01011029411764706 0.0457516339869281
1 0.45909926470588236 0.5968137254901961 0.006433823529411764 0.012254901960784314
0 0.45894607843137253 0.6219362745098039 0.018995098039215685 0.06413398692810457
1 0.5022977941176471 0.5870098039215687 0.0033700980392156864 0.004901960784313725
0 0.5006127450980392 0.5980392156862745 0.007352941176470588 0.028594771241830064
1 0.5104166666666666 0.5835375816993464 0.0024509803921568627 0.003676470588235294
0 0.5099571078431373 0.5951797385620915 0.007659313725490196 0.027777777777777776
1 0.5237438725490197 0.5868055555555556 0.0033700980392156864 0.004493464052287581
0 0.5237438725490197 0.5996732026143791 0.008884803921568627 0.031862745098039214
1 0.5343137254901961 0.5859885620915033 0.003676470588235294 0.0053104575163398695
0 0.5344669117647058 0.6008986928104575 0.01133578431372549 0.03676470588235294
1 0.5462622549019608 0.5941584967320261 0.006740196078431373 0.00857843137254902
0 0.5448835784313726 0.6241830065359477 0.011948529411764705 0.07434640522875817
1 0.5623468137254902 0.5955882352941176 0.0070465686274509805 0.010620915032679739
0 0.5602022058823529 0.6247957516339869 0.01685049019607843 0.07066993464052287
1 0.6037071078431373 0.5982434640522876 0.005208333333333333 0.00857843137254902
0 0.6049325980392157 0.6233660130718954 0.014399509803921568 0.06045751633986928
1 0.6151960784313726 0.5917075163398693 0.006127450980392157 0.007761437908496732
0 0.6176470588235294 0.6223447712418301 0.014093137254901961 0.07066993464052287
1 0.6346507352941176 0.5921160130718954 0.003982843137254902 0.0053104575163398695
0 0.6354166666666666 0.6062091503267973 0.00857843137254902 0.035130718954248366
1 0.6469056372549019 0.608047385620915 0.0070465686274509805 0.010212418300653595
0 0.6488970588235294 0.6317401960784313 0.01715686274509804 0.06004901960784314
1 0.6741727941176471 0.6078431372549019 0.01133578431372549 0.015522875816993464
0 0.6827512254901961 0.6478758169934641 0.03707107843137255 0.09803921568627451
1 0.6848958333333334 0.6045751633986928 0.006433823529411764 0.008986928104575163
0 0.6870404411764706 0.6325571895424836 0.015625 0.06740196078431372
1 0.7110906862745098 0.602328431372549 0.006127450980392157 0.010212418300653595
0 0.7112438725490197 0.6274509803921569 0.021752450980392156 0.06699346405228758
1 0.727328431372549 0.6033496732026143 0.004901960784313725 0.007352941176470588
0 0.7290134803921569 0.6270424836601307 0.017463235294117647 0.05800653594771242
1 0.7357536764705882 0.5943627450980392 0.006433823529411764 0.008986928104575163
0 0.7365196078431373 0.619281045751634 0.016544117647058824 0.059640522875817
1 0.7536764705882353 0.6043709150326797 0.009191176470588236 0.01511437908496732
0 0.7544424019607843 0.641748366013072 0.018688725490196078 0.0923202614379085
1 0.7954963235294118 0.6029411764705882 0.005821078431372549 0.008986928104575163
0 0.7944240196078431 0.6198937908496732 0.017769607843137254 0.04370915032679738
1 0.8333333333333334 0.6013071895424836 0.006127450980392157 0.00980392156862745
0 0.8337928921568627 0.6360294117647058 0.022365196078431373 0.08169934640522876
1 0.8769914215686274 0.6141748366013072 0.007659313725490196 0.010212418300653595
0 0.8754595588235294 0.641748366013072 0.02420343137254902 0.0727124183006536
1 0.8933823529411765 0.6086601307189542 0.00857843137254902 0.012254901960784314
0 0.8926164215686274 0.6446078431372549 0.027879901960784315 0.0857843137254902
1 0.9169730392156863 0.6072303921568627 0.006740196078431373 0.009395424836601307
0 0.9155943627450981 0.6309232026143791 0.021752450980392156 0.06658496732026144
1 0.9358149509803921 0.613562091503268 0.007659313725490196 0.010620915032679739
0 0.9333639705882353 0.641748366013072 0.015012254901960785 0.06944444444444445
1 0.9436274509803921 0.6160130718954249 0.006740196078431373 0.010620915032679739
0 0.9433210784313726 0.6458333333333334 0.011029411764705883 0.0727124183006536
1 0.9522058823529411 0.6166258169934641 0.007352941176470588 0.010212418300653595
0 0.9540441176470589 0.6435866013071896 0.014093137254901961 0.06658496732026144
1 0.9640012254901961 0.6143790849673203 0.005821078431372549 0.010620915032679739
0 0.9658394607843137 0.6421568627450981 0.015012254901960785 0.0727124183006536
1 0.9774816176470589 0.6174428104575164 0.006433823529411764 0.010212418300653595
0 0.9785539215686274 0.6444035947712419 0.014093137254901961 0.06740196078431372
1 0.9935661764705882 0.6145833333333334 0.006740196078431373 0.009395424836601307
0 0.9931066176470589 0.6435866013071896 0.011948529411764705 0.07066993464052287
1 0.9872855392156863 0.6186683006535948 0.004595588235294118 0.006944444444444444
0 0.9857536764705882 0.6450163398692811 0.011948529411764705 0.06454248366013073
1 0.921109068627451 0.6742238562091504 0.03952205882352941 0.0690359477124183
0 0.9019607843137255 0.8188316993464052 0.10723039215686274 0.36233660130718953
1 0.8082107843137255 0.6013071895424836 0.016544117647058824 0.027777777777777776
0 0.811734068627451 0.6895424836601307 0.05912990196078431 0.20588235294117646
1 0.7693014705882353 0.6325571895424836 0.014705882352941176 0.026552287581699346
0 0.7651654411764706 0.7032271241830066 0.04197303921568627 0.17279411764705882
1 0.7045036764705882 0.6162173202614379 0.007659313725490196 0.013480392156862746
0 0.7055759803921569 0.6582924836601307 0.02389705882352941 0.10416666666666667
1 0.6588541666666666 0.6603349673202614 0.029105392156862746 0.05024509803921569
0 0.6619178921568627 0.8016748366013072 0.08854166666666667 0.33374183006535946
1 0.5191482843137255 0.630718954248366 0.018688725490196078 0.03104575163398693
0 0.5191482843137255 0.7328431372549019 0.05361519607843137 0.238562091503268
1 0.48514093137254904 0.6092728758169934 0.022365196078431373 0.03880718954248366
0 0.47089460784313725 0.7218137254901961 0.05514705882352941 0.2704248366013072
1 0.4424019607843137 0.6305147058823529 0.012254901960784314 0.024918300653594773
0 0.43949142156862747 0.6862745098039216 0.036458333333333336 0.1454248366013072
1 0.4407169117647059 0.6701388888888888 0.014399509803921568 0.02246732026143791
0 0.43581495098039214 0.7226307189542484 0.03768382352941176 0.1315359477124183
1 0.39859068627450983 0.6184640522875817 0.017769607843137254 0.02287581699346405
0 0.4059436274509804 0.6979166666666666 0.04044117647058824 0.18178104575163398
1 0.3723958333333333 0.6011029411764706 0.015625 0.027369281045751634
0 0.3772977941176471 0.6870915032679739 0.06709558823529412 0.2034313725490196