1 0.35 0.6103752759381899 0.025 0.04194260485651214
0 0.35390625 0.7362030905077263 0.0953125 0.30242825607064017
1 0.49609375 0.6114790286975718 0.0265625 0.039735099337748346
0 0.4875 0.7384105960264901 0.09375 0.30242825607064017
1 0.55703125 0.6291390728476821 0.0296875 0.04856512141280353
0 0.55625 0.7560706401766004 0.09375 0.31567328918322296
1 0.66171875 0.67439293598234 0.0171875 0.02869757174392936
0 0.65703125 0.7339955849889624 0.0546875 0.16114790286975716
1 0.64609375 0.5960264900662252 0.0234375 0.03532008830022075
0 0.646875 0.6832229580573952 0.053125 0.2185430463576159
1 0.65390625 0.5816777041942605 0.0109375 0.019867549668874173
0 0.646875 0.6600441501103753 0.0375 0.19426048565121412
1 0.69453125 0.5894039735099338 0.0140625 0.02207505518763797
0 0.68984375 0.6467991169977925 0.0359375 0.1456953642384106
1 0.740625 0.5860927152317881 0.01875 0.024282560706401765
0 0.740625 0.6622516556291391 0.040625 0.18543046357615894
1 0.76640625 0.5783664459161147 0.0203125 0.026490066225165563
0 0.7671875 0.67439293598234 0.05625 0.23178807947019867
1 0.8375 0.5783664459161147 0.021875 0.03532008830022075
0 0.83359375 0.6843267108167771 0.0640625 0.2560706401766004
1 0.88828125 0.5816777041942605 0.0203125 0.033112582781456956
0 0.88828125 0.6810154525386314 0.0578125 0.24061810154525387
1 0.93828125 0.5706401766004415 0.0203125 0.02869757174392936
0 0.94375 0.6666666666666666 0.065625 0.22958057395143489
1 0.97265625 0.5805739514348786 0.0171875 0.052980132450331126
0 0.97265625 0.5805739514348786 0.0171875 0.052980132450331126
1 0.96640625 0.5607064017660044 0.0046875 0.008830022075055188
0 0.965625 0.5772626931567328 0.015625 0.05518763796909492
1 0.95859375 0.5816777041942605 0.0140625 0.05518763796909492
0 0.95859375 0.5816777041942605 0.0140625 0.05518763796909492
1 0.86328125 0.5717439293598234 0.0109375 0.017660044150110375
0 0.8625 0.5982339955849889 0.01875 0.07505518763796909
1 0.85234375 0.5640176600441501 0.0078125 0.011037527593818985
0 0.85234375 0.5860927152317881 0.0171875 0.0640176600441501
1 0.81640625 0.5739514348785872 0.0109375 0.017660044150110375
0 0.815625 0.5916114790286976 0.01875 0.06181015452538632
1 0.82890625 0.5883002207505519 0.0171875 0.059602649006622516
0 0.82890625 0.5883002207505519 0.0171875 0.059602649006622516
1 0.821875 0.5849889624724062 0.01875 0.026490066225165563
0 0.81953125 0.673289183222958 0.0515625 0.2119205298013245
1 0.84765625 0.6048565121412803 0.0140625 0.026490066225165563
0 0.85078125 0.6777041942604857 0.0390625 0.17660044150110377
1 0.79296875 0.5684326710816777 0.0078125 0.011037527593818985
0 0.79375 0.5982339955849889 0.01875 0.07505518763796909
1 0.71640625 0.5860927152317881 0.0078125 0.011037527593818985
0 0.71171875 0.6026490066225165 0.0171875 0.05739514348785872
1 0.5640625 0.5772626931567328 0.009375 0.011037527593818985
0 0.56171875 0.5927152317880795 0.0140625 0.05077262693156733
1 0.56953125 0.5827814569536424 0.0078125 0.013245033112582781
0 0.56953125 0.5993377483443708 0.0140625 0.05518763796909492
1 0.47265625 0.58719646799117 0.0203125 0.03532008830022075
0 0.471875 0.6964679911699779 0.053125 0.2582781456953642
1 0.51875 0.5838852097130243 0.015625 0.019867549668874173
0 0.51796875 0.6666666666666666 0.0359375 0.19426048565121412
1 0.77890625 0.5860927152317881 0.0140625 0.024282560706401765
0 0.77734375 0.6622516556291391 0.0421875 0.18543046357615894
1 0.92265625 0.5894039735099338 0.0171875 0.03090507726269316
0 0.91953125 0.6677704194260485 0.0484375 0.19646799116997793