1 0.3550469483568075 0.6583333333333333 0.008215962441314555 0.016666666666666666
0 0.3485915492957746 0.725 0.03755868544600939 0.15416666666666667
1 0.5528169014084507 0.6364583333333333 0.009389671361502348 0.01875
0 0.5487089201877934 0.684375 0.022300469483568074 0.11875
1 0.5616197183098591 0.6375 0.008215962441314555 0.016666666666666666
0 0.5610328638497653 0.6864583333333333 0.028169014084507043 0.12291666666666666
1 0.5915492957746479 0.6302083333333334 0.011737089201877934 0.01875
0 0.590962441314554 0.6927083333333334 0.029342723004694836 0.14375
1 0.6126760563380281 0.6489583333333333 0.009389671361502348 0.014583333333333334
0 0.6173708920187794 0.7083333333333334 0.03990610328638498 0.14166666666666666
1 0.6314553990610329 0.6416666666666667 0.007042253521126761 0.016666666666666666
0 0.630868544600939 0.6864583333333333 0.022300469483568074 0.11458333333333333
1 0.6514084507042254 0.6489583333333333 0.007042253521126761 0.014583333333333334
0 0.6502347417840375 0.6895833333333333 0.018779342723004695 0.1
1 0.6602112676056338 0.6427083333333333 0.005868544600938967 0.010416666666666666
0 0.6607981220657277 0.678125 0.01643192488262911 0.08958333333333333
1 0.6754694835680751 0.6479166666666667 0.005868544600938967 0.0125
0 0.676056338028169 0.6822916666666666 0.02112676056338028 0.08541666666666667
1 0.6901408450704225 0.6385416666666667 0.007042253521126761 0.010416666666666666
0 0.6919014084507042 0.6666666666666666 0.017605633802816902 0.07083333333333333
1 0.7646713615023474 0.6416666666666667 0.01056338028169014 0.020833333333333332
0 0.7664319248826291 0.690625 0.028169014084507043 0.12291666666666666
1 0.7605633802816901 0.6385416666666667 0.007042253521126761 0.014583333333333334
0 0.7588028169014085 0.6583333333333333 0.01056338028169014 0.058333333333333334
1 0.7863849765258216 0.6510416666666666 0.009389671361502348 0.01875
0 0.7904929577464789 0.6979166666666666 0.03169014084507042 0.11666666666666667
1 0.8309859154929577 0.6479166666666667 0.007042253521126761 0.0125
0 0.8321596244131455 0.6822916666666666 0.01643192488262911 0.08541666666666667
1 0.8738262910798122 0.646875 0.005868544600938967 0.010416666666666666
0 0.8714788732394366 0.6760416666666667 0.01995305164319249 0.07708333333333334
1 0.95481220657277 0.653125 0.008215962441314555 0.014583333333333334
0 0.9518779342723005 0.6927083333333334 0.023474178403755867 0.09791666666666667
1 0.8890845070422535 0.690625 0.022300469483568074 0.03958333333333333
0 0.892018779342723 0.8020833333333334 0.06572769953051644 0.2708333333333333
1 0.9154929577464789 0.6697916666666667 0.03755868544600939 0.05625
0 0.9166666666666666 0.81875 0.11032863849765258 0.3625
1 0.9677230046948356 0.6729166666666667 0.01056338028169014 0.020833333333333332
0 0.9624413145539906 0.7385416666666667 0.03286384976525822 0.15625
1 0.9917840375586855 0.6947916666666667 0.01643192488262911 0.03958333333333333
0 0.9800469483568075 0.8364583333333333 0.03990610328638498 0.32708333333333334
1 0.8380281690140845 0.6479166666666667 0.007042253521126761 0.0125
0 0.8386150234741784 0.671875 0.015258215962441314 0.06458333333333334
1 0.8538732394366197 0.6447916666666667 0.005868544600938967 0.010416666666666666
0 0.8550469483568075 0.6770833333333334 0.017605633802816902 0.07916666666666666