1 0.13666666666666666 0.7326139088729017 0.20666666666666667 0.36211031175059955
0 0.19 0.7721822541966427 0.38 0.4556354916067146
1 0.1325 0.2517985611510791 0.145 0.2973621103117506
0 0.17083333333333334 0.5467625899280576 0.3416666666666667 0.9064748201438849
1 0.31583333333333335 0.3980815347721823 0.16166666666666665 0.2973621103117506
0 0.32666666666666666 0.617505995203837 0.38333333333333336 0.7649880095923262
1 0.4741666666666667 0.34172661870503596 0.13166666666666665 0.2709832134292566
0 0.4725 0.5911270983213429 0.31833333333333336 0.8177458033573142
1 0.5833333333333334 0.16546762589928057 0.15666666666666668 0.28776978417266186
0 0.6008333333333333 0.5095923261390888 0.375 0.9808153477218226
1 0.6541666666666667 0.4952038369304556 0.17166666666666666 0.27577937649880097
0 0.6525 0.6726618705035972 0.3416666666666667 0.6546762589928058
1 0.7158333333333333 0.28776978417266186 0.14833333333333334 0.2637889688249401
0 0.7258333333333333 0.5731414868105515 0.27166666666666667 0.8537170263788969
1 0.91 0.20863309352517986 0.16 0.2637889688249401
0 0.8866666666666667 0.5323741007194245 0.22666666666666666 0.935251798561151
1 0.8075 0.4172661870503597 0.18166666666666667 0.3213429256594724
0 0.8091666666666667 0.6127098321342925 0.38166666666666665 0.7745803357314148
1 0.5841666666666666 0.6870503597122302 0.20833333333333334 0.37170263788968827
0 0.5991666666666666 0.7398081534772182 0.6016666666666667 0.5203836930455635
1 0.05416666666666667 0.3932853717026379 0.10833333333333334 0.2446043165467626
0 0.14916666666666667 0.6282973621103117 0.29833333333333334 0.7434052757793765