1 0.88 0.3591666666666667 0.13555555555555557 0.225
0 0.855 0.6108333333333333 0.29 0.7783333333333333
1 0.5983333333333334 0.36 0.10777777777777778 0.21333333333333335
0 0.5422222222222223 0.6233333333333333 0.39555555555555555 0.7533333333333333
1 0.3238888888888889 0.20416666666666666 0.13 0.22166666666666668
0 0.3416666666666667 0.5441666666666667 0.25666666666666665 0.9116666666666666
1 0.17 0.30916666666666665 0.08888888888888889 0.15833333333333333
0 0.14055555555555554 0.6075 0.23222222222222222 0.785
1 0.7011111111111111 0.3825 0.08222222222222222 0.165
0 0.7272222222222222 0.6408333333333334 0.16111111111111112 0.7183333333333334
1 0.73 0.3125 0.03333333333333333 0.06833333333333333
0 0.7327777777777778 0.6083333333333333 0.14333333333333334 0.6733333333333333
1 0.03 0.3875 0.06 0.125
0 0.08333333333333333 0.6608333333333334 0.16666666666666666 0.6783333333333333