1 0.8607142857142858 0.518140589569161 0.041428571428571426 0.07482993197278912
0 0.865 0.7006802721088435 0.10428571428571429 0.4399092970521542
1 0.8157142857142857 0.46258503401360546 0.03428571428571429 0.06349206349206349
0 0.8185714285714286 0.6564625850340136 0.07142857142857142 0.4603174603174603
1 0.7721428571428571 0.5249433106575964 0.03857142857142857 0.07482993197278912
0 0.7857142857142857 0.7097505668934241 0.10571428571428572 0.4489795918367347
1 0.7278571428571429 0.47165532879818595 0.03571428571428571 0.06349206349206349
0 0.7285714285714285 0.6666666666666666 0.08571428571428572 0.46258503401360546
1 0.705 0.5317460317460317 0.03571428571428571 0.07936507936507936
0 0.6985714285714286 0.7142857142857143 0.10285714285714286 0.45351473922902497
1 0.6007142857142858 0.5374149659863946 0.03857142857142857 0.07256235827664399
0 0.6064285714285714 0.7267573696145124 0.09285714285714286 0.4603174603174603
1 0.6557142857142857 0.47278911564625853 0.03428571428571429 0.06575963718820861
0 0.6585714285714286 0.6643990929705216 0.08 0.4580498866213152
1 0.585 0.48072562358276644 0.03 0.06349206349206349
0 0.5942857142857143 0.673469387755102 0.08571428571428572 0.4580498866213152
1 0.5057142857142857 0.4376417233560091 0.04 0.07709750566893424
0 0.5092857142857142 0.6530612244897959 0.11285714285714285 0.5170068027210885
1 0.5114285714285715 0.5510204081632653 0.04 0.07709750566893424
0 0.5064285714285715 0.7369614512471655 0.09571428571428571 0.4580498866213152
1 0.42428571428571427 0.54421768707483 0.037142857142857144 0.07709750566893424
0 0.4157142857142857 0.7392290249433107 0.09714285714285714 0.47165532879818595
1 0.42642857142857143 0.48072562358276644 0.03571428571428571 0.06802721088435375
0 0.42428571428571427 0.6768707482993197 0.07714285714285714 0.46938775510204084
1 0.35214285714285715 0.47392290249433106 0.03857142857142857 0.07709750566893424
0 0.3507142857142857 0.6859410430839002 0.10142857142857142 0.5192743764172335
1 0.2735714285714286 0.4886621315192744 0.03857142857142857 0.07482993197278912
0 0.2642857142857143 0.7074829931972789 0.09714285714285714 0.5170068027210885
1 0.18071428571428572 0.4614512471655329 0.041428571428571426 0.08390022675736962
0 0.16714285714285715 0.7086167800453514 0.10857142857142857 0.5827664399092971