1 0.37786458333333334 0.8157657657657658 0.05364583333333333 0.0981981981981982
0 0.39765625 0.8608108108108108 0.09947916666666666 0.27837837837837837
1 0.24375 0.8572072072072072 0.052083333333333336 0.09099099099099099
0 0.3106770833333333 0.8932432432432432 0.2203125 0.21351351351351353
1 0.484375 0.5144144144144144 0.025 0.04144144144144144
0 0.4861979166666667 0.5657657657657658 0.0796875 0.1981981981981982
1 0.5955729166666667 0.5036036036036036 0.022395833333333334 0.04864864864864865
0 0.5963541666666666 0.5554054054054054 0.07604166666666666 0.17207207207207206
1 0.6502604166666667 0.4873873873873874 0.0203125 0.043243243243243246
0 0.6536458333333334 0.5445945945945946 0.065625 0.17387387387387387
1 0.8096354166666667 0.3261261261261261 0.0067708333333333336 0.014414414414414415
0 0.8151041666666666 0.35405405405405405 0.025 0.07567567567567568
1 0.9213541666666667 0.41846846846846847 0.013541666666666667 0.026126126126126126
0 0.92578125 0.4472972972972973 0.043229166666666666 0.09099099099099099
1 0.8658854166666666 0.29864864864864865 0.0036458333333333334 0.006306306306306306
0 0.86328125 0.31801801801801804 0.013020833333333334 0.04864864864864865
1 0.7510416666666667 0.31486486486486487 0.004166666666666667 0.008108108108108109
0 0.7497395833333333 0.3342342342342342 0.011979166666666667 0.05045045045045045
1 0.6770833333333334 0.35135135135135137 0.005208333333333333 0.009009009009009009
0 0.6713541666666667 0.36261261261261263 0.019791666666666666 0.03513513513513514
1 0.6057291666666667 0.34234234234234234 0.005208333333333333 0.010810810810810811
0 0.60546875 0.36486486486486486 0.0140625 0.05945945945945946
1 0.5513020833333333 0.3310810810810811 0.0036458333333333334 0.008108108108108109
0 0.5494791666666666 0.3599099099099099 0.013541666666666667 0.06936936936936937
1 0.4401041666666667 0.39414414414414417 0.009375 0.015315315315315315
0 0.4354166666666667 0.42477477477477477 0.026041666666666668 0.08018018018018018
1 0.42291666666666666 0.39414414414414417 0.009375 0.015315315315315315
0 0.4171875 0.42702702702702705 0.03229166666666667 0.08468468468468468
1 0.38203125 0.36261261261261263 0.011979166666666667 0.01891891891891892
0 0.3770833333333333 0.4355855855855856 0.03854166666666667 0.16846846846846847
1 0.3703125 0.3572072072072072 0.011458333333333333 0.02072072072072072
0 0.37161458333333336 0.43243243243243246 0.0421875 0.17657657657657658
1 0.2791666666666667 0.45585585585585586 0.028125 0.06486486486486487
0 0.2791666666666667 0.45585585585585586 0.028125 0.06486486486486487
1 0.2559895833333333 0.43783783783783786 0.008854166666666666 0.018018018018018018
0 0.25234375 0.4743243243243243 0.0359375 0.0981981981981982
1 0.21901041666666668 0.440990990990991 0.009895833333333333 0.017117117117117116
0 0.21927083333333333 0.4810810810810811 0.046875 0.10990990990990991
1 0.21302083333333333 0.3927927927927928 0.009375 0.016216216216216217
0 0.21536458333333333 0.43198198198198196 0.0203125 0.1
1 0.19713541666666667 0.3864864864864865 0.0078125 0.016216216216216217
0 0.19739583333333333 0.4315315315315315 0.01875 0.11351351351351352
1 0.15338541666666666 0.3869369369369369 0.005729166666666666 0.00990990990990991
0 0.15494791666666666 0.41396396396396395 0.0171875 0.06756756756756757
1 0.14088541666666668 0.3891891891891892 0.005729166666666666 0.009009009009009009
0 0.14166666666666666 0.41486486486486485 0.01875 0.06756756756756757
1 0.12369791666666667 0.3945945945945946 0.005729166666666666 0.010810810810810811
0 0.12526041666666668 0.4207207207207207 0.0203125 0.07027027027027027
1 0.29453125 0.36396396396396397 0.0067708333333333336 0.012612612612612612
0 0.29244791666666664 0.39774774774774774 0.025520833333333333 0.08738738738738738
1 0.34036458333333336 0.36171171171171174 0.0046875 0.00990990990990991
0 0.34140625 0.3869369369369369 0.015104166666666667 0.06396396396396396