1 0.11054421768707483 0.24107142857142858 0.04421768707482993 0.09693877551020408
0 0.0977891156462585 0.5427295918367347 0.1292517006802721 0.7130102040816326
1 0.22406462585034015 0.22767857142857142 0.0467687074829932 0.09311224489795919
0 0.2266156462585034 0.5389030612244898 0.13520408163265307 0.7181122448979592
1 0.3673469387755102 0.29464285714285715 0.047619047619047616 0.08928571428571429
0 0.36522108843537415 0.5676020408163265 0.125 0.6428571428571429
1 0.47151360544217685 0.26658163265306123 0.036564625850340135 0.07908163265306123
0 0.4732142857142857 0.5274234693877551 0.11479591836734694 0.6211734693877551
1 0.5667517006802721 0.2914540816326531 0.03486394557823129 0.0778061224489796
0 0.5654761904761905 0.5414540816326531 0.1054421768707483 0.5905612244897959
1 0.66921768707483 0.2538265306122449 0.04081632653061224 0.07653061224489796
0 0.6666666666666666 0.5242346938775511 0.10884353741496598 0.625
1 0.7746598639455783 0.24808673469387754 0.04421768707482993 0.09056122448979592
0 0.7742346938775511 0.5051020408163265 0.12329931972789115 0.6071428571428571
1 0.8907312925170068 0.26339285714285715 0.04846938775510204 0.0778061224489796
0 0.891156462585034 0.5516581632653061 0.1326530612244898 0.6594387755102041
1 0.28401360544217685 0.47767857142857145 0.05442176870748299 0.10841836734693877
0 0.2857142857142857 0.7104591836734694 0.25 0.5790816326530612
1 0.42517006802721086 0.4987244897959184 0.04251700680272109 0.09948979591836735
0 0.4272959183673469 0.7053571428571429 0.13520408163265307 0.5229591836734694
1 0.54421768707483 0.46237244897959184 0.05272108843537415 0.09821428571428571
0 0.5395408163265306 0.6919642857142857 0.1130952380952381 0.5599489795918368
1 0.6539115646258503 0.4764030612244898 0.04591836734693878 0.09566326530612244
0 0.6764455782312925 0.6989795918367347 0.15731292517006804 0.5510204081632653
1 0.8409863945578231 0.4642857142857143 0.05442176870748299 0.09693877551020408
0 0.8346088435374149 0.6855867346938775 0.18962585034013604 0.5650510204081632