1 0.72 0.5205555555555555 0.03333333333333333 0.04777777777777778
0 0.7241666666666666 0.6188888888888889 0.11833333333333333 0.24888888888888888
1 0.8358333333333333 0.5122222222222222 0.03166666666666667 0.04888888888888889
0 0.8291666666666667 0.6222222222222222 0.08666666666666667 0.2733333333333333
1 0.925 0.5233333333333333 0.035 0.051111111111111114
0 0.9279166666666666 0.6383333333333333 0.1075 0.28555555555555556
1 0.46125 0.5394444444444444 0.035833333333333335 0.05
0 0.5133333333333333 0.6222222222222222 0.16833333333333333 0.21777777777777776
1 0.4141666666666667 0.5411111111111111 0.035 0.06
0 0.44166666666666665 0.6522222222222223 0.11833333333333333 0.29333333333333333
1 0.38666666666666666 0.5238888888888888 0.04833333333333333 0.06777777777777778
0 0.39708333333333334 0.6561111111111111 0.16916666666666666 0.3411111111111111
1 0.29041666666666666 0.59 0.05583333333333333 0.08444444444444445
0 0.29333333333333333 0.7044444444444444 0.12 0.31555555555555553
1 0.19125 0.6188888888888889 0.0725 0.10222222222222223
0 0.1575 0.7816666666666666 0.21166666666666667 0.43444444444444447
1 0.34208333333333335 0.7388888888888889 0.11916666666666667 0.17333333333333334
0 0.32916666666666666 0.8244444444444444 0.2866666666666667 0.3511111111111111
1 0.68875 0.8927777777777778 0.17416666666666666 0.21444444444444444
0 0.6770833333333334 0.8872222222222222 0.4058333333333333 0.22555555555555556