1 0.944375 0.8566666666666667 0.04375 0.06333333333333334
0 0.9375 0.91 0.125 0.18
1 0.695625 0.8366666666666667 0.01875 0.03
0 0.69625 0.91 0.0575 0.18
1 0.696875 0.8383333333333334 0.01875 0.02666666666666667
0 0.699375 0.9066666666666666 0.04625 0.17333333333333334
1 0.735 0.8225 0.0175 0.025
0 0.736875 0.88 0.04125 0.14333333333333334
1 0.75625 0.8166666666666667 0.015 0.02
0 0.761875 0.8733333333333333 0.03875 0.13666666666666666
1 0.83375 0.8175 0.0125 0.018333333333333333
0 0.839375 0.86 0.04125 0.11333333333333333
1 0.850625 0.8133333333333334 0.01375 0.02
0 0.85625 0.8608333333333333 0.0325 0.12166666666666667
1 0.899375 0.805 0.01125 0.016666666666666666
0 0.901875 0.8458333333333333 0.02875 0.105
1 0.92625 0.8175 0.01 0.015
0 0.92875 0.8516666666666667 0.0275 0.09
1 0.94625 0.8175 0.01 0.015
0 0.949375 0.8533333333333334 0.02875 0.09333333333333334
1 0.97625 0.8041666666666667 0.01 0.011666666666666667
0 0.973125 0.84 0.03125 0.09
1 0.81 0.8083333333333333 0.01 0.013333333333333334
0 0.808125 0.85 0.02625 0.10333333333333333
1 0.704375 0.805 0.01125 0.016666666666666666
0 0.705 0.8466666666666667 0.0325 0.10666666666666667
1 0.649375 0.8266666666666667 0.01375 0.02
0 0.6525 0.88 0.04 0.13666666666666666
1 0.620625 0.8433333333333334 0.01875 0.03333333333333333
0 0.609375 0.9166666666666666 0.06375 0.16666666666666666
1 0.50375 0.8375 0.0275 0.03833333333333333
0 0.4925 0.9075 0.0675 0.185
1 0.51 0.8333333333333334 0.0225 0.03666666666666667
0 0.51625 0.9041666666666667 0.06 0.19166666666666668
1 0.471875 0.8391666666666666 0.02125 0.028333333333333332
0 0.47375 0.9116666666666666 0.05 0.17666666666666667
1 0.423125 0.81 0.02125 0.03666666666666667
0 0.414375 0.895 0.04125 0.21
1 0.38125 0.835 0.015 0.023333333333333334
0 0.36875 0.9075 0.0525 0.175
1 0.385625 0.8116666666666666 0.02125 0.03
0 0.388125 0.8883333333333333 0.03375 0.19
1 0.326875 0.8283333333333334 0.01375 0.023333333333333334
0 0.326875 0.8816666666666667 0.04625 0.14
1 0.25875 0.82 0.0175 0.02666666666666667
0 0.255625 0.8925 0.04125 0.17833333333333334
1 0.27625 0.815 0.0175 0.023333333333333334
0 0.2675 0.8758333333333334 0.0425 0.14833333333333334
1 0.11875 0.8483333333333334 0.0275 0.03666666666666667
0 0.10875 0.9125 0.065 0.175
1 0.1175 0.8141666666666667 0.0125 0.018333333333333333
0 0.116875 0.8541666666666666 0.03375 0.105
1 0.1575 0.825 0.0075 0.01
0 0.15375 0.8641666666666666 0.035 0.11833333333333333
1 0.0525 0.8283333333333334 0.0175 0.02666666666666667
0 0.045625 0.9008333333333334 0.05625 0.17833333333333334
1 0.5525 0.8366666666666667 0.0175 0.023333333333333334
0 0.55 0.9066666666666666 0.0325 0.17
1 0.571875 0.835 0.01875 0.03
0 0.57375 0.9091666666666667 0.0425 0.18166666666666667
1 0.5575 0.8183333333333334 0.0175 0.02666666666666667
0 0.55875 0.8883333333333333 0.0425 0.17
1 0.595625 0.8283333333333334 0.01375 0.023333333333333334
0 0.59625 0.89 0.035 0.15333333333333332
1 0.60875 0.8308333333333333 0.0175 0.025
0 0.6125 0.8916666666666667 0.035 0.15333333333333332
1 0.620625 0.8466666666666667 0.01875 0.02666666666666667
0 0.630625 0.9116666666666666 0.05375 0.17666666666666667
1 0.84125 0.8075 0.01 0.015
0 0.841875 0.8491666666666666 0.02875 0.11166666666666666
1 0.97875 0.9125 0.0425 0.175
0 0.97875 0.9125 0.0425 0.175
1 0.27625 0.8166666666666667 0.015 0.023333333333333334
0 0.28 0.8758333333333334 0.035 0.145