1 0.33641975308641975 0.5389178240740741 0.019675925925925927 0.03616898148148148
0 0.32841435185185186 0.6550925925925926 0.0785108024691358 0.27314814814814814
1 0.38657407407407407 0.5457175925925926 0.020061728395061727 0.036458333333333336
0 0.38329475308641975 0.6572627314814815 0.048996913580246916 0.26417824074074076
1 0.4331597222222222 0.5295138888888888 0.02025462962962963 0.03993055555555555
0 0.45109953703703703 0.6482928240740741 0.07388117283950617 0.28096064814814814
1 0.2913773148148148 0.5065104166666666 0.02025462962962963 0.03674768518518518
0 0.29465663580246915 0.6203703703703703 0.05960648148148148 0.27314814814814814
1 0.3210841049382716 0.4730902777777778 0.020640432098765434 0.04224537037037037
0 0.3201195987654321 0.5840567129629629 0.05767746913580247 0.26707175925925924
1 0.37336033950617287 0.4353298611111111 0.02025462962962963 0.037905092592592594
0 0.3716242283950617 0.5496238425925926 0.06114969135802469 0.26938657407407407
1 0.43441358024691357 0.42983217592592593 0.019675925925925927 0.03674768518518518
0 0.43373842592592593 0.5473090277777778 0.06847993827160494 0.27806712962962965
1 0.47781635802469136 0.4487847222222222 0.018518518518518517 0.03530092592592592
0 0.47588734567901236 0.5575810185185185 0.05439814814814815 0.25636574074074076
1 0.511670524691358 0.44936342592592593 0.016396604938271605 0.032407407407407406
0 0.5155285493827161 0.5554108796296297 0.055748456790123455 0.25202546296296297
1 0.38348765432098764 0.4894386574074074 0.016975308641975308 0.033854166666666664
0 0.38233024691358025 0.5930266203703703 0.052083333333333336 0.24971064814814814
1 0.4339313271604938 0.47251157407407407 0.019483024691358024 0.03414351851851852
0 0.43441358024691357 0.5830439814814815 0.047839506172839504 0.26157407407407407
1 0.5007716049382716 0.49189814814814814 0.021219135802469136 0.04050925925925926
0 0.5026041666666666 0.6105324074074074 0.05652006172839506 0.2806712962962963
1 0.5300925925925926 0.4822048611111111 0.017746913580246913 0.03211805555555555
0 0.5295138888888888 0.5882523148148148 0.04938271604938271 0.2494212962962963
1 0.5601851851851852 0.4597800925925926 0.019675925925925927 0.037037037037037035
0 0.5629822530864198 0.5707465277777778 0.05459104938271605 0.2664930555555556
1 0.6040702160493827 0.45891203703703703 0.017554012345679014 0.03587962962962963
0 0.6037808641975309 0.5690104166666666 0.05401234567901234 0.2589699074074074
1 0.6222029320987654 0.5108506944444444 0.017939814814814815 0.03616898148148148
0 0.6247106481481481 0.6119791666666666 0.052662037037037035 0.24131944444444445
1 0.6484375 0.4496527777777778 0.01986882716049383 0.03819444444444445
0 0.6482445987654321 0.55859375 0.05459104938271605 0.2601273148148148
1 0.6752507716049383 0.4717881944444444 0.019097222222222224 0.03616898148148148
0 0.683641975308642 0.5886863425925926 0.07291666666666667 0.27748842592592593
1 0.5532407407407407 0.5422453703703703 0.019290123456790122 0.03819444444444445
0 0.5436921296296297 0.6474247685185185 0.06925154320987655 0.25318287037037035