1 0.2535377358490566 0.7196029776674938 0.10141509433962265 0.1687344913151365
0 0.27712264150943394 0.6191066997518611 0.17452830188679244 0.7617866004962779
1 0.294811320754717 0.37220843672456577 0.06132075471698113 0.13895781637717122
0 0.29952830188679247 0.6464019851116626 0.2641509433962264 0.707196029776675
1 0.4882075471698113 0.4317617866004963 0.07075471698113207 0.1488833746898263
0 0.46462264150943394 0.5210918114143921 0.2240566037735849 0.9578163771712159
1 0.5235849056603774 0.7791563275434243 0.0589622641509434 0.12406947890818859
0 0.4964622641509434 0.8461538461538461 0.15330188679245282 0.3076923076923077
1 0.6356132075471698 0.8523573200992556 0.11084905660377359 0.2456575682382134
0 0.5866745283018868 0.8548387096774194 0.35023584905660377 0.2903225806451613
1 0.7429245283018868 0.749379652605459 0.08962264150943396 0.1687344913151365
0 0.6869103773584906 0.826302729528536 0.23231132075471697 0.34739454094292804
1 0.9115566037735849 0.8622828784119106 0.0589622641509434 0.11662531017369727
0 0.9292452830188679 0.8895781637717122 0.1391509433962264 0.22084367245657568