1 0.06748826291079812 0.490625 0.017605633802816902 0.07708333333333334
0 0.06748826291079812 0.490625 0.017605633802816902 0.07708333333333334
1 0.012910798122065728 0.4666666666666667 0.011737089201877934 0.020833333333333332
0 0.015258215962441314 0.515625 0.03051643192488263 0.12708333333333333
1 0.04636150234741784 0.4583333333333333 0.01056338028169014 0.016666666666666666
0 0.04518779342723005 0.5125 0.03403755868544601 0.13333333333333333
1 0.04636150234741784 0.49583333333333335 0.02699530516431925 0.041666666666666664
0 0.04401408450704225 0.621875 0.04812206572769953 0.3020833333333333
1 0.0357981220657277 0.5229166666666667 0.03403755868544601 0.04583333333333333
0 0.03051643192488263 0.6708333333333333 0.0539906103286385 0.35
1 0.051643192488262914 0.5916666666666667 0.046948356807511735 0.1
0 0.06044600938967136 0.765625 0.12089201877934272 0.46875
1 0.10211267605633803 0.48541666666666666 0.025821596244131457 0.041666666666666664
0 0.0903755868544601 0.6166666666666667 0.06103286384976526 0.30833333333333335
1 0.125 0.478125 0.012910798122065728 0.022916666666666665
0 0.12206572769953052 0.5333333333333333 0.03286384976525822 0.14583333333333334
1 0.1238262910798122 0.55 0.02699530516431925 0.04583333333333333
0 0.12441314553990611 0.6927083333333334 0.06338028169014084 0.34791666666666665
1 0.13086854460093897 0.6895833333333333 0.062206572769953054 0.0875
0 0.11795774647887323 0.8197916666666667 0.1772300469483568 0.36041666666666666
1 0.18016431924882628 0.6291666666666667 0.03169014084507042 0.05416666666666667
0 0.18309859154929578 0.765625 0.07511737089201878 0.34375
1 0.1983568075117371 0.5416666666666666 0.035211267605633804 0.0625
0 0.20187793427230047 0.6927083333333334 0.12910798122065728 0.36875
1 0.15434272300469484 0.5010416666666667 0.01995305164319249 0.035416666666666666
0 0.1637323943661972 0.584375 0.062206572769953054 0.20625
1 0.18309859154929578 0.46145833333333336 0.014084507042253521 0.027083333333333334
0 0.18192488262910797 0.5197916666666667 0.035211267605633804 0.15208333333333332
1 0.2177230046948357 0.465625 0.017605633802816902 0.03125
0 0.21830985915492956 0.546875 0.04225352112676056 0.19791666666666666
1 0.22593896713615025 0.5083333333333333 0.01995305164319249 0.041666666666666664
0 0.2153755868544601 0.6072916666666667 0.0528169014084507 0.24375
1 0.267018779342723 0.471875 0.012910798122065728 0.022916666666666665
0 0.2699530516431925 0.534375 0.04460093896713615 0.16041666666666668
1 0.272887323943662 0.525 0.02464788732394366 0.04583333333333333
0 0.25704225352112675 0.6354166666666666 0.09389671361502347 0.2833333333333333
1 0.2875586854460094 0.5072916666666667 0.018779342723004695 0.03958333333333333
0 0.2822769953051643 0.59375 0.06690140845070422 0.23333333333333334
1 0.3022300469483568 0.4739583333333333 0.015258215962441314 0.027083333333333334
0 0.30164319248826293 0.5510416666666667 0.035211267605633804 0.18541666666666667
1 0.3221830985915493 0.48020833333333335 0.01056338028169014 0.01875
0 0.3198356807511737 0.5364583333333334 0.03169014084507042 0.14791666666666667
1 0.33274647887323944 0.5510416666666667 0.02699530516431925 0.052083333333333336
0 0.31690140845070425 0.6916666666666667 0.11502347417840375 0.3416666666666667
1 0.3644366197183099 0.4979166666666667 0.017605633802816902 0.029166666666666667
0 0.3673708920187793 0.5875 0.056338028169014086 0.21666666666666667
1 0.3785211267605634 0.4947916666666667 0.015258215962441314 0.027083333333333334
0 0.3826291079812207 0.5677083333333334 0.046948356807511735 0.17708333333333334
1 0.3826291079812207 0.48125 0.01643192488262911 0.05416666666666667
0 0.3826291079812207 0.48125 0.01643192488262911 0.05416666666666667
1 0.4125586854460094 0.55 0.04342723004694836 0.09583333333333334
0 0.39906103286384975 0.746875 0.1619718309859155 0.50625
1 0.43427230046948356 0.47604166666666664 0.014084507042253521 0.027083333333333334
0 0.4295774647887324 0.5572916666666666 0.03755868544600939 0.20208333333333334
1 0.49178403755868544 0.5291666666666667 0.018779342723004695 0.0375
0 0.48532863849765256 0.6583333333333333 0.07863849765258216 0.3
1 0.5293427230046949 0.521875 0.01643192488262911 0.035416666666666666
0 0.5299295774647887 0.61875 0.06924882629107981 0.22916666666666666
1 0.5211267605633803 0.49895833333333334 0.014084507042253521 0.03125
0 0.5152582159624414 0.5666666666666667 0.03286384976525822 0.17083333333333334
1 0.5404929577464789 0.5052083333333334 0.012910798122065728 0.027083333333333334
0 0.5363849765258216 0.5708333333333333 0.035211267605633804 0.17083333333333334
1 0.6068075117370892 0.55625 0.03051643192488263 0.0625
0 0.5833333333333334 0.7614583333333333 0.0892018779342723 0.47708333333333336
1 0.5903755868544601 0.48125 0.011737089201877934 0.020833333333333332
0 0.5880281690140845 0.540625 0.035211267605633804 0.15208333333333332
1 0.6120892018779343 0.503125 0.017605633802816902 0.03125
0 0.6026995305164319 0.6010416666666667 0.05046948356807512 0.23958333333333334
1 0.6115023474178404 0.478125 0.011737089201877934 0.022916666666666665
0 0.6085680751173709 0.5291666666666667 0.02699530516431925 0.1375
1 0.6314553990610329 0.4947916666666667 0.014084507042253521 0.022916666666666665
0 0.630868544600939 0.5729166666666666 0.03873239436619718 0.2
1 0.6496478873239436 0.48854166666666665 0.012910798122065728 0.022916666666666665
0 0.6461267605633803 0.546875 0.03169014084507042 0.14375
1 0.6742957746478874 0.5197916666666667 0.01995305164319249 0.03958333333333333
0 0.6678403755868545 0.6458333333333334 0.07276995305164319 0.30416666666666664
1 0.6613849765258216 0.465625 0.005868544600938967 0.010416666666666666
0 0.6602112676056338 0.49895833333333334 0.01995305164319249 0.08541666666666667
1 0.7036384976525821 0.5072916666666667 0.01995305164319249 0.03125
0 0.7077464788732394 0.596875 0.056338028169014086 0.21875
1 0.7053990610328639 0.48125 0.009389671361502348 0.016666666666666666
0 0.70481220657277 0.53125 0.03169014084507042 0.125
1 0.727112676056338 0.47604166666666664 0.01056338028169014 0.01875
0 0.7265258215962441 0.5375 0.035211267605633804 0.15
1 0.7746478873239436 0.490625 0.009389671361502348 0.01875
0 0.7681924882629108 0.5583333333333333 0.03873239436619718 0.15833333333333333
1 0.7946009389671361 0.49166666666666664 0.007042253521126761 0.0125
0 0.7940140845070423 0.5197916666666667 0.01995305164319249 0.08541666666666667
1 0.8151408450704225 0.47708333333333336 0.008215962441314555 0.016666666666666666
0 0.8145539906103286 0.5197916666666667 0.023474178403755867 0.11041666666666666
1 0.9853286384976526 0.503125 0.01056338028169014 0.01875
0 0.9782863849765259 0.55 0.02699530516431925 0.12083333333333333
1 0.9495305164319249 0.4875 0.009389671361502348 0.020833333333333332
0 0.9471830985915493 0.5354166666666667 0.03051643192488263 0.12916666666666668
1 0.9342723004694836 0.4895833333333333 0.009389671361502348 0.016666666666666666
0 0.9348591549295775 0.5354166666666667 0.02464788732394366 0.1125
1 0.9125586854460094 0.4864583333333333 0.01056338028169014 0.022916666666666665
0 0.9096244131455399 0.5291666666666667 0.03286384976525822 0.11666666666666667
1 0.8902582159624414 0.5041666666666667 0.008215962441314555 0.016666666666666666
0 0.8890845070422535 0.546875 0.02699530516431925 0.11041666666666666
1 0.8679577464788732 0.5 0.008215962441314555 0.016666666666666666
0 0.8679577464788732 0.5427083333333333 0.02464788732394366 0.10625
1 0.8456572769953051 0.4895833333333333 0.008215962441314555 0.016666666666666666
0 0.8450704225352113 0.5291666666666667 0.02112676056338028 0.1
1 0.8491784037558685 0.5364583333333334 0.022300469483568074 0.03958333333333333
0 0.8421361502347418 0.6385416666666667 0.09507042253521127 0.25625
1 0.9776995305164319 0.653125 0.04460093896713615 0.09375
0 0.9360328638497653 0.7989583333333333 0.12793427230046947 0.40208333333333335
1 0.9688967136150235 0.5354166666666667 0.02464788732394366 0.10833333333333334
0 0.9688967136150235 0.5354166666666667 0.02464788732394366 0.10833333333333334