1 0.15478515625 0.33480176211453744 0.0869140625 0.12922173274596183
0 0.2509765625 0.5352422907488987 0.501953125 0.5389133627019089
1 0.29296875 0.2459618208516887 0.06640625 0.09544787077826726
0 0.337890625 0.45741556534508077 0.21484375 0.527165932452276
1 0.42236328125 0.2599118942731278 0.0380859375 0.06754772393538913
0 0.40380859375 0.3964757709251101 0.1669921875 0.3524229074889868
1 0.95263671875 0.4045521292217327 0.0947265625 0.20704845814977973
0 0.8125 0.6468428781204112 0.375 0.7063142437591777
1 0.0712890625 0.2540381791483113 0.017578125 0.02643171806167401
0 0.08984375 0.29295154185022027 0.0703125 0.11013215859030837
1 0.15380859375 0.25624082232011747 0.0166015625 0.030837004405286344
0 0.15576171875 0.2834067547723935 0.0576171875 0.09397944199706314
1 0.3359375 0.19236417033773862 0.013671875 0.020558002936857563
0 0.33544921875 0.22834067547723935 0.0478515625 0.10425844346549193
1 0.42626953125 0.14317180616740088 0.0283203125 0.042584434654919234
0 0.42626953125 0.2540381791483113 0.0537109375 0.2701908957415565
1 0.396484375 0.1593245227606461 0.01953125 0.03671071953010279
0 0.40234375 0.26284875183553597 0.05078125 0.2525697503671072
1 0.5146484375 0.18208516886930984 0.005859375 0.00881057268722467
0 0.51220703125 0.19970631424375918 0.0224609375 0.04698972099853157
1 0.5419921875 0.16005873715124816 0.005859375 0.011747430249632892
0 0.54052734375 0.19016152716593246 0.0205078125 0.07782672540381791
1 0.65478515625 0.14023494860499267 0.0185546875 0.03671071953010279
0 0.65234375 0.23201174743024963 0.0546875 0.2261380323054332
1 0.6904296875 0.18061674008810572 0.0078125 0.011747430249632892
0 0.69091796875 0.21071953010279001 0.0244140625 0.07488986784140969
1 0.7392578125 0.12555066079295155 0.021484375 0.042584434654919234
0 0.73291015625 0.2459618208516887 0.0595703125 0.28928046989721
1 0.7646484375 0.1776798825256975 0.01171875 0.020558002936857563
0 0.759765625 0.2261380323054332 0.025390625 0.12041116005873716
1 0.81396484375 0.144640234948605 0.0224609375 0.042584434654919234
0 0.80908203125 0.2577092511013216 0.0654296875 0.27165932452276065
1 0.86083984375 0.12334801762114538 0.0205078125 0.03524229074889868
0 0.8583984375 0.24302496328928047 0.0625 0.28634361233480177
1 0.9453125 0.31791483113069013 0.103515625 0.19530102790014683
0 0.87744140625 0.552863436123348 0.2451171875 0.6681350954478708
1 0.89404296875 0.25036710719530103 0.0400390625 0.07488986784140969
0 0.884765625 0.3465491923641703 0.109375 0.27312775330396477
1 0.89697265625 0.13729809104258445 0.0224609375 0.042584434654919234
0 0.8896484375 0.25183553597650515 0.0625 0.2834067547723935
1 0.96044921875 0.14096916299559473 0.0224609375 0.0381791483113069
0 0.95751953125 0.2621145374449339 0.0732421875 0.28634361233480177
1 0.92138671875 0.16152716593245228 0.0185546875 0.02643171806167401
0 0.9150390625 0.24375917767988253 0.037109375 0.2143906020558003
1 0.97607421875 0.1512481644640235 0.0185546875 0.032305433186490456
0 0.97314453125 0.2290748898678414 0.0419921875 0.19676945668135096