1 0.038461538461538464 0.26096997690531176 0.013846153846153847 0.025404157043879907
0 0.03923076923076923 0.331986143187067 0.04461538461538461 0.17436489607390301
1 0.05961538461538462 0.2523094688221709 0.014615384615384615 0.026558891454965358
0 0.057692307692307696 0.3244803695150115 0.033846153846153845 0.17321016166281755
1 0.08807692307692308 0.2684757505773672 0.013076923076923076 0.021939953810623556
0 0.08846153846153847 0.331986143187067 0.03538461538461538 0.1535796766743649
1 0.12538461538461537 0.273094688221709 0.012307692307692308 0.021939953810623556
0 0.12576923076923077 0.3331408775981524 0.03461538461538462 0.14665127020785218
1 0.14423076923076922 0.2846420323325635 0.013076923076923076 0.021939953810623556
0 0.13923076923076924 0.3406466512702079 0.033846153846153845 0.14549653579676675
1 0.155 0.28290993071593534 0.014615384615384615 0.025404157043879907
0 0.15615384615384614 0.3493071593533487 0.04461538461538461 0.1697459584295612
1 0.18730769230769231 0.2777136258660508 0.014615384615384615 0.028868360277136258
0 0.18730769230769231 0.34006928406466513 0.03923076923076923 0.1605080831408776
1 0.24346153846153845 0.24826789838337182 0.008461538461538461 0.018475750577367205
0 0.24346153846153845 0.3002309468822171 0.03461538461538462 0.12933025404157045
1 0.2784615384615385 0.22921478060046188 0.010769230769230769 0.019630484988452657
0 0.28076923076923077 0.28579676674364896 0.036923076923076927 0.1420323325635104
1 0.29846153846153844 0.2592378752886836 0.015384615384615385 0.02424942263279446
0 0.2953846153846154 0.3210161662817552 0.026153846153846153 0.15242494226327943
1 0.29346153846153844 0.279445727482679 0.011538461538461539 0.016166281755196306
0 0.2876923076923077 0.3325635103926097 0.03230769230769231 0.13394919168591224
1 0.34884615384615386 0.20727482678983833 0.008461538461538461 0.012702078521939953
0 0.35384615384615387 0.24884526558891454 0.026153846153846153 0.10046189376443418
1 0.3626923076923077 0.2390300230946882 0.011538461538461539 0.023094688221709007
0 0.36038461538461536 0.29907621247113164 0.03307692307692308 0.14549653579676675
1 0.3892307692307692 0.25346420323325636 0.010769230769230769 0.021939953810623556
0 0.385 0.2996535796766744 0.03 0.11662817551963048
1 0.4084615384615385 0.2476905311778291 0.012307692307692308 0.02424942263279446
0 0.4053846153846154 0.30889145496535797 0.03076923076923077 0.151270207852194
1 0.4034615384615385 0.2228637413394919 0.011538461538461539 0.018475750577367205
0 0.405 0.2719399538106236 0.025384615384615384 0.1235565819861432
1 0.4257692307692308 0.2540415704387991 0.014615384615384615 0.023094688221709007
0 0.4280769230769231 0.31812933025404155 0.03461538461538462 0.1581986143187067
1 0.42538461538461536 0.2777136258660508 0.013846153846153847 0.02424942263279446
0 0.42538461538461536 0.3389145496535797 0.033846153846153845 0.1558891454965358
1 0.44769230769230767 0.2707852193995381 0.012307692307692308 0.019630484988452657
0 0.44461538461538463 0.3325635103926097 0.026153846153846153 0.14780600461893764
1 0.4596153846153846 0.26963048498845266 0.01 0.019630484988452657
0 0.4576923076923077 0.33602771362586603 0.026153846153846153 0.16166281755196305
1 0.46153846153846156 0.2777136258660508 0.013846153846153847 0.026558891454965358
0 0.46307692307692305 0.3394919168591224 0.038461538461538464 0.16166281755196305
1 0.47884615384615387 0.27136258660508084 0.014615384615384615 0.02771362586605081
0 0.48615384615384616 0.3366050808314088 0.02923076923076923 0.1697459584295612
1 0.4973076923076923 0.28002309468822173 0.011538461538461539 0.021939953810623556
0 0.4976923076923077 0.3158198614318707 0.023076923076923078 0.09815242494226328
1 0.51 0.21593533487297922 0.009230769230769232 0.016166281755196306
0 0.5073076923076923 0.24942263279445728 0.025384615384615384 0.08775981524249422
1 0.5176923076923077 0.21535796766743648 0.010769230769230769 0.019630484988452657
0 0.5226923076923077 0.24826789838337182 0.026923076923076925 0.09006928406466513
1 0.5526923076923077 0.21882217090069284 0.011538461538461539 0.019630484988452657
0 0.5553846153846154 0.2615473441108545 0.024615384615384615 0.11200923787528869
1 0.5234615384615384 0.26212471131639725 0.011538461538461539 0.018475750577367205
0 0.5280769230769231 0.31986143187066973 0.03461538461538462 0.15011547344110854
1 0.5303846153846153 0.28752886836027713 0.014615384615384615 0.025404157043879907
0 0.5257692307692308 0.35739030023094687 0.03923076923076923 0.1697459584295612
1 0.5596153846153846 0.2840646651270208 0.013076923076923076 0.025404157043879907
0 0.5688461538461539 0.35219399538106233 0.04692307692307692 0.16628175519630484
1 0.5926923076923077 0.24422632794457275 0.011538461538461539 0.019630484988452657
0 0.5915384615384616 0.30484988452655887 0.033846153846153845 0.14549653579676675
1 0.6011538461538461 0.24133949191685913 0.011538461538461539 0.023094688221709007
0 0.5996153846153847 0.2984988452655889 0.022307692307692306 0.14665127020785218
1 0.63 0.2575057736720554 0.015384615384615385 0.025404157043879907
0 0.6234615384615385 0.32390300230946883 0.04384615384615385 0.1651270207852194
1 0.6476923076923077 0.2540415704387991 0.013846153846153847 0.023094688221709007
0 0.6457692307692308 0.32390300230946883 0.02846153846153846 0.1697459584295612
1 0.6653846153846154 0.273094688221709 0.016923076923076923 0.02424942263279446
0 0.6653846153846154 0.3302540415704388 0.03538461538461538 0.14549653579676675
1 0.6865384615384615 0.2759815242494226 0.011538461538461539 0.023094688221709007
0 0.6911538461538461 0.3054272517321016 0.03307692307692308 0.08660508083140878
1 0.7234615384615385 0.24249422632794457 0.011538461538461539 0.023094688221709007
0 0.7211538461538461 0.2956120092378753 0.023846153846153847 0.13394919168591224
1 0.7330769230769231 0.2390300230946882 0.015384615384615385 0.023094688221709007
0 0.7288461538461538 0.30484988452655887 0.026923076923076925 0.15704387990762125
1 0.7403846153846154 0.23267898383371824 0.011538461538461539 0.019630484988452657
0 0.7411538461538462 0.2938799076212471 0.022307692307692306 0.1489607390300231
1 0.755 0.26385681293302543 0.014615384615384615 0.02424942263279446
0 0.7553846153846154 0.3187066974595843 0.03076923076923077 0.14087759815242495
1 0.786923076923077 0.2361431870669746 0.012307692307692308 0.02424942263279446
0 0.785 0.28752886836027713 0.031538461538461536 0.13856812933025403
1 0.7930769230769231 0.2575057736720554 0.016923076923076923 0.020785219399538105
0 0.7896153846153846 0.3094688221709007 0.040769230769230766 0.13625866050808313
1 0.8103846153846154 0.2586605080831409 0.014615384615384615 0.025404157043879907
0 0.8126923076923077 0.3112009237875289 0.031538461538461536 0.1351039260969977
1 0.8461538461538461 0.26096997690531176 0.013846153846153847 0.020785219399538105
0 0.8484615384615385 0.32274826789838335 0.038461538461538464 0.1605080831408776
1 0.8526923076923076 0.2338337182448037 0.013076923076923076 0.02424942263279446
0 0.8507692307692307 0.3008083140877598 0.03538461538461538 0.17436489607390301
1 0.8846153846153846 0.24422632794457275 0.012307692307692308 0.02424942263279446
0 0.8823076923076923 0.3094688221709007 0.043076923076923075 0.15704387990762125
1 0.911923076923077 0.2390300230946882 0.016153846153846154 0.03002309468822171
0 0.9153846153846154 0.3117782909930716 0.046153846153846156 0.18244803695150116
1 0.9073076923076923 0.20323325635103925 0.01 0.016166281755196306
0 0.9088461538461539 0.24422632794457275 0.03 0.10277136258660508
1 0.9092307692307692 0.18822170900692842 0.010769230769230769 0.016166281755196306
0 0.9080769230769231 0.23672055427251731 0.03 0.11778290993071594
1 0.938076923076923 0.18937644341801385 0.01 0.018475750577367205
0 0.936923076923077 0.24249422632794457 0.026153846153846153 0.13163972286374134
1 0.9515384615384616 0.2107390300230947 0.009230769230769232 0.017321016166281754
0 0.9507692307692308 0.2592378752886836 0.024615384615384615 0.11893764434180139
1 0.9611538461538461 0.19399538106235567 0.01 0.016166281755196306
0 0.9603846153846154 0.24480369515011546 0.02846153846153846 0.12702078521939955
1 0.9696153846153847 0.25 0.014615384615384615 0.02424942263279446
0 0.9688461538461538 0.3169745958429561 0.03461538461538462 0.1766743648960739
1 0.9934615384615385 0.1905311778290993 0.01 0.016166281755196306
0 0.9892307692307692 0.24653579676674364 0.021538461538461538 0.1374133949191686
0 0.9923076923076923 0.24884526558891454 0.015384615384615385 0.13048498845265588
1 0.013461538461538462 0.4341801385681293 0.025384615384615384 0.04387990762124711
0 0.023076923076923078 0.539838337182448 0.046153846153846156 0.2644341801385681
1 0.035 0.5433025404157044 0.02076923076923077 0.03810623556581986
0 0.03769230769230769 0.5958429561200924 0.03538461538461538 0.15011547344110854
1 0.016923076923076923 0.5710161662817552 0.033846153846153845 0.05658198614318707
0 0.04 0.726905311778291 0.08 0.37528868360277134
1 0.08692307692307692 0.6027713625866051 0.03076923076923077 0.057736720554272515
0 0.08153846153846153 0.7297921478060047 0.07538461538461538 0.3163972286374134
1 0.06769230769230769 0.6893764434180139 0.038461538461538464 0.06466512702078522
0 0.06076923076923077 0.8169745958429562 0.08461538461538462 0.32909930715935337
1 0.09192307692307693 0.7546189376443418 0.05615384615384615 0.12817551963048499
0 0.11 0.8435334872979214 0.22 0.312933025404157
1 0.15461538461538463 0.6766743648960739 0.043076923076923075 0.08083140877598152
0 0.15461538461538463 0.8158198614318707 0.09230769230769231 0.3683602771362587
1 0.1673076923076923 0.5560046189376443 0.03307692307692308 0.054272517321016164
0 0.15538461538461537 0.73094688221709 0.1 0.42494226327944573
1 0.20346153846153847 0.6195150115473441 0.03307692307692308 0.061200923787528866
0 0.20692307692307693 0.7892609699769053 0.09538461538461539 0.4214780600461894
1 0.23807692307692307 0.5600461893764435 0.031538461538461536 0.053117782909930716
0 0.2376923076923077 0.75635103926097 0.08461538461538462 0.45265588914549654
1 0.2403846153846154 0.4959584295612009 0.02846153846153846 0.04503464203233257
0 0.235 0.6062355658198614 0.04692307692307692 0.27713625866050806
1 0.29 0.5005773672055427 0.027692307692307693 0.04734411085450346
0 0.2723076923076923 0.5808314087759815 0.07230769230769231 0.21247113163972287
1 0.30615384615384617 0.5254041570438799 0.02923076923076923 0.053117782909930716
0 0.30423076923076925 0.6478060046189377 0.08384615384615385 0.302540415704388
1 0.2926923076923077 0.6275981524249422 0.02846153846153846 0.05658198614318707
0 0.29346153846153844 0.7956120092378753 0.15307692307692308 0.4018475750577367
1 0.31115384615384617 0.6362586605080831 0.036153846153846154 0.06466512702078522
0 0.3088461538461538 0.7990762124711316 0.10384615384615385 0.4018475750577367
1 0.33384615384615385 0.7113163972286374 0.043076923076923075 0.07159353348729793
0 0.3346153846153846 0.8342956120092379 0.13076923076923078 0.33140877598152424
1 0.3465384615384615 0.4907621247113164 0.025384615384615384 0.050808314087759814
0 0.33576923076923076 0.5779445727482679 0.06384615384615384 0.22748267898383373
1 0.3996153846153846 0.5075057736720554 0.022307692307692306 0.03810623556581986
0 0.4023076923076923 0.5635103926096998 0.06 0.17551963048498845
1 0.4580769230769231 0.4896073903002309 0.026923076923076925 0.050808314087759814
0 0.4546153846153846 0.5785219399538106 0.05076923076923077 0.24018475750577367
1 0.48538461538461536 0.48267898383371827 0.024615384615384615 0.03926096997690531
0 0.4919230769230769 0.5762124711316398 0.06230769230769231 0.24018475750577367
1 0.34384615384615386 0.5744803695150116 0.03230769230769231 0.05196304849884527
0 0.34307692307692306 0.6830254041570438 0.05846153846153846 0.29445727482678985
1 0.3830769230769231 0.539838337182448 0.03230769230769231 0.05658198614318707
0 0.3869230769230769 0.6379907621247113 0.07538461538461538 0.26212471131639725
1 0.4023076923076923 0.6720554272517321 0.033846153846153845 0.06697459584295612
0 0.40307692307692305 0.8140877598152425 0.08307692307692308 0.3556581986143187
1 0.41884615384615387 0.6154734411085451 0.03461538461538462 0.057736720554272515
0 0.4146153846153846 0.7748267898383372 0.09076923076923077 0.3833718244803695
1 0.44653846153846155 0.5958429561200924 0.03 0.06697459584295612
0 0.45153846153846156 0.7396073903002309 0.07230769230769231 0.36143187066974597
1 0.44884615384615384 0.7407621247113164 0.040769230769230766 0.09122401847575058
0 0.45269230769230767 0.8452655889145496 0.11307692307692307 0.3094688221709007
1 0.4346153846153846 0.7765588914549654 0.05076923076923077 0.10277136258660508
0 0.47307692307692306 0.8631639722863741 0.13076923076923078 0.27367205542725176
1 0.5007692307692307 0.684757505773672 0.04461538461538461 0.07159353348729793
0 0.4926923076923077 0.8210161662817552 0.09461538461538462 0.3579676674364896
1 0.5123076923076924 0.5900692840646651 0.026153846153846153 0.04849884526558892
0 0.5111538461538462 0.726905311778291 0.07307692307692308 0.33371824480369516
1 0.5538461538461539 0.6414549653579676 0.02923076923076923 0.06581986143187067
0 0.545 0.8019630484988453 0.06538461538461539 0.3960739030023095
1 0.5523076923076923 0.4924942263279446 0.03076923076923077 0.049653579676674366
0 0.5607692307692308 0.5958429561200924 0.08923076923076922 0.279445727482679
1 0.5523076923076923 0.5259815242494227 0.02923076923076923 0.05196304849884527
0 0.5488461538461539 0.6316397228637414 0.05923076923076923 0.2748267898383372
1 0.6092307692307692 0.47748267898383373 0.023076923076923078 0.042725173210161664
0 0.6057692307692307 0.5415704387990762 0.04692307692307692 0.18475750577367206
1 0.5788461538461539 0.6737875288683602 0.040769230769230766 0.07043879907621248
0 0.5792307692307692 0.8181293302540416 0.1276923076923077 0.36374133949191684
1 0.5907692307692308 0.5744803695150116 0.027692307692307693 0.04503464203233257
0 0.5926923076923077 0.6812933025404158 0.07923076923076923 0.2863741339491917
1 0.6526923076923077 0.542147806004619 0.02846153846153846 0.049653579676674366
0 0.6534615384615384 0.7009237875288684 0.06846153846153846 0.37644341801385683
1 0.6323076923076923 0.6200923787528868 0.033846153846153845 0.057736720554272515
0 0.6315384615384615 0.7938799076212472 0.08307692307692308 0.4122401847575058
1 0.6884615384615385 0.5386836027713626 0.033846153846153845 0.054272517321016164
0 0.6934615384615385 0.703810623556582 0.10846153846153846 0.3891454965357968
1 0.7076923076923077 0.542147806004619 0.026153846153846153 0.05196304849884527
0 0.7126923076923077 0.6662817551963048 0.08076923076923077 0.3071593533487298
1 0.7803846153846153 0.539838337182448 0.03307692307692308 0.054272517321016164
0 0.786923076923077 0.6991916859122402 0.07384615384615385 0.38221709006928406
1 0.7523076923076923 0.4491916859122402 0.026153846153846153 0.04387990762124711
0 0.7488461538461538 0.5363741339491916 0.06384615384615384 0.23210161662817552
1 0.8153846153846154 0.6345265588914549 0.038461538461538464 0.07043879907621248
0 0.8157692307692308 0.7748267898383372 0.07769230769230769 0.36027713625866054
1 0.7676923076923077 0.8083140877598153 0.06 0.11547344110854503
0 0.7507692307692307 0.8729792147806005 0.20615384615384616 0.2540415704387991
1 0.8480769230769231 0.5178983833718245 0.026923076923076925 0.04041570438799076
0 0.8415384615384616 0.6518475750577367 0.05384615384615385 0.31062355658198615
1 0.8753846153846154 0.5479214780600462 0.024615384615384615 0.04734411085450346
0 0.8630769230769231 0.6830254041570438 0.06 0.32678983833718245
1 0.8138461538461539 0.5484988452655889 0.024615384615384615 0.04387990762124711
0 0.8196153846153846 0.703810623556582 0.057692307692307696 0.3729792147806005
1 0.9230769230769231 0.4722863741339492 0.03076923076923077 0.050808314087759814
0 0.9296153846153846 0.586027713625866 0.05923076923076923 0.2852193995381062
1 0.89 0.5542725173210161 0.03538461538461538 0.050808314087759814
0 0.8907692307692308 0.7482678983833718 0.0876923076923077 0.45496535796766746
1 0.8765384615384615 0.5467667436489607 0.025384615384615384 0.04734411085450346
0 0.8684615384615385 0.6830254041570438 0.07538461538461538 0.32217090069284066
1 0.9484615384615385 0.542147806004619 0.03076923076923077 0.05196304849884527
0 0.9565384615384616 0.7199769053117783 0.08692307692307692 0.476905311778291
1 0.8884615384615384 0.6275981524249422 0.03538461538461538 0.05658198614318707
0 0.8919230769230769 0.7834872979214781 0.08384615384615385 0.38221709006928406
1 0.9080769230769231 0.7055427251732102 0.040769230769230766 0.06928406466512702
0 0.9126923076923077 0.8331408775981525 0.10384615384615385 0.33371824480369516
1 0.7188461538461538 0.6916859122401847 0.045384615384615384 0.07852193995381063
0 0.7226923076923077 0.8233256351039261 0.08846153846153847 0.3533487297921478
1 0.6223076923076923 0.25 0.013846153846153847 0.021939953810623556
0 0.6184615384615385 0.3140877598152425 0.024615384615384615 0.15704387990762125