1 0.4985 0.5175 0.15166666666666667 0.331
0 0.5428333333333333 0.6705 0.40166666666666667 0.659
1 0.15066666666666667 0.4295 0.16466666666666666 0.253
0 0.16633333333333333 0.64675 0.33266666666666667 0.7065
1 0.29083333333333333 0.389 0.05366666666666667 0.098
0 0.2996666666666667 0.66725 0.14466666666666667 0.6655
1 0.24083333333333334 0.412 0.044333333333333336 0.064
0 0.245 0.66525 0.16666666666666666 0.6105
1 0.3293333333333333 0.4365 0.03666666666666667 0.058
0 0.3443333333333333 0.62975 0.13 0.4715
1 0.051166666666666666 0.427 0.10233333333333333 0.158
0 0.10866666666666666 0.673 0.21733333333333332 0.654
1 0.5861666666666666 0.4205 0.03833333333333333 0.066
0 0.5971666666666666 0.5795 0.09233333333333334 0.389
1 0.6301666666666667 0.409 0.027666666666666666 0.047
0 0.6353333333333333 0.565 0.07466666666666667 0.368
1 0.6643333333333333 0.4425 0.021333333333333333 0.037
0 0.6643333333333333 0.5495 0.05466666666666667 0.261
1 0.7141666666666666 0.44175 0.025 0.0355
0 0.7163333333333334 0.54475 0.07133333333333333 0.2675
1 0.8305 0.449 0.023666666666666666 0.043
0 0.8251666666666667 0.55225 0.06233333333333333 0.2525
1 0.7978333333333333 0.39325 0.019 0.0265
0 0.7928333333333333 0.486 0.053 0.215
1 0.8033333333333333 0.39375 0.012 0.0175
0 0.8061666666666667 0.483 0.035 0.207
1 0.8438333333333333 0.3995 0.018333333333333333 0.033
0 0.8468333333333333 0.4885 0.05433333333333333 0.216
1 0.888 0.40525 0.016 0.0255
0 0.8876666666666667 0.49325 0.038 0.2055
1 0.8733333333333333 0.39625 0.016666666666666666 0.0275
0 0.8751666666666666 0.46925 0.03233333333333333 0.1745
1 0.8621666666666666 0.3925 0.01633333333333333 0.024
0 0.8633333333333333 0.468 0.025333333333333333 0.176
1 0.979 0.376 0.016 0.023
0 0.9771666666666666 0.456 0.041 0.188
1 0.8726666666666667 0.362 0.0033333333333333335 0.005
0 0.8728333333333333 0.382 0.012333333333333333 0.05