1 0.009656652360515022 0.47854077253218885 0.019313304721030045 0.02575107296137339
0 0.02145922746781116 0.5332618025751072 0.04291845493562232 0.13948497854077252
1 0.0407725321888412 0.5171673819742489 0.034334763948497854 0.09871244635193133
0 0.0407725321888412 0.5171673819742489 0.034334763948497854 0.09871244635193133
1 0.06437768240343347 0.47317596566523606 0.012875536480686695 0.019313304721030045
0 0.059012875536480686 0.5214592274678111 0.045064377682403435 0.12017167381974249
1 0.08690987124463519 0.4721030042918455 0.015021459227467811 0.017167381974248927
0 0.08798283261802575 0.5139484978540773 0.03862660944206009 0.10944206008583691
1 0.11909871244635194 0.47532188841201717 0.015021459227467811 0.019313304721030045
0 0.11373390557939914 0.5203862660944206 0.034334763948497854 0.1223175965665236
1 0.13197424892703863 0.4742489270386266 0.015021459227467811 0.017167381974248927
0 0.12446351931330472 0.5225321888412017 0.034334763948497854 0.1223175965665236
1 0.14914163090128754 0.5064377682403434 0.01072961373390558 0.012875536480686695
0 0.14699570815450644 0.5321888412017167 0.023605150214592276 0.07725321888412018
1 0.17060085836909872 0.5064377682403434 0.015021459227467811 0.012875536480686695
0 0.16523605150214593 0.5332618025751072 0.02575107296137339 0.07510729613733906
1 0.20278969957081544 0.490343347639485 0.019313304721030045 0.019313304721030045
0 0.19206008583690987 0.5311158798283262 0.0536480686695279 0.10944206008583691
1 0.19527896995708155 0.5450643776824035 0.02575107296137339 0.034334763948497854
0 0.1781115879828326 0.628755364806867 0.0944206008583691 0.21888412017167383
1 0.2521459227467811 0.4989270386266094 0.019313304721030045 0.023605150214592276
0 0.2371244635193133 0.5675965665236051 0.06652360515021459 0.17381974248927037
1 0.26931330472103004 0.4892703862660944 0.015021459227467811 0.017167381974248927
0 0.26394849785407726 0.5236051502145923 0.034334763948497854 0.0944206008583691
1 0.2939914163090129 0.5214592274678111 0.02575107296137339 0.030042918454935622
0 0.2886266094420601 0.5847639484978541 0.06223175965665236 0.1609442060085837
1 0.3229613733905579 0.5225321888412017 0.023605150214592276 0.023605150214592276
0 0.31759656652360513 0.5772532188841202 0.05150214592274678 0.13733905579399142
1 0.36909871244635195 0.5182403433476395 0.02145922746781116 0.027896995708154508
0 0.3605150214592275 0.5912017167381974 0.07296137339055794 0.18669527896995708
1 0.37553648068669526 0.48605150214592274 0.012875536480686695 0.015021459227467811
0 0.37339055793991416 0.5429184549356223 0.060085836909871244 0.14163090128755365
1 0.4002145922746781 0.4957081545064378 0.015021459227467811 0.017167381974248927
0 0.39914163090128757 0.5396995708154506 0.034334763948497854 0.10944206008583691
1 0.4560085836909871 0.5482832618025751 0.019313304721030045 0.023605150214592276
0 0.44420600858369097 0.6072961373390557 0.06437768240343347 0.15021459227467812
1 0.48390557939914164 0.5965665236051502 0.05793991416309013 0.15021459227467812
0 0.48390557939914164 0.5965665236051502 0.05793991416309013 0.15021459227467812
1 0.5182403433476395 0.5407725321888412 0.019313304721030045 0.02145922746781116
0 0.5118025751072961 0.6030042918454935 0.07081545064377683 0.1630901287553648
1 0.5396995708154506 0.546137339055794 0.023605150214592276 0.027896995708154508
0 0.528969957081545 0.6148068669527897 0.06652360515021459 0.17381974248927037
1 0.5858369098712446 0.5364806866952789 0.02575107296137339 0.034334763948497854
0 0.5772532188841202 0.6169527896995708 0.07725321888412018 0.20386266094420602
1 0.6008583690987125 0.5364806866952789 0.02145922746781116 0.02575107296137339
0 0.5997854077253219 0.6115879828326181 0.07081545064377683 0.18454935622317598
1 0.6802575107296137 0.5321888412017167 0.04291845493562232 0.055793991416309016
0 0.6652360515021459 0.6899141630901288 0.09871244635193133 0.38412017167381973
1 0.7585836909871244 0.5472103004291845 0.032188841201716736 0.03862660944206009
0 0.7457081545064378 0.6587982832618026 0.15236051502145923 0.27467811158798283
1 0.6566523605150214 0.5300429184549357 0.02575107296137339 0.034334763948497854
0 0.6534334763948498 0.6126609442060086 0.08369098712446352 0.20815450643776823
1 0.6030042918454935 0.4366952789699571 0.012875536480686695 0.015021459227467811
0 0.5997854077253219 0.4721030042918455 0.03648068669527897 0.0944206008583691
1 0.572961373390558 0.45278969957081544 0.012875536480686695 0.017167381974248927
0 0.5590128755364807 0.48819742489270385 0.06223175965665236 0.09656652360515021
1 0.7199570815450643 0.38197424892703863 0.015021459227467811 0.017167381974248927
0 0.7253218884120172 0.4270386266094421 0.03862660944206009 0.11587982832618025
1 0.7457081545064378 0.3851931330472103 0.015021459227467811 0.015021459227467811
0 0.7510729613733905 0.4248927038626609 0.04291845493562232 0.1072961373390558
1 0.7778969957081545 0.36909871244635195 0.015021459227467811 0.017167381974248927
0 0.776824034334764 0.41094420600858367 0.03862660944206009 0.11802575107296137
1 0.7982832618025751 0.36373390557939916 0.017167381974248927 0.019313304721030045
0 0.796137339055794 0.40879828326180256 0.04291845493562232 0.11802575107296137
1 0.8304721030042919 0.35085836909871243 0.017167381974248927 0.019313304721030045
0 0.8272532188841202 0.398068669527897 0.03648068669527897 0.12660944206008584
1 0.8658798283261803 0.34334763948497854 0.015021459227467811 0.017167381974248927
0 0.8648068669527897 0.3969957081545064 0.034334763948497854 0.13733905579399142
1 0.8508583690987125 0.351931330472103 0.015021459227467811 0.017167381974248927
0 0.8412017167381974 0.3969957081545064 0.03862660944206009 0.12446351931330472
1 0.8894849785407726 0.33047210300429186 0.015021459227467811 0.017167381974248927
0 0.8873390557939914 0.3830472103004292 0.045064377682403435 0.1351931330472103
1 0.9173819742489271 0.3208154506437768 0.019313304721030045 0.023605150214592276
0 0.9281115879828327 0.37339055793991416 0.0536480686695279 0.13733905579399142
1 0.9935622317596566 0.3605150214592275 0.012875536480686695 0.15879828326180256
0 0.9935622317596566 0.3605150214592275 0.012875536480686695 0.15879828326180256
1 0.6813304721030042 0.41738197424892703 0.015021459227467811 0.015021459227467811
0 0.6845493562231759 0.44849785407725323 0.034334763948497854 0.08583690987124463
1 0.7049356223175965 0.3959227467811159 0.015021459227467811 0.015021459227467811
0 0.703862660944206 0.4388412017167382 0.030042918454935622 0.10944206008583691