1 0.441 0.444 0.098 0.192
0 0.469 0.669 0.24066666666666667 0.662
1 0.13566666666666666 0.1395 0.016666666666666666 0.025
0 0.15666666666666668 0.2115 0.07333333333333333 0.171
1 0.153 0.111 0.004666666666666667 0.006
0 0.157 0.125 0.015333333333333332 0.04
1 0.19033333333333333 0.1025 0.0033333333333333335 0.005
0 0.19266666666666668 0.1145 0.013333333333333334 0.033
1 0.19833333333333333 0.113 0.01 0.036
0 0.19833333333333333 0.113 0.01 0.036
1 0.21733333333333332 0.1215 0.013333333333333334 0.043
0 0.21733333333333332 0.1215 0.013333333333333334 0.043
1 0.223 0.1195 0.014 0.041
0 0.223 0.1195 0.014 0.041
1 0.22933333333333333 0.116 0.016 0.034
0 0.22933333333333333 0.116 0.016 0.034
1 0.24 0.118 0.014666666666666666 0.04
0 0.24 0.118 0.014666666666666666 0.04
1 0.24666666666666667 0.1125 0.017333333333333333 0.043
0 0.24666666666666667 0.1125 0.017333333333333333 0.043
1 0.25866666666666666 0.093 0.004 0.006
0 0.2633333333333333 0.1095 0.018666666666666668 0.043
1 0.2793333333333333 0.1025 0.004 0.007
0 0.2853333333333333 0.124 0.024 0.058
1 0.287 0.103 0.004666666666666667 0.008
0 0.291 0.12 0.018 0.052
1 0.302 0.118 0.021333333333333333 0.064
0 0.302 0.118 0.021333333333333333 0.064
1 0.31366666666666665 0.085 0.004666666666666667 0.008
0 0.31566666666666665 0.106 0.012666666666666666 0.054
1 0.3413333333333333 0.096 0.016 0.052
0 0.3413333333333333 0.096 0.016 0.052
1 0.3566666666666667 0.0775 0.005333333333333333 0.009
0 0.35933333333333334 0.0985 0.02 0.059
1 0.37266666666666665 0.1055 0.013333333333333334 0.053
0 0.37266666666666665 0.1055 0.013333333333333334 0.053
1 0.37933333333333336 0.072 0.005333333333333333 0.008
0 0.38066666666666665 0.093 0.013333333333333334 0.054
1 0.385 0.0855 0.004666666666666667 0.007
0 0.3873333333333333 0.0995 0.014666666666666666 0.039
1 0.3933333333333333 0.068 0.004 0.006
0 0.397 0.087 0.015333333333333332 0.048
1 0.4066666666666667 0.071 0.005333333333333333 0.008
0 0.41 0.0935 0.016 0.057
1 0.41133333333333333 0.069 0.004 0.008
0 0.417 0.091 0.018 0.056
1 0.433 0.061 0.006 0.008
0 0.43333333333333335 0.088 0.018666666666666668 0.066
1 0.45666666666666667 0.0645 0.004 0.007
0 0.4583333333333333 0.085 0.015333333333333332 0.052
1 0.4643333333333333 0.085 0.008666666666666666 0.048
0 0.4643333333333333 0.085 0.008666666666666666 0.048
1 0.4663333333333333 0.0845 0.008666666666666666 0.045
0 0.4663333333333333 0.0845 0.008666666666666666 0.045
1 0.4736666666666667 0.062 0.004666666666666667 0.008
0 0.47633333333333333 0.0825 0.012666666666666666 0.053
1 0.49833333333333335 0.0505 0.004666666666666667 0.007
0 0.49733333333333335 0.0795 0.017333333333333333 0.065
1 0.491 0.048 0.007333333333333333 0.01
0 0.49466666666666664 0.072 0.018666666666666668 0.064
1 0.5196666666666667 0.05 0.004666666666666667 0.008
0 0.521 0.0725 0.018 0.057
1 0.5263333333333333 0.0735 0.011333333333333334 0.055
0 0.5263333333333333 0.0735 0.011333333333333334 0.055
1 0.5316666666666666 0.047 0.006 0.01
0 0.5316666666666666 0.07 0.012666666666666666 0.058
1 0.542 0.0405 0.005333333333333333 0.009
0 0.5426666666666666 0.067 0.017333333333333333 0.066
1 0.562 0.038 0.006666666666666667 0.01
0 0.559 0.0605 0.020666666666666667 0.061
1 0.5633333333333334 0.042 0.005333333333333333 0.01
0 0.561 0.068 0.016666666666666666 0.066
1 0.6133333333333333 0.0365 0.005333333333333333 0.009
0 0.6143333333333333 0.0585 0.015333333333333332 0.057
1 0.6213333333333333 0.0335 0.006666666666666667 0.011
0 0.6226666666666667 0.064 0.025333333333333333 0.076
1 0.6366666666666667 0.0395 0.006666666666666667 0.009
0 0.6376666666666667 0.07 0.023333333333333334 0.076
1 0.6623333333333333 0.026 0.007333333333333333 0.01
0 0.663 0.057 0.020666666666666667 0.076
1 0.6896666666666667 0.0315 0.006 0.011
0 0.69 0.062 0.018666666666666668 0.076
1 0.7116666666666667 0.0205 0.007333333333333333 0.013
0 0.7046666666666667 0.058 0.030666666666666665 0.09
1 0.7296666666666667 0.0135 0.008666666666666666 0.013
0 0.724 0.0465 0.021333333333333333 0.083
1 0.7436666666666667 0.0165 0.007333333333333333 0.013
0 0.742 0.0515 0.025333333333333333 0.085
1 0.766 0.02 0.008 0.012
0 0.7593333333333333 0.054 0.025333333333333333 0.08
1 0.7763333333333333 0.019 0.007333333333333333 0.01
0 0.7726666666666666 0.052 0.018666666666666668 0.078
1 0.814 0.0315 0.018666666666666668 0.063
0 0.814 0.0385 0.018666666666666668 0.077
1 0.8236666666666667 0.039 0.023333333333333334 0.078
0 0.8236666666666667 0.039 0.023333333333333334 0.078
1 0.8403333333333334 0.007 0.01 0.014
0 0.8306666666666667 0.0475 0.032 0.095
1 0.8713333333333333 0.006 0.008 0.012
0 0.8593333333333333 0.044 0.036 0.088
1 0.9003333333333333 0.012 0.01 0.014
0 0.8926666666666667 0.055 0.03333333333333333 0.106
1 0.9323333333333333 0.0075 0.01 0.015
0 0.9173333333333333 0.0555 0.044 0.111
1 0.9463333333333334 0.0075 0.01 0.015
0 0.9353333333333333 0.05 0.037333333333333336 0.1
1 0.974 0.0135 0.012 0.017
0 0.9643333333333334 0.055 0.04066666666666666 0.104
1 0.324 0.095 0.016 0.024
0 0.3383333333333333 0.144 0.056666666666666664 0.128
1 0.349 0.095 0.014 0.052
0 0.349 0.095 0.014 0.052
1 0.7706666666666667 0.0145 0.006666666666666667 0.011
0 0.7693333333333333 0.0485 0.02 0.081