1 0.11041666666666666 0.23550724637681159 0.08125 0.1463768115942029
0 0.12135416666666667 0.563768115942029 0.24270833333333333 0.8231884057971014
1 0.3338541666666667 0.1355072463768116 0.07395833333333333 0.1289855072463768
0 0.28229166666666666 0.49130434782608695 0.21666666666666667 0.8463768115942029
1 0.28020833333333334 0.4326086956521739 0.07916666666666666 0.1318840579710145
0 0.3494791666666667 0.672463768115942 0.24895833333333334 0.6144927536231884
1 0.5604166666666667 0.38623188405797104 0.07083333333333333 0.1318840579710145
0 0.5145833333333333 0.6536231884057971 0.29375 0.6782608695652174
1 0.4630208333333333 0.16376811594202897 0.065625 0.11884057971014493
0 0.5072916666666667 0.48768115942028983 0.19583333333333333 0.7869565217391304
1 0.6791666666666667 0.19057971014492753 0.06666666666666667 0.12028985507246377
0 0.6828125 0.4985507246376812 0.22395833333333334 0.7594202898550725
1 0.721875 0.38115942028985506 0.07291666666666667 0.12753623188405797
0 0.7052083333333333 0.6565217391304348 0.24791666666666667 0.6869565217391305
1 0.8729166666666667 0.2036231884057971 0.10416666666666667 0.16956521739130434
0 0.8520833333333333 0.55 0.28125 0.9