1 0.10205078125 0.4882869692532943 0.0478515625 0.09224011713030747
0 0.08984375 0.712298682284041 0.158203125 0.575402635431918
1 0.1025390625 0.48755490483162517 0.046875 0.09370424597364568
0 0.10400390625 0.718887262079063 0.1513671875 0.5622254758418741
1 0.166015625 0.5153733528550513 0.041015625 0.07613469985358712
0 0.173828125 0.7349926793557833 0.103515625 0.5300146412884333
1 0.22119140625 0.5161054172767203 0.0380859375 0.0746705710102489
0 0.2138671875 0.7306002928257687 0.095703125 0.5183016105417276
1 0.26171875 0.5395314787701317 0.0390625 0.07174231332357248
0 0.26513671875 0.7459736456808199 0.1103515625 0.5080527086383602
1 0.28076171875 0.4663250366032211 0.0341796875 0.0629575402635432
0 0.2783203125 0.6749633967789166 0.111328125 0.4890190336749634
1 0.31005859375 0.5248901903367497 0.0400390625 0.06881405563689605
0 0.3076171875 0.678623718887262 0.10546875 0.44363103953147875
1 0.34814453125 0.5461200585651538 0.0439453125 0.07320644216691069
0 0.3427734375 0.7474377745241582 0.125 0.4816983894582723
1 0.39013671875 0.3762811127379209 0.0400390625 0.07027818448023426
0 0.3818359375 0.5439238653001464 0.123046875 0.42020497803806733
1 0.42333984375 0.3118594436310395 0.0361328125 0.06149341142020498
0 0.41357421875 0.4780380673499268 0.1240234375 0.4055636896046852
1 0.46533203125 0.3645680819912152 0.0341796875 0.06442166910688141
0 0.46923828125 0.5344070278184481 0.1083984375 0.4333821376281113
1 0.53271484375 0.3616398243045388 0.0361328125 0.06442166910688141
0 0.5380859375 0.5380673499267935 0.107421875 0.43191800878477304
1 0.4130859375 0.46925329428989754 0.033203125 0.0629575402635432
0 0.4111328125 0.6617862371888726 0.107421875 0.4538799414348463
1 0.4697265625 0.4560761346998536 0.03515625 0.0629575402635432
0 0.4697265625 0.6456808199121523 0.08984375 0.4568081991215227
1 0.5302734375 0.4472913616398243 0.041015625 0.06881405563689605
0 0.53955078125 0.6493411420204978 0.1025390625 0.4816983894582723
1 0.51953125 0.54099560761347 0.04296875 0.08638360175695461
0 0.51953125 0.7437774524158126 0.13671875 0.5124450951683748
1 0.58203125 0.3953147877013177 0.0390625 0.07320644216691069
0 0.5791015625 0.5980966325036603 0.1015625 0.48462664714494874
1 0.634765625 0.35724743777452417 0.033203125 0.05856515373352855
0 0.63134765625 0.5483162518301611 0.1123046875 0.45241581259150804
1 0.69287109375 0.30600292825768666 0.0361328125 0.06442166910688141
0 0.69580078125 0.47364568081991215 0.1142578125 0.42020497803806733
1 0.64013671875 0.4260614934114202 0.0361328125 0.07027818448023426
0 0.64404296875 0.6398243045387995 0.0927734375 0.5036603221083455
1 0.611328125 0.4787701317715959 0.041015625 0.07906295754026355
0 0.6181640625 0.698389458272328 0.140625 0.5329428989751098
1 0.60888671875 0.5285505124450952 0.0419921875 0.08199121522693997
0 0.62255859375 0.7379209370424598 0.1142578125 0.5241581259150805
1 0.69970703125 0.493411420204978 0.0478515625 0.09077598828696926
0 0.71533203125 0.7210834553440703 0.1337890625 0.5578330893118595
1 0.73046875 0.4253294289897511 0.0390625 0.0746705710102489
0 0.736328125 0.6486090775988287 0.1015625 0.5329428989751098
1 0.7705078125 0.37042459736456806 0.037109375 0.06442166910688141
0 0.78369140625 0.5483162518301611 0.0986328125 0.4582723279648609
1 0.78662109375 0.4743777452415813 0.0478515625 0.07906295754026355
0 0.78369140625 0.7108345534407028 0.1044921875 0.5636896046852123
1 0.81396484375 0.5161054172767203 0.0498046875 0.09809663250366032
0 0.81982421875 0.7298682284040996 0.1259765625 0.5402635431918009
1 0.40576171875 0.554904831625183 0.0419921875 0.07906295754026355
0 0.39990234375 0.7540263543191801 0.1494140625 0.49194729136163984