1 0.09041666666666667 0.3237037037037037 0.05416666666666667 0.1288888888888889
0 0.09333333333333334 0.6266666666666667 0.18666666666666668 0.7466666666666667
1 0.16833333333333333 0.36592592592592593 0.03833333333333333 0.08888888888888889
0 0.1675 0.6533333333333333 0.09666666666666666 0.6844444444444444
1 0.2991666666666667 0.30148148148148146 0.041666666666666664 0.09037037037037036
0 0.29583333333333334 0.6192592592592593 0.14333333333333334 0.7288888888888889
1 0.44166666666666665 0.3466666666666667 0.03 0.07703703703703704
0 0.4320833333333333 0.6177777777777778 0.1025 0.6281481481481481
1 0.5116666666666667 0.34 0.04 0.09037037037037036
0 0.5154166666666666 0.6088888888888889 0.10583333333333333 0.642962962962963
1 0.5470833333333334 0.3711111111111111 0.05416666666666667 0.13185185185185186
0 0.5766666666666667 0.6488888888888888 0.20666666666666667 0.7022222222222222
1 0.6970833333333334 0.5703703703703704 0.05416666666666667 0.1274074074074074
0 0.7208333333333333 0.7488888888888889 0.145 0.5022222222222222
1 0.8383333333333334 0.31925925925925924 0.05333333333333334 0.13185185185185186
0 0.8745833333333334 0.6222222222222222 0.2475 0.7555555555555555