1 0.03857421875 0.04904831625183016 0.0771484375 0.09809663250366032
0 0.16455078125 0.5 0.3291015625 1
1 0.39208984375 0.16105417276720352 0.0966796875 0.15519765739385066
0 0.36669921875 0.5248901903367497 0.2001953125 0.9238653001464129
1 0.51513671875 0.23792093704245973 0.0888671875 0.1478770131771596
0 0.435546875 0.5592972181551976 0.328125 0.8257686676427526
1 0.7548828125 0.055636896046852125 0.046875 0.11127379209370425
0 0.74365234375 0.4443631039531479 0.2451171875 0.8887262079062958
1 0.32470703125 0.03367496339677892 0.0478515625 0.06734992679355783
0 0.3251953125 0.41215226939970717 0.177734375 0.8243045387994143
1 0.4365234375 0.04319180087847731 0.041015625 0.0746705710102489
0 0.435546875 0.28550512445095166 0.123046875 0.5710102489019033