1 0.019174041297935103 0.25417536534446766 0.008849557522123894 0.017745302713987474
0 0.021238938053097345 0.3068893528183716 0.029498525073746312 0.12734864300626306
1 0.11032448377581121 0.2280793319415449 0.04365781710914454 0.09916492693110647
0 0.1457227138643068 0.5151356993736952 0.22654867256637168 0.7004175365344467
1 0.2150442477876106 0.23173277661795408 0.03952802359882006 0.10647181628392484
0 0.21238938053097345 0.5146137787056367 0.30206489675516224 0.6910229645093946
1 0.29469026548672567 0.2045929018789144 0.04896755162241888 0.1127348643006263
0 0.2799410029498525 0.5020876826722338 0.22831858407079647 0.7286012526096033
1 0.40530973451327434 0.18423799582463465 0.044837758112094395 0.10751565762004175
0 0.38259587020648966 0.4890396659707724 0.24365781710914455 0.7192066805845512
1 0.5005899705014749 0.1722338204592902 0.04542772861356932 0.1127348643006263
0 0.49911504424778763 0.4791231732776618 0.2713864306784661 0.7306889352818372
1 0.5796460176991151 0.20250521920668058 0.04542772861356932 0.10855949895615867
0 0.5749262536873156 0.49373695198329853 0.18230088495575222 0.697286012526096
1 0.684070796460177 0.17901878914405012 0.04896755162241888 0.11586638830897704
0 0.6820058997050148 0.48434237995824636 0.1415929203539823 0.732776617954071
1 0.7852507374631268 0.1967640918580376 0.044837758112094395 0.08872651356993737
0 0.7920353982300885 0.49478079331941544 0.13392330383480827 0.7202505219206681
1 0.8988200589970502 0.21450939457202506 0.04896755162241888 0.10125260960334029
0 0.9020648967551622 0.49478079331941544 0.15693215339233038 0.7035490605427975
1 0.7353982300884956 0.3627348643006263 0.04660766961651917 0.10334029227557412
0 0.740117994100295 0.5991649269311065 0.13864306784660768 0.5970772442588727
1 0.636283185840708 0.3883089770354906 0.04424778761061947 0.10855949895615867
0 0.6908554572271386 0.6205636743215032 0.23008849557522124 0.5751565762004175
1 0.5442477876106194 0.37995824634655534 0.04896755162241888 0.11482254697286012
0 0.5861356932153392 0.6085594989561587 0.25899705014749264 0.592901878914405
1 0.44778761061946903 0.4253653444676409 0.04365781710914454 0.10960334029227557
0 0.4731563421828909 0.6351774530271399 0.1887905604719764 0.5396659707724426
1 0.36755162241887906 0.4102296450939457 0.04365781710914454 0.10855949895615867
0 0.3823008849557522 0.6310020876826722 0.22890855457227138 0.5563674321503131
1 0.24100294985250736 0.4394572025052192 0.047787610619469026 0.11899791231732777
0 0.20088495575221238 0.6456158663883089 0.25781710914454276 0.5501043841336117
1 0.14129793510324484 0.39718162839248433 0.04896755162241888 0.11377870563674322
0 0.1752212389380531 0.6351774530271399 0.21946902654867256 0.5981210855949896