1 0.23708333333333334 0.4533333333333333 0.009166666666666667 0.013333333333333334
0 0.23708333333333334 0.4872222222222222 0.029166666666666667 0.08555555555555555
1 0.17416666666666666 0.4572222222222222 0.013333333333333334 0.01888888888888889
0 0.17791666666666667 0.51 0.04583333333333333 0.1288888888888889
1 0.13125 0.46 0.010833333333333334 0.015555555555555555
0 0.12458333333333334 0.49833333333333335 0.029166666666666667 0.09666666666666666
1 0.13666666666666666 0.44333333333333336 0.01 0.015555555555555555
0 0.14083333333333334 0.48833333333333334 0.023333333333333334 0.11
1 0.11375 0.4488888888888889 0.010833333333333334 0.015555555555555555
0 0.11291666666666667 0.48944444444444446 0.025833333333333333 0.10111111111111111
1 0.08208333333333333 0.4494444444444444 0.009166666666666667 0.012222222222222223
0 0.08416666666666667 0.4816666666666667 0.025 0.0811111111111111
1 0.03791666666666667 0.4622222222222222 0.009166666666666667 0.013333333333333334
0 0.04083333333333333 0.5038888888888889 0.023333333333333334 0.10111111111111111
1 0.005833333333333334 0.4622222222222222 0.011666666666666667 0.02
0 0.0175 0.5227777777777778 0.035 0.14555555555555555
1 0.43333333333333335 0.42055555555555557 0.011666666666666667 0.021111111111111112
0 0.43375 0.4822222222222222 0.0375 0.14888888888888888
1 0.5170833333333333 0.42944444444444446 0.009166666666666667 0.014444444444444444
0 0.51625 0.4766666666666667 0.0325 0.11555555555555555
1 0.5554166666666667 0.4305555555555556 0.010833333333333334 0.016666666666666666
0 0.5558333333333333 0.47333333333333333 0.025 0.10666666666666667
1 0.5741666666666667 0.4288888888888889 0.006666666666666667 0.011111111111111112
0 0.5733333333333334 0.455 0.015 0.06777777777777778
1 0.5883333333333334 0.43 0.006666666666666667 0.008888888888888889
0 0.5883333333333334 0.45666666666666667 0.015 0.06444444444444444