1 0.7965 0.446 0.107 0.157
0 0.8116666666666666 0.67775 0.314 0.6445
1 0.5348333333333334 0.40425 0.091 0.1925
0 0.5771666666666667 0.63025 0.5063333333333333 0.7395
1 0.6756666666666666 0.3695 0.104 0.179
0 0.6791666666666667 0.6385 0.553 0.723
1 0.5091666666666667 0.42875 0.07833333333333334 0.1305
0 0.4518333333333333 0.66875 0.253 0.6625
1 0.6048333333333333 0.448 0.067 0.138
0 0.6233333333333333 0.687 0.18 0.626
1 0.011333333333333334 0.4565 0.013333333333333334 0.021
0 0.019333333333333334 0.52275 0.03866666666666667 0.1575
1 0.08633333333333333 0.45825 0.010666666666666666 0.0165
0 0.0865 0.51375 0.049666666666666665 0.1355
1 0.021666666666666667 0.43075 0.012666666666666666 0.0205
0 0.0255 0.46975 0.03766666666666667 0.1065
1 0.074 0.4975 0.008666666666666666 0.013
0 0.06983333333333333 0.53075 0.027666666666666666 0.0815
1 0.1125 0.479 0.008333333333333333 0.013
0 0.10983333333333334 0.50125 0.026333333333333334 0.0645
1 0.2986666666666667 0.47375 0.006 0.0125
0 0.2991666666666667 0.506 0.018333333333333333 0.081
1 0.2906666666666667 0.46625 0.004666666666666667 0.0075
0 0.28933333333333333 0.49725 0.018 0.0775
1 0.381 0.459 0.014 0.023
0 0.37716666666666665 0.53775 0.04633333333333333 0.1845
1 0.33166666666666667 0.47125 0.008 0.0165
0 0.32566666666666666 0.50575 0.017333333333333333 0.0875
1 0.3465 0.47 0.006333333333333333 0.011
0 0.3418333333333333 0.505 0.022333333333333334 0.092
1 0.358 0.50325 0.022 0.0935
0 0.358 0.50325 0.022 0.0935
1 0.3461666666666667 0.44375 0.021 0.0645
0 0.3461666666666667 0.44375 0.021 0.0645
1 0.3596666666666667 0.395 0.009333333333333334 0.012
0 0.35983333333333334 0.4205 0.019 0.066
1 0.36583333333333334 0.38325 0.006333333333333333 0.0095
0 0.36566666666666664 0.40625 0.019333333333333334 0.0585
1 0.3888333333333333 0.411 0.018333333333333333 0.065
0 0.3888333333333333 0.411 0.018333333333333333 0.065
1 0.41383333333333333 0.38325 0.006333333333333333 0.0105
0 0.414 0.412 0.022 0.079
1 0.36983333333333335 0.43625 0.006333333333333333 0.0115
0 0.3695 0.46675 0.019 0.0775
1 0.38216666666666665 0.424 0.006333333333333333 0.012
0 0.3855 0.4535 0.021 0.075
1 0.45266666666666666 0.41175 0.018 0.0685
0 0.45266666666666666 0.41175 0.018 0.0685
1 0.9698333333333333 0.47175 0.012333333333333333 0.0195
0 0.9586666666666667 0.539 0.046 0.165
1 0.9206666666666666 0.51725 0.012666666666666666 0.0185
0 0.9198333333333333 0.552 0.049666666666666665 0.093
1 0.3975 0.46225 0.013 0.0195
0 0.3998333333333333 0.5375 0.03833333333333333 0.174
1 0.1845 0.291 0.006333333333333333 0.011
0 0.18216666666666667 0.322 0.02033333333333333 0.077