1 0.157 0.33166666666666667 0.049 0.078
0 0.12 0.5223333333333333 0.129 0.4646666666666667
1 0.18525 0.4036666666666667 0.0395 0.066
0 0.1935 0.5766666666666667 0.104 0.43066666666666664
1 0.24725 0.3893333333333333 0.0375 0.056
0 0.2575 0.584 0.125 0.452
1 0.28975 0.37566666666666665 0.0325 0.058
0 0.30125 0.5243333333333333 0.0845 0.358
1 0.418 0.3473333333333333 0.043 0.07733333333333334
0 0.42025 0.5516666666666666 0.1295 0.49133333333333334
1 0.54925 0.36966666666666664 0.0515 0.08333333333333333
0 0.54775 0.5993333333333334 0.1655 0.5453333333333333
1 0.675 0.35 0.057 0.09466666666666666
0 0.7055 0.6046666666666667 0.173 0.6133333333333333
1 0.77525 0.33566666666666667 0.0455 0.07666666666666666
0 0.7875 0.5253333333333333 0.122 0.46266666666666667