1 0.935 0.4666666666666667 0.09333333333333334 0.07777777777777778
0 0.8933333333333333 0.6488888888888888 0.21333333333333335 0.45111111111111113
1 0.8883333333333333 0.3622222222222222 0.03333333333333333 0.028888888888888888
0 0.8875 0.43333333333333335 0.095 0.18
1 0.8908333333333334 0.42388888888888887 0.021666666666666667 0.016666666666666666
0 0.8875 0.49166666666666664 0.06833333333333333 0.13
1 0.8791666666666667 0.3672222222222222 0.04833333333333333 0.043333333333333335
0 0.8483333333333334 0.4627777777777778 0.11666666666666667 0.24333333333333335
1 0.8183333333333334 0.3411111111111111 0.03 0.02666666666666667
0 0.8191666666666667 0.4088888888888889 0.08833333333333333 0.16666666666666666
1 0.81 0.35888888888888887 0.03666666666666667 0.02666666666666667
0 0.8075 0.4388888888888889 0.08166666666666667 0.19111111111111112
1 0.755 0.35 0.03333333333333333 0.028888888888888888
0 0.7458333333333333 0.41833333333333333 0.07833333333333334 0.16777777777777778
1 0.7116666666666667 0.32944444444444443 0.02666666666666667 0.023333333333333334
0 0.7191666666666666 0.3838888888888889 0.08166666666666667 0.13666666666666666
1 0.6158333333333333 0.4538888888888889 0.06833333333333333 0.056666666666666664
0 0.615 0.6077777777777778 0.19666666666666666 0.39111111111111113
1 0.645 0.4177777777777778 0.06333333333333334 0.06
0 0.635 0.5711111111111111 0.18333333333333332 0.37555555555555553
1 0.5616666666666666 0.38 0.04666666666666667 0.04
0 0.5558333333333333 0.4822222222222222 0.135 0.24888888888888888
1 0.49916666666666665 0.36944444444444446 0.041666666666666664 0.03666666666666667
0 0.505 0.46 0.12 0.22666666666666666
1 0.4091666666666667 0.5466666666666666 0.085 0.05333333333333334
0 0.4041666666666667 0.6666666666666666 0.15166666666666667 0.3022222222222222
1 0.48333333333333334 0.42333333333333334 0.05333333333333334 0.04666666666666667
0 0.4675 0.5344444444444445 0.195 0.27555555555555555
1 0.42333333333333334 0.39444444444444443 0.04666666666666667 0.04
0 0.4275 0.4938888888888889 0.14833333333333334 0.2477777777777778
1 0.4033333333333333 0.3616666666666667 0.03333333333333333 0.03
0 0.4041666666666667 0.4311111111111111 0.10166666666666667 0.18222222222222223
1 0.36833333333333335 0.3516666666666667 0.02666666666666667 0.021111111111111112
0 0.3725 0.41555555555555557 0.075 0.16
1 0.2966666666666667 0.35888888888888887 0.02666666666666667 0.028888888888888888
0 0.2991666666666667 0.43222222222222223 0.09833333333333333 0.18222222222222223
1 0.17333333333333334 0.34944444444444445 0.02666666666666667 0.021111111111111112
0 0.1775 0.41333333333333333 0.07833333333333334 0.15333333333333332
1 0.24833333333333332 0.33166666666666667 0.02 0.016666666666666666
0 0.24333333333333335 0.3688888888888889 0.06 0.09333333333333334
1 0.5258333333333334 0.3138888888888889 0.025 0.016666666666666666
0 0.5166666666666667 0.3605555555555556 0.07 0.11666666666666667
1 0.5475 0.33 0.018333333333333333 0.017777777777777778
0 0.545 0.37833333333333335 0.06333333333333334 0.12555555555555556
1 0.6591666666666667 0.3322222222222222 0.028333333333333332 0.02
0 0.6525 0.3827777777777778 0.065 0.12555555555555556
1 0.665 0.3422222222222222 0.02666666666666667 0.022222222222222223
0 0.6616666666666666 0.39444444444444443 0.07333333333333333 0.13333333333333333
1 0.5875 0.3277777777777778 0.028333333333333332 0.02
0 0.585 0.37444444444444447 0.06666666666666667 0.11777777777777777
1 0.2825 0.3377777777777778 0.025 0.02
0 0.26916666666666667 0.39111111111111113 0.06166666666666667 0.13777777777777778