1 0.19775 0.4601123595505618 0.022 0.0348314606741573
0 0.1955 0.5734082397003746 0.074 0.2696629213483146
1 0.069625 0.48164794007490636 0.02875 0.0299625468164794
0 0.079125 0.5958801498127341 0.08575 0.2644194756554307
1 0.27775 0.4762172284644195 0.0065 0.011610486891385767
0 0.2785 0.5127340823970038 0.023 0.08764044943820225
1 0.318625 0.4632958801498127 0.00925 0.0149812734082397
0 0.3185 0.5155430711610487 0.0285 0.12247191011235956
1 0.34425 0.4698501872659176 0.01 0.01610486891385768
0 0.348 0.5241573033707865 0.043 0.12846441947565543
1 0.37425 0.4730337078651685 0.0085 0.01348314606741573
0 0.37725 0.5157303370786517 0.0245 0.10262172284644194
1 0.383125 0.47340823970037454 0.00975 0.01647940074906367
0 0.384875 0.5136704119850187 0.01825 0.09850187265917602
1 0.30325 0.47602996254681645 0.0075 0.011235955056179775
0 0.304875 0.5121722846441947 0.02275 0.09400749063670412
1 0.271 0.48071161048689137 0.0055 0.010112359550561797
0 0.266875 0.5102996254681648 0.02075 0.07153558052434457
1 0.032625 0.48576779026217226 0.00975 0.01348314606741573
0 0.0305 0.5174157303370787 0.028 0.08352059925093633
1 0.252375 0.4786516853932584 0.00375 0.00599250936329588
0 0.255125 0.4934456928838951 0.01225 0.037827715355805244
1 0.283875 0.4805243445692884 0.00525 0.008988764044943821
0 0.2875 0.5069288389513109 0.017 0.06554307116104868
1 0.349625 0.4756554307116105 0.00475 0.008988764044943821
0 0.3515 0.501498127340824 0.0175 0.06367041198501873
1 0.357375 0.47322097378277156 0.00325 0.0056179775280898875
0 0.357375 0.49063670411985016 0.00925 0.04344569288389513