1 0.0810546875 0.3235677083333333 0.048828125 0.07682291666666667
0 0.08056640625 0.5533854166666666 0.1337890625 0.5494791666666666
1 0.15087890625 0.3763020833333333 0.0458984375 0.07291666666666667
0 0.15380859375 0.5826822916666666 0.1416015625 0.4934895833333333
1 0.1962890625 0.3255208333333333 0.04296875 0.057291666666666664
0 0.1923828125 0.54296875 0.119140625 0.5182291666666666
1 0.26708984375 0.3046875 0.0458984375 0.078125
0 0.26025390625 0.5299479166666666 0.1201171875 0.5338541666666666
1 0.2958984375 0.3092447916666667 0.033203125 0.05859375
0 0.298828125 0.509765625 0.099609375 0.48046875
1 0.345703125 0.3502604166666667 0.0390625 0.06770833333333333
0 0.34326171875 0.5423177083333334 0.1103515625 0.4700520833333333
1 0.39697265625 0.326171875 0.0361328125 0.055989583333333336
0 0.39599609375 0.5123697916666666 0.0927734375 0.44140625
1 0.44921875 0.3092447916666667 0.041015625 0.07421875
0 0.447265625 0.5169270833333334 0.111328125 0.4973958333333333
1 0.43212890625 0.427734375 0.0361328125 0.05859375
0 0.43359375 0.5924479166666666 0.099609375 0.4088541666666667
1 0.5166015625 0.3548177083333333 0.04296875 0.06380208333333333
0 0.51953125 0.5462239583333334 0.12890625 0.51171875
1 0.5703125 0.3287760416666667 0.0390625 0.06380208333333333
0 0.56591796875 0.5266927083333334 0.1123046875 0.4674479166666667
1 0.6171875 0.3899739583333333 0.0390625 0.06901041666666667
0 0.6162109375 0.5774739583333334 0.09765625 0.45703125
1 0.6572265625 0.3450520833333333 0.041015625 0.06510416666666667
0 0.6630859375 0.5403645833333334 0.109375 0.46875
1 0.71923828125 0.3587239583333333 0.0458984375 0.07682291666666667
0 0.71484375 0.5696614583333334 0.123046875 0.5065104166666666
1 0.7412109375 0.3391927083333333 0.041015625 0.06380208333333333
0 0.74267578125 0.5319010416666666 0.0986328125 0.4674479166666667
1 0.8095703125 0.314453125 0.048828125 0.07942708333333333
0 0.80078125 0.5397135416666666 0.1484375 0.5403645833333334
1 0.95458984375 0.3528645833333333 0.0537109375 0.08333333333333333
0 0.93310546875 0.5852864583333334 0.1337890625 0.5638020833333334
1 0.376953125 0.21419270833333334 0.009765625 0.014322916666666666
0 0.37548828125 0.2532552083333333 0.0283203125 0.10026041666666667
1 0.57568359375 0.2265625 0.0087890625 0.010416666666666666
0 0.57470703125 0.2578125 0.0224609375 0.08854166666666667