1 0.09398814563928874 0.39875 0.06604572396274344 0.105
0 0.16172734970364097 0.668125 0.2540220152413209 0.66375
1 0.28662150719729046 0.24 0.056731583403895 0.1075
0 0.31498729889923793 0.58875 0.20999153259949196 0.8225
1 0.40812870448772226 0.42 0.0558848433530906 0.1075
0 0.39627434377646065 0.575 0.2574089754445385 0.7975
1 0.5207451312447079 0.245625 0.08806096528365792 0.13125
0 0.6109229466553768 0.58875 0.3344623200677392 0.8225
1 0.9254868755292125 0.056875 0.06096528365791702 0.11375
0 0.8992379339542761 0.459375 0.20152413209144793 0.91875
1 0.01397121083827265 0.26625 0.0279424216765453 0.055
0 0.04064352243861134 0.380625 0.08128704487722269 0.30125
1 0.08001693480101608 0.225 0.026248941574936496 0.05
0 0.09017781541066892 0.356875 0.08044030482641829 0.32375
1 0.1460626587637595 0.213125 0.026248941574936496 0.04125
0 0.15791701947502118 0.33375 0.07705334462320068 0.315
1 0.2764606265876376 0.16125 0.026248941574936496 0.045
0 0.28577476714648603 0.27 0.0855207451312447 0.31
1 0.013547840812870448 0.13625 0.027095681625740897 0.05
0 0.03937341236240474 0.29375 0.07874682472480948 0.3725
1 0.06138865368331922 0.148125 0.026248941574936496 0.05125
0 0.0829805249788315 0.281875 0.10160880609652836 0.33125
1 0.14309906858594412 0.1025 0.03217612193056731 0.0425
0 0.163844199830652 0.24625 0.10245554614733277 0.3625
1 0.20872142252328535 0.0475 0.0279424216765453 0.045
0 0.2286198137171888 0.215 0.10668924640135478 0.39
1 0.28831498729889926 0.018125 0.024555461473327687 0.03625
0 0.3069432684165961 0.15375 0.09060118543607112 0.3075
1 0.4225232853513971 0.064375 0.02540220152413209 0.04125
0 0.4377646062658764 0.20125 0.09991532599491956 0.37
1 0.4966130397967824 0.02125 0.026248941574936496 0.0425
0 0.519051651143099 0.173125 0.09483488569009314 0.34625
1 0.628281117696867 0.045 0.027095681625740897 0.045
0 0.6333615580016935 0.176875 0.10838272650296359 0.34125
1 0.6960203217612193 0.0325 0.03048264182895851 0.0425
0 0.712108382726503 0.141875 0.07620660457239628 0.28125
1 0.7531752751905165 0.024375 0.026248941574936496 0.04875
0 0.7662997459779848 0.158125 0.09652836579170194 0.31625
1 0.8183742591024555 0.02125 0.029635901778154106 0.0425
0 0.84038950042337 0.153125 0.09398814563928874 0.30625
1 0.1104995766299746 0.101875 0.024555461473327687 0.04375
0 0.12447078746824725 0.215625 0.07281964436917866 0.29625
1 0.13166807790008467 0.043125 0.026248941574936496 0.04125
0 0.14987298899237933 0.170625 0.09314140558848434 0.30625
1 0.19009314140558847 0.018125 0.026248941574936496 0.03625
0 0.20575783234546993 0.1475 0.08128704487722269 0.295
1 0.34419983065198984 0.065 0.026248941574936496 0.045
0 0.3624047417442845 0.18 0.08128704487722269 0.3025
1 0.28958509737510585 0.02 0.027095681625740897 0.04
0 0.2662997459779848 0.15875 0.0821337849280271 0.3175
1 0.5436071126164268 0.131875 0.0846740050804403 0.26375
0 0.5436071126164268 0.131875 0.0846740050804403 0.26375