1 0.06375 0.6266540642722117 0.1275 0.2589792060491493
0 0.180625 0.7410207939508506 0.36125 0.5179584120982986
1 0.158125 0.4621928166351607 0.09625 0.16824196597353497
0 0.156875 0.6833648393194707 0.22375 0.6332703213610587
1 0.364375 0.3383742911153119 0.12375 0.2608695652173913
0 0.36125 0.6001890359168242 0.3 0.7996219281663516
1 0.728125 0.5519848771266541 0.17125 0.30245746691871456
0 0.685 0.6843100189035917 0.565 0.6313799621928167
1 0.845625 0.6039697542533081 0.13375 0.22873345935727787
0 0.784375 0.6965973534971645 0.39875 0.6068052930056711
1 0.575625 0.42533081285444235 0.05875 0.12098298676748583
0 0.5675 0.6776937618147448 0.315 0.6446124763705104
1 0.55125 0.6011342155009451 0.115 0.17391304347826086
0 0.4975 0.7476370510396976 0.27 0.504725897920605
1 0.578125 0.42627599243856334 0.06375 0.11909262759924386
0 0.585 0.5907372400756143 0.1925 0.8185255198487713
1 0.4925 0.4054820415879017 0.0525 0.1001890359168242
0 0.50625 0.6729678638941399 0.15 0.6540642722117203
1 0.42125 0.3667296786389414 0.08 0.15122873345935728
0 0.43125 0.6427221172022685 0.21 0.7145557655954632
1 0.271875 0.46502835538752363 0.09875 0.20415879017013233
0 0.27875 0.6739130434782609 0.2725 0.6521739130434783