1 0.6115183246073298 0.7590266875981162 0.016753926701570682 0.03296703296703297
0 0.6141361256544503 0.8516483516483516 0.05759162303664921 0.22762951334379905
1 0.39162303664921466 0.7527472527472527 0.020942408376963352 0.03296703296703297
0 0.38481675392670156 0.8453689167974883 0.05549738219895288 0.22135007849293564
1 0.49476439790575916 0.6028257456828885 0.01780104712041885 0.0282574568288854
0 0.4780104712041885 0.6868131868131868 0.09528795811518324 0.2150706436420722
1 0.30523560209424083 0.5667189952904239 0.01780104712041885 0.0282574568288854
0 0.2994764397905759 0.6436420722135008 0.060732984293193716 0.20722135007849293
1 0.7471204188481675 0.4340659340659341 0.013612565445026177 0.023547880690737835
0 0.7439790575916231 0.5117739403453689 0.04712041884816754 0.19152276295133439
1 0.5445026178010471 0.4026687598116169 0.014659685863874346 0.029827315541601257
0 0.537696335078534 0.48194662480376765 0.04293193717277487 0.1978021978021978
1 0.6230366492146597 0.3131868131868132 0.014659685863874346 0.026687598116169546
0 0.6193717277486911 0.3869701726844584 0.05340314136125655 0.18995290423861852
1 0.3785340314136126 0.27472527472527475 0.013612565445026177 0.018838304552590265
0 0.37801047120418846 0.3500784929356358 0.039790575916230364 0.19152276295133439
1 0.32146596858638743 0.38069073783359497 0.014659685863874346 0.026687598116169546
0 0.3193717277486911 0.4521193092621664 0.04607329842931937 0.18524332810047095
1 0.13298429319371727 0.37127158555729983 0.023036649214659685 0.03610675039246468
0 0.13141361256544504 0.45054945054945056 0.04502617801047121 0.20408163265306123
1 0.20418848167539266 0.2629513343799058 0.012565445026178011 0.02040816326530612
0 0.2031413612565445 0.347723704866562 0.039790575916230364 0.19309262166405022
1 0.05654450261780105 0.05180533751962323 0.014659685863874346 0.02511773940345369
0 0.05863874345549738 0.12323390894819466 0.04607329842931937 0.1836734693877551
1 0.04502617801047121 0.012558869701726845 0.016753926701570682 0.02511773940345369
0 0.04031413612565445 0.08948194662480377 0.049214659685863874 0.17896389324960754
1 0.225130890052356 0.06279434850863422 0.014659685863874346 0.02511773940345369
0 0.22303664921465968 0.12794348508634223 0.041884816753926704 0.18053375196232338
1 0.20680628272251309 0.01098901098901099 0.011518324607329843 0.02197802197802198
0 0.19947643979057592 0.08948194662480377 0.04502617801047121 0.17896389324960754
1 0.18010471204188483 0.012558869701726845 0.016753926701570682 0.02511773940345369
0 0.17853403141361257 0.07299843014128729 0.03455497382198953 0.14599686028257458
1 0.41413612565445024 0.09811616954474098 0.013612565445026177 0.026687598116169546
0 0.4157068062827225 0.16718995290423863 0.04397905759162304 0.17739403453689168
1 0.3879581151832461 0.03453689167974882 0.013612565445026177 0.02197802197802198
0 0.38586387434554975 0.09654631083202511 0.04293193717277487 0.17111459968602827
1 0.36596858638743457 0.01098901098901099 0.013612565445026177 0.02197802197802198
0 0.36387434554973824 0.07849293563579278 0.0387434554973822 0.15698587127158556
1 0.5963350785340314 0.11695447409733124 0.013612565445026177 0.026687598116169546
0 0.5989528795811518 0.18681318681318682 0.048167539267015703 0.18524332810047095
1 0.5633507853403141 0.04709576138147567 0.014659685863874346 0.02511773940345369
0 0.5575916230366492 0.11616954474097331 0.04502617801047121 0.17896389324960754
1 0.5329842931937173 0.008634222919937205 0.012565445026178011 0.01726844583987441
0 0.5303664921465968 0.076138147566719 0.0387434554973822 0.152276295133438
1 0.9958115183246073 0.5659340659340659 0.008376963350785341 0.023547880690737835
0 0.9774869109947644 0.6043956043956044 0.04502617801047121 0.11616954474097331
1 0.9654450261780104 0.489010989010989 0.016753926701570682 0.029827315541601257
0 0.9554973821989529 0.5259026687598116 0.05340314136125655 0.10989010989010989
1 0.9486910994764398 0.4631083202511774 0.016753926701570682 0.0282574568288854
0 0.9366492146596859 0.5015698587127159 0.061780104712041886 0.11145996860282574
1 0.9204188481675393 0.4230769230769231 0.016753926701570682 0.023547880690737835
0 0.9172774869109948 0.45918367346938777 0.050261780104712044 0.10204081632653061
1 0.9109947643979057 0.39952904238618525 0.016753926701570682 0.023547880690737835
0 0.9078534031413612 0.4317111459968603 0.04607329842931937 0.10047095761381476
1 0.9020942408376963 0.37362637362637363 0.01780104712041885 0.02197802197802198
0 0.8905759162303665 0.40816326530612246 0.05340314136125655 0.10047095761381476
1 0.881151832460733 0.3540031397174254 0.015706806282722512 0.026687598116169546
0 0.8785340314136125 0.39089481946624804 0.041884816753926704 0.10361067503924647
1 0.8780104712041885 0.3218210361067504 0.015706806282722512 0.02197802197802198
0 0.868586387434555 0.3642072213500785 0.04712041884816754 0.11930926216640503
1 0.8513089005235602 0.3139717425431711 0.012565445026178011 0.02197802197802198
0 0.856544502617801 0.3390894819466248 0.0356020942408377 0.09419152276295134
1 0.868586387434555 0.20408163265306123 0.015706806282722512 0.02511773940345369
0 0.8612565445026178 0.260596546310832 0.030366492146596858 0.14442700156985872
1 0.8973821989528796 0.21036106750392464 0.016753926701570682 0.02511773940345369
0 0.900523560209424 0.26138147566718994 0.027225130890052355 0.13343799058084774
1 0.8575916230366493 0.1726844583987441 0.016753926701570682 0.0282574568288854
0 0.8486910994764398 0.23783359497645212 0.04293193717277487 0.16483516483516483
1 0.8481675392670157 0.15698587127158556 0.014659685863874346 0.02511773940345369
0 0.8387434554973822 0.22919937205651492 0.039790575916230364 0.1726844583987441
1 0.819371727748691 0.19073783359497645 0.013612565445026177 0.023547880690737835
0 0.8136125654450261 0.23076923076923078 0.04397905759162304 0.1130298273155416
1 0.7801047120418848 0.130298273155416 0.014659685863874346 0.02511773940345369
0 0.7738219895287958 0.15934065934065933 0.050261780104712044 0.08948194662480377
1 0.7617801047120419 0.08241758241758242 0.015706806282722512 0.023547880690737835
0 0.7476439790575916 0.11459968602825746 0.050261780104712044 0.09105180533751962
1 0.7591623036649214 0.0706436420722135 0.012565445026178011 0.018838304552590265
0 0.7492146596858639 0.10047095761381476 0.0387434554973822 0.08791208791208792
1 0.7256544502617801 0.03139717425431711 0.014659685863874346 0.02197802197802198
0 0.724607329842932 0.06279434850863422 0.03769633507853403 0.09105180533751962
1 0.8214659685863874 0.10361067503924647 0.015706806282722512 0.02197802197802198
0 0.8172774869109948 0.15934065934065933 0.032460732984293195 0.13971742543171115
1 0.8507853403141361 0.10361067503924647 0.011518324607329843 0.018838304552590265
0 0.8460732984293193 0.16012558869701726 0.031413612565445025 0.15384615384615385
1 0.8732984293193717 0.08791208791208792 0.016753926701570682 0.02511773940345369
0 0.8743455497382199 0.14678178963893249 0.031413612565445025 0.14913657770800628
1 0.8879581151832461 0.08320251177394035 0.014659685863874346 0.02511773940345369
0 0.8853403141361257 0.14050235478806908 0.019895287958115182 0.14599686028257458
1 0.893717277486911 0.04631083202511774 0.011518324607329843 0.02040816326530612
0 0.8942408376963351 0.10361067503924647 0.02931937172774869 0.141287284144427
1 0.9041884816753927 0.036891679748822605 0.011518324607329843 0.02040816326530612
0 0.9052356020942408 0.09183673469387756 0.019895287958115182 0.13657770800627944
1 0.9277486910994764 0.029827315541601257 0.014659685863874346 0.02511773940345369
0 0.9267015706806283 0.08555729984301413 0.025130890052356022 0.14285714285714285
1 0.981151832460733 0.1946624803767661 0.014659685863874346 0.02197802197802198
0 0.9780104712041885 0.2543171114599686 0.033507853403141365 0.14442700156985872
1 0.9759162303664921 0.17739403453689168 0.014659685863874346 0.02511773940345369
0 0.9727748691099476 0.24097331240188383 0.0356020942408377 0.1554160125588697
1 0.9638743455497382 0.14835164835164835 0.01780104712041885 0.026687598116169546
0 0.9602094240837696 0.21114599686028257 0.031413612565445025 0.1554160125588697
1 0.9575916230366492 0.1326530612244898 0.01780104712041885 0.023547880690737835
0 0.9513089005235602 0.19387755102040816 0.040837696335078534 0.1554160125588697
1 0.9392670157068063 0.1357927786499215 0.014659685863874346 0.023547880690737835
0 0.9319371727748691 0.1891679748822606 0.031413612565445025 0.13971742543171115
1 0.8738219895287959 0.03767660910518053 0.013612565445026177 0.02197802197802198
0 0.8732984293193717 0.07142857142857142 0.027225130890052355 0.10204081632653061
1 0.949738219895288 0.08712715855572999 0.018848167539267015 0.026687598116169546
0 0.9465968586387434 0.130298273155416 0.02931937172774869 0.11616954474097331
1 0.918848167539267 0.10910518053375197 0.011518324607329843 0.02040816326530612
0 0.9193717277486911 0.14913657770800628 0.039790575916230364 0.11616954474097331