1 0.09355961705831158 0.268140589569161 0.04351610095735422 0.09788359788359788
0 0.08572671888598782 0.5530990173847317 0.13011314186248912 0.6836734693877551
1 0.1948433420365535 0.3310657596371882 0.03981723237597911 0.0801209372637944
0 0.18929503916449086 0.5810657596371882 0.11183637946040034 0.5876795162509448
1 0.2725195822454308 0.3641345427059713 0.03241949521322889 0.07520786092214664
0 0.2778503046127067 0.5782312925170068 0.11401218450826806 0.5298563869992441
1 0.31810269799825935 0.33503401360544216 0.03176675369886858 0.06689342403628118
0 0.32647954743255003 0.5491307634164777 0.09203655352480418 0.5154950869236583
1 0.3669495213228895 0.35279667422524563 0.03111401218450827 0.06311413454270597
0 0.3738033072236728 0.5585789871504158 0.06788511749347259 0.47921390778533635
1 0.4383159268929504 0.3698034769463341 0.02980852915578764 0.06689342403628118
0 0.4398389904264578 0.5634920634920635 0.07550043516100957 0.4603174603174603
1 0.5082680591818973 0.3779289493575208 0.024369016536118365 0.055933484504913075
0 0.5081592689295039 0.5640589569160998 0.0685378590078329 0.444822373393802
1 0.5699521322889469 0.35034013605442177 0.028938207136640557 0.06424792139077853
0 0.5700609225413403 0.5633030990173847 0.07615317667536989 0.5030234315948602
1 0.6401218450826806 0.34032501889644745 0.03176675369886858 0.06840513983371126
0 0.6429503916449086 0.5546107331821618 0.08920800696257615 0.5090702947845805
1 0.7131201044386423 0.35468631897203323 0.02763272410791993 0.06386999244142101
0 0.7086597040905135 0.544973544973545 0.07006092254134029 0.4520030234315949
1 0.7593559617058312 0.3363567649281935 0.03263707571801567 0.07936507936507936
0 0.7616405570060922 0.5521541950113379 0.09247171453437772 0.5207860922146637
1 0.8144038294168843 0.3531746031746032 0.03220191470844212 0.07218442932728647
0 0.818864229765013 0.5608465608465608 0.0933420365535248 0.5102040816326531
1 0.8765230635335074 0.29931972789115646 0.04025239338555266 0.07709750566893424
0 0.8833768494342907 0.5525321239606954 0.09530026109660575 0.5933484504913077
1 0.9348346388163621 0.27286470143613 0.04286335944299391 0.09221466364323508
0 0.9333115752828547 0.5608465608465608 0.0994342906875544 0.6764928193499622
1 0.8206048738033073 0.5151171579743008 0.03894691035683203 0.0854119425547997
0 0.8401871192341166 0.701058201058201 0.14120974760661445 0.47694633408919124
1 0.7529373368146214 0.5702947845804989 0.03894691035683203 0.0854119425547997
0 0.7606614447345518 0.6993575207860923 0.12837249782419496 0.3919123204837491
1 0.6876631853785901 0.5374149659863946 0.03285465622280244 0.07936507936507936
0 0.6857049608355091 0.6770597127739985 0.10944299390774587 0.36848072562358275
1 0.6079199303742384 0.5326908541194255 0.03568320278503046 0.07067271352985639
0 0.6124891209747607 0.6606198034769464 0.08398607484769365 0.34089191232048377
1 0.5395996518711923 0.5175736961451247 0.03742384682332463 0.0835222978080121
0 0.5352480417754569 0.6625094482237339 0.08311575282854657 0.37339380196523053
1 0.4575718015665796 0.5445956160241875 0.031331592689295036 0.07634164777021919
0 0.45822454308093996 0.6755479969765684 0.07702349869451697 0.3420256991685563
1 0.370757180156658 0.5026455026455027 0.04003481288076589 0.08465608465608465
0 0.375 0.6466364323507181 0.08681462140992167 0.37339380196523053
1 0.30385117493472585 0.5113378684807256 0.03546562228024369 0.08087679516250945
0 0.2927545691906005 0.6744142101284959 0.08681462140992167 0.40778533635676495
1 0.1927763272410792 0.5376039304610734 0.04134029590948651 0.08276643990929705
0 0.19712793733681463 0.6866969009826153 0.10052219321148825 0.41421012849584277
1 0.12358572671888599 0.5374149659863946 0.04525674499564839 0.09070294784580499
0 0.1190165361183638 0.7014361300075586 0.11183637946040034 0.42479213907785335