1 0.05359056806002144 0.41214285714285714 0.10718113612004287 0.21857142857142858
0 0.14469453376205788 0.6464285714285715 0.28938906752411575 0.7071428571428572
1 0.04287245444801715 0.4057142857142857 0.0857449088960343 0.19714285714285715
0 0.09646302250803858 0.6478571428571429 0.19292604501607716 0.7042857142857143
1 0.11629153269024652 0.4357142857142857 0.0632368703108253 0.08571428571428572
0 0.11254019292604502 0.69 0.1714898177920686 0.62
1 0.17792068595927116 0.4514285714285714 0.1007502679528403 0.12285714285714286
0 0.16291532690246516 0.6842857142857143 0.2765273311897106 0.6314285714285715
1 0.2566988210075027 0.5021428571428571 0.06966773847802786 0.10428571428571429
0 0.25562700964630225 0.7185714285714285 0.17256162915326903 0.5628571428571428
1 0.4737406216505895 0.48642857142857143 0.06430868167202572 0.10428571428571429
0 0.4453376205787781 0.7157142857142857 0.1939978563772776 0.5685714285714286
1 0.647374062165059 0.5278571428571428 0.06216505894962487 0.09285714285714286
0 0.6168274383708467 0.7378571428571429 0.1832797427652733 0.5242857142857142
1 0.7111468381564845 0.5621428571428572 0.028938906752411574 0.041428571428571426
0 0.695069667738478 0.6757142857142857 0.06966773847802786 0.2742857142857143
1 0.752411575562701 0.5642857142857143 0.023579849946409433 0.03142857142857143
0 0.7486602357984995 0.665 0.06752411575562701 0.24142857142857144
1 0.27009646302250806 0.46214285714285713 0.06430868167202572 0.09571428571428571
0 0.2497320471596999 0.7007142857142857 0.1564844587352626 0.5985714285714285
1 0.3612004287245445 0.49357142857142855 0.03644158628081458 0.055714285714285716
0 0.3590568060021436 0.7121428571428572 0.11361200428724544 0.5157142857142857
1 0.32315112540192925 0.49642857142857144 0.03751339764201501 0.06142857142857143
0 0.3092175777063237 0.6678571428571428 0.08896034297963558 0.42428571428571427
1 0.560021436227224 0.58 0.04608788853161844 0.07714285714285714
0 0.5305466237942122 0.7628571428571429 0.14790996784565916 0.4742857142857143
1 0.5777063236870311 0.5142857142857142 0.03858520900321544 0.06
0 0.5573419078242229 0.7157142857142857 0.12433011789924973 0.47714285714285715
1 0.6136120042872455 0.5442857142857143 0.02465166130760986 0.037142857142857144
0 0.6103965702036441 0.6642857142857143 0.05894962486602358 0.2885714285714286
1 0.7797427652733119 0.5592857142857143 0.022508038585209004 0.032857142857142856
0 0.7695605573419079 0.6335714285714286 0.04715969989281887 0.18428571428571427
1 0.7888531618435155 0.5678571428571428 0.010718113612004287 0.015714285714285715
0 0.7877813504823151 0.625 0.03644158628081458 0.15285714285714286