1 0.9433333333333334 0.6905555555555556 0.01 0.012222222222222223
0 0.945 0.7172222222222222 0.016666666666666666 0.06777777777777778
1 0.9054166666666666 0.6766666666666666 0.005833333333333334 0.008888888888888889
0 0.90375 0.6938888888888889 0.0125 0.04777777777777778
1 0.90875 0.6805555555555556 0.0075 0.01
0 0.91 0.7127777777777777 0.021666666666666667 0.07666666666666666
1 0.8783333333333333 0.675 0.01 0.012222222222222223
0 0.8720833333333333 0.7188888888888889 0.034166666666666665 0.10444444444444445
1 0.8083333333333333 0.6733333333333333 0.006666666666666667 0.028888888888888888
0 0.8083333333333333 0.6733333333333333 0.006666666666666667 0.028888888888888888
1 0.79125 0.685 0.014166666666666666 0.016666666666666666
0 0.7904166666666667 0.7355555555555555 0.030833333333333334 0.12
1 0.77 0.6605555555555556 0.005 0.005555555555555556
0 0.7708333333333334 0.6794444444444444 0.013333333333333334 0.04555555555555556
1 0.7429166666666667 0.67 0.0075 0.011111111111111112
0 0.7445833333333334 0.6994444444444444 0.0175 0.07222222222222222
1 0.7279166666666667 0.6688888888888889 0.0075 0.011111111111111112
0 0.73 0.6972222222222222 0.013333333333333334 0.07
1 0.7204166666666667 0.6711111111111111 0.0075 0.011111111111111112
0 0.72125 0.6983333333333334 0.0175 0.07
1 0.70875 0.6705555555555556 0.005833333333333334 0.0077777777777777776
0 0.7091666666666666 0.69 0.016666666666666666 0.051111111111111114
1 0.62875 0.6638888888888889 0.004166666666666667 0.005555555555555556
0 0.6279166666666667 0.6805555555555556 0.0175 0.043333333333333335
1 0.5941666666666666 0.675 0.015 0.021111111111111112
0 0.5929166666666666 0.7394444444444445 0.029166666666666667 0.15888888888888889
1 0.5625 0.6716666666666666 0.015 0.021111111111111112
0 0.5645833333333333 0.735 0.025833333333333333 0.15
1 0.5283333333333333 0.6683333333333333 0.016666666666666666 0.025555555555555557
0 0.5316666666666666 0.7444444444444445 0.043333333333333335 0.18222222222222223
1 0.5133333333333333 0.6583333333333333 0.016666666666666666 0.023333333333333334
0 0.5125 0.7294444444444445 0.03 0.17
1 0.5008333333333334 0.6705555555555556 0.015 0.023333333333333334
0 0.4995833333333333 0.7311111111111112 0.030833333333333334 0.14888888888888888
1 0.46875 0.6627777777777778 0.014166666666666666 0.023333333333333334
0 0.46625 0.7316666666666667 0.034166666666666665 0.16555555555555557
1 0.41833333333333333 0.6833333333333333 0.015 0.02
0 0.4170833333333333 0.7483333333333333 0.03916666666666667 0.15888888888888889
1 0.43333333333333335 0.6866666666666666 0.011666666666666667 0.013333333333333334
0 0.4354166666666667 0.7488888888888889 0.030833333333333334 0.1511111111111111
1 0.34708333333333335 0.7011111111111111 0.025833333333333333 0.042222222222222223
0 0.35 0.8138888888888889 0.065 0.27444444444444444
1 0.22583333333333333 0.6794444444444444 0.023333333333333334 0.034444444444444444
0 0.21 0.7977777777777778 0.09166666666666666 0.27555555555555555