1 0.0033700980392156864 0.6014093137254902 0.006740196078431373 0.010416666666666666
0 0.009191176470588236 0.6326593137254902 0.01838235294117647 0.07965686274509803
1 0.013991013071895425 0.6135110294117647 0.006331699346405229 0.010723039215686275
0 0.00959967320261438 0.6393995098039216 0.01838235294117647 0.06495098039215687
1 0.0033700980392156864 0.6014093137254902 0.006740196078431373 0.010416666666666666
0 0.011233660130718954 0.6243872549019608 0.02246732026143791 0.07536764705882353
1 0.034109477124183 0.5842524509803921 0.005718954248366013 0.010416666666666666
0 0.034722222222222224 0.6122855392156863 0.024918300653594773 0.06893382352941177
1 0.001838235294117647 0.5088848039215687 0.003676470588235294 0.0055147058823529415
0 0.005412581699346405 0.5307904411764706 0.01082516339869281 0.050551470588235295
1 0.0022467320261437907 0.5022977941176471 0.004493464052287581 0.008884803921568627
0 0.006433823529411764 0.5222120098039216 0.012867647058823529 0.05238970588235294
1 0.015625 0.48284313725490197 0.003472222222222222 0.0055147058823529415
0 0.015216503267973856 0.5062806372549019 0.012050653594771242 0.057291666666666664
1 0.018995098039215685 0.49954044117647056 0.004901960784313725 0.0070465686274509805
0 0.021343954248366014 0.5197610294117647 0.015318627450980392 0.04993872549019608
1 0.030841503267973858 0.5026041666666666 0.009395424836601307 0.03829656862745098
0 0.030841503267973858 0.5026041666666666 0.009395424836601307 0.03829656862745098
1 0.0352328431372549 0.5027573529411765 0.003880718954248366 0.006127450980392157
0 0.03482434640522876 0.522671568627451 0.011233660130718954 0.051470588235294115
1 0.043402777777777776 0.4954044117647059 0.004697712418300653 0.006740196078431373
0 0.043402777777777776 0.5174632352941176 0.015727124183006536 0.0508578431372549
1 0.051266339869281044 0.5081188725490197 0.012254901960784314 0.047487745098039214
0 0.051266339869281044 0.5081188725490197 0.012254901960784314 0.047487745098039214
1 0.05923202614379085 0.5047487745098039 0.003676470588235294 0.006433823529411764
0 0.05974264705882353 0.5232843137254902 0.011642156862745098 0.049019607843137254
1 0.07312091503267974 0.5 0.0032679738562091504 0.004901960784313725
0 0.07312091503267974 0.5160845588235294 0.010212418300653595 0.04013480392156863
1 0.08282271241830065 0.49371936274509803 0.003880718954248366 0.0070465686274509805
0 0.08200571895424837 0.5137867647058824 0.010416666666666666 0.049019607843137254
1 0.08935866013071896 0.4960171568627451 0.003880718954248366 0.007352941176470588
0 0.08946078431372549 0.5147058823529411 0.010620915032679739 0.04595588235294118
1 0.0974264705882353 0.5041360294117647 0.004493464052287581 0.007659313725490196
0 0.0974264705882353 0.522671568627451 0.012663398692810458 0.04656862745098039
1 0.10784313725490197 0.5045955882352942 0.0032679738562091504 0.0055147058823529415
0 0.10988562091503268 0.5234375 0.010620915032679739 0.046875
1 0.11172385620915033 0.48912377450980393 0.003676470588235294 0.005821078431372549
0 0.11100898692810457 0.508578431372549 0.015318627450980392 0.049019607843137254
1 0.1374591503267974 0.49785539215686275 0.004084967320261438 0.007352941176470588
0 0.13868464052287582 0.5180759803921569 0.013888888888888888 0.0545343137254902
1 0.14552696078431374 0.4993872549019608 0.00428921568627451 0.006740196078431373
0 0.14522058823529413 0.5183823529411765 0.010620915032679739 0.04840686274509804
1 0.06719771241830065 0.4678308823529412 0.004084967320261438 0.006740196078431373
0 0.06627859477124183 0.48636642156862747 0.012459150326797386 0.045649509803921566
1 0.07720588235294118 0.4646139705882353 0.0032679738562091504 0.006433823529411764
0 0.07802287581699346 0.4840686274509804 0.010212418300653595 0.0508578431372549
1 0.09609885620915033 0.45266544117647056 0.0022467320261437907 0.003982843137254902
0 0.0954861111111111 0.4678308823529412 0.007965686274509803 0.04105392156862745
1 0.037377450980392156 0.4557291666666667 0.003676470588235294 0.004595588235294118
0 0.037377450980392156 0.4736519607843137 0.012254901960784314 0.041666666666666664
1 0.03819444444444445 0.44638480392156865 0.003676470588235294 0.006127450980392157
0 0.036968954248366014 0.46200980392156865 0.00980392156862745 0.041666666666666664
1 0.023284313725490197 0.4427083333333333 0.0024509803921568627 0.004901960784313725
0 0.021752450980392156 0.4586397058823529 0.014093137254901961 0.0392156862745098
1 0.05228758169934641 0.4453125 0.0032679738562091504 0.005208333333333333
0 0.05024509803921569 0.4615502450980392 0.011029411764705883 0.03952205882352941
1 0.14961192810457516 0.45787377450980393 0.003472222222222222 0.006433823529411764
0 0.1494076797385621 0.47441789215686275 0.01082516339869281 0.04381127450980392
1 0.14869281045751634 0.4774816176470588 0.003676470588235294 0.005208333333333333
0 0.1482843137254902 0.4958639705882353 0.012254901960784314 0.04442401960784314
1 0.17228349673202614 0.5064338235294118 0.003880718954248366 0.007352941176470588
0 0.17034313725490197 0.524203431372549 0.012663398692810458 0.04656862745098039
1 0.19148284313725492 0.5068933823529411 0.003472222222222222 0.006433823529411764
0 0.19046160130718953 0.5251225490196079 0.011233660130718954 0.04534313725490196
1 0.20557598039215685 0.4990808823529412 0.00428921568627451 0.007965686274509803
0 0.20363562091503268 0.5194546568627451 0.012663398692810458 0.050551470588235295
1 0.2082312091503268 0.49816176470588236 0.003472222222222222 0.006740196078431373
0 0.20843545751633988 0.5171568627450981 0.00755718954248366 0.04534313725490196
1 0.2201797385620915 0.5059742647058824 0.0032679738562091504 0.005208333333333333
0 0.21752450980392157 0.5258884803921569 0.012254901960784314 0.046875
1 0.2241625816993464 0.5029105392156863 0.0030637254901960784 0.004595588235294118
0 0.22406045751633988 0.5196078431372549 0.011437908496732025 0.049019607843137254
1 0.24509803921568626 0.5006127450980392 0.004493464052287581 0.006740196078431373
0 0.2452001633986928 0.5220588235294118 0.011642156862745098 0.052083333333333336
1 0.2622549019607843 0.5114889705882353 0.004493464052287581 0.007659313725490196
0 0.26062091503267976 0.5281862745098039 0.010620915032679739 0.041666666666666664
1 0.27001633986928103 0.5243566176470589 0.01184640522875817 0.045649509803921566
0 0.27001633986928103 0.5243566176470589 0.01184640522875817 0.045649509803921566
1 0.29707924836601307 0.4964767156862745 0.003880718954248366 0.0070465686274509805
0 0.29677287581699346 0.5173100490196079 0.013480392156862746 0.050551470588235295
1 0.3020833333333333 0.5068933823529411 0.004493464052287581 0.006433823529411764
0 0.3008578431372549 0.5235906862745098 0.013480392156862746 0.042279411764705885
1 0.30800653594771243 0.5029105392156863 0.004084967320261438 0.008272058823529412
0 0.30361519607843135 0.5222120098039216 0.013684640522875817 0.04871323529411765
1 0.3249591503267974 0.5058210784313726 0.003676470588235294 0.006127450980392157
0 0.3220996732026144 0.522671568627451 0.017565359477124183 0.04350490196078431
1 0.3382352941176471 0.4993872549019608 0.004084967320261438 0.006740196078431373
0 0.33782679738562094 0.5205269607843137 0.011029411764705883 0.052083333333333336
1 0.346609477124183 0.5038296568627451 0.004084967320261438 0.006433823529411764
0 0.3454861111111111 0.5222120098039216 0.011233660130718954 0.04442401960784314
1 0.356515522875817 0.5006127450980392 0.00428921568627451 0.006740196078431373
0 0.3570261437908497 0.5209865196078431 0.013480392156862746 0.04871323529411765
1 0.3657066993464052 0.49800857843137253 0.00428921568627451 0.006433823529411764
0 0.3654003267973856 0.5170036764705882 0.011029411764705883 0.045649509803921566
1 0.3735702614379085 0.49954044117647056 0.004493464052287581 0.007659313725490196
0 0.37336601307189543 0.5199142156862745 0.013480392156862746 0.0508578431372549
1 0.39195261437908496 0.49831495098039214 0.004084967320261438 0.007659313725490196
0 0.39072712418300654 0.5183823529411765 0.00980392156862745 0.049019607843137254
1 0.40042892156862747 0.4973958333333333 0.003472222222222222 0.006433823529411764
0 0.4008374183006536 0.5177696078431373 0.010416666666666666 0.04779411764705882
1 0.4116625816993464 0.4977022058823529 0.003880718954248366 0.005821078431372549
0 0.41074346405228757 0.5174632352941176 0.011029411764705883 0.04656862745098039
1 0.42657271241830064 0.5016850490196079 0.003880718954248366 0.006433823529411764
0 0.42514297385620914 0.5191482843137255 0.012867647058823529 0.04442401960784314
1 0.4340277777777778 0.4996936274509804 0.0032679738562091504 0.006127450980392157
0 0.4314746732026144 0.5147058823529411 0.01082516339869281 0.03982843137254902
1 0.44577205882352944 0.5003063725490197 0.003880718954248366 0.006127450980392157
0 0.4446486928104575 0.5174632352941176 0.014705882352941176 0.04105392156862745
1 0.4585375816993464 0.5087316176470589 0.0028594771241830064 0.004595588235294118
0 0.4585375816993464 0.5202205882352942 0.007352941176470588 0.032475490196078434
1 0.4676266339869281 0.4915747549019608 0.00428921568627451 0.005821078431372549
0 0.4665032679738562 0.5122549019607843 0.013888888888888888 0.04963235294117647
1 0.4551674836601307 0.4898897058823529 0.009191176470588236 0.0392156862745098
0 0.4551674836601307 0.4898897058823529 0.009191176470588236 0.0392156862745098
1 0.4435253267973856 0.47441789215686275 0.003472222222222222 0.0070465686274509805
0 0.44311683006535946 0.4909620098039216 0.011233660130718954 0.043198529411764705
1 0.3840890522875817 0.4849877450980392 0.003472222222222222 0.006127450980392157
0 0.3851102941176471 0.5019914215686274 0.010416666666666666 0.04258578431372549
1 0.16299019607843138 0.4658394607843137 0.0028594771241830064 0.005821078431372549
0 0.16227532679738563 0.4811580882352941 0.011642156862745098 0.04258578431372549
1 0.23815359477124182 0.4479166666666667 0.003676470588235294 0.0055147058823529415
0 0.23794934640522875 0.4653799019607843 0.010212418300653595 0.0428921568627451
1 0.2679738562091503 0.45955882352941174 0.008986928104575163 0.032475490196078434
0 0.2679738562091503 0.45955882352941174 0.008986928104575163 0.032475490196078434
1 0.29901960784313725 0.4417892156862745 0.0032679738562091504 0.006127450980392157
0 0.29758986928104575 0.45879289215686275 0.011029411764705883 0.03952205882352941
1 0.2986111111111111 0.43903186274509803 0.003676470588235294 0.004901960784313725
0 0.29932598039215685 0.45496323529411764 0.009191176470588236 0.0392156862745098
1 0.39358660130718953 0.39246323529411764 0.004084967320261438 0.0055147058823529415
0 0.3932802287581699 0.40670955882352944 0.010008169934640522 0.03768382352941176
1 0.15635212418300654 0.30713848039215685 0.003472222222222222 0.0070465686274509805
0 0.15625 0.32567401960784315 0.008169934640522876 0.044730392156862746
1 0.18535539215686275 0.3167892156862745 0.003472222222222222 0.0055147058823529415
0 0.18382352941176472 0.32996323529411764 0.012663398692810458 0.03308823529411765
1 0.1922998366013072 0.3177083333333333 0.003880718954248366 0.006740196078431373
0 0.191687091503268 0.3313419117647059 0.013684640522875817 0.035845588235294115
1 0.20720996732026145 0.31847426470588236 0.003472222222222222 0.005208333333333333
0 0.20506535947712418 0.3314950980392157 0.01184640522875817 0.03308823529411765
1 0.23621323529411764 0.31096813725490197 0.003472222222222222 0.0055147058823529415
0 0.23590686274509803 0.32858455882352944 0.011029411764705883 0.04197303921568627
1 0.25643382352941174 0.3121936274509804 0.0030637254901960784 0.0055147058823529415
0 0.25592320261437906 0.32919730392156865 0.011029411764705883 0.040747549019607844
1 0.27706290849673204 0.3160232843137255 0.003472222222222222 0.005208333333333333
0 0.27624591503267976 0.3310355392156863 0.01082516339869281 0.03952205882352941
1 0.2887050653594771 0.31295955882352944 0.003472222222222222 0.005821078431372549
0 0.2894199346405229 0.3290441176470588 0.01184640522875817 0.04595588235294118
1 0.2902369281045752 0.32245710784313725 0.0024509803921568627 0.004595588235294118
0 0.29044117647058826 0.33547794117647056 0.008986928104575163 0.03308823529411765
1 0.2986111111111111 0.33440563725490197 0.008986928104575163 0.03462009803921569
0 0.2986111111111111 0.33440563725490197 0.008986928104575163 0.03462009803921569
1 0.306781045751634 0.3206188725490196 0.0028594771241830064 0.005821078431372549
0 0.306781045751634 0.33348651960784315 0.00980392156862745 0.0352328431372549
1 0.32506127450980393 0.32046568627450983 0.0030637254901960784 0.00428921568627451
0 0.3247549019607843 0.3347120098039216 0.010620915032679739 0.0352328431372549
1 0.3341503267973856 0.3236825980392157 0.0028594771241830064 0.005821078431372549
0 0.33343545751633985 0.3359375 0.007148692810457516 0.03155637254901961
1 0.3428308823529412 0.3166360294117647 0.003472222222222222 0.0070465686274509805
0 0.34129901960784315 0.3324142156862745 0.011437908496732025 0.04044117647058824
1 0.34957107843137253 0.31847426470588236 0.0030637254901960784 0.005821078431372549
0 0.35202205882352944 0.3321078431372549 0.011642156862745098 0.03553921568627451
1 0.2826797385620915 0.49846813725490197 0.004084967320261438 0.0055147058823529415
0 0.28125 0.5191482843137255 0.013480392156862746 0.04871323529411765
1 0.4976511437908497 0.49142156862745096 0.003472222222222222 0.0055147058823529415
0 0.49836601307189543 0.5079656862745098 0.009395424836601307 0.041666666666666664
1 0.5160334967320261 0.48606004901960786 0.003472222222222222 0.005208333333333333
0 0.5149101307189542 0.5038296568627451 0.012254901960784314 0.04871323529411765
1 0.5225694444444444 0.47610294117647056 0.00428921568627451 0.006127450980392157
0 0.5219566993464052 0.49525122549019607 0.008782679738562092 0.04258578431372549
1 0.5318627450980392 0.4915747549019608 0.011437908496732025 0.040747549019607844
0 0.5318627450980392 0.4915747549019608 0.011437908496732025 0.040747549019607844
1 0.5339052287581699 0.47074142156862747 0.004493464052287581 0.007659313725490196
0 0.534109477124183 0.4849877450980392 0.010212418300653595 0.03676470588235294
1 0.5391135620915033 0.4505208333333333 0.0030637254901960784 0.005821078431372549
0 0.5379901960784313 0.4647671568627451 0.010212418300653595 0.03799019607843137
1 0.5227736928104575 0.4456188725490196 0.0030637254901960784 0.005208333333333333
0 0.5230800653594772 0.46047794117647056 0.008169934640522876 0.03676470588235294
1 0.5175653594771242 0.4446997549019608 0.0032679738562091504 0.005821078431372549
0 0.5170547385620915 0.4575674019607843 0.008374183006535947 0.03400735294117647
1 0.5327818627450981 0.4413296568627451 0.0026552287581699347 0.005208333333333333
0 0.532577614379085 0.45618872549019607 0.010008169934640522 0.037377450980392156
1 0.5026552287581699 0.40410539215686275 0.0024509803921568627 0.00428921568627451
0 0.5026552287581699 0.41590073529411764 0.007761437908496732 0.030330882352941176
1 0.511437908496732 0.40349264705882354 0.0024509803921568627 0.003676470588235294
0 0.5117442810457516 0.4152879901960784 0.00755718954248366 0.030330882352941176
1 0.5251225490196079 0.39996936274509803 0.007761437908496732 0.026041666666666668
0 0.5251225490196079 0.39996936274509803 0.007761437908496732 0.026041666666666668
1 0.5875204248366013 0.3431372549019608 0.0014297385620915032 0.0024509803921568627
0 0.5874183006535948 0.34681372549019607 0.0032679738562091504 0.014093137254901961
1 0.5960988562091504 0.3489583333333333 0.0014297385620915032 0.0024509803921568627
0 0.5956903594771242 0.3547794117647059 0.003472222222222222 0.015318627450980392
1 0.5974264705882353 0.34972426470588236 0.0012254901960784314 0.002144607843137255
0 0.5975285947712419 0.35431985294117646 0.003880718954248366 0.017463235294117647
1 0.641748366013072 0.35171568627450983 0.0016339869281045752 0.0024509803921568627
0 0.6416462418300654 0.36151960784313725 0.005923202614379085 0.023284313725490197
1 0.6460375816993464 0.35294117647058826 0.0016339869281045752 0.0024509803921568627
0 0.6462418300653595 0.36044730392156865 0.004493464052287581 0.018688725490196078
1 0.6935253267973857 0.39568014705882354 0.006331699346405229 0.021139705882352942
0 0.6935253267973857 0.39568014705882354 0.006331699346405229 0.021139705882352942
1 0.6946486928104575 0.38174019607843135 0.005718954248366013 0.018995098039215685
0 0.6946486928104575 0.38174019607843135 0.005718954248366013 0.018995098039215685
1 0.7282475490196079 0.39568014705882354 0.0055147058823529415 0.022365196078431373
0 0.7282475490196079 0.39568014705882354 0.0055147058823529415 0.022365196078431373
1 0.7508169934640523 0.43075980392156865 0.005718954248366013 0.034926470588235295
0 0.7508169934640523 0.43075980392156865 0.005718954248366013 0.034926470588235295
1 0.7474468954248366 0.4338235294117647 0.0055147058823529415 0.02389705882352941
0 0.7474468954248366 0.4338235294117647 0.0055147058823529415 0.02389705882352941
1 0.8093341503267973 0.45588235294117646 0.0026552287581699347 0.004901960784313725
0 0.8099468954248366 0.4684436274509804 0.00755718954248366 0.031862745098039214
1 0.7780841503267973 0.4915747549019608 0.00428921568627451 0.006433823529411764
0 0.7765522875816994 0.5127144607843137 0.014297385620915032 0.046875
1 0.8015727124183006 0.5238970588235294 0.011642156862745098 0.04411764705882353
0 0.8015727124183006 0.5238970588235294 0.011642156862745098 0.04411764705882353
1 0.8154616013071896 0.5143995098039216 0.004697712418300653 0.007352941176470588
0 0.8144403594771242 0.5324754901960784 0.012050653594771242 0.04718137254901961
1 0.8371119281045751 0.5166973039215687 0.00428921568627451 0.007659313725490196
0 0.8357843137254902 0.5378370098039216 0.016339869281045753 0.05116421568627451
1 0.8544730392156863 0.5143995098039216 0.003472222222222222 0.006127450980392157
0 0.8532475490196079 0.5359987745098039 0.012867647058823529 0.04932598039215686
1 0.862234477124183 0.7352941176470589 0.008374183006535947 0.012867647058823529
0 0.8581495098039216 0.7786458333333334 0.03615196078431373 0.10814950980392157
1 0.9793709150326797 0.8478860294117647 0.00980392156862745 0.015625
0 0.9755923202614379 0.8955269607843137 0.03370098039215686 0.10845588235294118
1 0.9241217320261438 0.7515318627450981 0.008374183006535947 0.012254901960784314
0 0.9258578431372549 0.7939644607843137 0.026552287581699346 0.09957107843137254
1 0.8529411764705882 0.6380208333333334 0.007352941176470588 0.01133578431372549
0 0.8558006535947712 0.6697303921568627 0.01838235294117647 0.07720588235294118
1 0.8446691176470589 0.6334252450980392 0.005923202614379085 0.010723039215686275
0 0.849468954248366 0.6636029411764706 0.020833333333333332 0.07475490196078431