1 0.875 0.5208333333333334 0.14616402116402116 0.1359126984126984
0 0.8442460317460317 0.7130456349206349 0.3115079365079365 0.5436507936507936
1 0.08680555555555555 0.515625 0.1736111111111111 0.16071428571428573
0 0.2594246031746032 0.7172619047619048 0.5188492063492064 0.5654761904761905
1 0.2810846560846561 0.49032738095238093 0.12301587301587301 0.13740079365079366
0 0.2777777777777778 0.6560019841269841 0.3458994708994709 0.4851190476190476
1 0.77744708994709 0.45944940476190477 0.09259259259259259 0.08506944444444445
0 0.761739417989418 0.5699404761904762 0.2761243386243386 0.3115079365079365
1 0.6879960317460317 0.4409722222222222 0.08035714285714286 0.07936507936507936
0 0.6941137566137566 0.5265376984126984 0.20171957671957672 0.26091269841269843
1 0.20932539682539683 0.4255952380952381 0.09457671957671958 0.09623015873015874
0 0.30952380952380953 0.5688244047619048 0.4695767195767196 0.3940972222222222
1 0.4019510582010582 0.41195436507936506 0.060515873015873016 0.06994047619047619
0 0.4060846560846561 0.49702380952380953 0.25595238095238093 0.2594246031746032
1 0.609457671957672 0.4149305555555556 0.07539682539682539 0.06994047619047619
0 0.6010251322751323 0.5265376984126984 0.22718253968253968 0.29712301587301587
1 0.2934854497354497 0.3359375 0.07705026455026455 0.07366071428571429
0 0.22139550264550265 0.45982142857142855 0.23842592592592593 0.3298611111111111
1 0.06316137566137567 0.34325396825396826 0.06812169312169312 0.047619047619047616
0 0.1023478835978836 0.43774801587301587 0.2046957671957672 0.24057539682539683
1 0.11491402116402116 0.3317212301587302 0.054563492063492064 0.057787698412698416
0 0.12367724867724868 0.39620535714285715 0.16600529100529102 0.1892361111111111
1 0.44477513227513227 0.36904761904761907 0.0582010582010582 0.05803571428571429
0 0.42328042328042326 0.43725198412698413 0.164021164021164 0.19345238095238096
1 0.44560185185185186 0.3373015873015873 0.05191798941798942 0.0496031746031746
0 0.45006613756613756 0.4236111111111111 0.164021164021164 0.22569444444444445
1 0.6504629629629629 0.3655753968253968 0.06944444444444445 0.05505952380952381
0 0.6517857142857143 0.4260912698412698 0.15608465608465608 0.17609126984126985
1 0.8156415343915344 0.3229166666666667 0.02414021164021164 0.020337301587301588
0 0.8252314814814815 0.37996031746031744 0.07837301587301587 0.1359126984126984
1 0.8219246031746031 0.28335813492063494 0.021494708994708994 0.023065476190476192
0 0.8197751322751323 0.33618551587301587 0.06084656084656084 0.1297123015873016
1 0.7341269841269841 0.2898065476190476 0.023148148148148147 0.024057539682539684
0 0.7349537037037037 0.3402777777777778 0.06382275132275132 0.13293650793650794
1 0.673941798941799 0.28856646825396826 0.021825396825396824 0.023065476190476192
0 0.6742724867724867 0.3317212301587302 0.05952380952380952 0.11135912698412699
1 0.6021825396825397 0.30158730158730157 0.021164021164021163 0.02132936507936508
0 0.6053240740740741 0.3396577380952381 0.0539021164021164 0.10094246031746032
1 0.5424933862433863 0.28174603174603174 0.022817460317460316 0.023313492063492064
0 0.5419973544973545 0.32837301587301587 0.05952380952380952 0.12549603174603174
1 0.4798280423280423 0.2931547619047619 0.03042328042328042 0.030753968253968252
0 0.4439484126984127 0.3400297619047619 0.105489417989418 0.13442460317460317
1 0.4755291005291005 0.27666170634920634 0.0205026455026455 0.018601190476190476
0 0.47453703703703703 0.3253968253968254 0.062169312169312166 0.12301587301587301
1 0.5451388888888888 0.259796626984127 0.012896825396825396 0.01314484126984127
0 0.5505952380952381 0.2934027777777778 0.046957671957671955 0.08482142857142858
1 0.1982473544973545 0.25930059523809523 0.013558201058201057 0.011160714285714286
0 0.20205026455026456 0.2907986111111111 0.05555555555555555 0.08110119047619048