1 0.875 0.8587115666178624 0.029296875 0.05710102489019034
0 0.86376953125 0.9062957540263543 0.1181640625 0.18740849194729137
1 0.76123046875 0.8433382137628112 0.0361328125 0.06149341142020498
0 0.75830078125 0.9048316251830161 0.1044921875 0.1903367496339678
1 0.71142578125 0.8330893118594437 0.0517578125 0.08199121522693997
0 0.7294921875 0.8923865300146413 0.13671875 0.21522693997071743
1 0.67724609375 0.8733528550512445 0.0322265625 0.05417276720351391
0 0.6689453125 0.9216691068814056 0.091796875 0.15666178623718888
1 0.57080078125 0.8323572474377745 0.0341796875 0.0629575402635432
0 0.5732421875 0.8945827232796486 0.1171875 0.2108345534407028
1 0.46630859375 0.8418740849194729 0.0478515625 0.0849194729136164
0 0.47607421875 0.8982430453879942 0.1279296875 0.20351390922401172
1 0.357421875 0.9128843338213762 0.0390625 0.0629575402635432
0 0.35888671875 0.9282576866764275 0.1005859375 0.14348462664714495
1 0.26220703125 0.8433382137628112 0.0478515625 0.10248901903367497
0 0.25927734375 0.8923865300146413 0.1337890625 0.21522693997071743
1 0.10009765625 0.8023426061493412 0.0361328125 0.06734992679355783
0 0.08154296875 0.8828696925329429 0.0908203125 0.2342606149341142
1 0.3447265625 0.8052708638360175 0.0234375 0.043923865300146414
0 0.34423828125 0.8887262079062958 0.0791015625 0.2225475841874085
1 0.4326171875 0.842606149341142 0.01953125 0.036603221083455345
0 0.42529296875 0.9099560761346999 0.0634765625 0.1800878477306003
1 0.50048828125 0.8294289897510981 0.0263671875 0.048316251830161056
0 0.49951171875 0.8997071742313324 0.0966796875 0.2005856515373353
1 0.62158203125 0.8462664714494875 0.0244140625 0.03806734992679356
0 0.62109375 0.9114202049780381 0.052734375 0.17715959004392387