1 0.02923076923076923 0.490041928721174 0.009230769230769232 0.013626834381551363
0 0.025384615384615384 0.5277777777777778 0.018461538461538463 0.09119496855345911
1 0.1346153846153846 0.4942348008385744 0.009230769230769232 0.013626834381551363
0 0.13423076923076924 0.5319706498951782 0.01769230769230769 0.08909853249475891
1 0.1453846153846154 0.5020964360587002 0.007692307692307693 0.014675052410901468
0 0.1453846153846154 0.5356394129979035 0.024615384615384615 0.0859538784067086
1 0.16615384615384615 0.5047169811320755 0.007692307692307693 0.011530398322851153
0 0.16307692307692306 0.5377358490566038 0.024615384615384615 0.08176100628930817
1 0.18923076923076923 0.49842767295597484 0.010769230769230769 0.015723270440251572
0 0.18692307692307691 0.539308176100629 0.021538461538461538 0.09958071278825996
1 0.20076923076923076 0.4968553459119497 0.009230769230769232 0.014675052410901468
0 0.20076923076923076 0.5377358490566038 0.033846153846153845 0.1069182389937107
1 0.20692307692307693 0.4827044025157233 0.02 0.03459119496855346
0 0.21192307692307694 0.5691823899371069 0.06230769230769231 0.21174004192872117
1 0.5061538461538462 0.5272536687631028 0.003076923076923077 0.0041928721174004195
0 0.5042307692307693 0.5377358490566038 0.008461538461538461 0.029350104821802937
1 0.5111538461538462 0.5251572327044025 0.0038461538461538464 0.0041928721174004195
0 0.5092307692307693 0.5372117400419287 0.009230769230769232 0.03039832285115304
1 0.5311538461538462 0.5256813417190775 0.0038461538461538464 0.005241090146750524
0 0.5296153846153846 0.539308176100629 0.01 0.03459119496855346
1 0.9084615384615384 0.5031446540880503 0.009230769230769232 0.010482180293501049
0 0.9065384615384615 0.5319706498951782 0.01769230769230769 0.07232704402515723
1 0.9030769230769231 0.539308176100629 0.007692307692307693 0.011530398322851153
0 0.9019230769230769 0.5681341719077568 0.031538461538461536 0.07337526205450734
1 0.9203846153846154 0.54979035639413 0.006923076923076923 0.011530398322851153
0 0.9134615384615384 0.5738993710691824 0.031538461538461536 0.0639412997903564
1 0.9230769230769231 0.5445492662473794 0.006153846153846154 0.009433962264150943
0 0.9203846153846154 0.5649895178197065 0.016153846153846154 0.05450733752620545
1 0.08423076923076923 0.4329140461215933 0.03461538461538462 0.05870020964360587
0 0.055 0.59958071278826 0.11 0.40041928721174
1 0.31076923076923074 0.4528301886792453 0.036923076923076927 0.05870020964360587
0 0.29923076923076924 0.6194968553459119 0.10153846153846154 0.40041928721174
1 0.35 0.40356394129979034 0.04923076923076923 0.0859538784067086
0 0.3446153846153846 0.6582809224318659 0.12 0.6016771488469602
1 0.41423076923076924 0.4638364779874214 0.02846153846153846 0.051362683438155136
0 0.40384615384615385 0.5911949685534591 0.0876923076923077 0.31236897274633124
1 0.46307692307692305 0.4570230607966457 0.024615384615384615 0.03563941299790356
0 0.4757692307692308 0.6037735849056604 0.10230769230769231 0.3312368972746331
1 0.46384615384615385 0.4533542976939203 0.03538461538461538 0.051362683438155136
0 0.46615384615384614 0.6310272536687631 0.10615384615384615 0.4192872117400419
1 0.5973076923076923 0.469601677148847 0.03 0.0440251572327044
0 0.5915384615384616 0.6420335429769392 0.0876923076923077 0.39937106918238996
1 0.5903846153846154 0.4386792452830189 0.03769230769230769 0.057651991614255764
0 0.5926923076923077 0.629979035639413 0.09615384615384616 0.44025157232704404
1 0.7111538461538461 0.4591194968553459 0.026923076923076925 0.041928721174004195
0 0.7123076923076923 0.6011530398322851 0.07538461538461538 0.33438155136268344
1 0.7784615384615384 0.4617400419287212 0.04 0.059748427672955975
0 0.7796153846153846 0.649895178197065 0.09923076923076923 0.44654088050314467