1 0.019205729166666668 0.342797783933518 0.004557291666666667 0.00554016620498615
0 0.019205729166666668 0.35630193905817176 0.013671875 0.036703601108033244
1 0.032877604166666664 0.34314404432132967 0.004557291666666667 0.004847645429362881
0 0.032877604166666664 0.356994459833795 0.016276041666666668 0.035318559556786706
1 0.05078125 0.34349030470914127 0.005208333333333333 0.00554016620498615
0 0.050130208333333336 0.3559556786703601 0.014322916666666666 0.03185595567867036
1 0.05078125 0.3666897506925208 0.006510416666666667 0.007617728531855956
0 0.049479166666666664 0.3846952908587258 0.018229166666666668 0.046398891966759004
1 0.09765625 0.35976454293628807 0.0078125 0.009002770083102494
0 0.09733072916666667 0.38885041551246535 0.024088541666666668 0.0685595567867036
1 0.1064453125 0.34868421052631576 0.005859375 0.006232686980609419
0 0.1025390625 0.3698060941828255 0.014973958333333334 0.04847645429362881
1 0.2532552083333333 0.36461218836565096 0.006510416666666667 0.007617728531855956
0 0.2542317708333333 0.38538781163434904 0.021484375 0.05332409972299169
1 0.2900390625 0.3601108033240997 0.011067708333333334 0.012465373961218837
0 0.2913411458333333 0.39958448753462605 0.037109375 0.09695290858725762
1 0.3186848958333333 0.37222991689750695 0.009765625 0.011772853185595568
0 0.3212890625 0.40477839335180055 0.037109375 0.08240997229916898
1 0.3525390625 0.3659972299168975 0.007161458333333333 0.007617728531855956
0 0.3492838541666667 0.3871191135734072 0.016276041666666668 0.054016620498614956
1 0.3720703125 0.38850415512465375 0.004557291666666667 0.00554016620498615
0 0.3717447916666667 0.3988919667590028 0.016927083333333332 0.029085872576177285
1 0.37890625 0.35353185595567865 0.00390625 0.004847645429362881
0 0.3779296875 0.3684210526315789 0.014973958333333334 0.036011080332409975
1 0.3776041666666667 0.33587257617728533 0.00390625 0.004155124653739612
0 0.3776041666666667 0.346606648199446 0.013020833333333334 0.028393351800554016
1 0.3779296875 0.3355263157894737 0.004557291666666667 0.004847645429362881
0 0.3740234375 0.3445290858725762 0.009765625 0.028393351800554016
1 0.4635416666666667 0.3635734072022161 0.006510416666666667 0.006925207756232687
0 0.4619140625 0.37915512465373963 0.021484375 0.046398891966759004
1 0.4889322916666667 0.3618421052631579 0.005208333333333333 0.004847645429362881
0 0.48828125 0.3770775623268698 0.016927083333333332 0.038088642659279776
1 0.6103515625 0.3528393351800554 0.004557291666666667 0.004847645429362881
0 0.611328125 0.3666897506925208 0.01171875 0.035318559556786706
1 0.6031901041666666 0.34349030470914127 0.004557291666666667 0.00554016620498615
0 0.6018880208333334 0.3559556786703601 0.012369791666666666 0.03185595567867036
1 0.6201171875 0.35006925207756234 0.004557291666666667 0.006232686980609419
0 0.6188151041666666 0.36426592797783935 0.009765625 0.037396121883656507
1 0.6279296875 0.3490304709141274 0.0032552083333333335 0.004155124653739612
0 0.6272786458333334 0.36426592797783935 0.013671875 0.037396121883656507
1 0.6432291666666666 0.35976454293628807 0.005208333333333333 0.006232686980609419
0 0.6416015625 0.37915512465373963 0.013671875 0.046398891966759004
1 0.6510416666666666 0.37465373961218834 0.01171875 0.04155124653739612
0 0.6510416666666666 0.37465373961218834 0.01171875 0.04155124653739612
1 0.6692708333333334 0.360803324099723 0.005208333333333333 0.00554016620498615
0 0.6669921875 0.3767313019390582 0.016276041666666668 0.0443213296398892
1 0.6676432291666666 0.38365650969529086 0.011067708333333334 0.018005540166204988
0 0.6676432291666666 0.38365650969529086 0.011067708333333334 0.018005540166204988
1 0.6858723958333334 0.3628808864265928 0.004557291666666667 0.00554016620498615
0 0.6842447916666666 0.3808864265927978 0.016927083333333332 0.0443213296398892
1 0.6966145833333334 0.3639196675900277 0.005208333333333333 0.006232686980609419
0 0.6953125 0.3819252077562327 0.016927083333333332 0.046398891966759004
1 0.7278645833333334 0.3732686980609418 0.006510416666666667 0.009695290858725761
0 0.7272135416666666 0.40131578947368424 0.022135416666666668 0.06994459833795014
1 0.7509765625 0.37430747922437674 0.008463541666666666 0.01038781163434903
0 0.7496744791666666 0.4020083102493075 0.022786458333333332 0.0685595567867036
1 0.7574869791666666 0.37084487534626037 0.007161458333333333 0.009002770083102494
0 0.7552083333333334 0.3954293628808864 0.01953125 0.060941828254847646
1 0.7744140625 0.3684210526315789 0.009765625 0.009695290858725761
0 0.7737630208333334 0.3988919667590028 0.026692708333333332 0.07479224376731301
1 0.7874348958333334 0.37742382271468145 0.011067708333333334 0.015235457063711912
0 0.7893880208333334 0.41378116343490307 0.031901041666666664 0.09349030470914127
1 0.845703125 0.38885041551246535 0.005208333333333333 0.006232686980609419
0 0.8483072916666666 0.4020083102493075 0.022135416666666668 0.039473684210526314
1 0.8772786458333334 0.3628808864265928 0.009765625 0.0110803324099723
0 0.8746744791666666 0.4085872576177285 0.035807291666666664 0.10803324099722991
1 0.9153645833333334 0.3881578947368421 0.006510416666666667 0.007617728531855956
0 0.9137369791666666 0.4054709141274238 0.021484375 0.045013850415512466
1 0.9391276041666666 0.3684210526315789 0.009765625 0.0110803324099723
0 0.939453125 0.40789473684210525 0.029947916666666668 0.09279778393351801
1 0.7506510416666666 0.3542243767313019 0.005208333333333333 0.006232686980609419
0 0.7535807291666666 0.3670360110803324 0.013671875 0.0332409972299169
1 0.7669270833333334 0.35491689750692523 0.00390625 0.004847645429362881
0 0.7672526041666666 0.3656509695290859 0.011067708333333334 0.030470914127423823