1 0.32 0.5498220640569395 0.035 0.05693950177935943
0 0.301875 0.7108540925266904 0.08625 0.3896797153024911
1 0.389375 0.5596085409252669 0.03625 0.05516014234875445
0 0.385 0.7268683274021353 0.11 0.400355871886121
1 0.46625 0.5622775800711743 0.03 0.0498220640569395
0 0.470625 0.7268683274021353 0.07625 0.3896797153024911
1 0.54875 0.5827402135231317 0.055 0.09074733096085409
0 0.558125 0.7651245551601423 0.16625 0.4697508896797153
1 0.58 0.5889679715302492 0.0375 0.06405693950177936
0 0.5675 0.7375444839857651 0.09 0.3896797153024911
1 0.653125 0.5738434163701067 0.03625 0.05516014234875445
0 0.660625 0.7277580071174378 0.09375 0.3665480427046263
1 0.75 0.5916370106761566 0.03 0.04804270462633452
0 0.745 0.7384341637010676 0.09 0.35587188612099646
1 0.771875 0.5240213523131673 0.05875 0.09786476868327403
0 0.77375 0.7357651245551602 0.1225 0.5284697508896797
1 0.83375 0.5871886120996441 0.0325 0.05693950177935943
0 0.8425 0.7366548042704626 0.0825 0.3701067615658363