1 0.02734375 0.7682215743440233 0.017578125 0.026239067055393587
0 0.02880859375 0.8542274052478134 0.0576171875 0.20116618075801748
1 0.03662109375 0.8075801749271136 0.0146484375 0.026239067055393587
0 0.0283203125 0.8717201166180758 0.03125 0.1661807580174927
1 0.06787109375 0.7623906705539358 0.0205078125 0.03206997084548105
0 0.05224609375 0.8513119533527697 0.0517578125 0.21574344023323616
1 0.09521484375 0.7813411078717201 0.0166015625 0.026239067055393587
0 0.08056640625 0.8542274052478134 0.0537109375 0.17784256559766765
1 0.10791015625 0.771865889212828 0.0185546875 0.033527696793002916
0 0.09912109375 0.8483965014577259 0.0400390625 0.1924198250728863
1 0.1279296875 0.7835276967930029 0.015625 0.02478134110787172
0 0.12548828125 0.8571428571428571 0.0361328125 0.18075801749271136
1 0.15283203125 0.7973760932944607 0.0146484375 0.026239067055393587
0 0.15087890625 0.8637026239067055 0.0322265625 0.16472303206997085
1 0.154296875 0.7973760932944607 0.013671875 0.026239067055393587
0 0.15771484375 0.8637026239067055 0.0244140625 0.16763848396501457
1 0.17431640625 0.880466472303207 0.0126953125 0.023323615160349854
0 0.18359375 0.9059766763848397 0.04296875 0.08017492711370262
1 0.2158203125 0.8024781341107872 0.015625 0.027696793002915453
0 0.21630859375 0.8644314868804664 0.0380859375 0.1661807580174927
1 0.29931640625 0.782798833819242 0.0126953125 0.01749271137026239
0 0.2880859375 0.857871720116618 0.052734375 0.17055393586005832
1 0.3046875 0.7733236151603499 0.017578125 0.030612244897959183
0 0.29296875 0.8571428571428571 0.068359375 0.20408163265306123
1 0.314453125 0.7835276967930029 0.013671875 0.02478134110787172
0 0.30517578125 0.8607871720116618 0.0478515625 0.18513119533527697
1 0.41650390625 0.7645772594752187 0.0146484375 0.02478134110787172
0 0.4091796875 0.8513119533527697 0.04296875 0.21282798833819241
1 0.42578125 0.7660349854227405 0.017578125 0.033527696793002916
0 0.4169921875 0.858600583090379 0.048828125 0.22157434402332363
1 0.412109375 0.7791545189504373 0.01953125 0.030612244897959183
0 0.40087890625 0.8673469387755102 0.0439453125 0.21865889212827988
1 0.51220703125 0.7849854227405247 0.0185546875 0.033527696793002916
0 0.49169921875 0.8680758017492711 0.0751953125 0.21720116618075802
1 0.5400390625 0.7922740524781341 0.017578125 0.027696793002915453
0 0.533203125 0.8702623906705539 0.0703125 0.18950437317784258
1 0.61669921875 0.7704081632653061 0.0205078125 0.033527696793002916
0 0.61572265625 0.847667638483965 0.0810546875 0.19387755102040816
1 0.6044921875 0.7842565597667639 0.017578125 0.023323615160349854
0 0.59765625 0.8622448979591837 0.068359375 0.18513119533527697
1 0.6044921875 0.7857142857142857 0.017578125 0.03206997084548105
0 0.599609375 0.8637026239067055 0.0703125 0.19096209912536444
1 0.6787109375 0.7864431486880467 0.015625 0.02478134110787172
0 0.6748046875 0.8644314868804664 0.06640625 0.18658892128279883
1 0.81494140625 0.7689504373177842 0.0146484375 0.027696793002915453
0 0.80908203125 0.8483965014577259 0.0693359375 0.1924198250728863
1 0.8046875 0.7565597667638484 0.021484375 0.029154518950437316
0 0.79443359375 0.8454810495626822 0.0693359375 0.21282798833819241
1 0.79736328125 0.7842565597667639 0.0146484375 0.026239067055393587
0 0.791015625 0.8637026239067055 0.08203125 0.19387755102040816
1 0.7939453125 0.7747813411078717 0.017578125 0.030612244897959183
0 0.791015625 0.8607871720116618 0.037109375 0.21720116618075802
1 0.8935546875 0.7616618075801749 0.017578125 0.027696793002915453
0 0.8876953125 0.8556851311953353 0.0546875 0.22157434402332363
1 0.9091796875 0.7689504373177842 0.015625 0.027696793002915453
0 0.91162109375 0.8469387755102041 0.0595703125 0.18950437317784258
1 0.93408203125 0.7769679300291545 0.0166015625 0.026239067055393587
0 0.92822265625 0.8658892128279884 0.0654296875 0.2099125364431487
1 0.9599609375 0.7565597667638484 0.017578125 0.029154518950437316
0 0.95556640625 0.8454810495626822 0.0361328125 0.21282798833819241
1 0.95947265625 0.7995626822157434 0.0205078125 0.027696793002915453
0 0.96533203125 0.8877551020408163 0.0517578125 0.2099125364431487
1 0.98193359375 0.7806122448979592 0.0205078125 0.03644314868804665
0 0.95947265625 0.8709912536443148 0.0810546875 0.2230320699708455