1 0.19075520833333334 0.6552734375 0.04296875 0.087890625
0 0.16536458333333334 0.7890625 0.140625 0.37890625
1 0.3404947916666667 0.5908203125 0.04296875 0.080078125
0 0.3274739583333333 0.763671875 0.16796875 0.44140625
1 0.3795572916666667 0.6962890625 0.04296875 0.056640625
0 0.3313802083333333 0.763671875 0.15755208333333334 0.20703125
1 0.4759114583333333 0.6708984375 0.03515625 0.068359375
0 0.4609375 0.7861328125 0.11197916666666667 0.310546875
1 0.5442708333333334 0.673828125 0.036458333333333336 0.078125
0 0.546875 0.791015625 0.10677083333333333 0.32421875
1 0.578125 0.697265625 0.036458333333333336 0.06640625
0 0.6106770833333334 0.8095703125 0.109375 0.302734375
1 0.72265625 0.591796875 0.052083333333333336 0.08203125
0 0.7272135416666666 0.7607421875 0.15755208333333334 0.423828125
1 0.77734375 0.609375 0.041666666666666664 0.07421875
0 0.830078125 0.7666015625 0.19661458333333334 0.396484375