1 0.27992957746478875 0.5041666666666667 0.03169014084507042 0.0625
0 0.2529342723004695 0.659375 0.0903755868544601 0.3854166666666667
1 0.32335680751173707 0.4739583333333333 0.029342723004694836 0.06458333333333334
0 0.33392018779342725 0.6416666666666667 0.08568075117370892 0.4125
1 0.47300469483568075 0.475 0.025821596244131457 0.04583333333333333
0 0.4753521126760563 0.6416666666666667 0.07746478873239436 0.4041666666666667
1 0.4970657276995305 0.4822916666666667 0.02699530516431925 0.052083333333333336
0 0.5117370892018779 0.6416666666666667 0.08685446009389672 0.38333333333333336
1 0.6044600938967136 0.478125 0.023474178403755867 0.04375
0 0.5974178403755869 0.6322916666666667 0.08450704225352113 0.3645833333333333
1 0.6296948356807511 0.43020833333333336 0.029342723004694836 0.06458333333333334
0 0.6062206572769953 0.6145833333333334 0.0903755868544601 0.44583333333333336
1 0.7593896713615024 0.43125 0.023474178403755867 0.058333333333333334
0 0.7535211267605634 0.6135416666666667 0.0892018779342723 0.4395833333333333
1 0.9072769953051644 0.4625 0.028169014084507043 0.05416666666666667
0 0.9154929577464789 0.6260416666666667 0.07746478873239436 0.41458333333333336