1 0.14084967320261438 0.3175604626708728 0.05816993464052288 0.11777076761303891
0 0.12810457516339868 0.6282860147213459 0.17647058823529413 0.7434279705573081
1 0.2905228758169935 0.3070452155625657 0.05032679738562092 0.1156677181913775
0 0.28986928104575166 0.6230283911671924 0.14705882352941177 0.7539432176656151
1 0.40326797385620916 0.27129337539432175 0.04967320261437908 0.10725552050473186
0 0.40294117647058825 0.5914826498422713 0.18888888888888888 0.7497371188222923
1 0.515032679738562 0.240273396424816 0.048366013071895426 0.11041009463722397
0 0.4673202614379085 0.5793901156677181 0.21568627450980393 0.7949526813880127
1 0.6124183006535948 0.30809674027339645 0.050980392156862744 0.10725552050473186
0 0.6016339869281045 0.6140904311251314 0.2019607843137255 0.7255520504731862
1 0.7098039215686275 0.286540483701367 0.0457516339869281 0.08937960042060988
0 0.7022875816993464 0.5956887486855941 0.28954248366013075 0.7181913774973712
1 0.8104575163398693 0.3380651945320715 0.054901960784313725 0.10199789695057834
0 0.7803921568627451 0.6272344900105152 0.2627450980392157 0.6824395373291272
1 0.911437908496732 0.2960042060988433 0.05555555555555555 0.10410094637223975
0 0.8738562091503268 0.6156677181913774 0.21437908496732025 0.7518401682439537