1 0.11794019933554817 0.49583333333333335 0.021040974529346623 0.03166666666666667
0 0.12403100775193798 0.5975 0.07087486157253599 0.24833333333333332
1 0.14119601328903655 0.5716666666666667 0.029900332225913623 0.043333333333333335
0 0.15725359911406422 0.695 0.08637873754152824 0.30666666666666664
1 0.1893687707641196 0.5208333333333334 0.019933554817275746 0.03166666666666667
0 0.19047619047619047 0.6083333333333333 0.053156146179401995 0.21333333333333335
1 0.2497231450719823 0.535 0.02547065337763012 0.03666666666666667
0 0.24086378737541528 0.6991666666666667 0.09413067552602436 0.37166666666666665
1 0.2663344407530454 0.5325 0.023255813953488372 0.035
0 0.25802879291251385 0.6375 0.06201550387596899 0.25166666666666665
1 0.3067552602436323 0.54 0.0221483942414175 0.04
0 0.29346622369878184 0.6466666666666666 0.059800664451827246 0.26
1 0.3062015503875969 0.5375 0.023255813953488372 0.045
0 0.3122923588039867 0.6608333333333334 0.07308970099667775 0.305
1 0.3449612403100775 0.5341666666666667 0.02547065337763012 0.045
0 0.35160575858250276 0.645 0.06312292358803986 0.2733333333333333
1 0.4053156146179402 0.5216666666666666 0.028792912513842746 0.04666666666666667
0 0.4064230343300111 0.6591666666666667 0.06866002214839424 0.33166666666666667
1 0.46677740863787376 0.5141666666666667 0.023255813953488372 0.03833333333333333
0 0.4640088593576966 0.6183333333333333 0.06423034330011074 0.26
1 0.5664451827242525 0.5591666666666667 0.02768549280177187 0.045
0 0.5697674418604651 0.6825 0.06533776301218161 0.27166666666666667
1 0.5299003322259136 0.67 0.06090808416389812 0.11666666666666667
0 0.5332225913621262 0.7975 0.2115171650055371 0.405
1 0.6483942414174972 0.6533333333333333 0.07862679955703211 0.16
0 0.6450719822812846 0.7775 0.3001107419712071 0.445