1 0.0857843137254902 0.255718954248366 0.07169117647058823 0.12908496732026145
0 0.13495710784313725 0.5953839869281046 0.2699142156862745 0.8092320261437909
1 0.22809436274509803 0.2730800653594771 0.048100490196078434 0.0763888888888889
0 0.22549019607843138 0.49673202614379086 0.13664215686274508 0.5424836601307189
1 0.42018995098039214 0.2777777777777778 0.03768382352941176 0.0661764705882353
0 0.4053308823529412 0.49019607843137253 0.15257352941176472 0.5326797385620915
1 0.46982230392156865 0.2506127450980392 0.050551470588235295 0.08455882352941177
0 0.4522058823529412 0.5484068627450981 0.18443627450980393 0.7144607843137255
1 0.6888786764705882 0.18178104575163398 0.06341911764705882 0.11519607843137254
0 0.6920955882352942 0.5132761437908496 0.1881127450980392 0.7847222222222222
1 0.7909007352941176 0.2977941176470588 0.05116421568627451 0.09722222222222222
0 0.7984068627450981 0.5200163398692811 0.15502450980392157 0.5588235294117647
1 0.9342830882352942 0.18382352941176472 0.07873774509803921 0.11683006535947713
0 0.9194240196078431 0.5575980392156863 0.16115196078431374 0.8766339869281046