1 0.01644736842105263 0.5356638418079096 0.03289473684210526 0.0480225988700565
0 0.03547932330827068 0.7367584745762712 0.07095864661654136 0.4622175141242938
1 0.1493186090225564 0.566207627118644 0.0350093984962406 0.06038135593220339
0 0.1724624060150376 0.7627118644067796 0.14849624060150377 0.4745762711864407
1 0.19983552631578946 0.5074152542372882 0.03218984962406015 0.05084745762711865
0 0.19031954887218044 0.7023305084745762 0.1174812030075188 0.4477401129943503
1 0.28970864661654133 0.5201271186440678 0.030545112781954886 0.05155367231638418
0 0.2951127819548872 0.6740819209039548 0.08176691729323309 0.3629943502824859
1 0.42974624060150374 0.511475988700565 0.028665413533834585 0.05261299435028249
0 0.42281484962406013 0.688382768361582 0.10643796992481203 0.417725988700565
1 0.5404135338345865 0.534427966101695 0.02631578947368421 0.042725988700564974
0 0.550046992481203 0.6894420903954802 0.13392857142857142 0.3485169491525424
1 0.6560150375939849 0.5503177966101694 0.03148496240601504 0.050494350282485875
0 0.6681156015037594 0.7305790960451978 0.0918703007518797 0.4251412429378531
1 0.8462171052631579 0.2309322033898305 0.08482142857142858 0.15324858757062146
0 0.8653665413533834 0.5748587570621468 0.25704887218045114 0.8502824858757062
1 0.5956296992481203 0.5889830508474576 0.01268796992481203 0.024717514124293787
0 0.5886983082706767 0.659957627118644 0.03923872180451128 0.17019774011299435
1 0.6051456766917294 0.599752824858757 0.011513157894736841 0.02153954802259887
0 0.6100798872180451 0.6638418079096046 0.0350093984962406 0.1617231638418079
1 0.6339285714285714 0.5935734463276836 0.01362781954887218 0.02401129943502825
0 0.6305216165413534 0.670021186440678 0.03265977443609023 0.1776129943502825
1 0.7080592105263158 0.598340395480226 0.009163533834586466 0.01730225988700565
0 0.7088815789473685 0.6463629943502824 0.03477443609022556 0.1260593220338983
1 0.7415413533834586 0.5953389830508474 0.009398496240601503 0.01765536723163842
0 0.7378994360902256 0.649364406779661 0.028900375939849624 0.13347457627118645
1 0.5025845864661654 0.5942796610169492 0.009868421052631578 0.018361581920903956
0 0.5011748120300752 0.6509533898305084 0.03289473684210526 0.13312146892655366
1 0.4787359022556391 0.5933968926553672 0.013862781954887217 0.02153954802259887
0 0.47673872180451127 0.6588983050847458 0.03712406015037594 0.16101694915254236
1 0.377937030075188 0.5941031073446328 0.00963345864661654 0.013771186440677966
0 0.38169642857142855 0.6604872881355932 0.03594924812030075 0.1394774011299435
1 0.37899436090225563 0.5932203389830508 0.010338345864661654 0.016242937853107344
0 0.3726503759398496 0.6564265536723164 0.02631578947368421 0.1405367231638418
1 0.5845864661654135 0.576271186440678 0.008928571428571428 0.016242937853107344
0 0.5814144736842105 0.6366525423728814 0.025140977443609023 0.1384180790960452