1 0.04423076923076923 0.5523012552301255 0.014615384615384615 0.02092050209205021
0 0.04423076923076923 0.6234309623430963 0.04230769230769231 0.1694560669456067
1 0.115 0.5721757322175732 0.016153846153846154 0.027196652719665274
0 0.1076923076923077 0.6558577405857741 0.06307692307692307 0.19874476987447698
1 0.16038461538461538 0.5826359832635983 0.02076923076923077 0.027196652719665274
0 0.1723076923076923 0.6710251046025104 0.04923076923076923 0.21652719665271966
1 0.20038461538461538 0.5658995815899581 0.01769230769230769 0.029288702928870293
0 0.20807692307692308 0.649581589958159 0.04230769230769231 0.20292887029288703
1 0.20923076923076922 0.5826359832635983 0.018461538461538463 0.029288702928870293
0 0.22230769230769232 0.6663179916317992 0.05384615384615385 0.20502092050209206
1 0.23384615384615384 0.5805439330543933 0.016923076923076923 0.027196652719665274
0 0.2373076923076923 0.6579497907949791 0.04692307692307692 0.19246861924686193
1 0.2642307692307692 0.5585774058577406 0.023846153846153847 0.03138075313807531
0 0.27115384615384613 0.6516736401673641 0.06692307692307692 0.22384937238493724
1 0.36346153846153845 0.573744769874477 0.022307692307692306 0.028242677824267783
0 0.3638461538461538 0.6589958158995816 0.07076923076923076 0.20292887029288703
1 0.4115384615384615 0.5632845188284519 0.021538461538461538 0.030334728033472803
0 0.40615384615384614 0.6626569037656904 0.08923076923076922 0.2290794979079498
1 0.4523076923076923 0.5606694560669456 0.02 0.03138075313807531
0 0.46076923076923076 0.6464435146443515 0.07692307692307693 0.21338912133891214
1 0.48115384615384615 0.5538702928870293 0.01769230769230769 0.032426778242677826
0 0.49038461538461536 0.6459205020920502 0.07 0.2186192468619247
1 0.5684615384615385 0.5768828451882845 0.016923076923076923 0.02405857740585774
0 0.5715384615384616 0.6652719665271967 0.05692307692307692 0.2217573221757322
1 0.6353846153846154 0.575836820083682 0.016923076923076923 0.02615062761506276
0 0.6288461538461538 0.6569037656903766 0.05615384615384615 0.19456066945606695
1 0.6288461538461538 0.577928870292887 0.02076923076923077 0.02615062761506276
0 0.6319230769230769 0.6605648535564853 0.07461538461538461 0.1997907949790795
1 0.7792307692307693 0.5836820083682008 0.018461538461538463 0.03138075313807531
0 0.791923076923077 0.6642259414225942 0.08076923076923077 0.200836820083682
1 0.8046153846153846 0.5617154811715481 0.021538461538461538 0.03556485355648536
0 0.8061538461538461 0.6574267782426778 0.05076923076923077 0.23535564853556484
1 0.8373076923076923 0.5836820083682008 0.02076923076923077 0.029288702928870293
0 0.8484615384615385 0.6710251046025104 0.08307692307692308 0.2102510460251046
1 0.8892307692307693 0.5444560669456067 0.021538461538461538 0.028242677824267783
0 0.9007692307692308 0.6396443514644351 0.06923076923076923 0.22698744769874477
1 0.9565384615384616 0.5648535564853556 0.022307692307692306 0.029288702928870293
0 0.9576923076923077 0.6521966527196653 0.08461538461538462 0.2102510460251046
1 0.9584615384615385 0.5784518828451883 0.02 0.02510460251046025
0 0.9653846153846154 0.6637029288702929 0.06923076923076923 0.20397489539748953
1 0.9865384615384616 0.569560669456067 0.02076923076923077 0.030334728033472803
0 0.9788461538461538 0.6516736401673641 0.04230769230769231 0.20502092050209206