1 0.835990888382688 0.09453125 0.022779043280182234 0.0390625
0 0.835990888382688 0.09453125 0.022779043280182234 0.0390625
1 0.4624145785876993 0.1046875 0.018223234624145785 0.0125
0 0.45785876993166286 0.1359375 0.03644646924829157 0.06875
1 0.4988610478359909 0.12421875 0.01366742596810934 0.0109375
0 0.5 0.153125 0.029612756264236904 0.075
1 0.5250569476082004 0.1484375 0.03416856492027335 0.06875
0 0.5250569476082004 0.1484375 0.03416856492027335 0.06875
1 0.5888382687927107 0.096875 0.011389521640091117 0.009375
0 0.5876993166287016 0.1171875 0.03189066059225513 0.05625
1 0.5763097949886105 0.128125 0.02733485193621868 0.0625
0 0.5763097949886105 0.128125 0.02733485193621868 0.0625
1 0.7403189066059226 0.1015625 0.01366742596810934 0.009375
0 0.7403189066059226 0.12578125 0.03189066059225513 0.0609375
1 0.7630979498861048 0.109375 0.01366742596810934 0.009375
0 0.7642369020501139 0.13515625 0.03416856492027335 0.0640625
1 0.785876993166287 0.11640625 0.009111617312072893 0.0078125
0 0.7881548974943052 0.13671875 0.02733485193621868 0.0546875
1 0.8542141230068337 0.115625 0.009111617312072893 0.009375
0 0.856492027334852 0.13515625 0.02733485193621868 0.0484375
1 0.8189066059225513 0.11484375 0.011389521640091117 0.0109375
0 0.8154897494305239 0.1359375 0.03189066059225513 0.05625
1 0.6697038724373576 0.11015625 0.01366742596810934 0.0109375
0 0.6697038724373576 0.1375 0.03189066059225513 0.06875
1 0.6537585421412301 0.12421875 0.02733485193621868 0.0578125
0 0.6537585421412301 0.12421875 0.02733485193621868 0.0578125
1 0.7118451025056948 0.10625 0.011389521640091117 0.009375
0 0.7129840546697038 0.13515625 0.03189066059225513 0.0703125
1 0.592255125284738 0.1359375 0.01366742596810934 0.009375
0 0.5888382687927107 0.16640625 0.03416856492027335 0.0734375
1 0.6412300683371298 0.1671875 0.029612756264236904 0.065625
0 0.6412300683371298 0.1671875 0.029612756264236904 0.065625
1 0.8735763097949886 0.13671875 0.015945330296127564 0.0109375
0 0.8735763097949886 0.16015625 0.029612756264236904 0.0640625
1 0.7915717539863326 0.14609375 0.011389521640091117 0.0109375
0 0.7938496583143508 0.17890625 0.04328018223234624 0.0859375
1 0.7380410022779044 0.15 0.01366742596810934 0.0125
0 0.7357630979498861 0.18203125 0.03644646924829157 0.0796875
1 0.623006833712984 0.15234375 0.015945330296127564 0.0140625
0 0.6241457858769932 0.1875 0.03644646924829157 0.0875
1 0.6514806378132119 0.15546875 0.018223234624145785 0.0140625
0 0.6503416856492027 0.18828125 0.0387243735763098 0.0859375
1 0.5478359908883826 0.178125 0.015945330296127564 0.015625
0 0.5432801822323462 0.22265625 0.07061503416856492 0.1109375
1 0.5979498861047836 0.171875 0.02050113895216401 0.015625
0 0.5945330296127562 0.221875 0.05922551252847381 0.11875
1 0.7061503416856492 0.175 0.018223234624145785 0.015625
0 0.7175398633257403 0.22265625 0.07289293849658314 0.1140625
1 0.7596810933940774 0.17265625 0.02050113895216401 0.0171875
0 0.7574031890660592 0.21640625 0.05694760820045558 0.1078125
1 0.8246013667425968 0.16953125 0.018223234624145785 0.0171875
0 0.8234624145785877 0.21171875 0.04783599088838269 0.1078125
1 0.8587699316628702 0.14921875 0.01366742596810934 0.0109375
0 0.8507972665148064 0.1859375 0.05694760820045558 0.090625
1 0.8872437357630979 0.1625 0.02050113895216401 0.015625
0 0.8861047835990888 0.2015625 0.04100227790432802 0.1
1 0.9145785876993167 0.159375 0.015945330296127564 0.015625
0 0.9168564920273349 0.2015625 0.03416856492027335 0.103125
1 0.9407744874715261 0.1625 0.018223234624145785 0.015625
0 0.9373576309794989 0.19921875 0.03416856492027335 0.0953125
1 0.9533029612756264 0.171875 0.02050113895216401 0.01875
0 0.9646924829157175 0.2265625 0.07061503416856492 0.128125
1 0.9908883826879271 0.159375 0.01366742596810934 0.0125
0 0.9817767653758542 0.19375 0.03644646924829157 0.0875
1 0.47038724373576307 0.19609375 0.02050113895216401 0.0171875
0 0.4715261958997722 0.24765625 0.06378132118451026 0.1296875
1 0.6127562642369021 0.196875 0.022779043280182234 0.01875
0 0.6150341685649203 0.25703125 0.05922551252847381 0.1390625
1 0.6651480637813212 0.19140625 0.02733485193621868 0.0171875
0 0.6605922551252847 0.2484375 0.05922551252847381 0.1375
1 0.7801822323462415 0.196875 0.025056947608200455 0.01875
0 0.7767653758542141 0.25703125 0.0683371298405467 0.1421875
1 0.4145785876993166 0.22265625 0.02733485193621868 0.0203125
0 0.4202733485193622 0.275 0.05694760820045558 0.134375
1 0.5011389521640092 0.24140625 0.02733485193621868 0.0234375
0 0.5079726651480638 0.3140625 0.08656036446469248 0.175
1 0.5284738041002278 0.23828125 0.022779043280182234 0.0203125
0 0.5273348519362187 0.30703125 0.06150341685649203 0.1640625
1 0.3621867881548975 0.2859375 0.03644646924829157 0.028125
0 0.3690205011389522 0.3921875 0.08200455580865604 0.25
1 0.4316628701594533 0.271875 0.03416856492027335 0.03125
0 0.4328018223234624 0.35703125 0.09111617312072894 0.2046875
1 0.9009111617312073 0.2859375 0.03416856492027335 0.03125
0 0.9043280182232346 0.365625 0.0683371298405467 0.2
1 0.8097949886104784 0.2484375 0.029612756264236904 0.028125
0 0.8086560364464692 0.32421875 0.06378132118451026 0.1828125
1 0.7482915717539863 0.28046875 0.0387243735763098 0.0296875
0 0.7494305239179955 0.37734375 0.09111617312072894 0.2296875
1 0.6788154897494305 0.25 0.03189066059225513 0.028125
0 0.6845102505694761 0.34296875 0.09339407744874716 0.2203125
1 0.5774487471526196 0.28515625 0.03416856492027335 0.0328125
0 0.5763097949886105 0.37890625 0.09567198177676538 0.2265625
1 0.2528473804100228 0.33046875 0.05011389521640091 0.0484375
0 0.25626423690205014 0.46953125 0.15261958997722094 0.3359375
1 0.530751708428246 0.33046875 0.05011389521640091 0.0453125
0 0.5444191343963554 0.4625 0.16400911161731208 0.325
1 0.6412300683371298 0.40546875 0.05694760820045558 0.0515625
0 0.6469248291571754 0.56953125 0.1867881548974943 0.3921875
1 0.8029612756264237 0.38515625 0.05694760820045558 0.0484375
0 0.8189066059225513 0.53359375 0.18906605922551253 0.3515625
1 0.9054669703872438 0.43359375 0.07517084282460136 0.0609375
0 0.9214123006833713 0.60390625 0.1571753986332574 0.4109375
1 0.07175398633257403 0.41640625 0.06605922551252848 0.0546875
0 0.1252847380410023 0.584375 0.2505694760820046 0.403125
1 0.3906605922551253 0.53984375 0.1480637813211845 0.1421875
0 0.4202733485193622 0.73046875 0.357630979498861 0.5390625
1 0.5330296127562643 0.13984375 0.01366742596810934 0.0109375
0 0.5341685649202733 0.16953125 0.03416856492027335 0.0765625
1 0.8177676537585421 0.14921875 0.03644646924829157 0.0609375
0 0.8177676537585421 0.14921875 0.03644646924829157 0.0609375