1 0.2777217741935484 0.22782258064516128 0.05342741935483871 0.0793010752688172
0 0.2903225806451613 0.47043010752688175 0.1350806451612903 0.5806451612903226
1 0.421875 0.15725806451612903 0.03125 0.06451612903225806
0 0.4178427419354839 0.34946236559139787 0.11995967741935484 0.4543010752688172
1 0.5186491935483871 0.25268817204301075 0.06350806451612903 0.0913978494623656
0 0.5337701612903226 0.5658602150537635 0.2752016129032258 0.8548387096774194
1 0.6910282258064516 0.2211021505376344 0.06955645161290322 0.09543010752688172
0 0.7081653225806451 0.5645161290322581 0.3014112903225806 0.7903225806451613
1 0.9440524193548387 0.1350806451612903 0.03528225806451613 0.05779569892473118
0 0.9294354838709677 0.28830645161290325 0.12701612903225806 0.364247311827957
1 0.42086693548387094 0.026881720430107527 0.023185483870967742 0.03494623655913978
0 0.4223790322580645 0.16196236559139784 0.1028225806451613 0.3185483870967742