1 0.495 0.6098214285714286 0.025 0.04107142857142857
0 0.490625 0.7205357142857143 0.06625 0.26607142857142857
1 0.53625 0.6223214285714286 0.02 0.0375
0 0.530625 0.7258928571428571 0.04375 0.24821428571428572
1 0.548125 0.6455357142857143 0.02125 0.0375
0 0.546875 0.7410714285714286 0.06125 0.2357142857142857
1 0.684375 0.6678571428571428 0.01125 0.017857142857142856
0 0.6825 0.7098214285714286 0.0275 0.10892857142857143
1 0.715 0.6651785714285714 0.0125 0.019642857142857142
0 0.70875 0.7169642857142857 0.03 0.12678571428571428
1 0.72875 0.6651785714285714 0.0075 0.0125
0 0.72875 0.7071428571428572 0.015 0.1
1 0.743125 0.6607142857142857 0.00875 0.017857142857142856
0 0.740625 0.7116071428571429 0.03125 0.12678571428571428
1 0.7825 0.6482142857142857 0.015 0.02857142857142857
0 0.779375 0.7107142857142857 0.03625 0.15714285714285714
1 0.795 0.6526785714285714 0.015 0.026785714285714284
0 0.793125 0.725 0.04875 0.175
1 0.8325 0.6669642857142857 0.01 0.01607142857142857
0 0.83875 0.7107142857142857 0.0325 0.11071428571428571
1 0.879375 0.6357142857142857 0.01625 0.025
0 0.88 0.7160714285714286 0.05 0.18928571428571428
1 0.975 0.6392857142857142 0.025 0.039285714285714285
0 0.965 0.7580357142857143 0.07 0.2839285714285714
1 0.91375 0.6732142857142858 0.0075 0.010714285714285714
0 0.913125 0.69375 0.01375 0.055357142857142855
1 0.925625 0.6794642857142857 0.00625 0.008928571428571428
0 0.924375 0.6964285714285714 0.01125 0.05
1 0.93625 0.6821428571428572 0.005 0.010714285714285714
0 0.938125 0.6991071428571428 0.01375 0.05178571428571429