1 0.08715083798882682 0.22703180212014135 0.11173184357541899 0.22084805653710246
0 0.1547486033519553 0.5477031802120141 0.3094972067039106 0.9045936395759717
1 0.3167597765363129 0.15371024734982333 0.10391061452513967 0.21554770318021202
0 0.3206703910614525 0.5185512367491166 0.641340782122905 0.9628975265017667
1 0.3675977653631285 0.34363957597173145 0.10502793296089385 0.20318021201413428
0 0.34301675977653634 0.6139575971731449 0.29497206703910617 0.7720848056537103
1 0.529608938547486 0.26325088339222613 0.09162011173184358 0.20141342756183744
0 0.524022346368715 0.5644876325088339 0.2346368715083799 0.8710247349823321
1 0.4748603351955307 0.3992932862190813 0.10279329608938548 0.2049469964664311
0 0.4581005586592179 0.6439929328621908 0.27932960893854747 0.7120141342756183
1 0.6882681564245811 0.35335689045936397 0.10502793296089385 0.20141342756183744
0 0.670949720670391 0.6201413427561837 0.2558659217877095 0.7597173144876325
1 0.9318435754189944 0.12897526501766785 0.12513966480446928 0.24028268551236748
0 0.8687150837988827 0.5 0.26256983240223464 1