1 0.019097222222222224 0.5403645833333334 0.01890432098765432 0.02980324074074074
0 0.02671682098765432 0.5870949074074074 0.05343364197530864 0.1371527777777778
1 0.030381944444444444 0.5212673611111112 0.01253858024691358 0.025173611111111112
0 0.054108796296296294 0.5717592592592593 0.08005401234567901 0.12962962962962962
1 0.08371913580246913 0.5209780092592593 0.012345679012345678 0.018229166666666668
0 0.09500385802469136 0.5584490740740741 0.05343364197530864 0.10300925925925926
1 0.2052469135802469 0.5133101851851852 0.008873456790123456 0.017361111111111112
0 0.2010030864197531 0.5393518518518519 0.037037037037037035 0.07407407407407407
1 0.2021604938271605 0.5021701388888888 0.008873456790123456 0.016493055555555556
0 0.20495756172839505 0.5315393518518519 0.03684413580246913 0.0775462962962963
1 0.24373070987654322 0.49754050925925924 0.02025462962962963 0.03616898148148148
0 0.23668981481481483 0.6009837962962963 0.047453703703703706 0.24594907407407407
1 0.28096064814814814 0.49320023148148145 0.017939814814814815 0.033275462962962965
0 0.28115354938271603 0.6015625 0.0630787037037037 0.25636574074074076
1 0.31790123456790126 0.48929398148148145 0.022376543209876542 0.03530092592592592
0 0.32079475308641975 0.6046006944444444 0.0466820987654321 0.2717013888888889
1 0.3767361111111111 0.4714988425925926 0.021219135802469136 0.03674768518518518
0 0.3723958333333333 0.5907118055555556 0.054205246913580245 0.27980324074074076
1 0.4268904320987654 0.4904513888888889 0.019290123456790122 0.030671296296296297
0 0.4279513888888889 0.5963541666666666 0.051118827160493825 0.24710648148148148
1 0.48678626543209874 0.5201099537037037 0.02025462962962963 0.026331018518518517
0 0.48678626543209874 0.6183449074074074 0.048804012345679014 0.22511574074074073
1 0.5525655864197531 0.45732060185185186 0.019483024691358024 0.03616898148148148
0 0.5483217592592593 0.5818865740740741 0.047260802469135804 0.2945601851851852
1 0.5886381172839507 0.5020254629629629 0.021026234567901234 0.03009259259259259
0 0.5926890432098766 0.6095196759259259 0.04456018518518518 0.2508680555555556
1 0.6461226851851852 0.4717881944444444 0.02179783950617284 0.03153935185185185
0 0.6448688271604939 0.5975115740740741 0.05478395061728395 0.2899305555555556
1 0.6947337962962963 0.4597800925925926 0.02025462962962963 0.034722222222222224
0 0.7007137345679012 0.5782696759259259 0.05304783950617284 0.28327546296296297
1 0.7595486111111112 0.4835069444444444 0.022183641975308643 0.03530092592592592
0 0.7595486111111112 0.5901331018518519 0.057291666666666664 0.2647569444444444
1 0.8233989197530864 0.46846064814814814 0.022955246913580248 0.03993055555555555
0 0.8342013888888888 0.5888310185185185 0.0630787037037037 0.28587962962962965
1 0.2505787037037037 0.47800925925925924 0.009259259259259259 0.018518518518518517
0 0.2523148148148148 0.5286458333333334 0.031635802469135804 0.12384259259259259
1 0.38676697530864196 0.4739583333333333 0.006558641975308642 0.016203703703703703
0 0.3862847222222222 0.5120081018518519 0.02334104938271605 0.09866898148148148
1 0.40837191358024694 0.47844328703703703 0.0073302469135802465 0.014756944444444444
0 0.4096257716049383 0.5186631944444444 0.025270061728395063 0.09693287037037036
1 0.4402970679012346 0.4674479166666667 0.008680555555555556 0.016493055555555556
0 0.43952546296296297 0.5122974537037037 0.023726851851851853 0.10734953703703703
1 0.45958719135802467 0.4809027777777778 0.006751543209876543 0.01273148148148148
0 0.459008487654321 0.5147569444444444 0.019483024691358024 0.08680555555555555
1 0.47444058641975306 0.4765625 0.00636574074074074 0.013888888888888888
0 0.474633487654321 0.5141782407407407 0.02025462962962963 0.09375
1 0.4931520061728395 0.47554976851851855 0.006751543209876543 0.013599537037037037
0 0.4929591049382716 0.51171875 0.01986882716049383 0.09230324074074074
1 0.5105131172839507 0.4703414351851852 0.007908950617283951 0.015914351851851853
0 0.5114776234567902 0.5096932870370371 0.019483024691358024 0.09751157407407407
1 0.5269097222222222 0.4761284722222222 0.007137345679012345 0.013020833333333334
0 0.5279706790123457 0.5107060185185185 0.019290123456790122 0.08854166666666667
1 0.5686728395061729 0.4739583333333333 0.0073302469135802465 0.013310185185185185
0 0.5695408950617284 0.5094039351851852 0.01986882716049383 0.08883101851851852
1 0.5940393518518519 0.4696180555555556 0.006751543209876543 0.013310185185185185
0 0.5931712962962963 0.5067997685185185 0.019290123456790122 0.09461805555555555
1 0.4166666666666667 0.3602430555555556 0.005015432098765432 0.008101851851851851
0 0.4152199074074074 0.3758680555555556 0.01099537037037037 0.04224537037037037
1 0.42216435185185186 0.34837962962962965 0.005208333333333333 0.009259259259259259
0 0.4230324074074074 0.3599537037037037 0.012345679012345678 0.034722222222222224
1 0.4252507716049383 0.3599537037037037 0.004436728395061728 0.008680555555555556
0 0.4254436728395062 0.37601273148148145 0.011381172839506173 0.04369212962962963
1 0.44560185185185186 0.3453414351851852 0.004629629629629629 0.008391203703703705
0 0.4458912037037037 0.3619791666666667 0.013695987654320988 0.043402777777777776
1 0.4645061728395062 0.3463541666666667 0.005401234567901234 0.008101851851851851
0 0.46238425925925924 0.3621238425925926 0.016589506172839507 0.04195601851851852
1 0.4845679012345679 0.34794560185185186 0.004243827160493827 0.0078125
0 0.4855324074074074 0.36255787037037035 0.013503086419753086 0.03993055555555555
1 0.49508101851851855 0.3489583333333333 0.004822530864197531 0.008680555555555556
0 0.4956597222222222 0.3611111111111111 0.013310185185185185 0.03819444444444445
1 0.5123456790123457 0.34664351851851855 0.004629629629629629 0.009259259259259259
0 0.5128279320987654 0.3609664351851852 0.015239197530864198 0.039641203703703706
1 0.5245949074074074 0.3470775462962963 0.004050925925925926 0.007233796296296296
0 0.5255594135802469 0.36125578703703703 0.012924382716049383 0.037905092592592594
1 0.49864969135802467 0.31785300925925924 0.005401234567901234 0.009548611111111112
0 0.5010609567901234 0.3492476851851852 0.01408179012345679 0.07407407407407407
1 0.5381944444444444 0.32407407407407407 0.004243827160493827 0.008101851851851851
0 0.5389660493827161 0.34736689814814814 0.013503086419753086 0.05758101851851852
1 0.5845871913580247 0.34403935185185186 0.005208333333333333 0.009837962962962963
0 0.5838155864197531 0.3627025462962963 0.013310185185185185 0.049479166666666664
1 0.5971257716049383 0.3470775462962963 0.005979938271604938 0.008969907407407407
0 0.5968364197530864 0.36357060185185186 0.016975308641975308 0.044270833333333336
1 0.6022376543209876 0.3531539351851852 0.005787037037037037 0.009548611111111112
0 0.6061921296296297 0.3658854166666667 0.01716820987654321 0.03732638888888889
1 0.6219135802469136 0.34563078703703703 0.005401234567901234 0.009548611111111112
0 0.6231674382716049 0.36009837962962965 0.01408179012345679 0.04137731481481482
1 0.6440972222222222 0.3446180555555556 0.005015432098765432 0.009259259259259259
0 0.6458333333333334 0.3567708333333333 0.017361111111111112 0.037037037037037035
1 0.650366512345679 0.3230613425925926 0.004436728395061728 0.0078125
0 0.6491126543209876 0.3431712962962963 0.017361111111111112 0.05092592592592592
1 0.660108024691358 0.33883101851851855 0.004629629629629629 0.008101851851851851
0 0.660204475308642 0.35228587962962965 0.012152777777777778 0.038483796296296294
1 0.667920524691358 0.34447337962962965 0.004822530864197531 0.008969907407407407
0 0.6676311728395061 0.3599537037037037 0.011574074074074073 0.04282407407407408
1 0.6837384259259259 0.34664351851851855 0.004436728395061728 0.008101851851851851
0 0.683641975308642 0.35951967592592593 0.015817901234567902 0.040219907407407406
1 0.6928047839506173 0.35546875 0.005208333333333333 0.009548611111111112
0 0.6922260802469136 0.3695023148148148 0.01678240740740741 0.041087962962962965
1 0.7038001543209876 0.3449074074074074 0.0055941358024691355 0.009259259259259259
0 0.7037037037037037 0.3699363425925926 0.011574074074074073 0.06221064814814815
1 0.7496141975308642 0.34794560185185186 0.0038580246913580245 0.006655092592592593
0 0.7490354938271605 0.36400462962962965 0.013503086419753086 0.041666666666666664
1 0.7603202160493827 0.3655960648148148 0.004436728395061728 0.0078125
0 0.7605131172839507 0.38136574074074076 0.011381172839506173 0.041087962962962965
1 0.7705439814814815 0.3793402777777778 0.01099537037037037 0.034722222222222224
0 0.7705439814814815 0.3793402777777778 0.01099537037037037 0.034722222222222224
1 0.6350308641975309 0.47366898148148145 0.005401234567901234 0.008680555555555556
0 0.6340663580246914 0.5005787037037037 0.013503086419753086 0.06597222222222222