1 0.084 0.7603046594982079 0.012 0.015232974910394265
0 0.072 0.8064516129032258 0.050666666666666665 0.11290322580645161
1 0.111 0.7526881720430108 0.008666666666666666 0.014336917562724014
0 0.105 0.8010752688172043 0.04066666666666666 0.12007168458781362
1 0.14 0.7522401433691757 0.009333333333333334 0.013440860215053764
0 0.13066666666666665 0.7844982078853047 0.034666666666666665 0.08691756272401434
1 0.14366666666666666 0.739247311827957 0.01 0.012544802867383513
0 0.13466666666666666 0.7791218637992832 0.028 0.09408602150537634
1 0.17366666666666666 0.739247311827957 0.008666666666666666 0.012544802867383513
0 0.168 0.7701612903225806 0.021333333333333333 0.07974910394265233
1 0.17233333333333334 0.7517921146953405 0.01 0.012544802867383513
0 0.169 0.782258064516129 0.019333333333333334 0.07885304659498207
1 0.17833333333333334 0.7625448028673835 0.011333333333333334 0.017921146953405017
0 0.17433333333333334 0.8122759856630825 0.034 0.12096774193548387
1 0.208 0.7495519713261649 0.010666666666666666 0.01881720430107527
0 0.20166666666666666 0.8033154121863799 0.035333333333333335 0.12992831541218638
1 0.189 0.7508960573476703 0.007333333333333333 0.010752688172043012
0 0.187 0.7836021505376344 0.018 0.08333333333333333
1 0.20033333333333334 0.7473118279569892 0.007333333333333333 0.010752688172043012
0 0.2 0.7759856630824373 0.016 0.07526881720430108
1 0.23366666666666666 0.7540322580645161 0.01 0.015232974910394265
0 0.221 0.796594982078853 0.04066666666666666 0.1111111111111111
1 0.246 0.7580645161290323 0.013333333333333334 0.01971326164874552
0 0.23733333333333334 0.8127240143369175 0.048 0.13620071684587814
1 0.2633333333333333 0.757168458781362 0.010666666666666666 0.017921146953405017
0 0.255 0.8149641577060932 0.038 0.1424731182795699
1 0.2803333333333333 0.7531362007168458 0.018 0.025985663082437275
0 0.2843333333333333 0.8248207885304659 0.062 0.17652329749103943
1 0.31666666666666665 0.7576164874551972 0.013333333333333334 0.022401433691756272
0 0.31 0.8149641577060932 0.042666666666666665 0.15143369175627241
1 0.33266666666666667 0.7674731182795699 0.012 0.017025089605734768
0 0.33066666666666666 0.8194444444444444 0.02666666666666667 0.12634408602150538
1 0.3436666666666667 0.7692652329749103 0.012666666666666666 0.022401433691756272
0 0.3423333333333333 0.8248207885304659 0.035333333333333335 0.1388888888888889
1 0.3476666666666667 0.7414874551971327 0.022 0.03136200716845878
0 0.36566666666666664 0.8221326164874552 0.062 0.19444444444444445
1 0.4026666666666667 0.7508960573476703 0.012 0.01971326164874552
0 0.398 0.8109318996415771 0.032 0.14516129032258066
1 0.41133333333333333 0.7562724014336918 0.012 0.01971326164874552
0 0.4146666666666667 0.8189964157706093 0.044 0.16487455197132617
1 0.4543333333333333 0.7629928315412187 0.014 0.024193548387096774
0 0.454 0.8189964157706093 0.037333333333333336 0.13799283154121864
1 0.439 0.7840501792114696 0.016666666666666666 0.05734767025089606
0 0.439 0.7840501792114696 0.016666666666666666 0.05734767025089606
1 0.4623333333333333 0.7661290322580645 0.007333333333333333 0.012544802867383513
0 0.4646666666666667 0.7849462365591398 0.017333333333333333 0.053763440860215055
1 0.5196666666666667 0.7513440860215054 0.012666666666666666 0.02060931899641577
0 0.5216666666666666 0.8131720430107527 0.028666666666666667 0.1460573476702509
1 0.536 0.7486559139784946 0.010666666666666666 0.01881720430107527
0 0.5393333333333333 0.8060035842293907 0.032 0.1388888888888889
1 0.552 0.742831541218638 0.009333333333333334 0.014336917562724014
0 0.5566666666666666 0.7970430107526881 0.03333333333333333 0.12634408602150538
1 0.619 0.735663082437276 0.01 0.014336917562724014
0 0.6286666666666667 0.7840501792114696 0.03333333333333333 0.11469534050179211
1 0.6783333333333333 0.75 0.015333333333333332 0.023297491039426525
0 0.6806666666666666 0.8136200716845878 0.056 0.15412186379928317
1 0.6706666666666666 0.7482078853046595 0.013333333333333334 0.023297491039426525
0 0.678 0.8046594982078853 0.036 0.13799283154121864
1 0.105 0.7450716845878136 0.004666666666666667 0.0062724014336917565
0 0.09933333333333333 0.7665770609318996 0.02 0.0492831541218638