1 0.5677094848551846 0.6534201954397394 0.0144815388016803 0.06384364820846905
0 0.5636192792394429 0.8102605863192183 0.056046871545434446 0.3794788273615635
1 0.6677537032942737 0.6519543973941369 0.0018792836612867565 0.0068403908794788275
0 0.666758788414769 0.6690553745928339 0.0071854963519787755 0.04299674267100977
1 0.662944948043334 0.6501628664495114 0.002210921954455008 0.0071661237785016286
0 0.6612867565774928 0.6661237785016286 0.008843687817820032 0.040390879478827364
1 0.6626133097501659 0.6558631921824104 0.0015476453681185054 0.006188925081433224
0 0.6617289409683839 0.6719869706840391 0.0059694892770285205 0.040390879478827364
1 0.69373203625912 0.6620521172638436 0.0009949148795047535 0.002280130293159609
0 0.6936767632102587 0.6679153094462541 0.0026531063453460093 0.014657980456026058
1 0.6986513376077824 0.6636807817589576 0.00044218439089100157 0.0016286644951140066
0 0.6986513376077824 0.6671009771986971 0.0017687375635640063 0.009771986970684038
1 0.7069975679858501 0.6657980456026059 0.000552730488613752 0.001954397394136808
0 0.7071081140835729 0.6685667752442996 0.001437099270395755 0.008794788273615635
1 0.7146805217775812 0.6654723127035831 0.0006632765863365023 0.001954397394136808
0 0.7145699756798585 0.6700325732899023 0.0015476453681185054 0.011726384364820847
1 0.6055715233252266 0.6638436482084691 0.001105460977227504 0.003257328990228013
0 0.6046318814945832 0.6745928338762215 0.004090205615741764 0.026058631921824105
1 0.6064558921070087 0.6570032573289902 0.0008843687817820031 0.0026058631921824105
0 0.6066217112535928 0.6640065146579804 0.0021003758567322574 0.017915309446254073
1 0.5984965730709706 0.6560260586319219 0.0015476453681185054 0.005211726384364821
0 0.5983860269732478 0.6693811074918566 0.004200751713464515 0.033876221498371335
1 0.554499226177316 0.6482084690553745 0.0015476453681185054 0.005211726384364821
0 0.5538359495909795 0.6633550488599349 0.003979659518019014 0.03615635179153094
1 0.5494693787309308 0.6477198697068404 0.0007738226840592527 0.002280130293159609
0 0.5492482865354853 0.6521172638436482 0.0018792836612867565 0.012377850162866449
1 0.5467609993367234 0.6506514657980456 0.0013265531726730046 0.004234527687296417
0 0.5474795489719213 0.6635179153094463 0.00563785098386027 0.031270358306188926
1 0.5410126022551404 0.6511400651465798 0.0013265531726730046 0.003908794788273616
0 0.5413442405483087 0.6631921824104234 0.003979659518019014 0.029315960912052116
1 0.5385805881052399 0.6514657980456026 0.0013265531726730046 0.003908794788273616
0 0.5378067654211807 0.6635179153094463 0.004200751713464515 0.02996742671009772
1 0.5233804996683618 0.6452768729641694 0.0012160070749502542 0.003908794788273616
0 0.5236015918638072 0.6571661237785016 0.0036480212248507626 0.028990228013029317
1 0.5214459429582136 0.6469055374592834 0.0013265531726730046 0.004560260586319218
0 0.521501216007075 0.6578175895765472 0.0029847446385142602 0.027035830618892507
1 0.5075724076940084 0.6496742671009772 0.0012160070749502542 0.004234527687296417
0 0.507074950254256 0.6612377850162866 0.004421843908910016 0.028013029315960912
1 0.5016029184169799 0.647557003257329 0.0016581914658412558 0.005211726384364821
0 0.501326553172673 0.6599348534201954 0.0055273048861375195 0.03061889250814332
1 0.5040902056157418 0.6596091205211726 0.0008843687817820031 0.0026058631921824105
0 0.5036480212248508 0.6662866449511401 0.00287419854079151 0.018566775244299675
1 0.4728056599602034 0.6485342019543974 0.001105460977227504 0.003257328990228013
0 0.47252929471589655 0.6581433224755701 0.003426929029405262 0.023778501628664496
1 0.47186601812956 0.6444625407166124 0.001437099270395755 0.004234527687296417
0 0.4710921954455008 0.6555374592833876 0.003205836833959761 0.02768729641693811
1 0.4271501216007075 0.6395765472312703 0.0026531063453460093 0.008794788273615635
0 0.4258235684280345 0.6644951140065146 0.010170240990493035 0.05993485342019544
1 0.419854079151006 0.6438110749185668 0.0026531063453460093 0.010097719869706841
0 0.4197435330532832 0.6661237785016286 0.006632765863365023 0.05667752442996743
1 0.41316604023877956 0.6413680781758958 0.0027636524430687598 0.009120521172638436
0 0.41388458987397747 0.6641693811074919 0.010391333185938536 0.05928338762214984
1 0.40857837718328543 0.6371335504885993 0.0017687375635640063 0.005863192182410423
0 0.4082467388901172 0.655700325732899 0.0055273048861375195 0.04560260586319218
1 0.4061463630333849 0.6368078175895765 0.0013265531726730046 0.005211726384364821
0 0.40586999778907806 0.6485342019543974 0.0029847446385142602 0.029315960912052116
1 0.4044881715675437 0.6397394136807818 0.0013265531726730046 0.003908794788273616
0 0.4043776254698209 0.6509771986970684 0.003758567322573513 0.02768729641693811
1 0.39581030289630775 0.6301302931596091 0.003205836833959761 0.012052117263843648
0 0.395257572407694 0.6635179153094463 0.010722971479106787 0.08208469055374593
1 0.3411452575724077 0.6350162866449511 0.0013265531726730046 0.004885993485342019
0 0.3416979880610214 0.65 0.003758567322573513 0.03550488599348534
1 0.33898960866681405 0.6340390879478828 0.0012160070749502542 0.004885993485342019
0 0.3395423391554278 0.6509771986970684 0.005195666592969268 0.04006514657980456
1 0.3293720981649348 0.6325732899022801 0.0027636524430687598 0.008469055374592834
0 0.3281008180411231 0.657328990228013 0.006853858058810524 0.05863192182410423
1 0.3235684280344904 0.6231270358306189 0.003979659518019014 0.013680781758957655
0 0.3256135308423613 0.6617263843648209 0.009396418306433783 0.09543973941368078
1 0.31848330753924387 0.6283387622149837 0.0024320141499005084 0.011726384364820847
0 0.3210811408357285 0.6610749185667752 0.011828432456334291 0.07980456026058631
1 0.3145036480212248 0.6351791530944625 0.0024320141499005084 0.008469055374592834
0 0.3149458324121159 0.6677524429967426 0.007738226840592527 0.0781758957654723
1 0.31212690692018574 0.63371335504886 0.0018792836612867565 0.006188925081433224
0 0.31212690692018574 0.6539087947882736 0.006743311961087774 0.048534201954397393
1 0.29825337165598054 0.6320846905537459 0.0024320141499005084 0.00749185667752443
0 0.29908246738890115 0.6537459283387622 0.00851204952465178 0.05211726384364821
1 0.29642936104355516 0.6356677524429968 0.0021003758567322574 0.00749185667752443
0 0.2970373645810303 0.6547231270358306 0.007074950254256025 0.04820846905537459
1 0.28111872650895425 0.6387622149837133 0.0035374751271280125 0.016286644951140065
0 0.2797369002874199 0.6755700325732898 0.013597170019898297 0.09120521172638436
1 0.2910126022551404 0.638599348534202 0.0007738226840592527 0.002280130293159609
0 0.29090205615741765 0.6447882736156352 0.002321468052177758 0.015960912052117263
1 0.2876962193234579 0.636970684039088 0.000552730488613752 0.002280130293159609
0 0.2878067654211806 0.6441368078175895 0.002542560247623259 0.01726384364820847
1 0.29272606676984303 0.6390879478827362 0.0006632765863365023 0.001954397394136808
0 0.2927813398187044 0.6446254071661238 0.0016581914658412558 0.014332247557003257
1 0.2742095954012823 0.6382736156351791 0.0012160070749502542 0.0035830618892508143
0 0.27371213796152993 0.6478827361563518 0.003758567322573513 0.024755700325732898
1 0.26934556710148133 0.6359934853420195 0.001437099270395755 0.004885993485342019
0 0.2687375635640062 0.6496742671009772 0.005085120495246518 0.03420195439739414
1 0.2657528189254919 0.6359934853420195 0.0008843687817820031 0.0029315960912052116
0 0.2657528189254919 0.6429967426710098 0.0030952907362370107 0.01758957654723127
1 0.26238116294494807 0.6372964169381108 0.0016581914658412558 0.005537459283387622
0 0.2615520672120274 0.6504885993485342 0.003979659518019014 0.031921824104234525
1 0.25834623037806764 0.6379478827361563 0.001989829759009507 0.00749185667752443
0 0.25834623037806764 0.6571661237785016 0.007296042449701525 0.04723127035830619
1 0.2567433119610878 0.636156351791531 0.000552730488613752 0.001954397394136808
0 0.2564669467167809 0.6412052117263843 0.001989829759009507 0.013355048859934854
1 0.2547534822020783 0.636970684039088 0.000552730488613752 0.0016286644951140066
0 0.25458766305549413 0.64185667752443 0.0015476453681185054 0.012703583061889252
1 0.2546982091532169 0.6568403908794789 0.0024320141499005084 0.008143322475570033
0 0.25397965951801904 0.6706840390879479 0.005858943179305771 0.03778501628664495
1 0.24298032279460535 0.6379478827361563 0.004200751713464515 0.01726384364820847
0 0.24358832633208047 0.6796416938110749 0.01669246075613531 0.10521172638436482
1 0.251326553172673 0.6306188925081433 0.0027636524430687598 0.007817589576547232
0 0.25121600707495023 0.6552117263843649 0.005195666592969268 0.057003257328990226
1 0.24778907804554498 0.6371335504885993 0.0021003758567322574 0.006514657980456026
0 0.24751271280123813 0.6607491856677524 0.006190581472474021 0.058957654723127036
1 0.23866902498341808 0.635342019543974 0.0008843687817820031 0.0029315960912052116
0 0.23861375193455672 0.6460912052117264 0.0027636524430687598 0.025732899022801303
1 0.23093079814282555 0.6250814332247557 0.0030952907362370107 0.011074918566775244
0 0.2314835286314393 0.6589576547231271 0.010612425381384037 0.08078175895765473
1 0.22800132655317268 0.6271986970684039 0.0029847446385142602 0.012052117263843648
0 0.22667477338049966 0.6600977198697069 0.009617510501879284 0.07915309446254072
1 0.22164492593411453 0.6311074918566775 0.002210921954455008 0.008143322475570033
0 0.22048419190802565 0.6552117263843649 0.007406588547424276 0.05960912052117264
1 0.2230267521556489 0.6312703583061889 0.0021003758567322574 0.006514657980456026
0 0.22247402166703514 0.6503257328990228 0.005195666592969268 0.048534201954397393
1 0.23352863143931019 0.642671009771987 0.0016581914658412558 0.005863192182410423
0 0.23374972363475569 0.6630293159609121 0.0076276807428697765 0.04723127035830619
1 0.2123590537254035 0.632899022801303 0.0013265531726730046 0.004560260586319218
0 0.21285651116515586 0.644299674267101 0.0038691134202962635 0.028664495114006514
1 0.20174662834401946 0.6229641693811075 0.011938978554057041 0.03680781758957655
0 0.19887242980322795 0.7439739413680782 0.024320141499005084 0.2814332247557003
1 0.18323015697545877 0.6317589576547231 0.005416758788414769 0.021172638436482084
0 0.18223524209595401 0.6850162866449512 0.019124474906035818 0.12833876221498372
1 0.17687375635640062 0.6265472312703583 0.004421843908910016 0.013355048859934854
0 0.17433119610877737 0.6714983713355049 0.015476453681185054 0.10586319218241043
1 0.19013928808313066 0.6291530944625408 0.0015476453681185054 0.004885993485342019
0 0.18964183064337828 0.6478827361563518 0.005416758788414769 0.04625407166123779
1 0.19356621711253594 0.6304560260586319 0.001989829759009507 0.006188925081433224
0 0.19279239442847668 0.649185667752443 0.0059694892770285205 0.04495114006514658
1 0.1967167808976343 0.6314332247557003 0.002542560247623259 0.006188925081433224
0 0.1962745965067433 0.6478827361563518 0.005195666592969268 0.04625407166123779
1 0.16924607561353083 0.6327361563517915 0.0026531063453460093 0.008143322475570033
0 0.1697988061021446 0.6583061889250814 0.007074950254256025 0.06123778501628664
1 0.16499005085120494 0.6242671009771987 0.0036480212248507626 0.010749185667752443
0 0.16570860048640282 0.654071661237785 0.008843687817820032 0.07166123778501629
1 0.15929692681848331 0.6306188925081433 0.0024320141499005084 0.008469055374592834
0 0.1597391112093743 0.656514657980456 0.006190581472474021 0.06286644951140065
1 0.1568096396197214 0.6342019543973941 0.005195666592969268 0.018892508143322474
0 0.15365907583462304 0.6903908794788274 0.01459208489940305 0.13322475570032574
1 0.15227724961308867 0.6416938110749185 0.0038691134202962635 0.013680781758957655
0 0.15211143046650452 0.6778501628664495 0.012160070749502542 0.09185667752442997
1 0.1383484413000221 0.635342019543974 0.006080035374751271 0.02052117263843648
0 0.1398960866681406 0.6933224755700326 0.02487287198761884 0.14039087947882736
1 0.13365023214680521 0.6355048859934853 0.004864028299801017 0.018892508143322474
0 0.13353968604908248 0.6918566775244299 0.019013928808313065 0.13420195439739413
1 0.12154543444616404 0.6094462540716612 0.007406588547424276 0.024755700325732898
0 0.1167366791952244 0.6838762214983714 0.03382710590316162 0.1755700325732899
1 0.14603139509175325 0.6232899022801303 0.003758567322573513 0.012052117263843648
0 0.14647357948264425 0.6599348534201954 0.010170240990493035 0.08534201954397394
1 0.10816935662171126 0.6179153094462541 0.0029847446385142602 0.009771986970684038
0 0.10855626796374088 0.6560260586319219 0.010170240990493035 0.08925081433224756
1 0.12823347335839044 0.6184039087947882 0.0030952907362370107 0.012052117263843648
0 0.1283992925049746 0.655700325732899 0.008954233915542781 0.08925081433224756
1 0.012657528189254919 0.6249185667752443 0.0038691134202962635 0.011400651465798045
0 0.01011496794163166 0.6583061889250814 0.011165155869997789 0.07882736156351791
1 0.015476453681185054 0.6193811074918567 0.003758567322573513 0.012703583061889252
0 0.011552067212027416 0.6539087947882736 0.013818262215343798 0.08436482084690554
1 0.02255140393544108 0.6237785016286646 0.0024320141499005084 0.008469055374592834
0 0.02194340039796595 0.6537459283387622 0.008954233915542781 0.07296416938110749
1 0.020948485518461197 0.6180781758957655 0.0029847446385142602 0.011400651465798045
0 0.019179747954897193 0.65 0.008069865133760777 0.0758957654723127
1 0.006688038912226398 0.6177524429967427 0.0027636524430687598 0.010097719869706841
0 0.0059694892770285205 0.6473941368078175 0.00862259562237453 0.0732899022801303
1 0.3564558921070086 0.6350162866449511 0.000552730488613752 0.0016286644951140066
0 0.35678753040017686 0.6381107491856678 0.001437099270395755 0.008469055374592834
1 0.35529515808091977 0.6346905537459283 0.00044218439089100157 0.0016286644951140066
0 0.35546097722750386 0.6379478827361563 0.0012160070749502542 0.008794788273615635
1 0.3540791510059695 0.6355048859934853 0.00044218439089100157 0.0013029315960912053
0 0.3540238779571081 0.6382736156351791 0.0012160070749502542 0.00749185667752443
1 0.3531395091753261 0.6366449511400651 0.000552730488613752 0.0016286644951140066
0 0.3530842361264647 0.6387622149837133 0.0013265531726730046 0.0071661237785016286
1 0.34772275038691136 0.635342019543974 0.000552730488613752 0.0016286644951140066
0 0.3475569312403272 0.6387622149837133 0.0015476453681185054 0.010423452768729642
1 0.36220428918859165 0.635342019543974 0.000552730488613752 0.0016286644951140066
0 0.36198319699314613 0.638599348534202 0.001437099270395755 0.008794788273615635
1 0.16034711474684943 0.6250814332247557 0.002321468052177758 0.0071661237785016286
0 0.16078929913774043 0.6501628664495114 0.006080035374751271 0.05863192182410423
1 0.15526199425160292 0.6195439739413681 0.003426929029405262 0.011074918566775244
0 0.15548308644704842 0.6433224755700325 0.006080035374751271 0.06058631921824104
1 0.13630333849215123 0.6192182410423452 0.0033163829316825116 0.010423452768729642
0 0.1365797037364581 0.6534201954397394 0.008954233915542781 0.08273615635179153
1 0.11916869334512492 0.6228013029315961 0.004200751713464515 0.013680781758957655
0 0.11806323236789741 0.6560260586319219 0.009285872208711032 0.08143322475570032
1 0.11214901613973027 0.6252442996742671 0.003205836833959761 0.011400651465798045
0 0.11225956223745302 0.6581433224755701 0.007406588547424276 0.07980456026058631
1 0.21152995799248286 0.6338762214983713 0.0009949148795047535 0.003257328990228013
0 0.21136413884589875 0.64185667752443 0.0026531063453460093 0.02052117263843648
1 0.214348883484413 0.6381107491856678 0.0008843687817820031 0.003257328990228013
0 0.21517797921733361 0.643485342019544 0.0038691134202962635 0.016612377850162865
1 0.2399955781560911 0.6364820846905538 0.0006632765863365023 0.0026058631921824105
0 0.24005085120495245 0.6439739413680782 0.002321468052177758 0.018892508143322474
1 0.23667919522440858 0.6366449511400651 0.0006632765863365023 0.002280130293159609
0 0.23678974132213132 0.6415309446254072 0.0015476453681185054 0.012703583061889252
1 0.28443510944063677 0.6371335504885993 0.0006632765863365023 0.001954397394136808
0 0.2843798363917754 0.6421824104234528 0.0021003758567322574 0.013355048859934854
1 0.3035043112978112 0.6381107491856678 0.0009949148795047535 0.0026058631921824105
0 0.3034490382489498 0.6431596091205212 0.0015476453681185054 0.013355048859934854
1 0.30455449922617733 0.6381107491856678 0.0008843687817820031 0.0026058631921824105
0 0.3043334070307318 0.642671009771987 0.0013265531726730046 0.012377850162866449
1 0.3059363254477117 0.636156351791531 0.000552730488613752 0.0013029315960912053
0 0.3054941410568207 0.640228013029316 0.0016581914658412558 0.010749185667752443
1 0.30715233252266194 0.635342019543974 0.0007738226840592527 0.002280130293159609
0 0.30693124032721647 0.6392508143322475 0.001437099270395755 0.011400651465798045
1 0.6961640504090205 0.6644951140065146 0.0007738226840592527 0.001954397394136808
0 0.6958324121158523 0.6701954397394136 0.002321468052177758 0.016612377850162865
1 0.789188591642715 0.6760586319218241 0.0017687375635640063 0.005537459283387622
0 0.7889122263984082 0.6899022801302932 0.005195666592969268 0.03908794788273615
1 0.7789078045544993 0.6915309446254072 0.005085120495246518 0.040390879478827364
0 0.7789078045544993 0.6915309446254072 0.005085120495246518 0.040390879478827364
1 0.5961751050187928 0.6550488599348534 0.0008843687817820031 0.0026058631921824105
0 0.5960092858722087 0.6617263843648209 0.002321468052177758 0.017915309446254073
1 0.5946274596506743 0.6555374592833876 0.0006632765863365023 0.002280130293159609
0 0.5946274596506743 0.6602605863192182 0.0015476453681185054 0.013680781758957655
1 0.6003758567322574 0.655700325732899 0.0008843687817820031 0.003257328990228013
0 0.6000994914879505 0.6615635179153094 0.002321468052177758 0.016286644951140065