1 0.9314814814814815 0.624537037037037 0.049074074074074076 0.06450617283950617
0 0.9342592592592592 0.7930555555555555 0.13148148148148148 0.41388888888888886
1 0.8047453703703704 0.6236111111111111 0.03125 0.03796296296296296
0 0.8166666666666667 0.7506172839506173 0.1175925925925926 0.29691358024691356
1 0.649537037037037 0.6401234567901235 0.029166666666666667 0.04135802469135803
0 0.6542824074074074 0.7711419753086419 0.1076388888888889 0.3095679012345679
1 0.696875 0.7001543209876543 0.016898148148148148 0.026851851851851852
0 0.6868055555555556 0.7513888888888889 0.0625 0.13487654320987655
1 0.5050925925925925 0.6462962962962963 0.024074074074074074 0.033950617283950615
0 0.5119212962962963 0.7442901234567901 0.05717592592592593 0.23981481481481481
1 0.425 0.6351851851851852 0.021296296296296296 0.0345679012345679
0 0.4221064814814815 0.7331790123456791 0.05763888888888889 0.22993827160493827
1 0.46828703703703706 0.6405864197530864 0.010648148148148148 0.01574074074074074
0 0.4689814814814815 0.7003086419753086 0.02962962962962963 0.1382716049382716
1 0.49166666666666664 0.6362654320987654 0.010185185185185186 0.015123456790123457
0 0.49560185185185185 0.6916666666666667 0.030555555555555555 0.12654320987654322
1 0.522800925925926 0.6266975308641975 0.005324074074074074 0.007716049382716049
0 0.5243055555555556 0.6563271604938271 0.017592592592592594 0.0712962962962963
1 0.5439814814814815 0.6260802469135802 0.008333333333333333 0.011419753086419753
0 0.5453703703703704 0.6572530864197531 0.022685185185185187 0.07438271604938272
1 0.45358796296296294 0.6371913580246914 0.01087962962962963 0.016975308641975308
0 0.45405092592592594 0.692283950617284 0.022916666666666665 0.12839506172839507
1 0.434375 0.6325617283950618 0.01087962962962963 0.023765432098765433
0 0.4359953703703704 0.7054012345679013 0.03726851851851852 0.17623456790123457
1 0.40891203703703705 0.6439814814814815 0.01412037037037037 0.024382716049382715
0 0.4025462962962963 0.7160493827160493 0.0412037037037037 0.1734567901234568
1 0.36724537037037036 0.6404320987654321 0.011342592592592593 0.020370370370370372
0 0.3684027777777778 0.6993827160493827 0.04560185185185185 0.14135802469135803
1 0.35011574074074076 0.6390432098765432 0.008564814814814815 0.013888888888888888
0 0.35127314814814814 0.6779320987654321 0.01597222222222222 0.09722222222222222
1 0.3423611111111111 0.6444444444444445 0.009722222222222222 0.014814814814814815
0 0.3422453703703704 0.6867283950617284 0.02939814814814815 0.10493827160493827
1 0.3130787037037037 0.6459876543209877 0.016435185185185185 0.02345679012345679
0 0.3159722222222222 0.7263888888888889 0.049074074074074076 0.18734567901234567
1 0.2701388888888889 0.6558641975308642 0.023148148148148147 0.037037037037037035
0 0.28344907407407405 0.7620370370370371 0.0798611111111111 0.2574074074074074
1 0.2170138888888889 0.6700617283950617 0.02013888888888889 0.0345679012345679
0 0.22418981481481481 0.7604938271604939 0.05856481481481481 0.21728395061728395
1 0.15381944444444445 0.6685185185185185 0.02337962962962963 0.033950617283950615
0 0.14548611111111112 0.7716049382716049 0.07893518518518519 0.25493827160493826
1 0.1111111111111111 0.6805555555555556 0.02361111111111111 0.02962962962962963
0 0.11261574074074074 0.7719135802469136 0.06319444444444444 0.21666666666666667
1 0.08761574074074074 0.6725308641975308 0.02060185185185185 0.028395061728395062
0 0.07696759259259259 0.7646604938271605 0.0650462962962963 0.2169753086419753
1 0.011921296296296296 0.6708333333333333 0.023842592592592592 0.042283950617283954
0 0.043287037037037034 0.7813271604938271 0.08657407407407407 0.2743827160493827
1 0.16342592592592592 0.6402777777777777 0.009722222222222222 0.015123456790123457
0 0.17048611111111112 0.6800925925925926 0.028935185185185185 0.09598765432098766
1 0.19155092592592593 0.6422839506172839 0.00625 0.012345679012345678
0 0.1908564814814815 0.6706790123456791 0.018287037037037036 0.0728395061728395
1 0.22824074074074074 0.644753086419753 0.011574074074074073 0.01728395061728395
0 0.22523148148148148 0.6953703703703704 0.03333333333333333 0.12283950617283951
1 0.6797453703703704 0.6185185185185185 0.006712962962962963 0.009876543209876543
0 0.6799768518518519 0.6444444444444445 0.019212962962962963 0.06234567901234568
1 0.6998842592592592 0.6195987654320988 0.005324074074074074 0.009567901234567902
0 0.6994212962962963 0.6473765432098766 0.019212962962962963 0.06820987654320988
1 0.9942129629629629 0.7282407407407407 0.011574074074074073 0.044753086419753084
0 0.9664351851851852 0.8337962962962963 0.06712962962962964 0.2972222222222222