1 0.27734375 0.5380116959064327 0.05859375 0.1286549707602339
0 0.2451171875 0.7244152046783626 0.3046875 0.533625730994152
0 0.98095703125 0.4692982456140351 0.0380859375 0.6871345029239766
1 0.88525390625 0.15350877192982457 0.0615234375 0.11988304093567251
0 0.84130859375 0.49488304093567254 0.2236328125 0.8406432748538012
1 0.91015625 0.15058479532163743 0.048828125 0.1023391812865497
0 0.9091796875 0.40789473684210525 0.11328125 0.6257309941520468
1 0.7685546875 0.19444444444444445 0.0546875 0.1023391812865497
0 0.77294921875 0.48903508771929827 0.1630859375 0.7149122807017544
1 0.6923828125 0.2573099415204678 0.04296875 0.07894736842105263
0 0.701171875 0.489766081871345 0.1171875 0.5789473684210527
1 0.57958984375 0.21564327485380116 0.0556640625 0.08333333333333333
0 0.6240234375 0.52046783625731 0.162109375 0.7602339181286549
1 0.54052734375 0.23903508771929824 0.0537109375 0.09210526315789473
0 0.5712890625 0.4904970760233918 0.125 0.6067251461988304
1 0.529296875 0.17763157894736842 0.04296875 0.07456140350877193
0 0.50927734375 0.4342105263157895 0.1552734375 0.5964912280701754
1 0.384765625 0.1608187134502924 0.0546875 0.10818713450292397
0 0.40380859375 0.49488304093567254 0.2177734375 0.7792397660818714
1 0.224609375 0.18421052631578946 0.060546875 0.08187134502923976
0 0.22900390625 0.4904970760233918 0.1513671875 0.706140350877193
1 0.12548828125 0.17616959064327486 0.0576171875 0.097953216374269
0 0.16064453125 0.4473684210526316 0.1396484375 0.6637426900584795
1 0.19921875 0.14327485380116958 0.037109375 0.06140350877192982
0 0.2001953125 0.3260233918128655 0.087890625 0.4444444444444444
1 0.443359375 0.2010233918128655 0.056640625 0.097953216374269
0 0.419921875 0.4685672514619883 0.13671875 0.6564327485380117
1 0.8193359375 0.2097953216374269 0.05078125 0.09502923976608187
0 0.8125 0.47953216374269003 0.115234375 0.6374269005847953
1 0.607421875 0.20029239766081872 0.03515625 0.06140350877192982
0 0.60595703125 0.45614035087719296 0.0986328125 0.6257309941520468
1 0.6552734375 0.20833333333333334 0.041015625 0.07163742690058479
0 0.66455078125 0.4583333333333333 0.1044921875 0.6125730994152047