1 0.05126953125 0.2795138888888889 0.0634765625 0.11458333333333333
0 0.08056640625 0.5807291666666666 0.1611328125 0.7482638888888888
1 0.1513671875 0.2526041666666667 0.056640625 0.11979166666666667
0 0.17431640625 0.5546875 0.1806640625 0.7378472222222222
1 0.22412109375 0.1657986111111111 0.0498046875 0.11284722222222222
0 0.228515625 0.4739583333333333 0.140625 0.7673611111111112
1 0.28857421875 0.3203125 0.0458984375 0.09895833333333333
0 0.2939453125 0.5703125 0.130859375 0.6059027777777778
1 0.36669921875 0.2751736111111111 0.0498046875 0.09895833333333333
0 0.37646484375 0.5286458333333334 0.1201171875 0.671875
1 0.43359375 0.24305555555555555 0.052734375 0.11458333333333333
0 0.4462890625 0.5399305555555556 0.125 0.71875
1 0.51025390625 0.17100694444444445 0.0556640625 0.11631944444444445
0 0.50927734375 0.5269097222222222 0.1669921875 0.8732638888888888
1 0.59912109375 0.21961805555555555 0.0615234375 0.11979166666666667
0 0.572265625 0.5651041666666666 0.251953125 0.8697916666666666
1 0.68701171875 0.19270833333333334 0.0634765625 0.14930555555555555
0 0.70751953125 0.5564236111111112 0.1513671875 0.8871527777777778
1 0.79931640625 0.2048611111111111 0.0654296875 0.1388888888888889
0 0.82666015625 0.5651041666666666 0.1494140625 0.8697916666666666
1 0.900390625 0.18836805555555555 0.072265625 0.171875
0 0.9228515625 0.5477430555555556 0.154296875 0.9045138888888888