1 0.13818359375 0.5900439238653001 0.0654296875 0.11127379209370425
0 0.16064453125 0.7598828696925329 0.2138671875 0.4802342606149341
1 0.2861328125 0.6215226939970717 0.05859375 0.11566617862371889
0 0.2939453125 0.7774524158125915 0.1484375 0.445095168374817
1 0.4228515625 0.6478770131771596 0.05859375 0.11566617862371889
0 0.423828125 0.7913616398243045 0.14453125 0.4172767203513909
1 0.52734375 0.6149341142020498 0.052734375 0.1171303074670571
0 0.5390625 0.7774524158125915 0.146484375 0.445095168374817
1 0.658203125 0.6112737920937042 0.05859375 0.1273792093704246
0 0.669921875 0.7723279648609077 0.154296875 0.45534407027818447
1 0.7861328125 0.6054172767203514 0.060546875 0.11566617862371889
0 0.79052734375 0.7723279648609077 0.1845703125 0.45534407027818447
1 0.92626953125 0.308199121522694 0.0634765625 0.11859443631039532
0 0.92236328125 0.6185944363103953 0.1552734375 0.7628111273792094
1 0.79248046875 0.24377745241581258 0.0634765625 0.11859443631039532
0 0.8037109375 0.5248901903367497 0.158203125 0.6925329428989752
1 0.67578125 0.23718887262079064 0.05078125 0.09077598828696926
0 0.67724609375 0.5014641288433382 0.1357421875 0.636896046852123
1 0.57275390625 0.45241581259150804 0.0556640625 0.10248901903367497
0 0.57958984375 0.6632503660322109 0.1474609375 0.5475841874084919
1 0.4912109375 0.4582723279648609 0.056640625 0.11127379209370425
0 0.48291015625 0.6493411420204978 0.1376953125 0.5051244509516838
1 0.31591796875 0.34773060029282576 0.0517578125 0.09224011713030747
0 0.34716796875 0.5907759882869692 0.1298828125 0.5841874084919473
1 0.25634765625 0.33821376281112736 0.0517578125 0.10248901903367497
0 0.25439453125 0.5732064421669106 0.1201171875 0.5871156661786238
1 0.16015625 0.31112737920937045 0.05859375 0.10688140556368961
0 0.1650390625 0.609809663250366 0.169921875 0.7101024890190337
1 0.58056640625 0.2796486090775988 0.0478515625 0.09370424597364568
0 0.57080078125 0.5029282576866764 0.1162109375 0.5578330893118595
1 0.48193359375 0.2562225475841874 0.0439453125 0.09956076134699854
0 0.4794921875 0.4816983894582723 0.119140625 0.5592972181551976
1 0.40771484375 0.31991215226939973 0.0537109375 0.09224011713030747
0 0.3955078125 0.5366032210834554 0.123046875 0.5490483162518301
1 0.29345703125 0.2686676427525622 0.0478515625 0.0951683748169839
0 0.28759765625 0.4677891654465593 0.1201171875 0.5080527086383602
1 0.3623046875 0.2745241581259151 0.044921875 0.08638360175695461
0 0.3681640625 0.45534407027818447 0.115234375 0.4568081991215227
1 0.3330078125 0.23865300146412885 0.04296875 0.07613469985358712
0 0.33251953125 0.4260614934114202 0.1220703125 0.4568081991215227
1 0.435546875 0.24377745241581258 0.044921875 0.08052708638360176
0 0.4443359375 0.4289897510980966 0.107421875 0.46266471449487556
1 0.55224609375 0.21961932650073207 0.0400390625 0.07320644216691069
0 0.55859375 0.4158125915080527 0.119140625 0.48316251830161056
1 0.63427734375 0.24816983894582723 0.0458984375 0.09809663250366032
0 0.63916015625 0.45095168374816985 0.1162109375 0.5183016105417276
1 0.74658203125 0.2657393850658858 0.0439453125 0.09224011713030747
0 0.755859375 0.479502196193265 0.12109375 0.5256222547584187