1 0.16943359375 0.5699088145896657 0.0595703125 0.1276595744680851
0 0.19091796875 0.7135258358662614 0.3564453125 0.5729483282674772
1 0.251953125 0.4338905775075988 0.056640625 0.11398176291793313
0 0.25634765625 0.5896656534954408 0.2314453125 0.8206686930091185
1 0.2509765625 0.5326747720364742 0.048828125 0.13221884498480244
0 0.328125 0.648176291793313 0.28515625 0.7036474164133738
1 0.45361328125 0.5539513677811551 0.0576171875 0.10790273556231003
0 0.4794921875 0.7401215805471124 0.212890625 0.5197568389057751
1 0.5390625 0.49240121580547114 0.046875 0.11246200607902736
0 0.583984375 0.6344984802431611 0.220703125 0.7310030395136778
1 0.65576171875 0.42249240121580545 0.0537109375 0.12158054711246201
0 0.7158203125 0.5942249240121581 0.216796875 0.8115501519756839
1 0.787109375 0.22644376899696048 0.060546875 0.12462006079027356
0 0.7783203125 0.5121580547112462 0.291015625 0.8723404255319149