1 0.74609375 0.4428251121076233 0.0734375 0.12331838565022421
0 0.7296875 0.6872197309417041 0.175 0.625560538116592
1 0.846875 0.23094170403587444 0.075 0.13452914798206278
0 0.853125 0.5605381165919282 0.26875 0.8116591928251121
1 0.890625 0.20739910313901344 0.040625 0.06502242152466367
0 0.9 0.4248878923766816 0.125 0.5448430493273543
1 0.1546875 0.20291479820627803 0.075 0.13228699551569506
0 0.15859375 0.523542600896861 0.2015625 0.7914798206278026
1 0.24453125 0.21748878923766815 0.0515625 0.08071748878923767
0 0.2359375 0.45739910313901344 0.1125 0.5739910313901345
1 0.31328125 0.1681614349775785 0.0515625 0.08071748878923767
0 0.3125 0.4798206278026906 0.159375 0.7130044843049327
1 0.3578125 0.21524663677130046 0.0375 0.06726457399103139
0 0.35 0.41143497757847536 0.084375 0.4730941704035874
1 0.38515625 0.3665919282511211 0.0265625 0.04708520179372197
0 0.396875 0.476457399103139 0.059375 0.289237668161435
1 0.45625 0.36434977578475336 0.053125 0.08744394618834081
0 0.475 0.5874439461883408 0.178125 0.5964125560538116
1 0.4984375 0.2556053811659193 0.053125 0.08520179372197309
0 0.5125 0.49327354260089684 0.125 0.5695067264573991
1 0.421875 0.24663677130044842 0.025 0.03139013452914798
0 0.41875 0.3688340807174888 0.0625 0.28475336322869954
1 0.475 0.22085201793721973 0.040625 0.06502242152466367
0 0.46953125 0.40022421524663676 0.1109375 0.437219730941704
1 0.5640625 0.2242152466367713 0.03125 0.04932735426008968
0 0.57109375 0.3486547085201794 0.0765625 0.3116591928251121
1 0.6078125 0.2085201793721973 0.04375 0.07623318385650224
0 0.6203125 0.4439461883408072 0.178125 0.5739910313901345
1 0.684375 0.242152466367713 0.04375 0.06278026905829596
0 0.6890625 0.43385650224215244 0.0875 0.4641255605381166
1 0.703125 0.23094170403587444 0.028125 0.04484304932735426
0 0.7109375 0.4069506726457399 0.090625 0.4103139013452915
1 0.07578125 0.28699551569506726 0.0234375 0.03587443946188341
0 0.07109375 0.38228699551569506 0.0703125 0.2399103139013453
1 0.01328125 0.28699551569506726 0.0234375 0.03587443946188341
0 0.03125 0.39125560538116594 0.0625 0.2623318385650224