1 0.41397228637413397 0.685251798561151 0.03348729792147806 0.025179856115107913
0 0.3856812933025404 0.7557553956834533 0.12240184757505773 0.17194244604316547
1 0.2967667436489607 0.689568345323741 0.023094688221709007 0.017985611510791366
0 0.29041570438799075 0.7366906474820144 0.06351039260969978 0.11654676258992806
1 0.26385681293302543 0.6848920863309352 0.02424942263279446 0.017266187050359712
0 0.26096997690531176 0.7338129496402878 0.06466512702078522 0.11942446043165468
1 0.3533487297921478 0.685251798561151 0.02771362586605081 0.016546762589928057
0 0.3481524249422633 0.7316546762589928 0.07274826789838337 0.11079136690647481
1 0.3273672055427252 0.6816546762589928 0.019630484988452657 0.013669064748201438
0 0.32909930715935337 0.7302158273381295 0.04157043879907621 0.11654676258992806
1 0.05715935334872979 0.6679856115107914 0.026558891454965358 0.017985611510791366
0 0.04561200923787529 0.7111510791366906 0.08198614318706697 0.11294964028776978
1 0.013856812933025405 0.662589928057554 0.02771362586605081 0.02158273381294964
0 0.05254041570438799 0.7266187050359713 0.10508083140877598 0.15683453237410072