1 0.46796875 0.7023148148148148 0.0171875 0.03148148148148148
0 0.47356770833333334 0.7875 0.03984375 0.20462962962962963
1 0.6408854166666667 0.75 0.008333333333333333 0.017592592592592594
0 0.640234375 0.7969907407407407 0.026302083333333334 0.1162037037037037
1 0.685546875 0.7425925925925926 0.0049479166666666664 0.010185185185185186
0 0.6850260416666667 0.7694444444444445 0.01484375 0.07037037037037037
1 0.7061197916666667 0.7435185185185185 0.0049479166666666664 0.009259259259259259
0 0.7059895833333333 0.7703703703703704 0.013020833333333334 0.06666666666666667
1 0.7337239583333334 0.7483796296296297 0.007552083333333333 0.015277777777777777
0 0.73828125 0.7935185185185185 0.028125 0.10925925925925926
1 0.8498697916666667 0.7560185185185185 0.01015625 0.022222222222222223
0 0.8575520833333333 0.8166666666666667 0.028125 0.15185185185185185
1 0.8381510416666667 0.7532407407407408 0.009635416666666667 0.021296296296296296
0 0.8385416666666666 0.8020833333333334 0.025520833333333333 0.12361111111111112
1 0.9114583333333334 0.7608796296296296 0.011458333333333333 0.01898148148148148
0 0.9111979166666667 0.8212962962962963 0.03177083333333333 0.14537037037037037
1 0.966015625 0.7657407407407407 0.01015625 0.022222222222222223
0 0.9735677083333333 0.8194444444444444 0.031510416666666666 0.13425925925925927
1 0.9584635416666667 0.7585648148148149 0.01171875 0.01898148148148148
0 0.96015625 0.8141203703703703 0.030729166666666665 0.13287037037037036
1 0.9640625 0.7405092592592593 0.00625 0.0125
0 0.9631510416666667 0.780787037037037 0.021614583333333333 0.09583333333333334