1 0.36328125 0.7408854166666666 0.01171875 0.020833333333333332
0 0.35986328125 0.80078125 0.0322265625 0.14583333333333334
1 0.3662109375 0.7506510416666666 0.013671875 0.01953125
0 0.35986328125 0.8190104166666666 0.0439453125 0.15885416666666666
1 0.4013671875 0.7330729166666666 0.013671875 0.0234375
0 0.39599609375 0.802734375 0.0400390625 0.17057291666666666
1 0.4326171875 0.7298177083333334 0.013671875 0.016927083333333332
0 0.43115234375 0.7981770833333334 0.0439453125 0.15625
1 0.4833984375 0.7350260416666666 0.013671875 0.01953125
0 0.4794921875 0.8001302083333334 0.029296875 0.15234375
1 0.4990234375 0.7454427083333334 0.015625 0.01953125
0 0.498046875 0.8125 0.04296875 0.15364583333333334
1 0.52294921875 0.740234375 0.0126953125 0.022135416666666668
0 0.52783203125 0.8059895833333334 0.0380859375 0.15885416666666666
1 0.6005859375 0.751953125 0.01953125 0.03515625
0 0.5966796875 0.8587239583333334 0.06640625 0.2591145833333333
1 0.76513671875 0.7526041666666666 0.0244140625 0.033854166666666664
0 0.7734375 0.8385416666666666 0.05859375 0.22395833333333334