1 0.17708333333333334 0.42041015625 0.028645833333333332 0.0283203125
0 0.18294270833333334 0.4921875 0.08203125 0.17578125
1 0.22721354166666666 0.42529296875 0.02734375 0.0244140625
0 0.22981770833333334 0.50634765625 0.07682291666666667 0.1904296875
1 0.365234375 0.43115234375 0.029947916666666668 0.0283203125
0 0.373046875 0.50537109375 0.10807291666666667 0.1787109375
1 0.359375 0.40625 0.03125 0.0234375
0 0.3821614583333333 0.48095703125 0.08203125 0.1787109375
1 0.427734375 0.38232421875 0.024739583333333332 0.0263671875
0 0.4368489583333333 0.4521484375 0.10286458333333333 0.171875
1 0.5572916666666666 0.42333984375 0.033854166666666664 0.0244140625
0 0.5475260416666666 0.49951171875 0.12109375 0.1787109375
1 0.568359375 0.3984375 0.029947916666666668 0.01953125
0 0.5598958333333334 0.47412109375 0.07552083333333333 0.1728515625
1 0.7903645833333334 0.3955078125 0.026041666666666668 0.025390625
0 0.7630208333333334 0.46875 0.109375 0.177734375
1 0.8118489583333334 0.4169921875 0.032552083333333336 0.0234375
0 0.8072916666666666 0.48876953125 0.07552083333333333 0.1708984375
1 0.8971354166666666 0.40234375 0.028645833333333332 0.0234375
0 0.8951822916666666 0.478515625 0.07942708333333333 0.18359375