1 0.04611111111111111 0.6859259259259259 0.04111111111111111 0.05925925925925926
0 0.05722222222222222 0.8266666666666667 0.11444444444444445 0.3466666666666667
1 0.1322222222222222 0.7037037037037037 0.04888888888888889 0.07111111111111111
0 0.12944444444444445 0.8311111111111111 0.11 0.3377777777777778
1 0.20222222222222222 0.6274074074074074 0.05555555555555555 0.08148148148148149
0 0.19666666666666666 0.7881481481481482 0.18888888888888888 0.4237037037037037
1 0.4261111111111111 0.8051851851851852 0.09888888888888889 0.14074074074074075
0 0.44555555555555554 0.8659259259259259 0.28444444444444444 0.26814814814814814
1 0.41444444444444445 0.6733333333333333 0.042222222222222223 0.06962962962962962
0 0.3988888888888889 0.8155555555555556 0.11777777777777777 0.3688888888888889
1 0.46444444444444444 0.6844444444444444 0.03777777777777778 0.07111111111111111
0 0.4905555555555556 0.8222222222222222 0.11444444444444445 0.35555555555555557
1 0.6316666666666667 0.64 0.04111111111111111 0.06814814814814815
0 0.63 0.8014814814814815 0.10222222222222223 0.397037037037037
1 0.7105555555555556 0.76 0.06555555555555556 0.09481481481481481
0 0.7005555555555556 0.8533333333333334 0.15 0.29333333333333333
1 0.8011111111111111 0.8481481481481481 0.06888888888888889 0.11703703703703704
0 0.7655555555555555 0.8925925925925926 0.2 0.21481481481481482
1 0.7661111111111111 0.6859259259259259 0.05 0.08296296296296296
0 0.7688888888888888 0.8192592592592592 0.12444444444444444 0.36148148148148146
1 0.8494444444444444 0.6659259259259259 0.04555555555555556 0.0637037037037037
0 0.865 0.8140740740740741 0.09888888888888889 0.3718518518518519
1 0.9816666666666667 0.6851851851851852 0.03 0.04888888888888889
0 0.9666666666666667 0.8266666666666667 0.06666666666666667 0.3466666666666667
1 0.9822222222222222 0.6837037037037037 0.035555555555555556 0.0637037037037037
0 0.9605555555555556 0.8244444444444444 0.07888888888888888 0.3511111111111111