1 0.7822916666666667 0.38125 0.07291666666666667 0.121875
0 0.7588541666666667 0.6359375 0.234375 0.634375
1 0.690625 0.359375 0.0625 0.10625
0 0.6677083333333333 0.57265625 0.18958333333333333 0.5453125
1 0.5916666666666667 0.3640625 0.05 0.090625
0 0.6125 0.5625 0.11666666666666667 0.490625
1 0.5276041666666667 0.328125 0.04895833333333333 0.096875
0 0.5197916666666667 0.53203125 0.14375 0.5140625
1 0.3848958333333333 0.36015625 0.071875 0.1171875
0 0.44635416666666666 0.6296875 0.27395833333333336 0.665625
1 0.2921875 0.34609375 0.07604166666666666 0.1265625
0 0.31614583333333335 0.596875 0.25729166666666664 0.64375