1 0.7871875 0.34615384615384615 0.049375 0.09193245778611632
0 0.8021875 0.5060975609756098 0.136875 0.7457786116322702
1 0.6728125 0.33677298311444653 0.048125 0.0825515947467167
0 0.6653125 0.5619136960600375 0.125625 0.6078799249530957
1 0.6090625 0.351313320825516 0.043125 0.07786116322701689
0 0.6121875 0.5337711069418386 0.101875 0.6210131332082551
1 0.5434375 0.3921200750469043 0.040625 0.07692307692307693
0 0.538125 0.5619136960600375 0.09 0.5928705440900562
1 0.44625 0.4071294559099437 0.03375 0.07317073170731707
0 0.4615625 0.5379924953095685 0.140625 0.5206378986866792
1 0.36 0.41181988742964354 0.0325 0.0600375234521576
0 0.3834375 0.5642589118198874 0.115625 0.3705440900562852
1 0.3175 0.3475609756097561 0.02875 0.055347091932457786
0 0.3184375 0.4774859287054409 0.068125 0.4371482176360225
1 0.2771875 0.4071294559099437 0.031875 0.04690431519699812
0 0.2659375 0.5117260787992496 0.079375 0.3799249530956848
1 0.2671875 0.324108818011257 0.031875 0.055347091932457786
0 0.2634375 0.45684803001876173 0.114375 0.4352720450281426
1 0.22375 0.40196998123827393 0.0275 0.04596622889305816
0 0.2165625 0.5023452157598499 0.108125 0.3818011257035647
1 0.1721875 0.40384615384615385 0.029375 0.04784240150093809
0 0.1921875 0.5084427767354597 0.114375 0.36585365853658536