1 0.03423076923076923 0.46855345911949686 0.006923076923076923 0.008385744234800839
0 0.03653846153846154 0.49633123689727465 0.02076923076923077 0.0660377358490566
1 0.11653846153846154 0.4612159329140461 0.006923076923076923 0.010482180293501049
0 0.115 0.4937106918238994 0.019230769230769232 0.07756813417190776
1 0.14615384615384616 0.4659329140461216 0.007692307692307693 0.011530398322851153
0 0.14461538461538462 0.49633123689727465 0.02 0.07442348008385745
1 0.16692307692307692 0.4643605870020964 0.007692307692307693 0.012578616352201259
0 0.17115384615384616 0.49580712788259956 0.022307692307692306 0.07756813417190776
1 0.16346153846153846 0.47379454926624737 0.006923076923076923 0.008385744234800839
0 0.16230769230769232 0.4989517819706499 0.018461538461538463 0.06289308176100629
1 0.21 0.4669811320754717 0.007692307692307693 0.009433962264150943
0 0.21 0.4968553459119497 0.013846153846153847 0.07337526205450734
1 0.26269230769230767 0.46540880503144655 0.006923076923076923 0.010482180293501049
0 0.26461538461538464 0.5015723270440252 0.024615384615384615 0.08909853249475891
1 0.24576923076923077 0.41771488469601675 0.031538461538461536 0.049266247379454925
0 0.22692307692307692 0.5560796645702306 0.08153846153846153 0.33228511530398325
1 0.37346153846153846 0.39255765199161424 0.04230769230769231 0.0660377358490566
0 0.3669230769230769 0.600104821802935 0.11384615384615385 0.4916142557651992
1 0.4803846153846154 0.4329140461215933 0.023846153846153847 0.03563941299790356
0 0.47192307692307695 0.55083857442348 0.06076923076923077 0.279874213836478
1 0.49115384615384616 0.4171907756813417 0.03 0.0440251572327044
0 0.49153846153846154 0.5691823899371069 0.09230769230769231 0.35429769392033544
1 0.5892307692307692 0.44234800838574423 0.02923076923076923 0.04821802935010482
0 0.5865384615384616 0.5817610062893082 0.07615384615384616 0.3270440251572327
1 0.6396153846153846 0.44025157232704404 0.02076923076923077 0.03563941299790356
0 0.6407692307692308 0.5445492662473794 0.04923076923076923 0.24842767295597484
1 0.6738461538461539 0.42452830188679247 0.033846153846153845 0.050314465408805034
0 0.6630769230769231 0.5822851153039832 0.08153846153846153 0.3742138364779874
1 0.7126923076923077 0.43553459119496857 0.031538461538461536 0.05555555555555555
0 0.6953846153846154 0.5932914046121593 0.1 0.3752620545073375
1 0.8511538461538461 0.4669811320754717 0.005384615384615384 0.007337526205450734
0 0.8488461538461538 0.48846960167714887 0.014615384615384615 0.05241090146750524
1 0.845 0.4989517819706499 0.006923076923076923 0.008385744234800839
0 0.8415384615384616 0.5225366876310272 0.024615384615384615 0.059748427672955975
1 0.8565384615384616 0.5020964360587002 0.005384615384615384 0.008385744234800839
0 0.8530769230769231 0.5230607966457023 0.021538461538461538 0.05450733752620545
1 0.8765384615384615 0.5 0.0038461538461538464 0.006289308176100629
0 0.8753846153846154 0.5146750524109015 0.013846153846153847 0.039832285115303984
1 0.8853846153846154 0.5026205450733753 0.004615384615384616 0.007337526205450734
0 0.8861538461538462 0.5162473794549266 0.009230769230769232 0.03668763102725367
1 0.5542307692307692 0.500524109014675 0.01 0.02620545073375262
0 0.5542307692307692 0.500524109014675 0.01 0.02620545073375262
1 0.5226923076923077 0.48846960167714887 0.002307692307692308 0.0041928721174004195
0 0.5226923076923077 0.4989517819706499 0.006923076923076923 0.027253668763102725