1 0.01171875 0.5351699882766706 0.00625 0.010550996483001172
0 0.010546875 0.5668229777256741 0.01328125 0.07620164126611957
1 0.02421875 0.5422039859320047 0.00625 0.010550996483001172
0 0.021484375 0.570926143024619 0.01953125 0.07737397420867527
1 0.031640625 0.5463071512309496 0.00546875 0.007033997655334115
0 0.03046875 0.5720984759671747 0.0140625 0.06799531066822978
1 0.192578125 0.5908558030480656 0.01796875 0.03048065650644783
0 0.187890625 0.6676436107854631 0.05546875 0.1910902696365768
1 0.150390625 0.5527549824150059 0.01484375 0.026963657678780773
0 0.146484375 0.6488862837045721 0.04296875 0.2309495896834701
1 0.10703125 0.5762016412661196 0.0296875 0.05509964830011723
0 0.101171875 0.7303634232121923 0.07109375 0.38452520515826494
1 0.134765625 0.5586166471277842 0.02578125 0.05509964830011723
0 0.13984375 0.701641266119578 0.0875 0.3552168815943728
1 0.622265625 0.6014067995310668 0.03828125 0.05627198124267292
0 0.606640625 0.7690504103165299 0.15546875 0.4079718640093787
1 0.88828125 0.5984759671746777 0.021875 0.038686987104337635
0 0.86796875 0.7209847596717468 0.0765625 0.3071512309495897
1 0.926171875 0.5926143024618992 0.01796875 0.038686987104337635
0 0.91328125 0.7121922626025792 0.0640625 0.2895662368112544
1 0.957421875 0.6002344665885111 0.01640625 0.03751465416178194
0 0.95234375 0.7227432590855803 0.0609375 0.30363423212192264
1 0.97890625 0.5627198124267292 0.0203125 0.05158264947245018
0 0.97109375 0.6975381008206331 0.0578125 0.33294255568581477