1 0.185 0.5593119810201661 0.04066666666666666 0.0937129300118624
0 0.19566666666666666 0.7538552787663108 0.118 0.49228944246737844
1 0.20666666666666667 0.50355871886121 0.04 0.0771055753262159
0 0.21666666666666667 0.6850533807829181 0.08266666666666667 0.46619217081850534
1 0.273 0.4750889679715303 0.043333333333333335 0.08185053380782918
0 0.286 0.6921708185053381 0.11333333333333333 0.5326215895610913
1 0.32366666666666666 0.5925266903914591 0.03133333333333333 0.06761565836298933
0 0.32 0.7627520759193357 0.09866666666666667 0.42704626334519574
1 0.339 0.5201660735468565 0.03133333333333333 0.06998813760379596
0 0.34 0.666073546856465 0.08666666666666667 0.3760379596678529
1 0.409 0.46026097271648875 0.03 0.06880189798339265
0 0.41933333333333334 0.6221826809015422 0.09866666666666667 0.4258600237247924
1 0.533 0.46322657176749704 0.035333333333333335 0.08422301304863583
0 0.527 0.6257413997627521 0.07 0.41637010676156583
1 0.5816666666666667 0.4750889679715303 0.043333333333333335 0.08185053380782918
0 0.5756666666666667 0.6933570581257414 0.106 0.5421115065243179
1 0.629 0.536773428232503 0.04066666666666666 0.09608540925266904
0 0.6103333333333333 0.734282325029656 0.114 0.5148279952550415
1 0.6653333333333333 0.5782918149466192 0.04666666666666667 0.08659549228944247
0 0.6786666666666666 0.7609727164887308 0.12666666666666668 0.47805456702253857
1 0.7486666666666667 0.7336892052194544 0.056 0.10794780545670225
0 0.7393333333333333 0.833926453143535 0.144 0.33214709371293
1 0.6146666666666667 0.45492289442467376 0.037333333333333336 0.08659549228944247
0 0.618 0.6548042704626335 0.10133333333333333 0.5172004744958482
1 0.883 0.4169632265717675 0.03266666666666666 0.07236061684460261
0 0.8786666666666667 0.6198102016607354 0.084 0.48991696322657174
1 0.7473333333333333 0.41755634638196915 0.032 0.06405693950177936
0 0.7406666666666667 0.5788849347568209 0.084 0.40094899169632264
1 0.786 0.41340450771055753 0.025333333333333333 0.06524317912218268
0 0.7896666666666666 0.5474495848161328 0.08466666666666667 0.33570581257413995
1 0.9696666666666667 0.4620403321470937 0.03 0.05575326215895611
0 0.9573333333333334 0.6536180308422301 0.08533333333333333 0.4555160142348754
1 0.9536666666666667 0.40569395017793597 0.028666666666666667 0.04744958481613286
0 0.937 0.5599051008303677 0.07133333333333333 0.37247924080664296
1 0.8526666666666667 0.29537366548042704 0.018666666666666668 0.04033214709371293
0 0.8553333333333333 0.4122182680901542 0.06533333333333333 0.27876631079478054
1 0.6476666666666666 0.24258600237247924 0.015333333333333332 0.02491103202846975
0 0.6526666666666666 0.34816132858837484 0.048 0.2526690391459075
1 0.375 0.32680901542111507 0.020666666666666667 0.046263345195729534
0 0.38066666666666665 0.44958481613285883 0.06533333333333333 0.298932384341637
1 0.328 0.28529062870699884 0.02 0.03440094899169632
0 0.32666666666666666 0.3748517200474496 0.04 0.2206405693950178
1 0.31566666666666665 0.38908659549228947 0.026 0.054567022538552785
0 0.325 0.5284697508896797 0.08466666666666667 0.33570581257413995
1 0.3 0.40213523131672596 0.029333333333333333 0.054567022538552785
0 0.30433333333333334 0.5599051008303677 0.08466666666666667 0.3748517200474496
1 0.24066666666666667 0.2402135231316726 0.016 0.03202846975088968
0 0.24866666666666667 0.35231316725978645 0.05333333333333334 0.2704626334519573
1 0.21 0.23190984578884935 0.014666666666666666 0.02491103202846975
0 0.21466666666666667 0.3155397390272835 0.04533333333333334 0.19217081850533807
1 0.17466666666666666 0.22479240806642942 0.017333333333333333 0.03202846975088968
0 0.174 0.30189798339264534 0.048 0.19572953736654805
1 0.257 0.4098457888493476 0.03266666666666666 0.05575326215895611
0 0.258 0.5640569395017794 0.06666666666666667 0.3760379596678529
1 0.22 0.37247924080664296 0.03333333333333333 0.05931198102016608
0 0.228 0.5136417556346382 0.072 0.36298932384341637
1 0.19366666666666665 0.44187425860023727 0.034 0.0771055753262159
0 0.208 0.6079478054567022 0.08533333333333333 0.4139976275207592
1 0.16466666666666666 0.3766310794780546 0.028 0.05575326215895611
0 0.176 0.5201660735468565 0.07333333333333333 0.35468564650059314
1 0.10433333333333333 0.4359430604982206 0.034 0.07473309608540925
0 0.11 0.6287069988137604 0.09466666666666666 0.4792408066429419
1 0.131 0.39205219454329776 0.03266666666666666 0.05338078291814947
0 0.13733333333333334 0.5326215895610913 0.07066666666666667 0.3416370106761566
1 0.06466666666666666 0.3250296559905101 0.02 0.03795966785290629
0 0.06533333333333333 0.4578884934756821 0.08266666666666667 0.30604982206405695
1 0.359 0.734282325029656 0.06733333333333333 0.13997627520759193
0 0.37933333333333336 0.8291814946619217 0.19333333333333333 0.3416370106761566
1 0.6393333333333333 0.3368920521945433 0.02266666666666667 0.04033214709371293
0 0.642 0.45195729537366547 0.042666666666666665 0.2823250296559905
1 0.5863333333333334 0.32858837485172004 0.016666666666666666 0.033214709371293
0 0.5846666666666667 0.4513641755634638 0.05466666666666667 0.28825622775800713
1 0.5553333333333333 0.3250296559905101 0.02 0.042704626334519574
0 0.5506666666666666 0.44661921708185054 0.04133333333333333 0.29537366548042704
1 0.4156666666666667 0.2704626334519573 0.015333333333333332 0.02609727164887307
0 0.41833333333333333 0.3932384341637011 0.051333333333333335 0.27876631079478054
1 0.45266666666666666 0.3837485172004745 0.04 0.21233689205219455
0 0.45266666666666666 0.3837485172004745 0.04 0.21233689205219455
1 0.48933333333333334 0.3107947805456702 0.016 0.028469750889679714
0 0.4866666666666667 0.3879003558718861 0.04133333333333333 0.20640569395017794
1 0.078 0.2977461447212337 0.018666666666666668 0.042704626334519574
0 0.08366666666666667 0.37722419928825623 0.048666666666666664 0.2111506524317912
1 0.086 0.24851720047449585 0.012 0.02491103202846975
0 0.092 0.3238434163701068 0.03866666666666667 0.1874258600237248
1 0.207 0.2117437722419929 0.014 0.02965599051008304
0 0.212 0.2793594306049822 0.034666666666666665 0.17200474495848161
1 0.361 0.28173190984578883 0.018 0.03440094899169632
0 0.35633333333333334 0.35468564650059314 0.042 0.18979833926453143
1 0.37133333333333335 0.26986951364175565 0.014666666666666666 0.03202846975088968
0 0.372 0.3446026097271649 0.044 0.1933570581257414
1 0.617 0.27995255041518385 0.014 0.02609727164887307
0 0.6176666666666667 0.35765124555160144 0.042 0.19098457888493475
1 0.58 0.2680901542111507 0.013333333333333334 0.02372479240806643
0 0.579 0.34934756820877816 0.038 0.1981020166073547
1 0.6173333333333333 0.2514827995255042 0.009333333333333334 0.014234875444839857
0 0.62 0.32977461447212336 0.034666666666666665 0.19217081850533807
1 0.7053333333333334 0.337485172004745 0.029333333333333333 0.05338078291814947
0 0.6963333333333334 0.4638196915776987 0.05533333333333333 0.31316725978647686
1 0.727 0.28291814946619215 0.015333333333333332 0.02965599051008304
0 0.7213333333333334 0.37129300118623965 0.04533333333333334 0.2111506524317912
1 0.71 0.28647686832740216 0.016 0.03202846975088968
0 0.704 0.3564650059311981 0.034666666666666665 0.17912218268090155
1 0.778 0.28647686832740216 0.02 0.03914590747330961
0 0.7676666666666667 0.3807829181494662 0.05 0.2372479240806643
1 0.7976666666666666 0.36773428232502964 0.019333333333333334 0.045077105575326216
0 0.794 0.46322657176749704 0.052 0.25029655990510086
1 0.8256666666666667 0.30189798339264534 0.022 0.046263345195729534
0 0.8203333333333334 0.3867141162514828 0.03666666666666667 0.22538552787663108
1 0.8486666666666667 0.3416370106761566 0.024 0.042704626334519574
0 0.8473333333333334 0.47153024911032027 0.072 0.3333333333333333
1 0.8866666666666667 0.3333333333333333 0.021333333333333333 0.04033214709371293
0 0.882 0.4543297746144721 0.048 0.298932384341637
1 0.9493333333333334 0.33274021352313166 0.02266666666666667 0.04389086595492289
0 0.937 0.45670225385527874 0.06333333333333334 0.3013048635824436
1 0.93 0.35112692763938314 0.018666666666666668 0.03558718861209965
0 0.922 0.44365361803084225 0.056 0.23013048635824437
1 0.995 0.2627520759193357 0.01 0.027283511269276393
0 0.984 0.36595492289442466 0.032 0.23843416370106763
1 0.03666666666666667 0.39086595492289444 0.06133333333333333 0.27876631079478054
0 0.03666666666666667 0.39086595492289444 0.06133333333333333 0.27876631079478054
1 0.31866666666666665 0.34341637010676157 0.02266666666666667 0.04389086595492289
0 0.323 0.43712930011862394 0.056666666666666664 0.2431791221826809
1 0.7276666666666667 0.3623962040332147 0.022 0.04389086595492289
0 0.7216666666666667 0.47568208778173193 0.05533333333333333 0.2846975088967972
1 0.7536666666666667 0.3879003558718861 0.03 0.05693950177935943
0 0.7383333333333333 0.5094899169632265 0.07 0.3143534994068802