1 0.9597791798107256 0.4880095923261391 0.03627760252365931 0.06474820143884892
0 0.9392744479495269 0.7194244604316546 0.12145110410094637 0.5371702637889688
1 0.8943217665615142 0.5251798561151079 0.025236593059936908 0.03357314148681055
0 0.8927444794952681 0.6618705035971223 0.08201892744479496 0.3117505995203837
1 0.861198738170347 0.5275779376498801 0.015772870662460567 0.02877697841726619
0 0.8675078864353313 0.6163069544364509 0.04416403785488959 0.22062350119904076
1 0.8225552050473186 0.5191846522781774 0.017350157728706624 0.026378896882494004
0 0.8249211356466877 0.6127098321342925 0.050473186119873815 0.2278177458033573
1 0.7917981072555205 0.5575539568345323 0.01892744479495268 0.03597122302158273
0 0.7917981072555205 0.6714628297362111 0.0694006309148265 0.2733812949640288
1 0.7799684542586751 0.5071942446043165 0.017350157728706624 0.026378896882494004
0 0.7720820189274448 0.6067146282973621 0.055205047318611984 0.23501199040767387
1 0.7026813880126183 0.5407673860911271 0.02365930599369085 0.03597122302158273
0 0.6995268138801262 0.6594724220623501 0.0804416403785489 0.2829736211031175
1 0.6269716088328076 0.5203836930455635 0.02365930599369085 0.03836930455635491
0 0.6238170347003155 0.645083932853717 0.07413249211356467 0.2973621103117506
1 0.6813880126182965 0.5167865707434053 0.015772870662460567 0.026378896882494004
0 0.6782334384858044 0.5947242206235012 0.04416403785488959 0.19184652278177458
1 0.6064668769716088 0.5155875299760192 0.011041009463722398 0.019184652278177457
0 0.6033123028391167 0.5875299760191847 0.04258675078864353 0.18225419664268586
1 0.5780757097791798 0.5011990407673861 0.011041009463722398 0.019184652278177457
0 0.5788643533123028 0.564748201438849 0.03785488958990536 0.1510791366906475
1 0.48580441640378547 0.5215827338129496 0.03470031545741325 0.050359712230215826
0 0.501577287066246 0.6942446043165468 0.08517350157728706 0.41007194244604317
1 0.5086750788643533 0.5071942446043165 0.02365930599369085 0.03597122302158273
0 0.5110410094637224 0.6642685851318945 0.07886435331230283 0.354916067146283
1 0.4400630914826498 0.46522781774580335 0.028391167192429023 0.05275779376498801
0 0.4305993690851735 0.6678657074340527 0.0946372239747634 0.4676258992805755
1 0.35962145110410093 0.5191846522781774 0.015772870662460567 0.026378896882494004
0 0.3627760252365931 0.6007194244604317 0.0473186119873817 0.2038369304556355
1 0.33280757097791797 0.5035971223021583 0.022082018927444796 0.03357314148681055
0 0.33280757097791797 0.605515587529976 0.05993690851735016 0.2422062350119904
1 0.30047318611987384 0.5215827338129496 0.033123028391167195 0.050359712230215826
0 0.277602523659306 0.6930455635491607 0.12618296529968454 0.4028776978417266
1 0.23186119873817035 0.5239808153477218 0.01892744479495268 0.03597122302158273
0 0.23422712933753942 0.6151079136690647 0.055205047318611984 0.2278177458033573
1 0.2137223974763407 0.5203836930455635 0.017350157728706624 0.02877697841726619
0 0.21529968454258674 0.6031175059952039 0.04574132492113565 0.2038369304556355
1 0.19637223974763407 0.5095923261390888 0.014195583596214511 0.026378896882494004
0 0.20189274447949526 0.5947242206235012 0.04100946372239748 0.21103117505995203
1 0.167192429022082 0.4940047961630695 0.015772870662460567 0.02877697841726619
0 0.1640378548895899 0.592326139088729 0.050473186119873815 0.2302158273381295
1 0.12302839116719243 0.5167865707434053 0.025236593059936908 0.0407673860911271
0 0.11593059936908517 0.6546762589928058 0.07413249211356467 0.3261390887290168
1 0.09700315457413249 0.5071942446043165 0.02365930599369085 0.03117505995203837
0 0.09621451104100946 0.6223021582733813 0.05362776025236593 0.27577937649880097
1 0.027602523659305992 0.4904076738609113 0.026813880126182965 0.0407673860911271
0 0.03548895899053628 0.6366906474820144 0.07097791798107256 0.34292565947242204
1 0.05441640378548896 0.5179856115107914 0.007886435331230283 0.014388489208633094
0 0.05362776025236593 0.5599520383693045 0.022082018927444796 0.1079136690647482
1 0.7555205047318612 0.5191846522781774 0.012618296529968454 0.016786570743405275
0 0.7539432176656151 0.5767386091127098 0.025236593059936908 0.14628297362110312
1 0.7168769716088328 0.5227817745803357 0.014195583596214511 0.023980815347721823
0 0.7216088328075709 0.5983213429256595 0.03943217665615142 0.17985611510791366
1 0.6585173501577287 0.5203836930455635 0.017350157728706624 0.023980815347721823
0 0.6569400630914827 0.5947242206235012 0.03627760252365931 0.1774580335731415
1 0.39589905362776023 0.5251798561151079 0.012618296529968454 0.019184652278177457
0 0.39353312302839116 0.605515587529976 0.03627760252365931 0.19424460431654678