1 0.2435 0.787375 0.018666666666666668 0.03225
0 0.23008333333333333 0.879625 0.0485 0.21775
1 0.2649166666666667 0.755625 0.013166666666666667 0.02475
0 0.2619166666666667 0.839625 0.03983333333333333 0.19525
1 0.32825 0.801125 0.016166666666666666 0.02925
0 0.3323333333333333 0.88425 0.043 0.2045
1 0.35475 0.79975 0.0185 0.034
0 0.35525 0.88975 0.07783333333333334 0.2205
1 0.38958333333333334 0.774625 0.018166666666666668 0.03225
0 0.38383333333333336 0.86275 0.06733333333333333 0.22
1 0.438 0.754125 0.007666666666666666 0.01325
0 0.4359166666666667 0.8015 0.028166666666666666 0.109
1 0.542 0.76375 0.01633333333333333 0.029
0 0.53175 0.853 0.0475 0.2145
1 0.55725 0.807375 0.017166666666666667 0.03325
0 0.5578333333333333 0.88325 0.052 0.186
1 0.5671666666666667 0.776375 0.013666666666666667 0.02625
0 0.5640833333333334 0.8445 0.0325 0.1685
1 0.5985 0.779625 0.013666666666666667 0.02275
0 0.5895833333333333 0.850875 0.0325 0.16825
1 0.6095833333333334 0.78175 0.0155 0.0265
0 0.5990833333333333 0.85925 0.03983333333333333 0.173
1 0.61325 0.797375 0.0145 0.02425
0 0.6056666666666667 0.870375 0.04766666666666667 0.15875
1 0.6256666666666667 0.81 0.015 0.027
0 0.6180833333333333 0.884375 0.04016666666666667 0.18075
1 0.6598333333333334 0.8095 0.015 0.0255
0 0.65225 0.88775 0.043833333333333335 0.183
1 0.6675 0.772875 0.017 0.02875
0 0.6579166666666667 0.864125 0.04883333333333333 0.21125
1 0.6670833333333334 0.803 0.0145 0.0255
0 0.6641666666666667 0.887 0.036333333333333336 0.193
1 0.6869166666666666 0.774625 0.0155 0.02675
0 0.69375 0.868375 0.05316666666666667 0.21725
1 0.7039166666666666 0.8155 0.015166666666666667 0.0245
0 0.6806666666666666 0.89 0.06233333333333333 0.185
1 0.7001666666666667 0.819875 0.016666666666666666 0.02375
0 0.698 0.8975 0.065 0.19
1 0.7406666666666667 0.7975 0.019666666666666666 0.0375
0 0.7483333333333333 0.889375 0.058333333333333334 0.22125
1 0.7955833333333333 0.811125 0.018166666666666668 0.03325
0 0.8035 0.893125 0.042333333333333334 0.20625
1 0.8795 0.807625 0.017666666666666667 0.03275
0 0.8784166666666666 0.894625 0.0525 0.21075
1 0.9188333333333333 0.78975 0.020666666666666667 0.0335
0 0.9175 0.88475 0.05566666666666667 0.2285
1 0.9525833333333333 0.801125 0.019166666666666665 0.03325
0 0.95575 0.890625 0.04783333333333333 0.21575
1 0.98275 0.79875 0.021833333333333333 0.0365
0 0.9755 0.889125 0.049 0.22175
1 0.3680833333333333 0.753375 0.008833333333333334 0.01625
0 0.36766666666666664 0.797375 0.028666666666666667 0.10525