1 0.042777777777777776 0.5416666666666666 0.08555555555555555 0.24
0 0.11222222222222222 0.7041666666666667 0.22444444444444445 0.5916666666666667
1 0.12 0.2975 0.04888888888888889 0.07833333333333334
0 0.15555555555555556 0.6275 0.2288888888888889 0.745
1 0.34055555555555556 0.4141666666666667 0.04555555555555556 0.08166666666666667
0 0.3227777777777778 0.6325 0.13 0.525
1 0.45444444444444443 0.3908333333333333 0.057777777777777775 0.10166666666666667
0 0.4266666666666667 0.6641666666666667 0.17333333333333334 0.6716666666666666
1 0.5605555555555556 0.495 0.11222222222222222 0.23333333333333334
0 0.5455555555555556 0.6875 0.24666666666666667 0.625
1 0.8094444444444444 0.5341666666666667 0.10777777777777778 0.19166666666666668
0 0.8011111111111111 0.7183333333333334 0.32 0.5633333333333334
1 0.975 0.4775 0.05 0.12166666666666667
0 0.9388888888888889 0.7058333333333333 0.12222222222222222 0.5883333333333334
1 0.6683333333333333 0.35333333333333333 0.07222222222222222 0.14333333333333334
0 0.6244444444444445 0.6358333333333334 0.17333333333333334 0.7283333333333334
1 0.7227777777777777 0.4725 0.03222222222222222 0.058333333333333334
0 0.7116666666666667 0.6308333333333334 0.08333333333333333 0.385
1 0.8 0.4475 0.042222222222222223 0.058333333333333334
0 0.7961111111111111 0.6033333333333334 0.09888888888888889 0.38666666666666666
1 0.7044444444444444 0.44916666666666666 0.03111111111111111 0.058333333333333334
0 0.7088888888888889 0.5633333333333334 0.06444444444444444 0.2966666666666667
1 0.7211111111111111 0.41083333333333333 0.024444444444444446 0.045
0 0.7183333333333334 0.515 0.04777777777777778 0.26
1 0.7411111111111112 0.4025 0.02 0.03166666666666667
0 0.7366666666666667 0.485 0.042222222222222223 0.20333333333333334