1 0.07421875 0.525 0.0265625 0.041666666666666664
0 0.07421875 0.640625 0.0671875 0.3020833333333333
1 0.234375 0.5572916666666666 0.025 0.04375
0 0.23046875 0.659375 0.0671875 0.2604166666666667
1 0.35234375 0.58125 0.0296875 0.04583333333333333
0 0.35703125 0.7010416666666667 0.0703125 0.3145833333333333
1 0.34921875 0.5708333333333333 0.0203125 0.03333333333333333
0 0.3640625 0.671875 0.0625 0.24791666666666667
1 0.415625 0.5614583333333333 0.028125 0.035416666666666666
0 0.41875 0.6614583333333334 0.046875 0.23958333333333334
1 0.44765625 0.5645833333333333 0.0203125 0.029166666666666667
0 0.44921875 0.653125 0.0484375 0.21458333333333332
1 0.48984375 0.5760416666666667 0.0265625 0.035416666666666666
0 0.475 0.6791666666666667 0.078125 0.25
1 0.52890625 0.578125 0.0265625 0.03958333333333333
0 0.52578125 0.6916666666666667 0.0703125 0.275
1 0.596875 0.584375 0.025 0.03125
0 0.5953125 0.6927083333333334 0.059375 0.2604166666666667
1 0.61171875 0.5520833333333334 0.0265625 0.03333333333333333
0 0.6125 0.6604166666666667 0.0625 0.25833333333333336
1 0.69375 0.6114583333333333 0.0375 0.07291666666666667
0 0.684375 0.7645833333333333 0.109375 0.39166666666666666
1 0.71640625 0.5625 0.0265625 0.05
0 0.715625 0.6760416666666667 0.071875 0.28541666666666665
1 0.81484375 0.5927083333333333 0.0421875 0.06875
0 0.80625 0.75625 0.1125 0.42916666666666664
1 0.9375 0.7677083333333333 0.046875 0.05625
0 0.92265625 0.8677083333333333 0.1546875 0.26458333333333334
1 0.98203125 0.584375 0.0359375 0.052083333333333336
0 0.95546875 0.7604166666666666 0.0890625 0.4083333333333333
1 0.5671875 0.5125 0.0125 0.020833333333333332
0 0.56640625 0.5635416666666667 0.0328125 0.12708333333333333
1 0.58203125 0.49895833333333334 0.0109375 0.01875
0 0.58203125 0.5447916666666667 0.0359375 0.12291666666666666
1 0.44453125 0.5177083333333333 0.0171875 0.022916666666666665
0 0.4421875 0.578125 0.040625 0.15208333333333332
1 0.45 0.46041666666666664 0.009375 0.0125
0 0.446875 0.4947916666666667 0.025 0.08958333333333333
1 0.671875 0.584375 0.01875 0.03125
0 0.66171875 0.7010416666666667 0.0703125 0.27291666666666664
1 0.7859375 0.575 0.03125 0.05
0 0.77265625 0.6916666666666667 0.0734375 0.29583333333333334
1 0.8390625 0.565625 0.025 0.035416666666666666
0 0.84296875 0.6625 0.0421875 0.2375