1 0.9495305164319249 0.7041666666666667 0.06103286384976526 0.11666666666666667
0 0.9442488262910798 0.8135416666666667 0.11150234741784038 0.3729166666666667
1 0.8550469483568075 0.6958333333333333 0.05516431924882629 0.10416666666666667
0 0.8491784037558685 0.815625 0.15610328638497653 0.36875
1 0.9465962441314554 0.7041666666666667 0.06690140845070422 0.12083333333333333
0 0.9424882629107981 0.821875 0.11502347417840375 0.35625
1 0.9724178403755869 0.6708333333333333 0.03873239436619718 0.1
0 0.9665492957746479 0.8083333333333333 0.06690140845070422 0.38333333333333336
1 0.7904929577464789 0.7166666666666667 0.05046948356807512 0.12083333333333333
0 0.7764084507042254 0.8229166666666666 0.142018779342723 0.3541666666666667
1 0.6795774647887324 0.6479166666666667 0.04225352112676056 0.07916666666666666
0 0.6842723004694836 0.7979166666666667 0.11971830985915492 0.4041666666666667
1 0.4688967136150235 0.9145833333333333 0.09272300469483569 0.17083333333333334
0 0.4653755868544601 0.890625 0.12793427230046947 0.21875
1 0.5076291079812206 0.8697916666666666 0.062206572769953054 0.13541666666666666
0 0.5146713615023474 0.89375 0.1255868544600939 0.2125
1 0.27523474178403756 0.8552083333333333 0.08098591549295775 0.18958333333333333
0 0.29518779342723006 0.8770833333333333 0.13262910798122066 0.24583333333333332
1 0.2142018779342723 0.884375 0.05985915492957746 0.13958333333333334
0 0.23884976525821597 0.9010416666666666 0.11854460093896714 0.19791666666666666
1 0.03227699530516432 0.7947916666666667 0.06455399061032864 0.14375
0 0.0903755868544601 0.8583333333333333 0.1807511737089202 0.2833333333333333
1 0.16784037558685447 0.6916666666666667 0.046948356807511735 0.12083333333333333
0 0.16314553990610328 0.8145833333333333 0.16901408450704225 0.37083333333333335
1 0.020539906103286387 0.7302083333333333 0.04107981220657277 0.09375
0 0.03990610328638498 0.8322916666666667 0.07981220657276995 0.33541666666666664
1 0.07394366197183098 0.7 0.04460093896713615 0.1
0 0.07570422535211267 0.8177083333333334 0.10446009389671361 0.3645833333333333
1 0.04342723004694836 0.70625 0.03755868544600939 0.07916666666666666
0 0.045774647887323945 0.83125 0.07042253521126761 0.3375
1 0.12147887323943662 0.66875 0.03873239436619718 0.06666666666666667
0 0.12617370892018778 0.8166666666666667 0.06924882629107981 0.36666666666666664
1 0.23943661971830985 0.753125 0.046948356807511735 0.09791666666666667
0 0.2318075117370892 0.8447916666666667 0.08098591549295775 0.3104166666666667
1 0.20363849765258216 0.6677083333333333 0.03873239436619718 0.09791666666666667
0 0.20892018779342722 0.8072916666666666 0.07276995305164319 0.3854166666666667
1 0.015258215962441314 0.6083333333333333 0.03051643192488263 0.058333333333333334
0 0.03286384976525822 0.7510416666666667 0.06572769953051644 0.35208333333333336
1 0.03814553990610329 0.603125 0.022300469483568074 0.05625
0 0.051643192488262914 0.7520833333333333 0.0539906103286385 0.3625
1 0.09624413145539906 0.615625 0.03755868544600939 0.07291666666666667
0 0.09565727699530517 0.7739583333333333 0.057511737089201875 0.40208333333333335
1 0.10152582159624413 0.5541666666666667 0.022300469483568074 0.041666666666666664
0 0.10328638497652583 0.6135416666666667 0.0539906103286385 0.17708333333333334
1 0.02112676056338028 0.5458333333333333 0.025821596244131457 0.04583333333333333
0 0.017605633802816902 0.6041666666666666 0.03286384976525822 0.17916666666666667
1 0.0357981220657277 0.55625 0.017605633802816902 0.03333333333333333
0 0.03873239436619718 0.6052083333333333 0.028169014084507043 0.16041666666666668
1 0.15786384976525822 0.5625 0.03169014084507042 0.0625
0 0.15434272300469484 0.653125 0.06690140845070422 0.25625
1 0.19718309859154928 0.534375 0.01643192488262911 0.03958333333333333
0 0.19953051643192488 0.5947916666666667 0.046948356807511735 0.17708333333333334
1 0.22769953051643194 0.5979166666666667 0.025821596244131457 0.05
0 0.21830985915492956 0.6708333333333333 0.04225352112676056 0.2375
1 0.2711267605633803 0.59375 0.03286384976525822 0.06666666666666667
0 0.27699530516431925 0.684375 0.056338028169014086 0.25625
1 0.2705399061032864 0.5333333333333333 0.01995305164319249 0.0375
0 0.2676056338028169 0.6125 0.04225352112676056 0.21666666666666667
1 0.3362676056338028 0.534375 0.02464788732394366 0.04791666666666667
0 0.3438967136150235 0.6229166666666667 0.04929577464788732 0.2375
1 0.30809859154929575 0.51875 0.01995305164319249 0.03333333333333333
0 0.31396713615023475 0.5854166666666667 0.03873239436619718 0.18333333333333332
1 0.3039906103286385 0.596875 0.03286384976525822 0.07708333333333334
0 0.3192488262910798 0.6854166666666667 0.07981220657276995 0.30833333333333335
1 0.3386150234741784 0.6708333333333333 0.03873239436619718 0.09166666666666666
0 0.3532863849765258 0.80625 0.09624413145539906 0.3875
1 0.37265258215962443 0.6177083333333333 0.03873239436619718 0.07291666666666667
0 0.38673708920187794 0.7760416666666666 0.08568075117370892 0.39791666666666664
1 0.414906103286385 0.66875 0.05046948356807512 0.10833333333333334
0 0.4213615023474178 0.803125 0.09624413145539906 0.39375
1 0.42488262910798125 0.5760416666666667 0.023474178403755867 0.06041666666666667
0 0.42664319248826293 0.64375 0.06455399061032864 0.2125
1 0.4213615023474178 0.5333333333333333 0.023474178403755867 0.04583333333333333
0 0.4184272300469484 0.6114583333333333 0.06455399061032864 0.21458333333333332
1 0.47769953051643194 0.6479166666666667 0.03755868544600939 0.1
0 0.47593896713615025 0.7947916666666667 0.07394366197183098 0.41041666666666665
1 0.4471830985915493 0.7354166666666667 0.06807511737089202 0.12083333333333333
0 0.42664319248826293 0.8333333333333334 0.12089201877934272 0.3333333333333333
1 0.4724178403755869 0.58125 0.01995305164319249 0.04583333333333333
0 0.4694835680751174 0.6604166666666667 0.046948356807511735 0.20833333333333334
1 0.4647887323943662 0.5135416666666667 0.01643192488262911 0.03125
0 0.4724178403755869 0.6010416666666667 0.036384976525821594 0.21875
1 0.5181924882629108 0.5625 0.029342723004694836 0.058333333333333334
0 0.5246478873239436 0.7125 0.07746478873239436 0.375
1 0.5539906103286385 0.5416666666666666 0.02112676056338028 0.041666666666666664
0 0.5481220657276995 0.6260416666666667 0.04225352112676056 0.23125
1 0.4994131455399061 0.5145833333333333 0.017605633802816902 0.029166666666666667
0 0.5 0.5635416666666667 0.03286384976525822 0.15208333333333332
1 0.5721830985915493 0.634375 0.036384976525821594 0.08958333333333333
0 0.5692488262910798 0.790625 0.11737089201877934 0.41875
1 0.573943661971831 0.5552083333333333 0.028169014084507043 0.052083333333333336
0 0.57981220657277 0.7197916666666667 0.07276995305164319 0.39375
1 0.6185446009389671 0.534375 0.023474178403755867 0.04375
0 0.6103286384976526 0.6802083333333333 0.0539906103286385 0.35208333333333336
1 0.6402582159624414 0.5854166666666667 0.029342723004694836 0.05416666666666667
0 0.6414319248826291 0.7333333333333333 0.057511737089201875 0.37083333333333335
1 0.653169014084507 0.54375 0.01995305164319249 0.04583333333333333
0 0.6555164319248826 0.653125 0.04107981220657277 0.27708333333333335
1 0.7077464788732394 0.5916666666666667 0.035211267605633804 0.0625
0 0.7183098591549296 0.746875 0.06572769953051644 0.3770833333333333
1 0.7529342723004695 0.5541666666666667 0.029342723004694836 0.05416666666666667
0 0.7687793427230047 0.7135416666666666 0.1572769953051643 0.5104166666666666
1 0.7623239436619719 0.409375 0.01056338028169014 0.022916666666666665
0 0.7634976525821596 0.4583333333333333 0.022300469483568074 0.12916666666666668
1 0.7887323943661971 0.4041666666666667 0.011737089201877934 0.020833333333333332
0 0.7805164319248826 0.453125 0.04225352112676056 0.15625
1 0.8151408450704225 0.41770833333333335 0.012910798122065728 0.01875
0 0.8151408450704225 0.46770833333333334 0.029342723004694836 0.12708333333333333
1 0.8397887323943662 0.40729166666666666 0.015258215962441314 0.027083333333333334
0 0.8415492957746479 0.46145833333333336 0.028169014084507043 0.13958333333333334
1 0.8779342723004695 0.41770833333333335 0.011737089201877934 0.022916666666666665
0 0.8826291079812206 0.46458333333333335 0.03755868544600939 0.1375
1 0.9818075117370892 0.6010416666666667 0.036384976525821594 0.08125
0 0.9724178403755869 0.734375 0.05516431924882629 0.36041666666666666
1 0.9841549295774648 0.553125 0.029342723004694836 0.05625
0 0.9665492957746479 0.6697916666666667 0.06690140845070422 0.30625
1 0.9172535211267606 0.5854166666666667 0.022300469483568074 0.04583333333333333
0 0.9166666666666666 0.6916666666666667 0.04460093896713615 0.26666666666666666
1 0.931924882629108 0.5510416666666667 0.023474178403755867 0.052083333333333336
0 0.9336854460093896 0.68125 0.045774647887323945 0.31666666666666665
1 0.8937793427230047 0.5458333333333333 0.01995305164319249 0.04583333333333333
0 0.8884976525821596 0.6385416666666667 0.04460093896713615 0.24375
1 0.8550469483568075 0.575 0.017605633802816902 0.041666666666666664
0 0.8556338028169014 0.6739583333333333 0.051643192488262914 0.26875
1 0.8139671361502347 0.5479166666666667 0.02699530516431925 0.0625
0 0.8139671361502347 0.6552083333333333 0.06690140845070422 0.31875
1 0.046948356807511735 0.5239583333333333 0.018779342723004695 0.035416666666666666
0 0.052230046948356805 0.5916666666666667 0.045774647887323945 0.18333333333333332
1 0.08157276995305164 0.5385416666666667 0.01995305164319249 0.04375
0 0.08098591549295775 0.59375 0.0539906103286385 0.1625
1 0.24237089201877934 0.634375 0.036384976525821594 0.08541666666666667
0 0.2300469483568075 0.7520833333333333 0.11032863849765258 0.32916666666666666