1 0.12109375 0.33984375 0.0578125 0.0734375
0 0.12578125 0.5515625 0.1609375 0.5
1 0.221875 0.38046875 0.053125 0.0671875
0 0.2265625 0.578125 0.146875 0.465625
1 0.30625 0.37109375 0.046875 0.0578125
0 0.30546875 0.55234375 0.1046875 0.4265625
1 0.38984375 0.38515625 0.0609375 0.0734375
0 0.378125 0.58671875 0.16875 0.4796875
1 0.4078125 0.328125 0.04375 0.0625
0 0.41171875 0.52421875 0.1234375 0.4640625
1 0.51953125 0.40703125 0.0578125 0.0703125
0 0.51640625 0.58828125 0.1328125 0.4390625
1 0.51953125 0.35859375 0.0484375 0.0578125
0 0.5234375 0.5390625 0.134375 0.428125
1 0.64609375 0.42890625 0.0578125 0.0671875
0 0.6484375 0.6046875 0.128125 0.425
1 0.6453125 0.3703125 0.046875 0.0625
0 0.64453125 0.5390625 0.1234375 0.421875
1 0.75859375 0.36484375 0.0484375 0.0609375
0 0.7625 0.5359375 0.13125 0.4125
1 0.76796875 0.4609375 0.0546875 0.065625
0 0.7671875 0.62109375 0.128125 0.3984375
1 0.8671875 0.46484375 0.053125 0.0703125
0 0.86953125 0.62578125 0.1109375 0.3984375
1 0.90078125 0.36328125 0.0484375 0.0609375
0 0.89765625 0.5484375 0.1265625 0.440625