1 0.8291015625 0.18667642752562225 0.08203125 0.1390922401171303
0 0.865234375 0.5519765739385066 0.236328125 0.8960468521229868
1 0.7275390625 0.16910688140556368 0.046875 0.08638360175695461
0 0.69189453125 0.40775988286969256 0.1396484375 0.5724743777452416
1 0.689453125 0.1603221083455344 0.029296875 0.05417276720351391
0 0.67919921875 0.3206442166910688 0.0927734375 0.38653001464128844
1 0.9619140625 0.5307467057101025 0.076171875 0.3001464128843338
0 0.9619140625 0.5307467057101025 0.076171875 0.3001464128843338
1 0.94677734375 0.4238653001464129 0.0517578125 0.07759882869692533
0 0.9423828125 0.54099560761347 0.11328125 0.18887262079062958
1 0.609375 0.16691068814055637 0.033203125 0.04978038067349927
0 0.60986328125 0.3418740849194729 0.0634765625 0.40263543191800877
1 0.5546875 0.08199121522693997 0.03125 0.05856515373352855
0 0.5615234375 0.29428989751098095 0.080078125 0.49194729136163984
1 0.49609375 0.33382137628111275 0.0546875 0.09663250366032211
0 0.5263671875 0.6083455344070278 0.13671875 0.677891654465593
1 0.49365234375 0.20644216691068815 0.0498046875 0.09370424597364568
0 0.5 0.47218155197657397 0.138671875 0.6427525622254758
1 0.423828125 0.14641288433382138 0.05859375 0.09663250366032211
0 0.37744140625 0.486090775988287 0.1572265625 0.787701317715959
1 0.29736328125 0.17423133235724744 0.0341796875 0.0527086383601757
0 0.30419921875 0.3308931185944363 0.0673828125 0.383601756954612
1 0.189453125 0.16105417276720352 0.076171875 0.15226939970717424
0 0.1953125 0.4802342606149341 0.125 0.8023426061493412
1 0.22314453125 0.12445095168374817 0.0517578125 0.1054172767203514
0 0.2314453125 0.36603221083455345 0.140625 0.6002928257686676
1 0.21142578125 0.5183016105417276 0.2197265625 0.3718887262079063
0 0.33447265625 0.6632503660322109 0.6689453125 0.6734992679355783