1 0.9156492785793563 0.7938230383973289 0.14872364039955605 0.3121869782971619
0 0.8401775804661488 0.8163606010016694 0.3196448390677026 0.3672787979966611
1 0.755826859045505 0.6894824707846411 0.11542730299667037 0.19031719532554256
0 0.8235294117647058 0.7946577629382304 0.341842397336293 0.41068447412353926
1 0.7563817980022197 0.6819699499165276 0.1076581576026637 0.19532554257095158
0 0.779134295227525 0.7921535893155259 0.2730299667036626 0.41569282136894825
1 0.8734739178690344 0.32470784641068445 0.08435072142064373 0.15525876460767946
0 0.8945615982241953 0.6110183639398998 0.19755826859045506 0.7779632721202003
1 0.7486126526082131 0.3564273789649416 0.11653718091009989 0.1686143572621035
0 0.7447280799112098 0.6293823038397329 0.2153163152053274 0.7412353923205343
1 0.667591564927858 0.42070116861435725 0.08990011098779134 0.15692821368948248
0 0.6520532741398446 0.6686143572621035 0.19422863485016648 0.662771285475793
1 0.4439511653718091 0.333889816360601 0.10210876803551609 0.1669449081803005
0 0.4528301886792453 0.6093489148580968 0.3263041065482797 0.7813021702838063
1 0.5061043285238623 0.29799666110183637 0.07769145394006659 0.1285475792988314
0 0.5316315205327414 0.6151919866444073 0.20421753607103219 0.7696160267111853
1 0.3523862375138735 0.4315525876460768 0.07214206437291898 0.14524207011686144
0 0.3751387347391787 0.67779632721202 0.19311875693673697 0.6444073455759599
1 0.21143174250832408 0.7545909849749582 0.14095449500554938 0.2337228714524207
0 0.23307436182019978 0.8155258764607679 0.3218645948945616 0.36894824707846413
1 0.3013318534961154 0.29716193656093487 0.07214206437291898 0.13689482470784642
0 0.32408435072142067 0.6118530884808013 0.19755826859045506 0.7762938230383973
1 0.1925638179800222 0.3622704507512521 0.08546059933407325 0.1335559265442404
0 0.19422863485016648 0.6460767946577629 0.16870144284128746 0.7078464106844741
1 0.097669256381798 0.24123539232053423 0.0732519422863485 0.1419031719532554
0 0.10266370699223086 0.5834724540901502 0.16537180910099888 0.8330550918196995