1 0.07265625 0.3374439461883408 0.0859375 0.13228699551569506
0 0.09921875 0.6289237668161435 0.1984375 0.742152466367713
1 0.221875 0.413677130044843 0.075 0.11883408071748879
0 0.209375 0.6670403587443946 0.153125 0.6659192825112108
1 0.2625 0.3307174887892377 0.0875 0.11434977578475336
0 0.35234375 0.6278026905829597 0.2921875 0.7309417040358744
1 0.4796875 0.4461883408071749 0.075 0.1210762331838565
0 0.4515625 0.6849775784753364 0.184375 0.6300448430493274
1 0.671875 0.39125560538116594 0.065625 0.10538116591928251
0 0.68203125 0.6468609865470852 0.1453125 0.7062780269058296
1 0.803125 0.35538116591928254 0.06875 0.10986547085201794
0 0.82109375 0.647982062780269 0.2296875 0.7040358744394619
1 0.6296875 0.3957399103139013 0.0625 0.10089686098654709
0 0.6421875 0.6614349775784754 0.153125 0.6412556053811659
1 0.515625 0.39461883408071746 0.053125 0.09417040358744394
0 0.53125 0.649103139013453 0.121875 0.647982062780269
1 0.90390625 0.3452914798206278 0.0453125 0.05829596412556054
0 0.91484375 0.5695067264573991 0.1296875 0.49327354260089684
1 0.26796875 0.3352017937219731 0.0765625 0.10538116591928251
0 0.3515625 0.6132286995515696 0.296875 0.7645739910313901
1 0.14609375 0.3654708520179372 0.0203125 0.04035874439461883
0 0.15546875 0.48094170403587444 0.0640625 0.2802690582959641
1 0.32265625 0.3307174887892377 0.0234375 0.033632286995515695
0 0.3203125 0.3430493273542601 0.04375 0.09417040358744394
1 0.5796875 0.3475336322869955 0.025 0.04484304932735426
0 0.57421875 0.4798206278026906 0.0734375 0.3094170403587444
1 0.39453125 0.3688340807174888 0.0640625 0.10089686098654709
0 0.38828125 0.6378923766816144 0.1078125 0.6659192825112108
1 0.84765625 0.3609865470852018 0.0484375 0.08071748878923767
0 0.86640625 0.6457399103139013 0.1671875 0.7085201793721974