1 0.08 0.5526976160602258 0.04666666666666667 0.07653701380175659
0 0.08625 0.7547051442910916 0.1725 0.4905897114178168
1 0.24125 0.6235884567126725 0.05416666666666667 0.07277289836888332
0 0.25583333333333336 0.7904642409033877 0.18833333333333332 0.4190715181932246
1 0.10958333333333334 0.582810539523212 0.019166666666666665 0.03638644918444166
0 0.10291666666666667 0.6925972396486826 0.07583333333333334 0.26348808030112925
1 0.1575 0.5984943538268507 0.018333333333333333 0.03262233375156838
0 0.15041666666666667 0.6900878293601004 0.059166666666666666 0.2258469259723965
1 0.1975 0.6072772898368883 0.011666666666666667 0.01756587202007528
0 0.19958333333333333 0.6468005018820577 0.030833333333333334 0.10414052697616061
1 0.2604166666666667 0.6053952321204517 0.015833333333333335 0.028858218318695106
0 0.27291666666666664 0.678168130489335 0.06583333333333333 0.1794228356336261
1 0.3025 0.6035131744040151 0.006666666666666667 0.010037641154328732
0 0.2991666666666667 0.6380175658720201 0.021666666666666667 0.08155583437892096
1 0.3154166666666667 0.6047678795483061 0.005833333333333334 0.010037641154328732
0 0.3145833333333333 0.6373902132998746 0.020833333333333332 0.08531994981179424
1 0.3329166666666667 0.6047678795483061 0.005833333333333334 0.010037641154328732
0 0.33166666666666667 0.6386449184441656 0.018333333333333333 0.08281053952321205
1 0.34458333333333335 0.6148055207026348 0.0075 0.012547051442910916
0 0.3408333333333333 0.6468005018820577 0.021666666666666667 0.08155583437892096
1 0.35625 0.6097867001254705 0.0075 0.015056461731493099
0 0.3566666666666667 0.6474278544542033 0.025 0.09284818067754078
1 0.3670833333333333 0.6129234629861983 0.0075 0.011292346298619825
0 0.36583333333333334 0.6480552070263488 0.023333333333333334 0.08657465495608532
1 0.38958333333333334 0.5991217063989962 0.010833333333333334 0.018820577164366373
0 0.38416666666666666 0.651819322459222 0.02666666666666667 0.12923462986198245
1 0.4141666666666667 0.595357590966123 0.016666666666666666 0.03136762860727729
0 0.41458333333333336 0.6913425345043914 0.05416666666666667 0.22835633626097868
1 0.4483333333333333 0.6060225846925973 0.016666666666666666 0.027603513174404015
0 0.4508333333333333 0.7001254705144291 0.056666666666666664 0.22835633626097868
1 0.6729166666666667 0.5853199498117942 0.020833333333333332 0.03889585947302384
0 0.6766666666666666 0.7095357590966123 0.08166666666666667 0.2998745294855709
1 0.7058333333333333 0.5746549560853199 0.021666666666666667 0.037641154328732745
0 0.7083333333333334 0.7001254705144291 0.055 0.2961104140526976
1 0.6266666666666667 0.6016311166875784 0.015 0.02383939774153074
0 0.6308333333333334 0.6806775407779172 0.05 0.18695106649937265
1 0.5966666666666667 0.6060225846925973 0.008333333333333333 0.015056461731493099
0 0.5904166666666667 0.6499372647427855 0.0375 0.1053952321204517
1 0.5833333333333334 0.6060225846925973 0.008333333333333333 0.015056461731493099
0 0.58125 0.6480552070263488 0.020833333333333332 0.10414052697616061
1 0.5591666666666667 0.6148055207026348 0.008333333333333333 0.012547051442910916
0 0.5579166666666666 0.6524466750313677 0.020833333333333332 0.0903387703889586
1 0.5391666666666667 0.6104140526976161 0.008333333333333333 0.013801756587202008
0 0.5366666666666666 0.6493099121706399 0.023333333333333334 0.09159347553324969
1 0.5483333333333333 0.5991217063989962 0.006666666666666667 0.011292346298619825
0 0.5495833333333333 0.6355081555834379 0.024166666666666666 0.09159347553324969
1 0.5241666666666667 0.6060225846925973 0.006666666666666667 0.012547051442910916
0 0.5241666666666667 0.6392722710163111 0.021666666666666667 0.08657465495608532
1 0.5008333333333334 0.6079046424090339 0.006666666666666667 0.011292346298619825
0 0.49875 0.6424090338770388 0.020833333333333332 0.08281053952321205
1 0.47833333333333333 0.6129234629861983 0.006666666666666667 0.00878293601003764
0 0.4775 0.6361355081555834 0.016666666666666666 0.060225846925972396
1 0.90875 0.555207026348808 0.0775 0.12672521957340024
0 0.8966666666666666 0.7427854454203262 0.20666666666666667 0.5144291091593476