1 0.030729166666666665 0.5930555555555556 0.028125 0.03888888888888889
0 0.03854166666666667 0.68125 0.07708333333333334 0.24583333333333332
1 0.07552083333333333 0.5256944444444445 0.05520833333333333 0.07083333333333333
0 0.08125 0.7319444444444444 0.14791666666666667 0.5083333333333333
1 0.15364583333333334 0.6 0.013541666666666667 0.019444444444444445
0 0.153125 0.6631944444444444 0.04791666666666667 0.15416666666666667
1 0.14375 0.6402777777777777 0.014583333333333334 0.058333333333333334
0 0.14375 0.6402777777777777 0.014583333333333334 0.058333333333333334
1 0.178125 0.6263888888888889 0.00625 0.008333333333333333
0 0.17604166666666668 0.6423611111111112 0.016666666666666666 0.04861111111111111
1 0.22291666666666668 0.5888888888888889 0.016666666666666666 0.022222222222222223
0 0.21666666666666667 0.6576388888888889 0.04791666666666667 0.1597222222222222
1 0.2671875 0.5152777777777777 0.036458333333333336 0.05
0 0.2671875 0.7159722222222222 0.115625 0.4736111111111111
1 0.3182291666666667 0.61875 0.005208333333333333 0.009722222222222222
0 0.3171875 0.6305555555555555 0.017708333333333333 0.06666666666666667
1 0.33958333333333335 0.6826388888888889 0.041666666666666664 0.0625
0 0.33958333333333335 0.6826388888888889 0.041666666666666664 0.0625
1 0.34739583333333335 0.5993055555555555 0.011458333333333333 0.015277777777777777
0 0.34479166666666666 0.6444444444444445 0.03333333333333333 0.11666666666666667
1 0.3765625 0.6451388888888889 0.013541666666666667 0.015277777777777777
0 0.38333333333333336 0.6770833333333334 0.04583333333333333 0.08472222222222223
1 0.40572916666666664 0.6756944444444445 0.015625 0.02361111111111111
0 0.3880208333333333 0.7111111111111111 0.09270833333333334 0.1
1 0.45 0.5534722222222223 0.035416666666666666 0.05694444444444444
0 0.4276041666666667 0.6923611111111111 0.08854166666666667 0.3347222222222222
1 0.49375 0.6409722222222223 0.025 0.043055555555555555
0 0.528125 0.725 0.10416666666666667 0.21388888888888888
1 0.6026041666666667 0.4951388888888889 0.03854166666666667 0.059722222222222225
0 0.5854166666666667 0.6756944444444445 0.0875 0.42916666666666664
1 0.6421875 0.6645833333333333 0.030208333333333334 0.04583333333333333
0 0.6140625 0.7152777777777778 0.13020833333333334 0.15
1 0.6921875 0.6715277777777777 0.028125 0.04027777777777778
0 0.6901041666666666 0.7284722222222222 0.096875 0.1597222222222222
1 0.8677083333333333 0.3625 0.08333333333333333 0.12222222222222222
0 0.8515625 0.6423611111111112 0.209375 0.7152777777777778