1 0.046538461538461535 0.31584470094438616 0.045384615384615384 0.06505771248688352
0 0.07038461538461538 0.534102833158447 0.14076923076923076 0.5120671563483735
1 0.0823076923076923 0.3352570828961175 0.004615384615384616 0.005246589716684155
0 0.08153846153846153 0.35047219307450156 0.010769230769230769 0.03777544596012592
1 0.09769230769230769 0.3546694648478489 0.007692307692307693 0.03987408184679958
0 0.09769230769230769 0.3546694648478489 0.007692307692307693 0.03987408184679958
1 0.07807692307692307 0.35047219307450156 0.011538461538461539 0.03147953830010493
0 0.07807692307692307 0.35047219307450156 0.011538461538461539 0.03147953830010493
1 0.16 0.34312696747114374 0.03076923076923077 0.04407135362014691
0 0.1580769230769231 0.4795383001049318 0.09769230769230769 0.3357817418677859
1 0.21 0.36306400839454356 0.046153846153846156 0.06295907660020986
0 0.19346153846153846 0.6059811122770199 0.16384615384615384 0.5886673662119623
1 0.22423076923076923 0.332109129066107 0.03461538461538462 0.04931794333683106
0 0.23038461538461538 0.5078698845750262 0.11615384615384615 0.40713536201469047
1 0.25846153846153846 0.3515215110178384 0.024615384615384615 0.04407135362014691
0 0.25346153846153846 0.4737670514165792 0.07615384615384616 0.3116474291710388
1 0.30038461538461536 0.33997901364113325 0.025384615384615384 0.03987408184679958
0 0.2980769230769231 0.4700944386149003 0.07769230769230769 0.30640083945435465
1 0.3523076923076923 0.3761804826862539 0.033846153846153845 0.053515215110178385
0 0.35346153846153844 0.5419727177334732 0.13923076923076924 0.39769150052465896
1 0.3696153846153846 0.3551941238195173 0.019230769230769232 0.03252885624344176
0 0.3669230769230769 0.45540398740818466 0.06615384615384616 0.23924449108079748
1 0.39153846153846156 0.34312696747114374 0.013846153846153847 0.02938090241343127
0 0.39 0.40975865687303253 0.04 0.1731374606505771
1 0.42346153846153844 0.3567681007345226 0.019230769230769232 0.03147953830010493
0 0.4196153846153846 0.45015739769150054 0.05923076923076923 0.22245540398740818
1 0.43538461538461537 0.33997901364113325 0.021538461538461538 0.035676810073452254
0 0.4369230769230769 0.44648478488982163 0.07538461538461538 0.25918153200419725
1 0.45269230769230767 0.36306400839454356 0.03307692307692308 0.05666316894018888
0 0.45269230769230767 0.5094438614900315 0.09153846153846154 0.3578174186778594
1 0.4796153846153846 0.38195173137460653 0.03461538461538462 0.05666316894018888
0 0.47 0.5409233997901364 0.09538461538461539 0.38719832109129065
1 0.5134615384615384 0.42444910807974817 0.02846153846153846 0.05141657922350472
0 0.5123076923076924 0.5461699895068206 0.07076923076923076 0.30535152151101785
1 0.5276923076923077 0.363588667366212 0.02923076923076923 0.04931794333683106
0 0.5276923076923077 0.48845750262329485 0.07384615384615385 0.31584470094438616
1 0.5869230769230769 0.34942287513116477 0.052307692307692305 0.0944386149003148
0 0.5707692307692308 0.6474291710388248 0.18153846153846154 0.7051416579223505
1 0.6223076923076923 0.3578174186778594 0.007692307692307693 0.01049317943336831
0 0.625 0.3882476390346275 0.02076923076923077 0.07974816369359916
1 0.6065384615384616 0.3683105981112277 0.01 0.01888772298006296
0 0.6096153846153847 0.39401888772298005 0.019230769230769232 0.07869884575026233
1 0.6346153846153846 0.3756558237145855 0.018461538461538463 0.02938090241343127
0 0.6342307692307693 0.4616998950682057 0.04846153846153846 0.20776495278069254
1 0.6569230769230769 0.37145855194123817 0.024615384615384615 0.035676810073452254
0 0.6469230769230769 0.48898216159496327 0.06 0.2833158447009444
1 0.675 0.3614900314795383 0.02076923076923077 0.026232948583420776
0 0.6730769230769231 0.4832109129066107 0.06307692307692307 0.28226652675760755
1 0.6873076923076923 0.35099685204617 0.01769230769230769 0.02833158447009444
0 0.688076923076923 0.4496327387198321 0.05 0.236096537250787
1 0.7388461538461538 0.37355718782791186 0.04846153846153846 0.06925498426023086
0 0.73 0.5928646379853095 0.14923076923076922 0.5183630640083945
1 0.7784615384615384 0.3704092339979014 0.02 0.033578174186778595
0 0.78 0.4690451206715635 0.055384615384615386 0.24134312696747115
1 0.8038461538461539 0.3830010493179433 0.010769230769230769 0.016789087093389297
0 0.8065384615384615 0.4233997901364113 0.02846153846153846 0.10388247639034627
1 0.8138461538461539 0.3756558237145855 0.010769230769230769 0.014690451206715634
0 0.8142307692307692 0.41500524658971666 0.022307692307692306 0.1080797481636936
1 0.8626923076923076 0.38037775445960126 0.011538461538461539 0.015739769150052464
0 0.8626923076923076 0.41657922350472193 0.022307692307692306 0.10073452256033578
1 0.8834615384615384 0.4087093389296957 0.04230769230769231 0.06190975865687303
0 0.8923076923076924 0.6169989506820567 0.11538461538461539 0.4826862539349423
1 0.9442307692307692 0.2801678908709339 0.11153846153846154 0.291710388247639
0 0.813076923076923 0.5682056663168941 0.37384615384615383 0.863588667366212