1 0.11041666666666666 0.33229329173166927 0.09583333333333334 0.18408736349453977
0 0.12864583333333332 0.6170046801872074 0.25729166666666664 0.765990639625585
1 0.23854166666666668 0.36037441497659906 0.0875 0.1809672386895476
0 0.2203125 0.6310452418096724 0.16354166666666667 0.7379095163806553
1 0.2833333333333333 0.28471138845553823 0.06041666666666667 0.10764430577223089
0 0.284375 0.5522620904836193 0.09166666666666666 0.6552262090483619
1 0.32708333333333334 0.29407176287051484 0.075 0.14508580343213728
0 0.3338541666666667 0.6053042121684867 0.16145833333333334 0.7893915756630265
1 0.43072916666666666 0.38221528861154447 0.065625 0.11856474258970359
0 0.425 0.6591263650546022 0.16458333333333333 0.6817472698907956
1 0.4609375 0.2823712948517941 0.04895833333333333 0.1060842433697348
0 0.4625 0.5858034321372855 0.11875 0.7254290171606864
1 0.5270833333333333 0.3361934477379095 0.06458333333333334 0.1357254290171607
0 0.53125 0.6326053042121685 0.18958333333333333 0.734789391575663
1 0.6234375 0.28471138845553823 0.065625 0.12636505460218408
0 0.6244791666666667 0.609204368174727 0.14895833333333333 0.781591263650546
1 0.7442708333333333 0.3533541341653666 0.084375 0.1419656786271451
0 0.7744791666666667 0.6380655226209049 0.16770833333333332 0.7238689547581904
1 0.81875 0.2909516380655226 0.12708333333333333 0.23244929797191888
0 0.8390625 0.578003120124805 0.2947916666666667 0.84399375975039
1 0.8697916666666666 0.31903276131045244 0.07708333333333334 0.15132605304212168
0 0.8869791666666667 0.609984399375975 0.21354166666666666 0.7800312012480499
1 0.9598958333333333 0.27379095163806555 0.059375 0.11076443057722309
0 0.9411458333333333 0.5514820592823713 0.11770833333333333 0.6942277691107644
1 0.7260416666666667 0.28861154446177845 0.0625 0.12480499219968799
0 0.725 0.6029641185647426 0.11875 0.7597503900156006