1 0.031914893617021274 0.21222222222222223 0.04130162703379224 0.08666666666666667
0 0.04881101376720901 0.4688888888888889 0.09762202753441802 0.6222222222222222
1 0.12453066332916145 0.22777777777777777 0.05131414267834793 0.10444444444444445
0 0.1214017521902378 0.54 0.14518147684605756 0.7555555555555555
1 0.22152690863579474 0.19777777777777777 0.04755944931163955 0.10666666666666667
0 0.21714643304130163 0.5077777777777778 0.13391739674593242 0.7444444444444445
1 0.24718397997496871 0.2311111111111111 0.03879849812265332 0.08
0 0.24155193992490614 0.49444444444444446 0.09011264080100125 0.6466666666666666
1 0.3072590738423029 0.2111111111111111 0.05381727158948686 0.10222222222222223
0 0.31038798498122655 0.5344444444444445 0.16020025031289112 0.7533333333333333
1 0.39173967459324155 0.19111111111111112 0.05006257822277847 0.12444444444444444
0 0.39424280350438046 0.4988888888888889 0.1376720901126408 0.7577777777777778
1 0.4974968710888611 0.23555555555555555 0.04881101376720901 0.10222222222222223
0 0.4981226533166458 0.5377777777777778 0.14518147684605756 0.7377777777777778
1 0.4780976220275344 0.25333333333333335 0.03754693366708386 0.08888888888888889
0 0.4862327909887359 0.4922222222222222 0.12390488110137672 0.5933333333333334
1 0.45619524405506884 0.23777777777777778 0.03629536921151439 0.07555555555555556
0 0.45807259073842305 0.4488888888888889 0.08760951188986232 0.5155555555555555
1 0.5976220275344181 0.18333333333333332 0.04380475594493116 0.09111111111111111
0 0.6020025031289111 0.49444444444444446 0.15519399249061328 0.7355555555555555
1 0.7321652065081352 0.2544444444444444 0.05006257822277847 0.10888888888888888
0 0.7246558197747184 0.5455555555555556 0.1476846057571965 0.7133333333333334
1 0.7284105131414268 0.2822222222222222 0.04005006257822278 0.07111111111111111
0 0.7121401752190237 0.45555555555555555 0.1376720901126408 0.52
1 0.8973717146433041 0.2011111111111111 0.05006257822277847 0.10444444444444445
0 0.9055068836045056 0.5166666666666667 0.16896120150187735 0.7488888888888889
1 0.10888610763454318 0.2833333333333333 0.03254067584480601 0.07333333333333333
0 0.11201501877346684 0.4911111111111111 0.09136420525657071 0.5155555555555555