1 0.7453846153846154 0.26935146443514646 0.12307692307692308 0.2583682008368201
0 0.77 0.5617154811715481 0.46 0.8765690376569037
1 0.7465384615384615 0.2625523012552301 0.12846153846153846 0.26359832635983266
0 0.6484615384615384 0.5606694560669456 0.5723076923076923 0.8786610878661087
1 0.5496153846153846 0.24790794979079497 0.09461538461538462 0.20292887029288703
0 0.5346153846153846 0.5135983263598326 0.30615384615384617 0.803347280334728
1 0.3426923076923077 0.19822175732217573 0.10846153846153846 0.18514644351464435
0 0.3376923076923077 0.4503138075313807 0.3646153846153846 0.7604602510460251
1 0.12192307692307693 0.18514644351464435 0.11461538461538462 0.17573221757322174
0 0.13038461538461538 0.4602510460251046 0.21 0.7405857740585774
1 0.06615384615384616 0.12813807531380753 0.13230769230769232 0.25627615062761505
0 0.16038461538461538 0.4398535564853556 0.32076923076923075 0.8797071129707112