1 0.011197916666666667 0.24537037037037038 0.022395833333333334 0.05
0 0.014322916666666666 0.32731481481481484 0.028645833333333332 0.2212962962962963
1 0.034375 0.3300925925925926 0.03125 0.06944444444444445
0 0.05 0.5814814814814815 0.1 0.5666666666666667
1 0.0328125 0.3296296296296296 0.03125 0.06851851851851852
0 0.04401041666666667 0.5518518518518518 0.08802083333333334 0.5277777777777778
1 0.05078125 0.33287037037037037 0.0328125 0.058333333333333334
0 0.054427083333333334 0.5342592592592592 0.10885416666666667 0.4703703703703704
1 0.09010416666666667 0.31666666666666665 0.03125 0.06666666666666667
0 0.09609375 0.5064814814814815 0.058854166666666666 0.4537037037037037
1 0.1015625 0.2657407407407407 0.020833333333333332 0.03888888888888889
0 0.10520833333333333 0.4115740740740741 0.053125 0.35462962962962963
1 0.11796875 0.2967592592592593 0.03177083333333333 0.05277777777777778
0 0.12057291666666667 0.4722222222222222 0.06510416666666667 0.4111111111111111
1 0.14661458333333333 0.2657407407407407 0.0171875 0.03333333333333333
0 0.14895833333333333 0.3699074074074074 0.03333333333333333 0.2564814814814815
1 0.19895833333333332 0.19166666666666668 0.03854166666666667 0.07592592592592592
0 0.19791666666666666 0.44814814814814813 0.10416666666666667 0.6
1 0.2109375 0.23981481481481481 0.025 0.05555555555555555
0 0.22604166666666667 0.42453703703703705 0.06979166666666667 0.44907407407407407
1 0.26119791666666664 0.24212962962962964 0.024479166666666666 0.05462962962962963
0 0.25546875 0.4185185185185185 0.0546875 0.4148148148148148
1 0.2604166666666667 0.24212962962962964 0.023958333333333335 0.05648148148148148
0 0.2669270833333333 0.42685185185185187 0.0765625 0.4388888888888889
1 0.32005208333333335 0.562037037037037 0.07552083333333333 0.16666666666666666
0 0.35703125 0.725925925925926 0.16927083333333334 0.5481481481481482
1 0.29765625 0.44027777777777777 0.06510416666666667 0.14351851851851852
0 0.29921875 0.6819444444444445 0.14322916666666666 0.6361111111111111
1 0.3536458333333333 0.4412037037037037 0.052083333333333336 0.11388888888888889
0 0.3421875 0.687037037037037 0.12083333333333333 0.6259259259259259
1 0.30390625 0.362962962962963 0.049479166666666664 0.10925925925925926
0 0.30494791666666665 0.6476851851851851 0.2630208333333333 0.7046296296296296
1 0.34661458333333334 0.32685185185185184 0.0390625 0.08148148148148149
0 0.34739583333333335 0.5101851851851852 0.084375 0.45555555555555555
1 0.3614583333333333 0.27546296296296297 0.03125 0.0712962962962963
0 0.36953125 0.4824074074074074 0.08489583333333334 0.5055555555555555
1 0.384375 0.2449074074074074 0.028125 0.06388888888888888
0 0.37942708333333336 0.42453703703703705 0.07552083333333333 0.462037037037037
1 0.4513020833333333 0.27361111111111114 0.022395833333333334 0.049074074074074076
0 0.44609375 0.3962962962962963 0.04635416666666667 0.35
1 0.46822916666666664 0.2652777777777778 0.021875 0.05092592592592592
0 0.4591145833333333 0.4263888888888889 0.0765625 0.39351851851851855
1 0.48828125 0.2712962962962963 0.03697916666666667 0.08148148148148149
0 0.4864583333333333 0.47962962962962963 0.08125 0.5111111111111111
1 0.5526041666666667 0.25787037037037036 0.028125 0.06759259259259259
0 0.5455729166666666 0.44074074074074077 0.08177083333333333 0.45740740740740743
1 0.8442708333333333 0.33194444444444443 0.005208333333333333 0.012037037037037037
0 0.8432291666666667 0.35509259259259257 0.01875 0.07685185185185185
1 0.8614583333333333 0.3226851851851852 0.00625 0.012037037037037037
0 0.8627604166666667 0.3648148148148148 0.027604166666666666 0.10740740740740741
1 0.9322916666666666 0.32592592592592595 0.03854166666666667 0.0962962962962963
0 0.9244791666666666 0.5805555555555556 0.13645833333333332 0.6129629629629629
1 0.9817708333333334 0.3337962962962963 0.036458333333333336 0.09166666666666666
0 0.9466145833333334 0.6162037037037037 0.10677083333333333 0.7675925925925926
1 0.7528645833333333 0.23564814814814813 0.04739583333333333 0.11018518518518519
0 0.74921875 0.5310185185185186 0.1640625 0.7194444444444444
1 0.6255208333333333 0.20972222222222223 0.10416666666666667 0.23981481481481481
0 0.64296875 0.5388888888888889 0.25677083333333334 0.9222222222222223
1 0.5934895833333333 0.20925925925925926 0.08177083333333333 0.2074074074074074
0 0.5854166666666667 0.5412037037037037 0.24166666666666667 0.9175925925925926