1 0.651875 0.5891666666666666 0.03375 0.045
0 0.678125 0.7270833333333333 0.1525 0.3225
1 0.9725 0.61125 0.01875 0.025833333333333333
0 0.978125 0.6866666666666666 0.04375 0.18166666666666667
1 0.9440625 0.5991666666666666 0.013125 0.016666666666666666
0 0.9478125 0.6504166666666666 0.041875 0.12416666666666666
1 0.8725 0.57875 0.01 0.014166666666666666
0 0.8765625 0.6154166666666666 0.030625 0.09083333333333334
1 0.8534375 0.5904166666666667 0.013125 0.020833333333333332
0 0.8596875 0.6483333333333333 0.046875 0.14
1 0.8603125 0.5945833333333334 0.005625 0.009166666666666667
0 0.8590625 0.6208333333333333 0.029375 0.065
1 0.8359375 0.6016666666666667 0.014375 0.021666666666666667
0 0.838125 0.6525 0.0475 0.13333333333333333
1 0.8178125 0.5858333333333333 0.015625 0.023333333333333334
0 0.8215625 0.6416666666666667 0.049375 0.13666666666666666
1 0.7934375 0.58625 0.014375 0.015833333333333335
0 0.7925 0.6420833333333333 0.0525 0.12916666666666668
1 0.7903125 0.5983333333333334 0.009375 0.015
0 0.7946875 0.64375 0.035625 0.11916666666666667
1 0.73125 0.5354166666666667 0.0075 0.010833333333333334
0 0.731875 0.57125 0.0175 0.08583333333333333
1 0.7196875 0.5395833333333333 0.006875 0.010833333333333334
0 0.7196875 0.5716666666666667 0.018125 0.08166666666666667
1 0.705625 0.5458333333333333 0.00875 0.013333333333333334
0 0.7046875 0.5741666666666667 0.019375 0.075
1 0.6146875 0.5429166666666667 0.008125 0.0125
0 0.615625 0.5595833333333333 0.025 0.049166666666666664
1 0.59875 0.5379166666666667 0.00875 0.010833333333333334
0 0.599375 0.5570833333333334 0.02625 0.0525
1 0.533125 0.52625 0.0075 0.0125
0 0.53 0.5425 0.0325 0.04833333333333333
1 0.5040625 0.5241666666666667 0.006875 0.013333333333333334
0 0.504375 0.5420833333333334 0.03625 0.0525
1 0.495625 0.51 0.00625 0.01
0 0.495 0.52625 0.025 0.04583333333333333
1 0.4690625 0.5058333333333334 0.005625 0.01
0 0.4709375 0.5175 0.016875 0.03833333333333333
1 0.46 0.505 0.00625 0.01
0 0.45875 0.5175 0.01625 0.03833333333333333
1 0.44375 0.4925 0.005 0.008333333333333333
0 0.443125 0.5016666666666667 0.01375 0.03166666666666667
1 0.431875 0.4870833333333333 0.00875 0.009166666666666667
0 0.4321875 0.5179166666666667 0.025625 0.07416666666666667
1 0.4625 0.5445833333333333 0.0075 0.014166666666666666
0 0.46125 0.56125 0.0275 0.049166666666666664
1 0.405 0.54 0.00875 0.011666666666666667
0 0.4046875 0.5754166666666667 0.024375 0.08583333333333333
1 0.4 0.5291666666666667 0.00875 0.011666666666666667
0 0.3996875 0.5641666666666667 0.021875 0.085
1 0.3846875 0.5304166666666666 0.009375 0.015833333333333335
0 0.3903125 0.56375 0.029375 0.08583333333333333
1 0.375625 0.5395833333333333 0.00875 0.0125
0 0.369375 0.5695833333333333 0.03375 0.0775
1 0.366875 0.58875 0.01125 0.015833333333333335
0 0.3665625 0.6295833333333334 0.034375 0.1025
1 0.3409375 0.5920833333333333 0.009375 0.015833333333333335
0 0.338125 0.6358333333333334 0.02625 0.10833333333333334
1 0.3265625 0.5895833333333333 0.009375 0.014166666666666666
0 0.3234375 0.6333333333333333 0.023125 0.105
1 0.318125 0.5966666666666667 0.01 0.015
0 0.3128125 0.6395833333333333 0.026875 0.10583333333333333
1 0.31625 0.58 0.01 0.016666666666666666
0 0.3153125 0.61875 0.035625 0.0975
1 0.279375 0.5870833333333333 0.01 0.019166666666666665
0 0.27125 0.6404166666666666 0.04375 0.13083333333333333
1 0.2690625 0.5983333333333334 0.014375 0.018333333333333333
0 0.2684375 0.65375 0.034375 0.13916666666666666
1 0.2546875 0.5779166666666666 0.009375 0.014166666666666666
0 0.2528125 0.6270833333333333 0.033125 0.11583333333333333
1 0.1634375 0.6116666666666667 0.009375 0.015
0 0.1621875 0.6508333333333334 0.028125 0.095
1 0.1025 0.5741666666666667 0.015 0.018333333333333333
0 0.090625 0.64 0.05875 0.15666666666666668
1 0.1071875 0.58375 0.011875 0.015833333333333335
0 0.1 0.6404166666666666 0.035 0.13583333333333333
1 0.009375 0.5979166666666667 0.01875 0.0275
0 0.016875 0.67 0.03375 0.175
1 0.0378125 0.5841666666666666 0.010625 0.016666666666666666
0 0.035 0.6045833333333334 0.03375 0.0625
1 0.0178125 0.5845833333333333 0.008125 0.014166666666666666
0 0.0184375 0.60625 0.024375 0.059166666666666666
1 0.0171875 0.5158333333333334 0.008125 0.011666666666666667
0 0.015 0.5304166666666666 0.02 0.04416666666666667
1 0.005625 0.5191666666666667 0.00625 0.01
0 0.008125 0.5279166666666667 0.01625 0.030833333333333334
1 0.003125 0.5004166666666666 0.00625 0.010833333333333334
0 0.0096875 0.51875 0.019375 0.050833333333333335
1 0.033125 0.45708333333333334 0.00625 0.0075
0 0.0309375 0.48041666666666666 0.018125 0.05583333333333333
1 0.0603125 0.4554166666666667 0.004375 0.005833333333333334
0 0.0596875 0.4775 0.016875 0.055
1 0.066875 0.5191666666666667 0.00875 0.015
0 0.065 0.55125 0.025 0.08083333333333333
1 0.0884375 0.5133333333333333 0.006875 0.011666666666666667
0 0.085 0.5329166666666667 0.02625 0.05416666666666667
1 0.071875 0.5129166666666667 0.00875 0.010833333333333334
0 0.0653125 0.5325 0.035625 0.055
1 0.1278125 0.5241666666666667 0.006875 0.01
0 0.1221875 0.54125 0.025625 0.049166666666666664
1 0.1475 0.5270833333333333 0.0075 0.0125
0 0.1465625 0.5441666666666667 0.024375 0.051666666666666666
1 0.17125 0.46458333333333335 0.00625 0.009166666666666667
0 0.1690625 0.485 0.018125 0.05333333333333334
1 0.1853125 0.47541666666666665 0.005625 0.009166666666666667
0 0.1821875 0.4891666666666667 0.016875 0.041666666666666664
1 0.2025 0.44875 0.0075 0.010833333333333334
0 0.200625 0.47708333333333336 0.01875 0.07083333333333333
1 0.233125 0.45916666666666667 0.005 0.006666666666666667
0 0.23125 0.4825 0.01625 0.056666666666666664
1 0.243125 0.46875 0.005 0.0075
0 0.241875 0.48875 0.0175 0.050833333333333335
1 0.2578125 0.46625 0.005625 0.0075
0 0.25625 0.48833333333333334 0.01875 0.05333333333333334
1 0.2725 0.46291666666666664 0.00625 0.009166666666666667
0 0.271875 0.48291666666666666 0.015 0.05416666666666667
1 0.2478125 0.46458333333333335 0.004375 0.005833333333333334
0 0.2475 0.485 0.0125 0.05
1 0.2871875 0.4558333333333333 0.006875 0.01
0 0.285 0.48083333333333333 0.02 0.06333333333333334
1 0.3028125 0.4575 0.005625 0.006666666666666667
0 0.3021875 0.48625 0.021875 0.0675
1 0.3125 0.46291666666666664 0.005 0.0075
0 0.3115625 0.4845833333333333 0.014375 0.0575
1 0.3225 0.46541666666666665 0.00625 0.009166666666666667
0 0.32125 0.4891666666666667 0.01875 0.06
1 0.3303125 0.4558333333333333 0.006875 0.01
0 0.32875 0.4825 0.0175 0.065
1 0.3396875 0.48625 0.006875 0.010833333333333334
0 0.3396875 0.5191666666666667 0.018125 0.08
1 0.3515625 0.4825 0.006875 0.01
0 0.35125 0.5145833333333333 0.0175 0.07916666666666666
1 0.36 0.4979166666666667 0.0075 0.010833333333333334
0 0.3615625 0.5129166666666667 0.014375 0.04416666666666667
1 0.1840625 0.5054166666666666 0.006875 0.009166666666666667
0 0.1825 0.5225 0.02625 0.05
1 0.2275 0.52625 0.0075 0.010833333333333334
0 0.2246875 0.5441666666666667 0.019375 0.05
1 0.2403125 0.5266666666666666 0.010625 0.011666666666666667
0 0.240625 0.5420833333333334 0.0225 0.04583333333333333
1 0.4640625 0.6029166666666667 0.014375 0.0225
0 0.4490625 0.6475 0.063125 0.11333333333333333
1 0.4521875 0.6025 0.015625 0.025
0 0.4434375 0.6470833333333333 0.050625 0.12083333333333333
1 0.44125 0.5825 0.01 0.013333333333333334
0 0.4421875 0.63 0.030625 0.125
1 0.789375 0.5991666666666666 0.0075 0.011666666666666667
0 0.785 0.6066666666666667 0.025 0.03