1 0.99453125 0.8839835728952772 0.0109375 0.030800821355236138
0 0.9859375 0.9332648870636551 0.028125 0.13347022587268995
1 0.91953125 0.8747433264887063 0.0109375 0.02053388090349076
0 0.9296875 0.9291581108829569 0.05 0.1375770020533881
1 0.85078125 0.8788501026694046 0.0140625 0.02053388090349076
0 0.853125 0.9322381930184805 0.034375 0.13141683778234087
1 0.81796875 0.8767967145790554 0.0140625 0.02053388090349076
0 0.81875 0.9301848049281314 0.034375 0.13141683778234087
1 0.50859375 0.8942505133470225 0.0140625 0.022587268993839837
0 0.5046875 0.9383983572895277 0.028125 0.12320328542094455
1 0.46328125 0.8870636550308009 0.0171875 0.024640657084188913
0 0.46484375 0.9353182751540041 0.0390625 0.1293634496919918
1 0.47734375 0.8819301848049281 0.0109375 0.018480492813141684
0 0.47265625 0.9353182751540041 0.0390625 0.1293634496919918
1 0.24140625 0.8850102669404517 0.0265625 0.04106776180698152
0 0.23828125 0.9301848049281314 0.0640625 0.13963039014373715
1 0.2 0.8613963039014374 0.009375 0.01026694045174538
0 0.19609375 0.8901437371663244 0.0234375 0.07597535934291581
1 0.065625 0.8901437371663244 0.028125 0.04722792607802875
0 0.04453125 0.9312114989733059 0.0890625 0.1375770020533881
1 0.01796875 0.8839835728952772 0.0265625 0.06365503080082136
0 0.01796875 0.8839835728952772 0.0265625 0.06365503080082136