1 0.111328125 0.33578792341678937 0.095703125 0.15022091310751104
0 0.109375 0.6185567010309279 0.21875 0.7628865979381443
1 0.22607421875 0.4219440353460972 0.0908203125 0.16053019145802652
0 0.2373046875 0.6649484536082474 0.212890625 0.6701030927835051
1 0.35888671875 0.46244477172312226 0.0693359375 0.11782032400589101
0 0.34619140625 0.6958762886597938 0.1259765625 0.6082474226804123
1 0.39697265625 0.42930780559646536 0.0458984375 0.10456553755522828
0 0.40283203125 0.687039764359352 0.1220703125 0.625920471281296
1 0.4423828125 0.3431516936671576 0.048828125 0.10014727540500737
0 0.44091796875 0.6399116347569955 0.1025390625 0.7142857142857143
1 0.5244140625 0.3637702503681885 0.056640625 0.10603829160530191
0 0.53759765625 0.6509572901325479 0.1689453125 0.6980854197349042
1 0.74560546875 0.3225331369661267 0.1005859375 0.15905743740795286
0 0.69580078125 0.6192930780559647 0.2685546875 0.7614138438880707
1 0.87060546875 0.4337260677466863 0.0908203125 0.15169366715758467
0 0.869140625 0.6767304860088366 0.255859375 0.646539027982327