1 0.0285 0.623 0.017 0.038
0 0.0255 0.719 0.035 0.23
1 0.041 0.632 0.014 0.032
0 0.0385 0.723 0.045 0.222
1 0.1345 0.619 0.015 0.034
0 0.137 0.711 0.056 0.222
1 0.169 0.635 0.008 0.018
0 0.167 0.689 0.024 0.13
1 0.091 0.622 0.026 0.048
0 0.089 0.796 0.082 0.408
1 0.2085 0.709 0.027 0.066
0 0.2055 0.837 0.063 0.326
1 0.2525 0.62 0.007 0.016
0 0.252 0.671 0.022 0.11
1 0.234 0.638 0.014 0.032
0 0.2335 0.715 0.031 0.198
1 0.265 0.647 0.024 0.05
0 0.256 0.808 0.068 0.384
1 0.3025 0.647 0.015 0.03
0 0.2995 0.728 0.029 0.196
1 0.3345 0.649 0.005 0.01
0 0.3325 0.672 0.011 0.072
1 0.405 0.646 0.008 0.016
0 0.4035 0.696 0.015 0.124
1 0.3765 0.61 0.027 0.064
0 0.372 0.787 0.086 0.426
1 0.47 0.637 0.008 0.018
0 0.466 0.695 0.03 0.142
1 0.4985 0.639 0.009 0.018
0 0.5 0.699 0.03 0.142
1 0.527 0.639 0.006 0.014
0 0.525 0.695 0.024 0.134
1 0.5485 0.647 0.007 0.014
0 0.548 0.688 0.02 0.1
1 0.561 0.649 0.004 0.006
0 0.5615 0.67 0.011 0.052
1 0.585 0.635 0.012 0.026
0 0.5875 0.696 0.035 0.152
1 0.6065 0.636 0.011 0.028
0 0.5995 0.746 0.043 0.252
1 0.635 0.645 0.014 0.034
0 0.642 0.75 0.038 0.248
1 0.6935 0.635 0.007 0.014
0 0.6945 0.678 0.023 0.104
1 0.68 0.635 0.008 0.014
0 0.676 0.673 0.018 0.098
1 0.7695 0.642 0.011 0.024
0 0.7655 0.702 0.035 0.156
1 0.837 0.624 0.01 0.02
0 0.84 0.697 0.028 0.17
1 0.8345 0.652 0.011 0.02
0 0.835 0.708 0.024 0.148
1 0.806 0.644 0.014 0.032
0 0.8095 0.715 0.031 0.178
1 0.7915 0.649 0.017 0.042
0 0.795 0.766 0.044 0.28
1 0.877 0.634 0.008 0.016
0 0.876 0.694 0.024 0.152
1 0.905 0.638 0.01 0.02
0 0.9005 0.72 0.037 0.184
1 0.9375 0.632 0.015 0.028
0 0.944 0.711 0.042 0.194
1 0.732 0.644 0.018 0.044
0 0.7305 0.76 0.055 0.296