1 0.90375 0.5063492063492063 0.0175 0.04126984126984127
0 0.9045833333333333 0.6365079365079365 0.059166666666666666 0.3111111111111111
1 0.8625 0.5103174603174603 0.023333333333333334 0.046031746031746035
0 0.8604166666666667 0.6444444444444445 0.06583333333333333 0.33650793650793653
1 0.86375 0.5063492063492063 0.019166666666666665 0.044444444444444446
0 0.8525 0.6341269841269841 0.07166666666666667 0.3349206349206349
1 0.79875 0.5071428571428571 0.019166666666666665 0.03968253968253968
0 0.7954166666666667 0.6277777777777778 0.050833333333333335 0.33174603174603173
1 0.8141666666666667 0.4873015873015873 0.02 0.050793650793650794
0 0.8158333333333333 0.6150793650793651 0.06666666666666667 0.32222222222222224
1 0.38958333333333334 0.5634920634920635 0.0225 0.047619047619047616
0 0.39125 0.7119047619047619 0.060833333333333336 0.37936507936507935
1 0.3325 0.5380952380952381 0.02 0.04126984126984127
0 0.3383333333333333 0.6785714285714286 0.06166666666666667 0.35079365079365077
1 0.29291666666666666 0.5587301587301587 0.025833333333333333 0.06031746031746032
0 0.30375 0.7119047619047619 0.07083333333333333 0.36984126984126986
1 0.265 0.5698412698412698 0.018333333333333333 0.044444444444444446
0 0.26958333333333334 0.6952380952380952 0.05416666666666667 0.30793650793650795
1 0.25375 0.5674603174603174 0.019166666666666665 0.046031746031746035
0 0.2554166666666667 0.7047619047619048 0.0525 0.33650793650793653
1 0.2783333333333333 0.5611111111111111 0.023333333333333334 0.046031746031746035
0 0.28583333333333333 0.7182539682539683 0.08333333333333333 0.3761904761904762
1 0.17166666666666666 0.5682539682539682 0.02 0.047619047619047616
0 0.17416666666666666 0.7261904761904762 0.08666666666666667 0.373015873015873
1 0.13333333333333333 0.5984126984126984 0.015 0.04126984126984127
0 0.12916666666666668 0.7119047619047619 0.056666666666666664 0.28095238095238095
1 0.08666666666666667 0.5825396825396826 0.016666666666666666 0.0380952380952381
0 0.09208333333333334 0.7103174603174603 0.0525 0.30634920634920637
1 0.10666666666666667 0.5753968253968254 0.021666666666666667 0.046031746031746035
0 0.10041666666666667 0.7246031746031746 0.049166666666666664 0.353968253968254
1 0.04791666666666667 0.5880952380952381 0.019166666666666665 0.049206349206349205
0 0.03875 0.7309523809523809 0.060833333333333336 0.34444444444444444