1 0.9918546365914787 0.3592964824120603 0.016290726817042606 0.12562814070351758
0 0.9423558897243107 0.576214405360134 0.11528822055137844 0.5963149078726968
1 0.8439849624060151 0.3065326633165829 0.07393483709273183 0.1407035175879397
0 0.8421052631578947 0.535175879396985 0.20802005012531327 0.6147403685092128
1 0.62468671679198 0.3324958123953099 0.06892230576441102 0.12227805695142378
0 0.6033834586466166 0.5368509212730318 0.22180451127819548 0.5544388609715243
1 0.2669172932330827 0.34505862646566166 0.08521303258145363 0.13400335008375208
0 0.31954887218045114 0.5485762144053601 0.2857142857142857 0.5678391959798995
1 0.20363408521303258 0.5301507537688442 0.17669172932330826 0.2663316582914573
0 0.31140350877192985 0.678391959798995 0.6052631578947368 0.6432160804020101
1 0.40852130325814534 0.6122278056951423 0.24812030075187969 0.38358458961474035
0 0.5657894736842105 0.6984924623115578 0.7230576441102757 0.6030150753768844