1 0.2490625 0.4185 0.023125 0.039
0 0.2446875 0.5525 0.083125 0.311
1 0.2509375 0.675 0.114375 0.23
0 0.2784375 0.7765 0.390625 0.447
1 0.3984375 0.405 0.048125 0.098
0 0.4265625 0.673 0.186875 0.654
1 0.33125 0.4675 0.02625 0.053
0 0.3325 0.6315 0.0825 0.393
1 0.4696875 0.47 0.038125 0.064
0 0.4728125 0.6745 0.100625 0.501
1 0.515 0.434 0.04 0.078
0 0.504375 0.644 0.1075 0.52
1 0.6046875 0.7245 0.075625 0.159
0 0.5534375 0.817 0.256875 0.366
1 0.6146875 0.4295 0.039375 0.063
0 0.6134375 0.6495 0.125625 0.525
1 0.6584375 0.4665 0.048125 0.095
0 0.668125 0.706 0.17 0.588
1 0.8684375 0.569 0.034375 0.076
0 0.8434375 0.7285 0.125625 0.419
1 0.868125 0.57 0.03625 0.074
0 0.880625 0.7315 0.15375 0.431
1 0.9996875 0.5975 0.000625 0.089
0 0.9159375 0.7575 0.168125 0.485
1 0.1071875 0.628 0.053125 0.106
0 0.114375 0.784 0.1375 0.432
1 0.10875 0.6295 0.045 0.111
0 0.1425 0.744 0.1525 0.412
1 0.2825 0.513 0.02125 0.04
0 0.2671875 0.5645 0.066875 0.151
1 0.37125 0.4295 0.0225 0.051
0 0.370625 0.5465 0.055 0.299
1 0.34625 0.42 0.0125 0.026
0 0.3503125 0.498 0.038125 0.192
1 0.3209375 0.432 0.019375 0.026
0 0.3178125 0.5125 0.049375 0.197
1 0.2771875 0.451 0.018125 0.036
0 0.2796875 0.5255 0.039375 0.203
1 0.1415625 0.512 0.018125 0.038
0 0.1459375 0.5885 0.043125 0.213
1 0.19625 0.4285 0.01 0.019
0 0.1890625 0.4985 0.045625 0.167
1 0.1671875 0.435 0.008125 0.014
0 0.1671875 0.485 0.026875 0.116
1 0.73625 0.5275 0.0375 0.063
0 0.735 0.6535 0.0975 0.329
1 0.7225 0.5415 0.0325 0.075
0 0.7153125 0.6705 0.091875 0.337
1 0.73875 0.5175 0.035 0.063
0 0.7553125 0.651 0.108125 0.34