1 0.014660493827160493 0.9158950617283951 0.009259259259259259 0.013888888888888888
0 0.014467592592592593 0.9503600823045267 0.02353395061728395 0.09927983539094651
1 0.029320987654320986 0.908179012345679 0.010802469135802469 0.014917695473251029
0 0.027391975308641976 0.9498456790123457 0.022376543209876542 0.10030864197530864
1 0.0775462962962963 0.9020061728395061 0.010030864197530864 0.013888888888888888
0 0.07195216049382716 0.9470164609053497 0.028935185185185185 0.10596707818930041
1 0.055748456790123455 0.9092078189300411 0.011188271604938271 0.016975308641975308
0 0.0470679012345679 0.9498456790123457 0.034722222222222224 0.10030864197530864
1 0.09529320987654322 0.9483024691358025 0.026234567901234566 0.08179012345679013
0 0.09529320987654322 0.9483024691358025 0.026234567901234566 0.08179012345679013
1 0.15065586419753085 0.8930041152263375 0.019675925925925927 0.030864197530864196
0 0.14467592592592593 0.9338991769547325 0.05864197530864197 0.13220164609053497
1 0.1861496913580247 0.9050925925925926 0.011959876543209876 0.01903292181069959
0 0.18460648148148148 0.9454732510288066 0.03202160493827161 0.10905349794238683
1 0.19618055555555555 0.9061213991769548 0.0073302469135802465 0.013888888888888888
0 0.19540895061728394 0.9477880658436214 0.02044753086419753 0.1044238683127572
1 0.2361111111111111 0.9241255144032922 0.014660493827160493 0.020061728395061727
0 0.2318672839506173 0.9560185185185185 0.05401234567901234 0.08796296296296297
1 0.2332175925925926 0.9104938271604939 0.010416666666666666 0.01440329218106996
0 0.22723765432098766 0.9498456790123457 0.036265432098765434 0.10030864197530864
1 0.2613811728395062 0.8924897119341564 0.013503086419753086 0.01954732510288066
0 0.25887345679012347 0.9400720164609053 0.03009259259259259 0.1198559670781893
1 0.26697530864197533 0.9050925925925926 0.010030864197530864 0.013888888888888888
0 0.2665895061728395 0.9488168724279835 0.03009259259259259 0.10236625514403293
1 0.298804012345679 0.9169238683127572 0.008101851851851851 0.013888888888888888
0 0.2991898148148148 0.9534465020576132 0.02970679012345679 0.09310699588477367
1 0.33757716049382713 0.9104938271604939 0.008487654320987654 0.012345679012345678
0 0.33564814814814814 0.9457304526748971 0.023148148148148147 0.08590534979423868
1 0.3643904320987654 0.8989197530864198 0.008101851851851851 0.01286008230452675
0 0.3638117283950617 0.9426440329218106 0.026234567901234566 0.10339506172839506
1 0.3913966049382716 0.9125514403292181 0.0073302469135802465 0.0102880658436214
0 0.3898533950617284 0.948559670781893 0.027391975308641976 0.08539094650205761
1 0.47492283950617287 0.9045781893004116 0.008487654320987654 0.01286008230452675
0 0.47646604938271603 0.9398148148148148 0.023148148148148147 0.09259259259259259
1 0.45891203703703703 0.8986625514403292 0.011188271604938271 0.015432098765432098
0 0.46141975308641975 0.9416152263374485 0.029320987654320986 0.11265432098765432
1 0.44232253086419754 0.9459876543209876 0.022762345679012346 0.10802469135802469
0 0.44232253086419754 0.9459876543209876 0.022762345679012346 0.10802469135802469
1 0.5061728395061729 0.9079218106995884 0.006944444444444444 0.009259259259259259
0 0.5069444444444444 0.9393004115226338 0.021604938271604937 0.07510288065843622
1 0.5210262345679012 0.897119341563786 0.008873456790123456 0.01748971193415638
0 0.5233410493827161 0.9434156378600823 0.030478395061728395 0.11316872427983539
1 0.5545910493827161 0.8922325102880658 0.011959876543209876 0.01800411522633745
0 0.5532407407407407 0.9403292181069959 0.030864197530864196 0.11934156378600823
1 0.5835262345679012 0.9027777777777778 0.01273148148148148 0.01748971193415638
0 0.5821759259259259 0.9462448559670782 0.03780864197530864 0.10751028806584362
1 0.6089891975308642 0.9038065843621399 0.006558641975308642 0.0102880658436214
0 0.6103395061728395 0.9277263374485597 0.018518518518518517 0.061213991769547324
1 0.6018518518518519 0.8989197530864198 0.006172839506172839 0.007716049382716049
0 0.6030092592592593 0.9251543209876543 0.017746913580246913 0.06532921810699588
1 0.6342592592592593 0.897119341563786 0.006172839506172839 0.00823045267489712
0 0.6352237654320988 0.9215534979423868 0.017361111111111112 0.061213991769547324
1 0.6184413580246914 0.9022633744855967 0.006944444444444444 0.0102880658436214
0 0.6190200617283951 0.9248971193415638 0.017361111111111112 0.059670781893004114
1 0.6466049382716049 0.9017489711934157 0.006172839506172839 0.009259259259259259
0 0.6539351851851852 0.9326131687242798 0.024691358024691357 0.08436213991769548
1 0.6716820987654321 0.8878600823045267 0.013888888888888888 0.01748971193415638
0 0.668016975308642 0.934156378600823 0.04436728395061729 0.13168724279835392
1 0.6834490740740741 0.8932613168724279 0.009645061728395061 0.013888888888888888
0 0.6847993827160493 0.9377572016460906 0.030864197530864196 0.12448559670781893
1 0.7127700617283951 0.897119341563786 0.010416666666666666 0.015432098765432098
0 0.7145061728395061 0.9429012345679012 0.03009259259259259 0.1111111111111111
1 0.7336033950617284 0.9040637860082305 0.015817901234567902 0.025205761316872428
0 0.7380401234567902 0.944701646090535 0.035493827160493825 0.11059670781893004
1 0.7741126543209876 0.8840020576131687 0.009645061728395061 0.01286008230452675
0 0.7802854938271605 0.9295267489711934 0.03202160493827161 0.1111111111111111
1 0.8082561728395061 0.8834876543209876 0.010030864197530864 0.013888888888888888
0 0.8126929012345679 0.9300411522633745 0.03125 0.10802469135802469
1 0.8155864197530864 0.8837448559670782 0.009259259259259259 0.01131687242798354
0 0.8190586419753086 0.9277263374485597 0.030864197530864196 0.10030864197530864
1 0.8425925925925926 0.8876028806584362 0.007716049382716049 0.010802469135802469
0 0.8452932098765432 0.9292695473251029 0.030864197530864196 0.10133744855967078
1 0.8474151234567902 0.8824588477366255 0.009645061728395061 0.013888888888888888
0 0.8537808641975309 0.9228395061728395 0.034722222222222224 0.10185185185185185
1 0.8740354938271605 0.8721707818930041 0.008873456790123456 0.014917695473251029
0 0.8856095679012346 0.9210390946502057 0.03433641975308642 0.11882716049382716
1 0.9409722222222222 0.8837448559670782 0.006172839506172839 0.0102880658436214
0 0.9403935185185185 0.9156378600823045 0.022762345679012346 0.08436213991769548
1 0.9652777777777778 0.8649691358024691 0.012345679012345678 0.01903292181069959
0 0.9735725308641975 0.9251543209876543 0.03896604938271605 0.14866255144032922