1 0.38091482649842273 0.40271493212669685 0.11198738170347003 0.09728506787330317
0 0.3801261829652997 0.6453619909502263 0.2902208201892745 0.5938914027149321
1 0.4305993690851735 0.3778280542986425 0.10410094637223975 0.09049773755656108
0 0.4471608832807571 0.5774886877828054 0.23186119873817035 0.505656108597285
1 0.7334384858044164 0.19739819004524886 0.12618296529968454 0.1074660633484163
0 0.6876971608832808 0.545814479638009 0.45110410094637227 0.8766968325791855
1 0.30047318611987384 0.21153846153846154 0.11514195583596215 0.09502262443438914
0 0.23107255520504733 0.5084841628959276 0.32965299684542587 0.7024886877828054
1 0.8927444794952681 0.2641402714932127 0.0946372239747634 0.07352941176470588
0 0.8817034700315457 0.5277149321266968 0.2302839116719243 0.6436651583710408
1 0.4219242902208202 0.23020361990950225 0.02050473186119874 0.016968325791855202
0 0.4227129337539432 0.290158371040724 0.05993690851735016 0.14592760180995476
1 0.3722397476340694 0.2833710407239819 0.05993690851735016 0.057692307692307696
0 0.3580441640378549 0.40214932126696834 0.13564668769716087 0.32918552036199095
1 0.38170347003154576 0.23699095022624433 0.03785488958990536 0.030542986425339366
0 0.37381703470031546 0.31165158371040724 0.08517350157728706 0.18665158371040724
1 0.12697160883280756 0.2319004524886878 0.033123028391167195 0.027149321266968326
0 0.1411671924290221 0.3026018099547511 0.083596214511041 0.1753393665158371
1 0.11041009463722397 0.2341628959276018 0.015772870662460567 0.013574660633484163
0 0.11277602523659307 0.29638009049773756 0.04889589905362776 0.14705882352941177