1 0.4826689774696707 0.31292059219380886 0.11611785095320624 0.09286675639300135
0 0.5095320623916811 0.5545087483176312 0.35008665511265163 0.8909825033647375
1 0.634315424610052 0.3775235531628533 0.10745233968804159 0.08209959623149395
0 0.6065857885615251 0.6507402422611036 0.21490467937608318 0.6339165545087483
1 0.3440207972270364 0.5679676985195155 0.043327556325823226 0.04845222072678331
0 0.3630849220103986 0.6514131897711979 0.15424610051993068 0.2288021534320323
1 0.7417677642980935 0.5390309555854643 0.04852686308492201 0.04172274562584118
0 0.7590987868284229 0.6318977119784657 0.1733102253032929 0.2489905787348587
1 0.9818024263431543 0.3142664872139973 0.036395147313691506 0.039030955585464336
0 0.9722703639514731 0.4057873485868102 0.05545927209705372 0.2274562584118439
1 0.8890814558058926 0.30484522207267833 0.045060658578856154 0.047106325706594884
0 0.9046793760831889 0.4004037685060565 0.19064124783362218 0.24360699865410498
1 0.8188908145580589 0.2698519515477793 0.043327556325823226 0.04172274562584118
0 0.8145580589254766 0.351278600269179 0.09358752166377816 0.2126514131897712
1 0.6655112651646448 0.29004037685060563 0.045060658578856154 0.04172274562584118
0 0.6967071057192374 0.39703903095558546 0.20103986135181975 0.2611036339165545
1 0.5693240901213171 0.3034993270524899 0.04679376083188908 0.04979811574697174
0 0.574523396880416 0.3997308209959623 0.14038128249566725 0.2449528936742934
1 0.26256499133448874 0.3001345895020188 0.05025996533795494 0.05114401076716016
0 0.2651646447140381 0.3936742934051144 0.14904679376083188 0.2489905787348587
1 0.021663778162911613 0.3021534320323015 0.043327556325823226 0.033647375504710635
0 0.08492201039861352 0.39703903095558546 0.16984402079722705 0.2395693135935397
1 0.02512998266897747 0.2072678331090175 0.043327556325823226 0.04306864064602961
0 0.058925476603119586 0.27927321668909827 0.11785095320623917 0.20053835800807537
1 0.14038128249566725 0.20592193808882908 0.0415944540727903 0.034993270524899055
0 0.15944540727902945 0.2812920592193809 0.12478336221837089 0.19650067294751009
1 0.5788561525129983 0.2032301480484522 0.045060658578856154 0.05114401076716016
0 0.57105719237435 0.2812920592193809 0.12305025996533796 0.2126514131897712
1 0.6837088388214905 0.20659488559892328 0.03986135181975736 0.04172274562584118
0 0.6993067590987868 0.2839838492597577 0.12305025996533796 0.2072678331090175
1 0.91421143847487 0.051816958277254375 0.04679376083188908 0.039030955585464336
0 0.902946273830156 0.17631224764468373 0.14211438474870017 0.2934051144010767
1 0.7279029462738301 0.07806191117092867 0.0415944540727903 0.029609690444145357
0 0.7469670710571924 0.17967698519515476 0.12824956672443674 0.24360699865410498
1 0.6975736568457539 0.13930013458950202 0.03986135181975736 0.039030955585464336
0 0.6889081455805892 0.20861372812920592 0.08145580589254767 0.18304172274562583
1 0.5684575389948007 0.08546433378196501 0.04852686308492201 0.04172274562584118
0 0.550259965337955 0.21399730820995963 0.13344887348353554 0.3122476446837147
1 0.45753899480069327 0.12920592193808883 0.0415944540727903 0.040376850605652756
0 0.4748700173310225 0.2072678331090175 0.12824956672443674 0.2072678331090175
1 0.36741767764298094 0.11641991924629878 0.0415944540727903 0.039030955585464336
0 0.3830155979202773 0.2018842530282638 0.13518197573656845 0.2180349932705249
1 0.2296360485268631 0.148721399730821 0.04679376083188908 0.04172274562584118
0 0.19670710571923744 0.21130551816958276 0.13344887348353554 0.18304172274562583
1 0.060658578856152515 0.12113055181695828 0.038128249566724434 0.034993270524899055
0 0.0779896013864818 0.19986541049798115 0.14558058925476602 0.20592193808882908
1 0.016464471403812825 0.04374158815612382 0.03292894280762565 0.039030955585464336
0 0.043327556325823226 0.11103633916554509 0.08665511265164645 0.18438761776581428
1 0.11351819757365685 0.03633916554508748 0.03986135181975736 0.04576043068640646
0 0.10571923743500866 0.10699865410497982 0.12131715771230503 0.19246298788694483
1 0.1949740034662045 0.052489905787348586 0.03292894280762565 0.034993270524899055
0 0.18977469670710573 0.11641991924629878 0.09532062391681109 0.17362045760430686
1 0.30155979202772965 0.047106325706594884 0.038128249566724434 0.03768506056527591
0 0.292894280762565 0.11507402422611036 0.11091854419410745 0.1816958277254374
1 0.3310225303292894 0.08748317631224764 0.038128249566724434 0.03230148048452221
0 0.32842287694974004 0.1601615074024226 0.09185441941074524 0.18842530282637954
1 0.41074523396880414 0.09825033647375504 0.03466204506065858 0.03768506056527591
0 0.4194107452339688 0.16285329744279947 0.09358752166377816 0.180349932705249
1 0.5086655112651647 0.08613728129205922 0.03986135181975736 0.040376850605652756
0 0.5147313691507799 0.15679676985195154 0.11785095320623917 0.19246298788694483
1 0.38648180242634317 0.05047106325706595 0.0415944540727903 0.04172274562584118
0 0.3873483535528596 0.11574697173620457 0.09185441941074524 0.180349932705249
1 0.44280762564991333 0.03230148048452221 0.043327556325823226 0.03768506056527591
0 0.42980935875216636 0.0955585464333782 0.07625649913344887 0.1695827725437416
1 0.3440207972270364 0.018842530282637954 0.03986135181975736 0.03230148048452221
0 0.34748700173310226 0.0847913862718708 0.09878682842287695 0.1695827725437416
1 0.25909878682842286 0.017496635262449527 0.03292894280762565 0.03230148048452221
0 0.25736568457538994 0.0847913862718708 0.09532062391681109 0.1695827725437416
1 0.17677642980935876 0.017496635262449527 0.0415944540727903 0.034993270524899055
0 0.1707105719237435 0.08546433378196501 0.1022530329289428 0.17092866756393002
1 0.1317157712305026 0.012113055181695828 0.03119584055459272 0.024226110363391656
0 0.12564991334488734 0.0800807537012113 0.10571923743500866 0.1601615074024226
1 0.036395147313691506 0.010767160161507403 0.02772963604852686 0.021534320323014805
0 0.04679376083188908 0.08075370121130551 0.09358752166377816 0.16150740242261102
1 0.5008665511265165 0.014804845222072678 0.038128249566724434 0.029609690444145357
0 0.4826689774696707 0.08209959623149395 0.10571923743500866 0.1641991924629879
1 0.5727902946273831 0.016823687752355317 0.036395147313691506 0.033647375504710635
0 0.5563258232235702 0.07267833109017496 0.09012131715771231 0.14535666218034993
1 0.8682842287694974 0.040376850605652756 0.03466204506065858 0.034993270524899055
0 0.8604852686308492 0.08075370121130551 0.08492201039861352 0.12382234185733512
1 0.9636048526863085 0.03633916554508748 0.038128249566724434 0.029609690444145357
0 0.9636048526863085 0.11911170928667564 0.07279029462738301 0.20861372812920592
1 0.9558058925476604 0.1500672947510094 0.036395147313691506 0.03095558546433378
0 0.9532062391681109 0.22072678331090176 0.09358752166377816 0.19650067294751009
1 0.9922010398613518 0.1063257065948856 0.01559792027729636 0.03230148048452221
0 0.975736568457539 0.17900403768506057 0.04852686308492201 0.18842530282637954
1 0.8509532062391681 0.07065948855989233 0.038128249566724434 0.03633916554508748
0 0.8492201039861352 0.13593539703903096 0.11438474870017332 0.17765814266487215
1 0.7868284228769498 0.012113055181695828 0.03119584055459272 0.024226110363391656
0 0.7850953206239168 0.07335127860026917 0.11091854419410745 0.14670255720053835
1 0.8587521663778163 0.01547779273216689 0.03986135181975736 0.03095558546433378
0 0.8622183708838822 0.06796769851951548 0.09878682842287695 0.13593539703903096