1 0.0625 0.31166666666666665 0.105 0.15
0 0.124375 0.6133333333333333 0.24875 0.7733333333333333
1 0.16875 0.36583333333333334 0.03 0.04833333333333333
0 0.16 0.48583333333333334 0.08 0.29833333333333334
1 0.20125 0.37916666666666665 0.03 0.045
0 0.20125 0.48583333333333334 0.07 0.265
1 0.22875 0.4608333333333333 0.015 0.021666666666666667
0 0.2325 0.5108333333333334 0.0325 0.13166666666666665
1 0.279375 0.3933333333333333 0.02375 0.03666666666666667
0 0.275 0.495 0.07 0.24666666666666667
1 0.30875 0.4033333333333333 0.0325 0.04666666666666667
0 0.30875 0.5383333333333333 0.0875 0.33666666666666667
1 0.345 0.4083333333333333 0.025 0.03666666666666667
0 0.351875 0.5283333333333333 0.07125 0.2833333333333333
1 0.4025 0.4608333333333333 0.0175 0.025
0 0.38 0.5308333333333334 0.0625 0.17833333333333334
1 0.419375 0.43333333333333335 0.02125 0.03666666666666667
0 0.415 0.545 0.0725 0.26666666666666666
1 0.405 0.4608333333333333 0.0175 0.025
0 0.409375 0.5466666666666666 0.04875 0.20333333333333334
1 0.456875 0.4475 0.01375 0.018333333333333333
0 0.455625 0.495 0.01875 0.12
1 0.46625 0.465 0.0125 0.02
0 0.468125 0.5183333333333333 0.04125 0.13666666666666666
1 0.48375 0.495 0.0225 0.03
0 0.48875 0.5816666666666667 0.0725 0.21666666666666667
1 0.51875 0.47333333333333333 0.015 0.02666666666666667
0 0.51875 0.5441666666666667 0.0475 0.17833333333333334
1 0.540625 0.48 0.01875 0.03
0 0.54 0.5575 0.0525 0.19833333333333333
1 0.55875 0.49083333333333334 0.0175 0.025
0 0.56375 0.5758333333333333 0.045 0.20166666666666666
1 0.5825 0.5108333333333334 0.0275 0.03833333333333333
0 0.581875 0.6241666666666666 0.06625 0.2783333333333333
1 0.58125 0.48833333333333334 0.02 0.03
0 0.579375 0.5533333333333333 0.03625 0.16333333333333333
1 0.605625 0.5 0.02125 0.03333333333333333
0 0.6075 0.5916666666666667 0.05 0.22333333333333333
1 0.64 0.5091666666666667 0.0225 0.03166666666666667
0 0.64875 0.6041666666666666 0.0625 0.225
1 0.63625 0.48083333333333333 0.0175 0.025
0 0.63875 0.5591666666666667 0.055 0.18833333333333332
1 0.62 0.4608333333333333 0.015 0.018333333333333333
0 0.626875 0.5366666666666666 0.04125 0.17666666666666667
1 0.699375 0.4683333333333333 0.01875 0.02666666666666667
0 0.696875 0.5508333333333333 0.06125 0.205
1 0.705625 0.5041666666666667 0.02375 0.03166666666666667
0 0.7 0.5891666666666666 0.0625 0.21166666666666667
1 0.749375 0.5341666666666667 0.02875 0.041666666666666664
0 0.746875 0.6575 0.10625 0.29833333333333334
1 0.77375 0.5175 0.0225 0.03833333333333333
0 0.775 0.6225 0.0675 0.255
1 0.7975 0.5791666666666667 0.03 0.04833333333333333
0 0.788125 0.7033333333333334 0.09875 0.30666666666666664
1 0.85375 0.5358333333333334 0.035 0.03833333333333333
0 0.84625 0.6458333333333334 0.0725 0.27166666666666667
1 0.858125 0.5883333333333334 0.03125 0.043333333333333335
0 0.85375 0.74 0.125 0.35333333333333333
1 0.9225 0.5441666666666667 0.0325 0.03833333333333333
0 0.915 0.6933333333333334 0.1 0.3433333333333333
1 0.9925 0.5458333333333333 0.015 0.04833333333333333
0 0.96375 0.7408333333333333 0.0725 0.445
1 0.839375 0.4066666666666667 0.01375 0.02
0 0.835 0.45 0.0325 0.11333333333333333
1 0.874375 0.4083333333333333 0.01125 0.016666666666666666
0 0.87875 0.4483333333333333 0.0375 0.10333333333333333
1 0.9075 0.4116666666666667 0.0125 0.016666666666666666
0 0.903125 0.455 0.03375 0.11
1 0.918125 0.405 0.01125 0.016666666666666666
0 0.921875 0.44333333333333336 0.03125 0.1
1 0.898125 0.40166666666666667 0.00875 0.013333333333333334
0 0.89875 0.43583333333333335 0.025 0.09833333333333333
1 0.625625 0.4058333333333333 0.00625 0.008333333333333333
0 0.625 0.42 0.015 0.043333333333333335
1 0.51875 0.4091666666666667 0.0125 0.035
0 0.51875 0.4091666666666667 0.0125 0.035