1 0.9625220458553791 0.3341176470588235 0.059082892416225746 0.09176470588235294
0 0.951058201058201 0.5464705882352942 0.09788359788359788 0.5235294117647059
1 0.9007936507936508 0.3111764705882353 0.048500881834215165 0.07411764705882352
0 0.8999118165784833 0.5294117647058824 0.12257495590828923 0.52
1 0.8267195767195767 0.2876470588235294 0.04144620811287478 0.07176470588235294
0 0.8276014109347443 0.49470588235294116 0.13315696649029982 0.5
1 0.7358906525573192 0.2811764705882353 0.04144620811287478 0.06352941176470588
0 0.732363315696649 0.49117647058823527 0.11022927689594356 0.49058823529411766
1 0.6706349206349206 0.30058823529411766 0.04144620811287478 0.06941176470588235
0 0.6688712522045855 0.5047058823529412 0.10846560846560846 0.4823529411764706
1 0.5815696649029982 0.3211764705882353 0.04144620811287478 0.06823529411764706
0 0.5846560846560847 0.5164705882352941 0.12522045855379188 0.46588235294117647
1 0.49382716049382713 0.3688235294117647 0.03350970017636684 0.06235294117647059
0 0.4933862433862434 0.5435294117647059 0.09788359788359788 0.4235294117647059
1 0.4757495590828924 0.3211764705882353 0.043209876543209874 0.06823529411764706
0 0.4783950617283951 0.5029411764705882 0.09435626102292768 0.4364705882352941
1 0.41710758377425045 0.3688235294117647 0.037037037037037035 0.06235294117647059
0 0.4069664902998236 0.5417647058823529 0.10670194003527336 0.4388235294117647
1 0.3430335097001764 0.35 0.029982363315696647 0.05764705882352941
0 0.3350970017636684 0.5294117647058824 0.10405643738977072 0.4541176470588235
1 0.4409171075837742 0.2782352941176471 0.03880070546737213 0.06
0 0.4409171075837742 0.4788235294117647 0.1111111111111111 0.48705882352941177
1 0.38492063492063494 0.3211764705882353 0.03439153439153439 0.0611764705882353
0 0.38315696649029984 0.5047058823529412 0.09082892416225749 0.4329411764705882
1 0.34700176366843033 0.29058823529411765 0.027336860670194002 0.04470588235294118
0 0.3474426807760141 0.49411764705882355 0.08994708994708994 0.46352941176470586
1 0.30952380952380953 0.32529411764705884 0.03527336860670194 0.05529411764705883
0 0.3090828924162258 0.5123529411764706 0.10493827160493827 0.4364705882352941
1 0.22530864197530864 0.3547058823529412 0.03968253968253968 0.06470588235294118
0 0.23368606701940034 0.5323529411764706 0.10934744268077601 0.43411764705882355
1 0.057760141093474424 0.3447058823529412 0.04144620811287478 0.06823529411764706
0 0.06922398589065255 0.5241176470588236 0.11022927689594356 0.44823529411764707
1 0.164021164021164 0.35058823529411764 0.031746031746031744 0.05647058823529412
0 0.164021164021164 0.5223529411764706 0.10934744268077601 0.4117647058823529
1 0.19091710758377425 0.32941176470588235 0.03968253968253968 0.06352941176470588
0 0.19135802469135801 0.5170588235294118 0.10934744268077601 0.4435294117647059
1 0.26278659611992944 0.34823529411764703 0.031746031746031744 0.05647058823529412
0 0.25925925925925924 0.5335294117647059 0.08641975308641975 0.4294117647058823
1 0.27998236331569665 0.3076470588235294 0.036155202821869487 0.05529411764705883
0 0.2795414462081129 0.5029411764705882 0.08641975308641975 0.45294117647058824
1 0.345679012345679 0.29 0.029982363315696647 0.04588235294117647
0 0.349647266313933 0.49823529411764705 0.09964726631393298 0.4647058823529412