1 0.9834905660377359 0.6591981132075472 0.026729559748427674 0.04009433962264151
0 0.976808176100629 0.7765330188679245 0.046383647798742135 0.2818396226415094
1 0.9630503144654088 0.6662735849056604 0.0220125786163522 0.04009433962264151
0 0.9650157232704403 0.7841981132075472 0.0699685534591195 0.28537735849056606
1 0.9060534591194969 0.6650943396226415 0.02279874213836478 0.03773584905660377
0 0.9072327044025157 0.785377358490566 0.055031446540880505 0.28537735849056606
1 0.7759433962264151 0.7063679245283019 0.018867924528301886 0.03537735849056604
0 0.7712264150943396 0.8089622641509434 0.0660377358490566 0.24528301886792453
1 0.7405660377358491 0.7087264150943396 0.020440251572327043 0.03537735849056604
0 0.7323113207547169 0.8136792452830188 0.06210691823899371 0.25
1 0.675314465408805 0.6863207547169812 0.02358490566037736 0.04009433962264151
0 0.6682389937106918 0.7942216981132075 0.04245283018867924 0.25825471698113206
1 0.6187106918238994 0.6969339622641509 0.0220125786163522 0.03773584905660377
0 0.6269654088050315 0.7883254716981132 0.05581761006289308 0.2346698113207547
1 0.6022012578616353 0.6981132075471698 0.01729559748427673 0.0330188679245283
0 0.6025943396226415 0.8001179245283019 0.0589622641509434 0.24646226415094338
1 0.5290880503144654 0.6698113207547169 0.02358490566037736 0.03773584905660377
0 0.5345911949685535 0.7889150943396226 0.08490566037735849 0.2783018867924528
1 0.4661949685534591 0.7517688679245284 0.01729559748427673 0.031839622641509434
0 0.4783805031446541 0.8242924528301887 0.054245283018867926 0.19811320754716982
1 0.4331761006289308 0.6875 0.020440251572327043 0.03773584905660377
0 0.43907232704402516 0.7912735849056604 0.05267295597484277 0.25471698113207547
1 0.4221698113207547 0.7034198113207547 0.0220125786163522 0.03891509433962264
0 0.4123427672955975 0.8130896226415094 0.0809748427672956 0.26297169811320753
1 0.32861635220125784 0.660377358490566 0.02358490566037736 0.0330188679245283
0 0.32507861635220126 0.7682783018867925 0.05267295597484277 0.25589622641509435
1 0.2952044025157233 0.6762971698113207 0.018081761006289308 0.031839622641509434
0 0.2936320754716981 0.7718160377358491 0.05267295597484277 0.22995283018867924
1 0.2562893081761006 0.6821933962264151 0.0220125786163522 0.03891509433962264
0 0.2613993710691824 0.785377358490566 0.041666666666666664 0.25
1 0.23977987421383648 0.6827830188679245 0.0220125786163522 0.03537735849056604
0 0.24921383647798742 0.7959905660377359 0.04874213836477988 0.2688679245283019
1 0.21737421383647798 0.6615566037735849 0.02122641509433962 0.03773584905660377
0 0.22327044025157233 0.7600235849056604 0.04716981132075472 0.23938679245283018
1 0.2028301886792453 0.6886792452830188 0.0220125786163522 0.04245283018867924
0 0.19536163522012578 0.7918632075471698 0.05581761006289308 0.25589622641509435
1 0.21816037735849056 0.7028301886792453 0.02279874213836478 0.03773584905660377
0 0.21816037735849056 0.8089622641509434 0.05581761006289308 0.25707547169811323
1 0.08765723270440251 0.6851415094339622 0.01650943396226415 0.030660377358490566
0 0.08726415094339622 0.7694575471698113 0.04245283018867924 0.20400943396226415