1 0.09041666666666667 0.81125 0.004166666666666667 0.005
0 0.09083333333333334 0.82125 0.008333333333333333 0.0275
1 0.11333333333333333 0.79375 0.005 0.0075
0 0.11291666666666667 0.809375 0.009166666666666667 0.04375
1 0.12 0.815 0.0033333333333333335 0.005
0 0.11791666666666667 0.8275 0.009166666666666667 0.035
1 0.14833333333333334 0.82625 0.006666666666666667 0.03
0 0.14833333333333334 0.82625 0.006666666666666667 0.03
1 0.15583333333333332 0.814375 0.0033333333333333335 0.00375
0 0.15541666666666668 0.825625 0.009166666666666667 0.03125
1 0.1675 0.81375 0.0033333333333333335 0.005
0 0.16625 0.82375 0.0075 0.0275
1 0.17583333333333334 0.813125 0.0033333333333333335 0.00625
0 0.1725 0.826875 0.01 0.04125
1 0.18833333333333332 0.810625 0.0033333333333333335 0.00625
0 0.18708333333333332 0.82625 0.009166666666666667 0.0425
1 0.1925 0.81125 0.005 0.0075
0 0.19208333333333333 0.82875 0.014166666666666666 0.05
1 0.20375 0.810625 0.004166666666666667 0.00625
0 0.2025 0.826875 0.008333333333333333 0.04375
1 0.20833333333333334 0.81125 0.005 0.0075
0 0.20791666666666667 0.829375 0.0125 0.04625
1 0.21583333333333332 0.811875 0.0033333333333333335 0.00625
0 0.21541666666666667 0.829375 0.009166666666666667 0.04625
1 0.21916666666666668 0.8075 0.005 0.0075
0 0.22041666666666668 0.826875 0.010833333333333334 0.04875
1 0.22875 0.830625 0.0075 0.03625
0 0.22875 0.830625 0.0075 0.03625
1 0.23375 0.815 0.004166666666666667 0.0075
0 0.23458333333333334 0.834375 0.0125 0.04875
1 0.24 0.830625 0.011666666666666667 0.05125
0 0.24 0.830625 0.011666666666666667 0.05125
1 0.25875 0.816875 0.004166666666666667 0.00625
0 0.2579166666666667 0.83625 0.014166666666666666 0.05
1 0.27166666666666667 0.814375 0.005 0.00625
0 0.26875 0.835625 0.015833333333333335 0.05625
1 0.2808333333333333 0.815 0.005 0.0075
0 0.28125 0.83375 0.0125 0.05
1 0.28875 0.814375 0.004166666666666667 0.00625
0 0.2866666666666667 0.834375 0.01 0.05125
1 0.295 0.8175 0.005 0.0075
0 0.29541666666666666 0.836875 0.0125 0.05125
1 0.30083333333333334 0.8175 0.005 0.0075
0 0.30041666666666667 0.835625 0.010833333333333334 0.04875
1 0.3104166666666667 0.814375 0.005833333333333334 0.00875
0 0.3070833333333333 0.835 0.014166666666666666 0.055
1 0.31416666666666665 0.818125 0.005 0.00875
0 0.3129166666666667 0.8375 0.014166666666666666 0.05
1 0.3204166666666667 0.814375 0.004166666666666667 0.00625
0 0.32166666666666666 0.8375 0.011666666666666667 0.055
1 0.32666666666666666 0.810625 0.006666666666666667 0.00875
0 0.3254166666666667 0.83625 0.014166666666666666 0.0625
1 0.33541666666666664 0.81 0.005833333333333334 0.01
0 0.3358333333333333 0.83375 0.011666666666666667 0.06
1 0.35083333333333333 0.8175 0.006666666666666667 0.0075
0 0.35041666666666665 0.83875 0.010833333333333334 0.055
1 0.35875 0.813125 0.005833333333333334 0.00875
0 0.3591666666666667 0.836875 0.011666666666666667 0.05875
1 0.36625 0.818125 0.004166666666666667 0.00625
0 0.36625 0.835625 0.009166666666666667 0.04375
1 0.3745833333333333 0.819375 0.004166666666666667 0.00625
0 0.37166666666666665 0.839375 0.01 0.04875
1 0.37916666666666665 0.81875 0.005 0.0075
0 0.37833333333333335 0.83625 0.011666666666666667 0.045
1 0.38875 0.815 0.004166666666666667 0.0075
0 0.3879166666666667 0.835625 0.010833333333333334 0.05125
1 0.40375 0.81625 0.004166666666666667 0.0075
0 0.40375 0.836875 0.0075 0.05125
1 0.39958333333333335 0.83625 0.010833333333333334 0.05
0 0.39958333333333335 0.83625 0.010833333333333334 0.05
1 0.41 0.819375 0.005 0.00625
0 0.4091666666666667 0.8375 0.011666666666666667 0.0475
1 0.42291666666666666 0.818125 0.004166666666666667 0.00625
0 0.4225 0.834375 0.01 0.04125
1 0.43083333333333335 0.83375 0.023333333333333334 0.0525
0 0.43083333333333335 0.83375 0.023333333333333334 0.0525
1 0.4579166666666667 0.810625 0.005833333333333334 0.01125
0 0.455 0.834375 0.015 0.06125
1 0.48 0.81375 0.005 0.01
0 0.4766666666666667 0.835625 0.015 0.05625
1 0.47291666666666665 0.816875 0.004166666666666667 0.00625
0 0.47333333333333333 0.8325 0.011666666666666667 0.045
1 0.48125 0.81375 0.005833333333333334 0.01
0 0.48 0.834375 0.011666666666666667 0.05375
1 0.4979166666666667 0.814375 0.004166666666666667 0.00625
0 0.4979166666666667 0.835 0.0125 0.0525
1 0.5108333333333334 0.8175 0.005 0.0075
0 0.51 0.833125 0.011666666666666667 0.04375
1 0.5179166666666667 0.814375 0.005833333333333334 0.00875
0 0.5179166666666667 0.8375 0.015833333333333335 0.0575
1 0.5329166666666667 0.818125 0.004166666666666667 0.00625
0 0.52875 0.83625 0.015833333333333335 0.05
1 0.5354166666666667 0.814375 0.004166666666666667 0.00625
0 0.53375 0.83 0.009166666666666667 0.0425
1 0.5408333333333334 0.815 0.005 0.01
0 0.5408333333333334 0.83375 0.013333333333333334 0.0525
1 0.5595833333333333 0.815 0.004166666666666667 0.0075
0 0.5604166666666667 0.836875 0.015833333333333335 0.05625
1 0.5729166666666666 0.813125 0.005833333333333334 0.00875
0 0.5720833333333334 0.83625 0.014166666666666666 0.0575
1 0.58375 0.816875 0.005833333333333334 0.00875
0 0.585 0.83875 0.015 0.055
1 0.6154166666666666 0.815625 0.004166666666666667 0.00625
0 0.615 0.83375 0.015 0.0475
1 0.62375 0.818125 0.004166666666666667 0.00625
0 0.6245833333333334 0.834375 0.010833333333333334 0.04375
1 0.63375 0.813125 0.004166666666666667 0.00625
0 0.63375 0.833125 0.0125 0.04875
1 0.6670833333333334 0.82125 0.004166666666666667 0.005
0 0.66625 0.831875 0.0125 0.02875
1 0.6745833333333333 0.820625 0.004166666666666667 0.00625
0 0.6754166666666667 0.838125 0.010833333333333334 0.04625
1 0.7 0.814375 0.0033333333333333335 0.00375
0 0.6995833333333333 0.824375 0.0075 0.02625
1 0.7191666666666666 0.815 0.0033333333333333335 0.005
0 0.7191666666666666 0.8275 0.008333333333333333 0.0325
1 0.7258333333333333 0.828125 0.011666666666666667 0.02625
0 0.7258333333333333 0.828125 0.011666666666666667 0.02625
1 0.7333333333333333 0.82375 0.0033333333333333335 0.005
0 0.73375 0.83 0.009166666666666667 0.0225
1 0.7454166666666666 0.818125 0.004166666666666667 0.00625
0 0.7433333333333333 0.835 0.011666666666666667 0.0475
1 0.7595833333333334 0.8125 0.004166666666666667 0.0075
0 0.75875 0.82625 0.010833333333333334 0.0375
1 0.76875 0.8125 0.0025 0.005
0 0.7679166666666667 0.825625 0.009166666666666667 0.03375
1 0.775 0.81125 0.0033333333333333335 0.005
0 0.7741666666666667 0.825 0.01 0.0375
1 0.7833333333333333 0.819375 0.0033333333333333335 0.00375
0 0.7841666666666667 0.83 0.008333333333333333 0.03
1 0.7875 0.818125 0.0033333333333333335 0.00625
0 0.7883333333333333 0.826875 0.01 0.03125
1 0.79625 0.828125 0.010833333333333334 0.03375
0 0.79625 0.828125 0.010833333333333334 0.03375
1 0.795 0.8375 0.011666666666666667 0.0375
0 0.795 0.8375 0.011666666666666667 0.0375
1 0.8079166666666666 0.826875 0.0075 0.02625
0 0.8079166666666666 0.826875 0.0075 0.02625
1 0.8158333333333333 0.825 0.0033333333333333335 0.005
0 0.815 0.8325 0.01 0.025
1 0.82375 0.828125 0.0075 0.02625
0 0.82375 0.828125 0.0075 0.02625
1 0.8279166666666666 0.829375 0.0075 0.02875
0 0.8279166666666666 0.829375 0.0075 0.02875
1 0.8533333333333334 0.81875 0.0033333333333333335 0.005
0 0.85125 0.831875 0.009166666666666667 0.03375
1 0.8591666666666666 0.81625 0.0033333333333333335 0.005
0 0.85875 0.83125 0.009166666666666667 0.04
1 0.8670833333333333 0.814375 0.004166666666666667 0.00625
0 0.865 0.831875 0.018333333333333333 0.04375
1 0.9575 0.8325 0.011666666666666667 0.0325
0 0.9575 0.8325 0.011666666666666667 0.0325
1 0.9779166666666667 0.821875 0.004166666666666667 0.00625
0 0.9779166666666667 0.8325 0.009166666666666667 0.035
1 0.16208333333333333 0.825625 0.005833333333333334 0.02875
0 0.16208333333333333 0.825625 0.005833333333333334 0.02875