1 0.05180840664711633 0.4721739130434783 0.011730205278592375 0.050434782608695654
0 0.05180840664711633 0.4721739130434783 0.011730205278592375 0.050434782608695654
1 0.06109481915933529 0.47391304347826085 0.010752688172043012 0.05391304347826087
0 0.06109481915933529 0.47391304347826085 0.010752688172043012 0.05391304347826087
1 0.06695992179863147 0.4504347826086956 0.004887585532746823 0.010434782608695653
0 0.06793743890518084 0.47391304347826085 0.01270772238514174 0.06434782608695652
1 0.0718475073313783 0.47304347826086957 0.004887585532746823 0.010434782608695653
0 0.07282502443792767 0.49043478260869566 0.010752688172043012 0.04521739130434783
1 0.07917888563049853 0.45652173913043476 0.005865102639296188 0.008695652173913044
0 0.07869012707722385 0.48 0.008797653958944282 0.059130434782608696
1 0.10312805474095797 0.4617391304347826 0.004887585532746823 0.008695652173913044
0 0.10215053763440861 0.48 0.010752688172043012 0.04869565217391304
1 0.10703812316715543 0.4930434782608696 0.01466275659824047 0.03304347826086956
0 0.10703812316715543 0.4930434782608696 0.01466275659824047 0.03304347826086956
1 0.12072336265884653 0.4721739130434783 0.008797653958944282 0.04
0 0.12072336265884653 0.4721739130434783 0.008797653958944282 0.04
1 0.15640273704789834 0.4808695652173913 0.009775171065493646 0.043478260869565216
0 0.15640273704789834 0.4808695652173913 0.009775171065493646 0.043478260869565216
1 0.16666666666666666 0.48 0.008797653958944282 0.05217391304347826
0 0.16666666666666666 0.48 0.008797653958944282 0.05217391304347826
1 0.21114369501466276 0.4756521739130435 0.009775171065493646 0.05391304347826087
0 0.21114369501466276 0.4756521739130435 0.009775171065493646 0.05391304347826087
1 0.22189638318670576 0.45217391304347826 0.0039100684261974585 0.006956521739130435
0 0.22140762463343108 0.4721739130434783 0.010752688172043012 0.06086956521739131
1 0.23216031280547408 0.4547826086956522 0.004887585532746823 0.008695652173913044
0 0.23069403714565004 0.47391304347826085 0.011730205278592375 0.05391304347826087
1 0.25024437927663734 0.4539130434782609 0.0039100684261974585 0.006956521739130435
0 0.2482893450635386 0.47304347826086957 0.013685239491691105 0.04869565217391304
1 0.4780058651026393 0.4791304347826087 0.011730205278592375 0.043478260869565216
0 0.4780058651026393 0.4791304347826087 0.011730205278592375 0.043478260869565216
1 0.49266862170087977 0.4852173913043478 0.009775171065493646 0.04521739130434783
0 0.49266862170087977 0.4852173913043478 0.009775171065493646 0.04521739130434783
1 0.6427174975562072 0.5617391304347826 0.010752688172043012 0.017391304347826087
0 0.6402737047898338 0.5991304347826087 0.021505376344086023 0.09913043478260869
1 0.03372434017595308 0.5469565217391305 0.004887585532746823 0.008695652173913044
0 0.03470185728250244 0.5678260869565217 0.01270772238514174 0.06434782608695652
1 0.05278592375366569 0.5443478260869565 0.005865102639296188 0.010434782608695653
0 0.05229716520039101 0.5695652173913044 0.01270772238514174 0.06434782608695652
1 0.0689149560117302 0.5443478260869565 0.008797653958944282 0.01391304347826087
0 0.06744868035190615 0.5860869565217391 0.015640273704789834 0.09739130434782609
1 0.0826001955034213 0.5695652173913044 0.008797653958944282 0.01217391304347826
0 0.08064516129032258 0.5886956521739131 0.01857282502443793 0.057391304347826085
1 0.13343108504398826 0.5469565217391305 0.006842619745845552 0.01217391304347826
0 0.13098729227761485 0.5747826086956521 0.015640273704789834 0.07478260869565218
1 0.13929618768328444 0.54 0.006842619745845552 0.01217391304347826
0 0.13831867057673508 0.5826086956521739 0.022482893450635387 0.09739130434782609
1 0.16764418377321602 0.551304347826087 0.008797653958944282 0.017391304347826087
0 0.16764418377321602 0.5956521739130435 0.024437927663734114 0.11652173913043479
1 0.18621700879765396 0.5443478260869565 0.006842619745845552 0.010434782608695653
0 0.18572825024437928 0.58 0.013685239491691105 0.08521739130434783
1 0.19452590420332355 0.5365217391304348 0.005865102639296188 0.01217391304347826
0 0.19452590420332355 0.5695652173913044 0.013685239491691105 0.0817391304347826
1 0.2047898338220919 0.5391304347826087 0.006842619745845552 0.01391304347826087
0 0.20625610948191594 0.5765217391304348 0.015640273704789834 0.09565217391304348
1 0.21994134897360704 0.5478260869565217 0.007820136852394917 0.017391304347826087
0 0.218475073313783 0.5878260869565217 0.016617790811339198 0.10086956521739131
1 0.2565982404692082 0.5521739130434783 0.006842619745845552 0.01217391304347826
0 0.2541544477028348 0.5852173913043478 0.011730205278592375 0.0817391304347826
1 0.2649071358748778 0.5469565217391305 0.007820136852394917 0.01565217391304348
0 0.26392961876832843 0.5808695652173913 0.013685239491691105 0.09043478260869565
1 0.26930596285434993 0.5556521739130434 0.004887585532746823 0.01217391304347826
0 0.2702834799608993 0.5834782608695652 0.010752688172043012 0.0782608695652174
1 0.2849462365591398 0.548695652173913 0.006842619745845552 0.01217391304347826
0 0.2878787878787879 0.5791304347826087 0.022482893450635387 0.08
1 0.3260019550342131 0.5539130434782609 0.008797653958944282 0.01565217391304348
0 0.32697947214076245 0.591304347826087 0.016617790811339198 0.09739130434782609
1 0.37927663734115347 0.5460869565217391 0.007820136852394917 0.017391304347826087
0 0.3763440860215054 0.5869565217391305 0.02932551319648094 0.11304347826086956
1 0.3890518084066471 0.5608695652173913 0.009775171065493646 0.019130434782608695
0 0.3885630498533724 0.5939130434782609 0.022482893450635387 0.09217391304347826
1 0.4281524926686217 0.5556521739130434 0.009775171065493646 0.019130434782608695
0 0.4286412512218964 0.591304347826087 0.016617790811339198 0.09043478260869565
1 0.49364613880742914 0.5443478260869565 0.005865102639296188 0.010434782608695653
0 0.49364613880742914 0.5730434782608695 0.013685239491691105 0.07130434782608695
1 0.509286412512219 0.5652173913043478 0.009775171065493646 0.017391304347826087
0 0.5073313782991202 0.6191304347826087 0.03128054740957967 0.1356521739130435
1 0.555229716520039 0.5495652173913044 0.0039100684261974585 0.006956521739130435
0 0.5547409579667644 0.5730434782608695 0.01270772238514174 0.057391304347826085
1 0.5698924731182796 0.5452173913043479 0.005865102639296188 0.008695652173913044
0 0.5703812316715543 0.5739130434782609 0.01466275659824047 0.059130434782608696
1 0.7165200391006843 0.56 0.007820136852394917 0.01391304347826087
0 0.7135874877810362 0.5886956521739131 0.015640273704789834 0.0817391304347826
1 0.7267839687194526 0.56 0.008797653958944282 0.017391304347826087
0 0.7258064516129032 0.5878260869565217 0.01466275659824047 0.07652173913043478
1 0.4115347018572825 0.5539130434782609 0.02737047898338221 0.06434782608695652
0 0.4095796676441838 0.7226086956521739 0.07429130009775171 0.4121739130434783
1 0.4442815249266862 0.5739130434782609 0.028347996089931573 0.06260869565217392
0 0.4467253176930596 0.7478260869565218 0.08406647116324535 0.42086956521739133
1 0.5347018572825024 0.5556521739130434 0.02541544477028348 0.05391304347826087
0 0.5317693059628543 0.7269565217391304 0.06451612903225806 0.4
1 0.5420332355816226 0.5965217391304348 0.026392961876832845 0.05565217391304348
0 0.5366568914956011 0.7617391304347826 0.06451612903225806 0.39304347826086955
1 0.5879765395894428 0.5808695652173913 0.020527859237536656 0.04869565217391304
0 0.5801564027370479 0.74 0.06158357771260997 0.3808695652173913
1 0.5977517106549365 0.5991304347826087 0.026392961876832845 0.06434782608695652
0 0.5889540566959922 0.7626086956521739 0.06940371456500488 0.4017391304347826
1 0.6202346041055719 0.611304347826087 0.024437927663734114 0.04695652173913043
0 0.6197458455522972 0.7469565217391304 0.04105571847507331 0.32869565217391306
1 0.6290322580645161 0.6634782608695652 0.026392961876832845 0.06086956521739131
0 0.626099706744868 0.7991304347826087 0.05767350928641251 0.3391304347826087
1 0.6627565982404692 0.6078260869565217 0.02737047898338221 0.057391304347826085
0 0.6627565982404692 0.7617391304347826 0.06060606060606061 0.37565217391304345
1 0.6823069403714564 0.5878260869565217 0.02541544477028348 0.05217391304347826
0 0.6788856304985337 0.7434782608695653 0.053763440860215055 0.36695652173913046
1 0.6925708699902249 0.5617391304347826 0.024437927663734114 0.05565217391304348
0 0.6886608015640274 0.7147826086956521 0.07331378299120235 0.3652173913043478
1 0.7106549364613881 0.688695652173913 0.02541544477028348 0.059130434782608696
0 0.6999022482893451 0.8165217391304348 0.056695992179863146 0.3182608695652174
1 0.7390029325513197 0.611304347826087 0.02932551319648094 0.06434782608695652
0 0.7306940371456501 0.7652173913043478 0.0772238514173998 0.37565217391304345
1 0.7546432062561095 0.5973913043478261 0.021505376344086023 0.050434782608695654
0 0.7482893450635386 0.7539130434782608 0.05571847507331378 0.37043478260869567
1 0.7932551319648093 0.5617391304347826 0.026392961876832845 0.05217391304347826
0 0.7878787878787878 0.6826086956521739 0.06060606060606061 0.29739130434782607
1 0.7971652003910068 0.6052173913043478 0.03225806451612903 0.05565217391304348
0 0.7888563049853372 0.7556521739130435 0.05865102639296188 0.3634782608695652
1 0.8162267839687195 0.5860869565217391 0.02541544477028348 0.059130434782608696
0 0.8098729227761485 0.7469565217391304 0.0635386119257087 0.38782608695652177
1 0.8181818181818182 0.662608695652174 0.02737047898338221 0.06608695652173913
0 0.8059628543499511 0.8060869565217391 0.06744868035190615 0.3565217391304348
1 0.8660801564027371 0.5652173913043478 0.02932551319648094 0.06260869565217392
0 0.8792766373411535 0.7391304347826086 0.09872922776148582 0.41739130434782606
1 0.8651026392961877 0.7226086956521739 0.02541544477028348 0.057391304347826085
0 0.8655913978494624 0.8391304347826087 0.05180840664711633 0.29391304347826086
1 0.8924731182795699 0.62 0.02932551319648094 0.057391304347826085
0 0.8914956011730205 0.7852173913043479 0.07624633431085044 0.391304347826087
1 0.8973607038123167 0.58 0.02737047898338221 0.06086956521739131
0 0.8988269794721407 0.7391304347826086 0.07917888563049853 0.3826086956521739