1 0.10175 0.6282820705176294 0.0145 0.02625656414103526
0 0.104 0.6991747936984246 0.054 0.17254313578394598
1 0.1595 0.5716429107276819 0.022 0.03600900225056264
0 0.149 0.6879219804951238 0.06 0.2760690172543136
1 0.19025 0.5851462865716429 0.0225 0.042010502625656414
0 0.19675 0.699549887471868 0.0815 0.2753188297074269
1 0.24875 0.6331582895723931 0.0205 0.04051012753188297
0 0.221 0.714178544636159 0.09 0.20855213803450862
1 0.2885 0.6534133533383346 0.024 0.03900975243810953
0 0.26125 0.7288072018004501 0.0935 0.19579894973743436
1 0.4155 0.5498874718679669 0.026 0.05401350337584396
0 0.43625 0.7018004501125281 0.0885 0.36534133533383345
1 0.58525 0.5547636909227307 0.0365 0.06976744186046512
0 0.58725 0.7573143285821455 0.1335 0.48537134283570893
1 0.808 0.513503375843961 0.097 0.18079519879969994
0 0.822 0.707801950487622 0.356 0.5843960990247562
1 0.84025 0.5101275318829708 0.0295 0.04801200300075019
0 0.83625 0.694298574643661 0.0885 0.3968492123030758
1 0.9135 0.5075018754688673 0.027 0.03825956489122281
0 0.90875 0.6534133533383346 0.0845 0.3555888972243061