1 0.18444444444444444 0.23281786941580757 0.3688888888888889 0.46563573883161513
0 0.28 0.5 0.56 1
1 0.30444444444444446 0.2422680412371134 0.27111111111111114 0.422680412371134
0 0.25925925925925924 0.5128865979381443 0.5185185185185185 0.9742268041237113
1 0.4348148148148148 0.3805841924398625 0.0725925925925926 0.1013745704467354
0 0.44296296296296295 0.6314432989690721 0.16296296296296298 0.634020618556701
1 0.5274074074074074 0.33419243986254293 0.08592592592592592 0.1254295532646048
0 0.5177777777777778 0.6262886597938144 0.24444444444444444 0.7474226804123711
1 0.7422222222222222 0.3642611683848797 0.05925925925925926 0.08934707903780069
0 0.7355555555555555 0.5781786941580757 0.17037037037037037 0.5446735395189003
1 0.8607407407407407 0.17783505154639176 0.22814814814814816 0.3556701030927835
0 0.8096296296296296 0.5 0.38074074074074077 1
1 0.9296296296296296 0.29381443298969073 0.14074074074074075 0.5876288659793815
0 0.8740740740740741 0.5 0.2518518518518518 1