1 0.8058510638297872 0.15270506108202445 0.07340425531914893 0.1273996509598604
0 0.7936170212765957 0.5270506108202443 0.2680851063829787 0.8970331588132635
1 0.7712765957446809 0.22600349040139617 0.0425531914893617 0.0924956369982548
0 0.7952127659574468 0.5462478184991274 0.1372340425531915 0.7678883071553229
1 0.6622340425531915 0.2399650959860384 0.05 0.1099476439790576
0 0.6813829787234043 0.5427574171029669 0.1478723404255319 0.7294938917975567
1 0.5670212765957446 0.2801047120418848 0.05319148936170213 0.09598603839441536
0 0.5792553191489361 0.5706806282722513 0.16063829787234044 0.6910994764397905
1 0.40797872340425534 0.2181500872600349 0.05 0.1082024432809773
0 0.40691489361702127 0.5296684118673648 0.14148936170212767 0.7626527050610821
1 0.30638297872340425 0.18673647469458987 0.04893617021276596 0.11518324607329843
0 0.3180851063829787 0.512216404886562 0.1723404255319149 0.8150087260034904
1 0.18670212765957447 0.2164048865619546 0.0627659574468085 0.1431064572425829
0 0.1952127659574468 0.5506108202443281 0.2712765957446808 0.8429319371727748