1 0.49651810584958217 0.2717391304347826 0.10445682451253482 0.06371814092953523
0 0.5174094707520891 0.4606446776611694 0.36908077994428967 0.7638680659670165
1 0.6532033426183844 0.3770614692653673 0.116991643454039 0.050974512743628186
0 0.5146239554317549 0.5813343328335832 0.44707520891364905 0.5764617691154422
1 0.9805013927576601 0.7410044977511244 0.03899721448467967 0.03373313343328336
0 0.9435933147632312 0.8257121439280359 0.11281337047353761 0.2166416791604198
1 0.692200557103064 0.7260119940029985 0.06128133704735376 0.03673163418290855
0 0.6796657381615598 0.8077211394302849 0.20055710306406685 0.22413793103448276
1 0.5111420612813371 0.7140179910044977 0.03064066852367688 0.023238380809595203
0 0.5194986072423399 0.8009745127436282 0.1532033426183844 0.22863568215892055
1 0.29526462395543174 0.6930284857571214 0.05013927576601671 0.03223388305847077
0 0.27506963788300837 0.7724887556221889 0.12395543175487465 0.19865067466266867
1 0.3934540389972145 0.6945277361319341 0.057103064066852366 0.03073463268365817
0 0.383008356545961 0.7758620689655172 0.1309192200557103 0.19490254872563717
1 0.2520891364902507 0.6937781109445277 0.04456824512534819 0.02923538230884558
0 0.2318941504178273 0.7694902548725637 0.12116991643454039 0.1866566716641679
1 0.13509749303621169 0.6926536731634183 0.04456824512534819 0.031484257871064465
0 0.116991643454039 0.7642428785607196 0.12534818941504178 0.18815592203898052
1 0.13440111420612813 0.6915292353823088 0.04874651810584958 0.03223388305847077
0 0.10236768802228412 0.7661169415292354 0.12116991643454039 0.1874062968515742
1 0.022284122562674095 0.6802848575712144 0.04456824512534819 0.02923538230884558
0 0.056406685236768804 0.7567466266866567 0.11281337047353761 0.18815592203898052
1 0.8064066852367688 0.7889805097451275 0.022284122562674095 0.012743628185907047
0 0.8008356545961003 0.8189655172413793 0.06128133704735376 0.07721139430284858