1 0.74951171875 0.224609375 0.0537109375 0.09505208333333333
0 0.74169921875 0.4700520833333333 0.1904296875 0.6015625
1 0.77685546875 0.208984375 0.0361328125 0.06640625
0 0.76025390625 0.4361979166666667 0.1162109375 0.5677083333333334
1 0.6376953125 0.21614583333333334 0.0546875 0.08854166666666667
0 0.62548828125 0.4420572916666667 0.1455078125 0.5638020833333334
1 0.525390625 0.2604166666666667 0.041015625 0.059895833333333336
0 0.51806640625 0.4498697916666667 0.0888671875 0.4518229166666667
1 0.42333984375 0.169921875 0.0615234375 0.09244791666666667
0 0.4453125 0.4368489583333333 0.17578125 0.62890625
1 0.40185546875 0.22916666666666666 0.0400390625 0.057291666666666664
0 0.3779296875 0.4375 0.150390625 0.4817708333333333
1 0.501953125 0.3170572916666667 0.0234375 0.03515625
0 0.49462890625 0.44921875 0.0908203125 0.3671875
1 0.30859375 0.3040364583333333 0.025390625 0.045572916666666664
0 0.28857421875 0.4348958333333333 0.1083984375 0.3203125