1 0.15153846153846154 0.5915271966527197 0.06307692307692307 0.06589958158995816
0 0.19038461538461537 0.7191422594142259 0.16692307692307692 0.5617154811715481
1 0.28423076923076923 0.5287656903765691 0.036153846153846154 0.05543933054393305
0 0.2765384615384615 0.6835774058577406 0.12384615384615384 0.6328451882845189
1 0.6657692307692308 0.6166317991631799 0.06076923076923077 0.07217573221757322
0 0.6626923076923077 0.7887029288702929 0.17153846153846153 0.4225941422594142
1 0.03307692307692308 0.606694560669456 0.016923076923076923 0.027196652719665274
0 0.033846153846153845 0.6924686192468619 0.06461538461538462 0.20292887029288703
1 0.9046153846153846 0.6239539748953975 0.012307692307692308 0.0198744769874477
0 0.9019230769230769 0.6773012552301255 0.040769230769230766 0.13493723849372385
1 0.9861538461538462 0.622907949790795 0.009230769230769232 0.015690376569037656
0 0.9853846153846154 0.6668410041841004 0.026153846153846153 0.11192468619246862
1 0.775 0.6286610878661087 0.019230769230769232 0.027196652719665274
0 0.7826923076923077 0.7081589958158996 0.036153846153846154 0.19456066945606695
1 0.7465384615384615 0.6286610878661087 0.016153846153846154 0.02092050209205021
0 0.7392307692307692 0.7065899581589958 0.047692307692307694 0.19769874476987448
1 0.4773076923076923 0.6448744769874477 0.014615384615384615 0.02405857740585774
0 0.475 0.7353556485355649 0.05923076923076923 0.2175732217573222
1 0.4276923076923077 0.6192468619246861 0.013846153846153847 0.02301255230125523
0 0.42423076923076924 0.700836820083682 0.06846153846153846 0.19456066945606695
1 0.4173076923076923 0.6548117154811716 0.016153846153846154 0.02301255230125523
0 0.41615384615384615 0.7123430962343096 0.04923076923076923 0.14644351464435146
1 0.5280769230769231 0.6684100418410042 0.016153846153846154 0.02510460251046025
0 0.5307692307692308 0.7186192468619247 0.046153846153846156 0.12761506276150628
1 0.5588461538461539 0.606694560669456 0.014615384615384615 0.02301255230125523
0 0.5665384615384615 0.678347280334728 0.04384615384615385 0.1788702928870293
1 0.6 0.6317991631799164 0.013846153846153847 0.01882845188284519
0 0.6038461538461538 0.7112970711297071 0.047692307692307694 0.18619246861924685
1 0.9346153846153846 0.6621338912133892 0.004615384615384616 0.008368200836820083
0 0.9323076923076923 0.678347280334728 0.021538461538461538 0.04707112970711297
1 0.3946153846153846 0.6040794979079498 0.009230769230769232 0.015690376569037656
0 0.39192307692307693 0.645397489539749 0.02076923076923077 0.1087866108786611
1 0.3780769230769231 0.6668410041841004 0.013076923076923076 0.021966527196652718
0 0.37653846153846154 0.7076359832635983 0.026923076923076925 0.1098326359832636
1 0.3484615384615385 0.6119246861924686 0.010769230769230769 0.016736401673640166
0 0.3473076923076923 0.6464435146443515 0.025384615384615384 0.0899581589958159
1 0.22884615384615384 0.6459205020920502 0.008461538461538461 0.013598326359832637
0 0.22807692307692307 0.6710251046025104 0.02846153846153846 0.07217573221757322
1 0.10307692307692308 0.4801255230125523 0.02 0.02092050209205021
0 0.11384615384615385 0.5622384937238494 0.04923076923076923 0.252092050209205
1 0.6642307692307692 0.6182008368200836 0.057692307692307696 0.06903765690376569
0 0.6815384615384615 0.7876569037656904 0.12307692307692308 0.4246861924686193
1 0.8938461538461538 0.6161087866108786 0.010769230769230769 0.016736401673640166
0 0.8969230769230769 0.6657949790794979 0.024615384615384615 0.1202928870292887
1 0.8884615384615384 0.6286610878661087 0.012307692307692308 0.016736401673640166
0 0.8873076923076924 0.6820083682008368 0.031538461538461536 0.12552301255230125
1 0.9753846153846154 0.6171548117154811 0.009230769230769232 0.012552301255230125
0 0.9746153846153847 0.6600418410041841 0.024615384615384615 0.10460251046025104
1 0.020384615384615383 0.6108786610878661 0.008461538461538461 0.014644351464435146
0 0.022692307692307692 0.6589958158995816 0.03 0.11506276150627615
1 0.8773076923076923 0.6192468619246861 0.006923076923076923 0.010460251046025104
0 0.88 0.6626569037656904 0.024615384615384615 0.10146443514644352
1 0.3373076923076923 0.6145397489539749 0.011538461538461539 0.015690376569037656
0 0.3376923076923077 0.6678870292887029 0.03076923076923077 0.12866108786610878