1 0.014641288433382138 0.56591796875 0.02635431918008785 0.0185546875
0 0.0314787701317716 0.62548828125 0.0629575402635432 0.1396484375
1 0.0629575402635432 0.59130859375 0.020497803806734993 0.0166015625
0 0.05417276720351391 0.63623046875 0.05856515373352855 0.1220703125
1 0.17423133235724744 0.5712890625 0.040995607613469986 0.041015625
0 0.17130307467057102 0.7060546875 0.13177159590043924 0.318359375
1 0.13250366032210834 0.5771484375 0.09224011713030747 0.06640625
0 0.1720351390922401 0.77099609375 0.2884333821376281 0.4580078125
1 0.23133235724743778 0.56982421875 0.029282576866764276 0.0205078125
0 0.2232796486090776 0.62646484375 0.0629575402635432 0.1416015625
1 0.26939970717423134 0.55712890625 0.02342606149341142 0.0185546875
0 0.2642752562225476 0.6220703125 0.06881405563689605 0.150390625
1 0.3191800878477306 0.55322265625 0.029282576866764276 0.0224609375
0 0.32284040995607616 0.60693359375 0.07759882869692533 0.1376953125
1 0.37774524158125916 0.552734375 0.017569546120058566 0.013671875
0 0.3718887262079063 0.5966796875 0.05856515373352855 0.109375
1 0.32210834553440704 0.56884765625 0.03513909224011713 0.0341796875
0 0.308199121522694 0.6630859375 0.11273792093704246 0.23828125
1 0.46266471449487556 0.55126953125 0.017569546120058566 0.0146484375
0 0.46266471449487556 0.60009765625 0.06442166910688141 0.1162109375
1 0.4458272327964861 0.56494140625 0.027818448023426062 0.0205078125
0 0.4443631039531479 0.6298828125 0.09224011713030747 0.16015625
1 0.5117130307467057 0.56640625 0.024890190336749635 0.01953125
0 0.5029282576866764 0.6279296875 0.08638360175695461 0.158203125
1 0.5592972181551976 0.54150390625 0.043923865300146414 0.0322265625
0 0.5600292825768668 0.65087890625 0.11566617862371889 0.2529296875
1 0.6932650073206442 0.59375 0.03367496339677892 0.0234375
0 0.6764275256222547 0.66357421875 0.1815519765739385 0.2294921875
1 0.7855051244509517 0.56396484375 0.01903367496339678 0.0146484375
0 0.7840409956076134 0.60302734375 0.06588579795021962 0.0986328125
1 0.8118594436310396 0.55810546875 0.01903367496339678 0.0146484375
0 0.8155197657393851 0.5986328125 0.043923865300146414 0.099609375
1 0.8506588579795022 0.56640625 0.017569546120058566 0.013671875
0 0.8521229868228404 0.6083984375 0.04978038067349927 0.1015625
1 0.8814055636896047 0.56396484375 0.020497803806734993 0.0146484375
0 0.8843338213762811 0.6015625 0.055636896046852125 0.099609375
1 0.9114202049780381 0.5576171875 0.027818448023426062 0.01953125
0 0.9062957540263543 0.611328125 0.08784773060029283 0.130859375
1 0.972181551976574 0.57568359375 0.055636896046852125 0.0400390625
0 0.9341142020497804 0.71142578125 0.13177159590043924 0.3212890625