1 0.19423076923076923 0.18904109589041096 0.05615384615384615 0.06027397260273973
0 0.20846153846153845 0.3698630136986301 0.1523076923076923 0.4767123287671233
1 0.9546153846153846 0.18858447488584476 0.03076923076923077 0.0410958904109589
0 0.9488461538461539 0.3095890410958904 0.09615384615384616 0.28858447488584477
1 0.833076923076923 0.18995433789954339 0.024615384615384615 0.031050228310502283
0 0.8292307692307692 0.28127853881278536 0.06769230769230769 0.2191780821917808
1 0.85 0.1963470319634703 0.02 0.025570776255707764
0 0.8296153846153846 0.2684931506849315 0.06538461538461539 0.18447488584474886
1 0.8738461538461538 0.17853881278538813 0.02 0.024657534246575342
0 0.8726923076923077 0.2511415525114155 0.05615384615384615 0.1771689497716895
1 0.688076923076923 0.20182648401826483 0.01 0.012785388127853882
0 0.6903846153846154 0.24429223744292236 0.03461538461538462 0.10136986301369863
1 0.6365384615384615 0.1908675799086758 0.011538461538461539 0.014611872146118721
0 0.6330769230769231 0.23789954337899544 0.03230769230769231 0.1141552511415525
1 0.6261538461538462 0.25525114155251144 0.02 0.042922374429223746
0 0.6261538461538462 0.25525114155251144 0.02 0.042922374429223746
1 0.6242307692307693 0.19452054794520549 0.01 0.012785388127853882
0 0.6203846153846154 0.22465753424657534 0.031538461538461536 0.07671232876712329
1 0.5942307692307692 0.20136986301369864 0.006923076923076923 0.01004566210045662
0 0.5923076923076923 0.228310502283105 0.02 0.06757990867579909
1 0.5673076923076923 0.1958904109589041 0.008461538461538461 0.011872146118721462
0 0.5676923076923077 0.22420091324200914 0.02 0.07397260273972603
1 0.55 0.17853881278538813 0.012307692307692308 0.019178082191780823
0 0.5484615384615384 0.23013698630136986 0.04153846153846154 0.12054794520547946
1 0.43846153846153846 0.1771689497716895 0.010769230769230769 0.01643835616438356
0 0.4380769230769231 0.22054794520547946 0.03307692307692308 0.10684931506849316
1 0.3776923076923077 0.19452054794520549 0.003076923076923077 0.0036529680365296802
0 0.37653846153846154 0.2054794520547945 0.008461538461538461 0.0273972602739726
1 0.2676923076923077 0.1817351598173516 0.006153846153846154 0.0091324200913242
0 0.27 0.2091324200913242 0.033846153846153845 0.06940639269406393
1 0.7546153846153846 0.2 0.007692307692307693 0.010958904109589041
0 0.7492307692307693 0.2264840182648402 0.026153846153846153 0.06575342465753424
1 0.7884615384615384 0.19315068493150686 0.004615384615384616 0.006392694063926941
0 0.7838461538461539 0.2182648401826484 0.018461538461538463 0.06027397260273973
1 0.8026923076923077 0.18949771689497716 0.006923076923076923 0.00821917808219178
0 0.7996153846153846 0.21689497716894976 0.016153846153846154 0.06301369863013699
1 0.9226923076923077 0.2004566210045662 0.006923076923076923 0.00821917808219178
0 0.92 0.22009132420091324 0.023076923076923078 0.05114155251141553
1 0.9911538461538462 0.19223744292237444 0.006923076923076923 0.00821917808219178
0 0.9919230769230769 0.2146118721461187 0.016153846153846154 0.06027397260273973
1 0.7646153846153846 0.19908675799086759 0.004615384615384616 0.005479452054794521
0 0.765 0.20730593607305936 0.011538461538461539 0.0273972602739726
1 0.7584615384615384 0.19771689497716896 0.003076923076923077 0.0045662100456621
0 0.7580769230769231 0.20730593607305936 0.011538461538461539 0.0273972602739726
1 0.7315384615384616 0.20319634703196346 0.006153846153846154 0.00821917808219178
0 0.7296153846153847 0.217351598173516 0.016153846153846154 0.04018264840182648
1 0.7169230769230769 0.2050228310502283 0.006153846153846154 0.00821917808219178
0 0.7142307692307692 0.21963470319634704 0.016153846153846154 0.0410958904109589
1 0.66 0.18995433789954339 0.007692307692307693 0.010958904109589041
0 0.6569230769230769 0.21324200913242009 0.013846153846153847 0.06118721461187215
1 0.6634615384615384 0.21187214611872146 0.013076923076923076 0.058447488584474884
0 0.6634615384615384 0.21187214611872146 0.013076923076923076 0.058447488584474884
1 0.671923076923077 0.21324200913242009 0.014615384615384615 0.053881278538812784
0 0.671923076923077 0.21324200913242009 0.014615384615384615 0.053881278538812784
1 0.6984615384615385 0.20228310502283106 0.006153846153846154 0.00821917808219178
0 0.6992307692307692 0.23059360730593606 0.023076923076923078 0.07031963470319634