1 0.871841155234657 0.4683219178082192 0.032490974729241874 0.04965753424657534
0 0.8796630565583634 0.6241438356164384 0.08664259927797834 0.3715753424657534
1 0.7779783393501805 0.4922945205479452 0.032490974729241874 0.059931506849315065
0 0.776173285198556 0.651541095890411 0.09386281588447654 0.375
1 0.8146811070998796 0.4768835616438356 0.031287605294825514 0.05650684931506849
0 0.8128760529482552 0.6327054794520548 0.07821901323706378 0.375
1 0.825511432009627 0.4246575342465753 0.031287605294825514 0.0547945205479452
0 0.8267148014440433 0.5856164383561644 0.07942238267148015 0.3835616438356164
1 0.7978339350180506 0.4589041095890411 0.026474127557160047 0.05136986301369863
0 0.7809867629362214 0.601027397260274 0.07942238267148015 0.3424657534246575
1 0.7166064981949458 0.4863013698630137 0.027677496991576414 0.05136986301369863
0 0.7226233453670277 0.6318493150684932 0.07581227436823104 0.3493150684931507
1 0.7340553549939831 0.4768835616438356 0.021660649819494584 0.04280821917808219
0 0.7268351383874849 0.6061643835616438 0.06257521058965103 0.3150684931506849
1 0.677496991576414 0.4529109589041096 0.02888086642599278 0.04280821917808219
0 0.6720818291215404 0.601027397260274 0.06618531889290012 0.3561643835616438
1 0.6606498194945848 0.4631849315068493 0.021660649819494584 0.04280821917808219
0 0.6642599277978339 0.5941780821917808 0.06016847172081829 0.3150684931506849
1 0.6058965102286402 0.4520547945205479 0.027677496991576414 0.05136986301369863
0 0.6070998796630566 0.5976027397260274 0.06618531889290012 0.3527397260273973
1 0.631768953068592 0.4674657534246575 0.019253910950661854 0.03767123287671233
0 0.6269554753309265 0.5916095890410958 0.06016847172081829 0.3133561643835616
1 0.5282791817087846 0.5034246575342466 0.026474127557160047 0.05136986301369863
0 0.5415162454873647 0.6327054794520548 0.07220216606498195 0.3167808219178082
1 0.5433212996389891 0.4537671232876712 0.027677496991576414 0.05136986301369863
0 0.5433212996389891 0.5933219178082192 0.08062575210589651 0.3441780821917808
1 0.4891696750902527 0.5136986301369864 0.02286401925391095 0.05136986301369863
0 0.4723225030084236 0.6404109589041096 0.09025270758122744 0.3150684931506849
1 0.5006016847172082 0.4554794520547945 0.024067388688327317 0.04452054794520548
0 0.4969915764139591 0.5873287671232876 0.06498194945848375 0.3219178082191781
1 0.457280385078219 0.4571917808219178 0.02888086642599278 0.05136986301369863
0 0.45968712394705175 0.5933219178082192 0.07460890493381468 0.3441780821917808
1 0.3862815884476534 0.4794520547945205 0.026474127557160047 0.05136986301369863
0 0.3832731648616125 0.615582191780822 0.08062575210589651 0.3304794520547945
1 0.41155234657039713 0.4657534246575342 0.021660649819494584 0.04452054794520548
0 0.40613718411552346 0.6027397260273972 0.06618531889290012 0.3321917808219178
1 0.42839951865222625 0.4297945205479452 0.021660649819494584 0.04452054794520548
0 0.42358604091456076 0.5565068493150684 0.06257521058965103 0.3082191780821918
1 0.3694344163658243 0.4246575342465753 0.026474127557160047 0.04794520547945205
0 0.36702767749699156 0.5702054794520548 0.06257521058965103 0.3493150684931507
1 0.3206979542719615 0.4623287671232877 0.027677496991576414 0.04794520547945205
0 0.3164861612515042 0.598458904109589 0.06738868832731648 0.3236301369863014
1 0.30866425992779783 0.4203767123287671 0.030084235860409144 0.05650684931506849
0 0.30144404332129965 0.5633561643835616 0.07340553549939831 0.3493150684931507
1 0.24729241877256317 0.4469178082191781 0.027677496991576414 0.05136986301369863
0 0.24548736462093862 0.5933219178082192 0.10348977135980746 0.3544520547945205
1 0.14921780986762936 0.4606164383561644 0.026474127557160047 0.05136986301369863
0 0.14380264741275572 0.6044520547945206 0.08543922984356198 0.3458904109589041