1 0.017391304347826087 0.33986928104575165 0.030434782608695653 0.058823529411764705
0 0.04782608695652174 0.5081699346405228 0.09565217391304348 0.4019607843137255
1 0.042391304347826085 0.33905228758169936 0.021739130434782608 0.04084967320261438
0 0.05271739130434783 0.4738562091503268 0.06847826086956521 0.3202614379084967
1 0.09402173913043478 0.3611111111111111 0.016304347826086956 0.032679738562091505
0 0.09728260869565217 0.4583333333333333 0.04891304347826087 0.23366013071895425
1 0.14347826086956522 0.37173202614379086 0.017391304347826087 0.027777777777777776
0 0.1391304347826087 0.45751633986928103 0.05217391304347826 0.20915032679738563
1 0.1815217391304348 0.380718954248366 0.017391304347826087 0.029411764705882353
0 0.17228260869565218 0.4665032679738562 0.04891304347826087 0.20751633986928106
1 0.39945652173913043 0.1895424836601307 0.0967391304347826 0.18627450980392157
0 0.39891304347826084 0.5310457516339869 0.23043478260869565 0.9379084967320261
1 0.6940217391304347 0.24183006535947713 0.10760869565217392 0.16013071895424835
0 0.6614130434782609 0.5776143790849673 0.32282608695652176 0.8447712418300654
1 0.45543478260869563 0.33251633986928103 0.030434782608695653 0.05392156862745098
0 0.453804347826087 0.5065359477124183 0.08152173913043478 0.4150326797385621
1 0.12119565217391304 0.45098039215686275 0.020652173913043477 0.03594771241830065
0 0.10652173913043478 0.5277777777777778 0.07608695652173914 0.19607843137254902
1 0.3027173913043478 0.24918300653594772 0.13152173913043477 0.2238562091503268
0 0.28532608695652173 0.5637254901960784 0.3010869565217391 0.8725490196078431