1 0.042272727272727274 0.13896457765667575 0.057272727272727274 0.10899182561307902
0 0.07727272727272727 0.44686648501362397 0.15454545454545454 0.7438692098092643
1 0.16090909090909092 0.1226158038147139 0.05818181818181818 0.10354223433242507
0 0.17681818181818182 0.4223433242506812 0.12090909090909091 0.7166212534059946
1 0.34 0.11239782016348773 0.02909090909090909 0.05313351498637602
0 0.365 0.21049046321525886 0.12454545454545454 0.2656675749318801
1 0.6981818181818182 0.08651226158038147 0.06363636363636363 0.13487738419618528
0 0.7186363636363636 0.44686648501362397 0.19363636363636363 0.8637602179836512
1 0.9290909090909091 0.29291553133514986 0.04181818181818182 0.05722070844686648
0 0.9381818181818182 0.3814713896457766 0.10181818181818182 0.26975476839237056
1 0.8590909090909091 0.4373297002724796 0.09636363636363636 0.1907356948228883
0 0.8745454545454545 0.6641689373297003 0.2509090909090909 0.6716621253405994
1 0.6522727272727272 0.24659400544959129 0.12636363636363637 0.2670299727520436
0 0.6836363636363636 0.5544959128065395 0.35818181818181816 0.8910081743869209
1 0.4940909090909091 0.31743869209809267 0.14636363636363636 0.25340599455040874
0 0.3286363636363636 0.5871934604904632 0.4718181818181818 0.8256130790190735
1 0.4163636363636364 0.5940054495912807 0.15818181818181817 0.2779291553133515
0 0.325 0.6014986376021798 0.35545454545454547 0.7970027247956403
1 0.605909090909091 0.6696185286103542 0.1481818181818182 0.2683923705722071
0 0.5268181818181819 0.7615803814713896 0.3518181818181818 0.4768392370572207
1 0.7295454545454545 0.5510899182561307 0.1409090909090909 0.28746594005449594
0 0.7804545454545454 0.6989100817438693 0.41545454545454547 0.6021798365122616