1 0.9526923076923077 0.6108786610878661 0.022307692307692306 0.03347280334728033
0 0.9638461538461538 0.7160041841004184 0.07230769230769231 0.25
1 0.8046153846153846 0.573744769874477 0.024615384615384615 0.036610878661087864
0 0.8042307692307692 0.6814853556485355 0.06538461538461539 0.25627615062761505
1 0.7011538461538461 0.573744769874477 0.022307692307692306 0.034518828451882845
0 0.7253846153846154 0.676255230125523 0.07384615384615385 0.24372384937238495
1 0.7234615384615385 0.5559623430962343 0.022307692307692306 0.036610878661087864
0 0.7334615384615385 0.6626569037656904 0.07153846153846154 0.25418410041841005
1 0.7326923076923076 0.5549163179916318 0.019230769230769232 0.028242677824267783
0 0.7384615384615385 0.6579497907949791 0.05384615384615385 0.2384937238493724
1 0.5869230769230769 0.6040794979079498 0.021538461538461538 0.032426778242677826
0 0.595 0.6888075313807531 0.07769230769230769 0.20606694560669456
1 0.6015384615384616 0.608786610878661 0.02 0.027196652719665274
0 0.5953846153846154 0.6841004184100419 0.06307692307692307 0.18410041841004185
1 0.5715384615384616 0.5711297071129707 0.02 0.029288702928870293
0 0.5696153846153846 0.6631799163179917 0.07769230769230769 0.2196652719665272
1 0.5507692307692308 0.5957112970711297 0.018461538461538463 0.02615062761506276
0 0.5457692307692308 0.6746861924686193 0.06846153846153846 0.18828451882845187
1 0.5403846153846154 0.5805439330543933 0.016153846153846154 0.027196652719665274
0 0.5503846153846154 0.6673640167364017 0.054615384615384614 0.20502092050209206
1 0.505 0.5899581589958159 0.02076923076923077 0.03347280334728033
0 0.4907692307692308 0.680439330543933 0.07076923076923076 0.2186192468619247
1 0.40192307692307694 0.5669456066945606 0.022307692307692306 0.03138075313807531
0 0.4123076923076923 0.6642259414225942 0.08 0.23221757322175732
1 0.4230769230769231 0.5805439330543933 0.02 0.029288702928870293
0 0.4269230769230769 0.6678870292887029 0.04923076923076923 0.21443514644351463
1 0.15461538461538463 0.5873430962343096 0.026153846153846153 0.036610878661087864
0 0.16153846153846155 0.6820083682008368 0.09230769230769231 0.2280334728033473
1 0.15884615384615386 0.5941422594142259 0.013076923076923076 0.01882845188284519
0 0.14461538461538462 0.6820083682008368 0.05692307692307692 0.20920502092050208