1 0.998779296875 0.6716691068814056 0.00244140625 0.02562225475841874
0 0.98828125 0.7715959004392386 0.0234375 0.2342606149341142
1 0.9453125 0.7148609077598829 0.0234375 0.04172767203513909
0 0.950927734375 0.828696925329429 0.06201171875 0.2884333821376281
1 0.987060546875 0.8931185944363104 0.02587890625 0.07613469985358712
0 0.98291015625 0.9176427525622255 0.0341796875 0.16471449487554904
1 0.96875 0.9447291361639825 0.0361328125 0.07833089311859444
0 0.940185546875 0.9363103953147877 0.11962890625 0.1273792093704246
1 0.908203125 0.7353587115666179 0.029296875 0.05929721815519766
0 0.904296875 0.8557833089311859 0.095703125 0.2884333821376281
1 0.848876953125 0.722181551976574 0.02001953125 0.03587115666178624
0 0.84716796875 0.8027086383601757 0.0419921875 0.21595900439238652
1 0.82275390625 0.7595168374816984 0.0283203125 0.05490483162518302
0 0.827880859375 0.8653001464128843 0.10693359375 0.26939970717423134
1 0.79443359375 0.7060761346998536 0.0244140625 0.04904831625183016
0 0.79296875 0.8052708638360175 0.046875 0.25329428989751096
1 0.754150390625 0.7141288433382138 0.02392578125 0.053440702781844804
0 0.75244140625 0.8312591508052709 0.0947265625 0.29502196193265007
1 0.670166015625 0.746705710102489 0.02587890625 0.0527086383601757
0 0.669677734375 0.8565153733528551 0.09716796875 0.2869692532942899
1 0.6494140625 0.7031478770131772 0.021484375 0.04026354319180088
0 0.6494140625 0.822108345534407 0.0791015625 0.3001464128843338
1 0.576416015625 0.7013177159590044 0.01611328125 0.03367496339677892
0 0.57763671875 0.8027086383601757 0.072265625 0.2554904831625183
1 0.5439453125 0.6409224011713031 0.0107421875 0.024158125915080528
0 0.542236328125 0.7049780380673499 0.04541015625 0.17423133235724744
1 0.420166015625 0.6606881405563689 0.01416015625 0.02855051244509517
0 0.42138671875 0.7470717423133236 0.0576171875 0.21010248901903367
1 0.30224609375 0.7218155197657394 0.021484375 0.043923865300146414
0 0.307373046875 0.8437042459736457 0.06884765625 0.31259150805270863
1 0.3134765625 0.7258418740849195 0.01953125 0.034407027818448024
0 0.320068359375 0.8316251830161054 0.05126953125 0.24743777452415813
1 0.355224609375 0.7005856515373353 0.02294921875 0.03513909224011713
0 0.36572265625 0.7946559297218155 0.0791015625 0.2349926793557833
1 0.37744140625 0.7027818448023426 0.017578125 0.029282576866764276
0 0.376220703125 0.7902635431918009 0.05810546875 0.2144948755490483
1 0.31494140625 0.6936310395314788 0.0185546875 0.0314787701317716
0 0.315673828125 0.7994143484626647 0.05419921875 0.26500732064421667
1 0.276611328125 0.7013177159590044 0.01708984375 0.040995607613469986
0 0.276123046875 0.7994143484626647 0.04638671875 0.24597364568081992
1 0.4326171875 0.6423865300146413 0.0107421875 0.022693997071742314
0 0.435546875 0.7016837481698389 0.0361328125 0.14275256222547583
1 0.23974609375 0.777818448023426 0.0302734375 0.06076134699853587
0 0.24072265625 0.8718887262079063 0.095703125 0.2562225475841874
1 0.21044921875 0.7313323572474377 0.029296875 0.04538799414348463
0 0.22705078125 0.8513909224011713 0.1083984375 0.2972181551976574
1 0.21044921875 0.7309663250366032 0.029296875 0.04904831625183016
0 0.21044921875 0.8484626647144948 0.0654296875 0.30307467057101023
1 0.105224609375 0.9187408491947291 0.05029296875 0.10248901903367497
0 0.109619140625 0.9308199121522694 0.13525390625 0.1383601756954612
1 0.099853515625 0.8396778916544656 0.03564453125 0.06442166910688141
0 0.10205078125 0.8938506588579795 0.1171875 0.212298682284041
1 0.1240234375 0.777086383601757 0.025390625 0.046120058565153735
0 0.1318359375 0.8707906295754027 0.072265625 0.25841874084919475
1 0.099853515625 0.7295021961932651 0.02587890625 0.04172767203513909
0 0.09765625 0.8136896046852123 0.048828125 0.21595900439238652
1 0.058349609375 0.7650073206442167 0.03173828125 0.05856515373352855
0 0.0537109375 0.8660322108345534 0.087890625 0.2679355783308931
1 0.029296875 0.7232796486090776 0.0185546875 0.032210834553440704
0 0.0234375 0.8103953147877013 0.046875 0.22108345534407028
1 0.0546875 0.7232796486090776 0.01953125 0.036603221083455345
0 0.047607421875 0.8118594436310396 0.06689453125 0.21961932650073207
1 0.015380859375 0.8433382137628112 0.03076171875 0.08052708638360176
0 0.037353515625 0.9000732064421669 0.07470703125 0.19985358711566617
1 0.792236328125 0.8502928257686676 0.04248046875 0.06076134699853587
0 0.792724609375 0.8997071742313324 0.13818359375 0.2005856515373353
1 0.7861328125 0.890190336749634 0.04296875 0.09077598828696926
0 0.79638671875 0.9161786237188873 0.14453125 0.16764275256222547