1 0.05546875 0.5682326621923938 0.0421875 0.06711409395973154
0 0.0703125 0.7460850111856824 0.109375 0.436241610738255
1 0.11953125 0.6789709172259508 0.0609375 0.087248322147651
0 0.08984375 0.8165548098434005 0.1703125 0.3668903803131991
1 0.25703125 0.6029082774049217 0.0390625 0.06935123042505593
0 0.26015625 0.7818791946308725 0.1234375 0.436241610738255
1 0.43125 0.5548098434004475 0.025 0.040268456375838924
0 0.4328125 0.674496644295302 0.090625 0.28859060402684567
1 0.52265625 0.5850111856823266 0.0296875 0.04697986577181208
0 0.52109375 0.7281879194630873 0.0828125 0.34675615212527966
1 0.5796875 0.5782997762863534 0.03125 0.05592841163310962
0 0.5859375 0.7449664429530202 0.090625 0.407158836689038
1 0.5921875 0.6118568232662193 0.046875 0.06935123042505593
0 0.584375 0.7841163310961968 0.125 0.4317673378076063
1 0.70390625 0.5715883668903803 0.0234375 0.042505592841163314
0 0.7078125 0.674496644295302 0.065625 0.25727069351230425
1 0.69375 0.5525727069351231 0.01875 0.03131991051454139
0 0.68984375 0.6286353467561522 0.0484375 0.20134228187919462
1 0.746875 0.5425055928411633 0.0125 0.020134228187919462
0 0.74375 0.6129753914988815 0.05 0.1789709172259508
1 0.7703125 0.5212527964205816 0.015625 0.026845637583892617
0 0.77421875 0.610738255033557 0.0578125 0.21476510067114093
1 0.81796875 0.5357941834451901 0.0171875 0.029082774049217
0 0.81015625 0.6140939597315436 0.0453125 0.19463087248322147
1 0.828125 0.5279642058165548 0.021875 0.035794183445190156
0 0.82578125 0.6297539149888143 0.0640625 0.25279642058165547
1 0.884375 0.5570469798657718 0.028125 0.0447427293064877
0 0.878125 0.7102908277404921 0.096875 0.36017897091722595
1 0.8859375 0.5067114093959731 0.021875 0.03803131991051454
0 0.89453125 0.6297539149888143 0.0890625 0.2930648769574944
1 0.93203125 0.5357941834451901 0.0140625 0.024608501118568233
0 0.93515625 0.6118568232662193 0.0484375 0.18568232662192394
1 0.9796875 0.529082774049217 0.009375 0.015659955257270694
0 0.978125 0.5861297539149888 0.025 0.116331096196868
1 0.99140625 0.5458612975391499 0.0109375 0.017897091722595078
0 0.98984375 0.5861297539149888 0.0203125 0.11185682326621924
1 0.9609375 0.5313199105145414 0.0125 0.020134228187919462
0 0.9625 0.5794183445190156 0.01875 0.12527964205816555
1 0.228125 0.5704697986577181 0.009375 0.013422818791946308
0 0.22578125 0.6006711409395973 0.0234375 0.07829977628635347
1 0.215625 0.5704697986577181 0.00625 0.008948545861297539
0 0.2109375 0.6017897091722595 0.021875 0.07606263982102908
1 0.20546875 0.5727069351230425 0.0078125 0.013422818791946308
0 0.20078125 0.6029082774049217 0.0140625 0.08277404921700224
1 0.2828125 0.6006711409395973 0.021875 0.06487695749440715
0 0.2828125 0.6006711409395973 0.021875 0.06487695749440715
1 0.30234375 0.5917225950782998 0.0171875 0.0738255033557047
0 0.30234375 0.5917225950782998 0.0171875 0.0738255033557047
1 0.31640625 0.5917225950782998 0.0171875 0.06935123042505593
0 0.31640625 0.5917225950782998 0.0171875 0.06935123042505593
1 0.33828125 0.5615212527964206 0.0078125 0.013422818791946308
0 0.3359375 0.5950782997762863 0.021875 0.0894854586129754