1 0.12041666666666667 0.346875 0.10083333333333333 0.08125
0 0.12041666666666667 0.6128125 0.24083333333333334 0.633125
1 0.22791666666666666 0.446875 0.07916666666666666 0.075
0 0.21041666666666667 0.6765625 0.20083333333333334 0.549375
1 0.2945833333333333 0.4228125 0.07916666666666666 0.080625
0 0.2675 0.658125 0.18 0.56125
1 0.4075 0.446875 0.075 0.075
0 0.38458333333333333 0.6696875 0.20583333333333334 0.535625
1 0.5683333333333334 0.450625 0.09666666666666666 0.08375
0 0.5854166666666667 0.68125 0.28583333333333333 0.545
1 0.7104166666666667 0.4378125 0.09583333333333334 0.075625
0 0.7091666666666666 0.6734375 0.16666666666666666 0.555625
1 0.8429166666666666 0.396875 0.09416666666666666 0.0825
0 0.8375 0.6571875 0.23666666666666666 0.609375