1 0.108125 0.6294559099437148 0.00375 0.005628517823639775
0 0.1075 0.648217636022514 0.015 0.05065666041275797
1 0.07875 0.6472795497185742 0.0175 0.04878048780487805
0 0.07875 0.6472795497185742 0.0175 0.04878048780487805
1 0.05875 0.6435272045028143 0.0075 0.01125703564727955
0 0.059375 0.6697936210131332 0.02125 0.07879924953095685
1 0.03375 0.798311444652908 0.01 0.016885553470919325
0 0.031875 0.8424015009380863 0.02375 0.10881801125703565
1 0.15625 0.5919324577861164 0.03 0.043151969981238276
0 0.16125 0.6857410881801126 0.05 0.23076923076923078
1 0.163125 0.6200750469043153 0.03625 0.06191369606003752
0 0.146875 0.7570356472795498 0.11375 0.3395872420262664
1 0.170625 0.6819887429643527 0.04625 0.08442776735459662
0 0.188125 0.8189493433395872 0.15375 0.3621013133208255
1 0.175625 0.5647279549718575 0.00875 0.0150093808630394
0 0.1775 0.5975609756097561 0.02 0.08442776735459662
1 0.193125 0.550656660412758 0.00625 0.009380863039399626
0 0.19375 0.575984990619137 0.0175 0.06378986866791744
1 0.206875 0.5478424015009381 0.00625 0.0075046904315197
0 0.20625 0.574108818011257 0.02 0.06378986866791744
1 0.255 0.5572232645403377 0.0075 0.0150093808630394
0 0.255625 0.5834896810506567 0.02375 0.075046904315197
1 0.258125 0.575046904315197 0.01125 0.020637898686679174
0 0.2525 0.6322701688555347 0.0275 0.14634146341463414
1 0.23625 0.5938086303939962 0.02 0.03189493433395872
0 0.239375 0.6951219512195121 0.06375 0.24202626641651032
1 0.27875 0.573170731707317 0.0125 0.020637898686679174
0 0.27875 0.651031894934334 0.0375 0.1801125703564728
1 0.2825 0.6022514071294559 0.0225 0.0300187617260788
0 0.2875 0.6923076923076923 0.055 0.2176360225140713
1 0.27875 0.5590994371482176 0.01 0.0450281425891182
0 0.27875 0.5590994371482176 0.01 0.0450281425891182
1 0.29 0.5450281425891182 0.005 0.005628517823639775
0 0.29 0.5647279549718575 0.0125 0.04878048780487805
1 0.349375 0.5440900562851783 0.01125 0.04127579737335835
0 0.349375 0.5440900562851783 0.01125 0.04127579737335835
1 0.405625 0.5300187617260788 0.00375 0.005628517823639775
0 0.405 0.5422138836772983 0.0125 0.0375234521575985
1 0.41875 0.5356472795497186 0.005 0.009380863039399626
0 0.419375 0.5431519699812383 0.01125 0.03189493433395872
1 0.43 0.5412757973733584 0.01 0.03564727954971857
0 0.43 0.5412757973733584 0.01 0.03564727954971857
1 0.455 0.5403377110694184 0.01 0.03377110694183865
0 0.455 0.5403377110694184 0.01 0.03377110694183865
1 0.4775 0.5356472795497186 0.005 0.009380863039399626
0 0.475 0.551594746716698 0.0125 0.0450281425891182
1 0.51125 0.5459662288930581 0.0075 0.01125703564727955
0 0.509375 0.5675422138836773 0.02125 0.06191369606003752
1 0.526875 0.5459662288930581 0.00625 0.01125703564727955
0 0.526875 0.5675422138836773 0.01625 0.06191369606003752
1 0.99125 0.5300187617260788 0.0175 0.039399624765478425
0 0.99125 0.5300187617260788 0.0175 0.039399624765478425
1 0.99 0.5065666041275797 0.0075 0.01125703564727955
0 0.9875 0.5206378986866792 0.015 0.043151969981238276
1 0.976875 0.524390243902439 0.00375 0.005628517823639775
0 0.975 0.5347091932457786 0.0125 0.03377110694183865
1 0.879375 0.5046904315196998 0.00375 0.0075046904315197
0 0.880625 0.5159474671669794 0.02125 0.03377110694183865
1 0.818125 0.5300187617260788 0.00625 0.009380863039399626
0 0.82 0.5581613508442776 0.0175 0.06941838649155722
1 0.804375 0.5281425891181989 0.00625 0.013133208255159476
0 0.80375 0.5562851782363978 0.02 0.07317073170731707
1 0.71 0.4596622889305816 0.005 0.0075046904315197
0 0.711875 0.47373358348968103 0.01375 0.043151969981238276
1 0.70375 0.45590994371482174 0.005 0.0075046904315197
0 0.701875 0.4727954971857411 0.01125 0.0450281425891182
1 0.704375 0.5318949343339587 0.00625 0.009380863039399626
0 0.704375 0.5553470919324578 0.01625 0.05628517823639775
1 0.69 0.524390243902439 0.0075 0.013133208255159476
0 0.69125 0.5431519699812383 0.015 0.058161350844277676
1 0.335 0.5863039399624765 0.0175 0.03564727954971857
0 0.335625 0.6801125703564728 0.04875 0.2270168855534709
1 0.374375 0.5938086303939962 0.01625 0.03189493433395872
0 0.378125 0.6735459662288931 0.05125 0.19887429643527205
1 0.855 0.6294559099437148 0.0475 0.09193245778611632
0 0.860625 0.7870544090056285 0.15875 0.425891181988743
1 0.81625 0.6651031894934334 0.0325 0.06566604127579738
0 0.803125 0.8114446529080676 0.08375 0.3771106941838649
1 0.799375 0.6716697936210131 0.02375 0.0450281425891182
0 0.785 0.7673545966228893 0.085 0.24390243902439024
1 0.70375 0.6341463414634146 0.0275 0.05628517823639775
0 0.716875 0.775797373358349 0.09875 0.350844277673546
1 0.714375 0.6744840525328331 0.03375 0.06941838649155722
0 0.7125 0.8151969981238274 0.1 0.3696060037523452
1 0.634375 0.7429643527204502 0.02625 0.04127579737335835
0 0.63875 0.8395872420262664 0.0575 0.28330206378986866
1 0.596875 0.6078799249530957 0.03625 0.0675422138836773
0 0.595625 0.7833020637898687 0.11625 0.4333958724202627
1 0.52125 0.6407129455909943 0.0425 0.06941838649155722
0 0.5325 0.801125703564728 0.105 0.3977485928705441
1 0.461875 0.6848030018761726 0.04625 0.10131332082551595
0 0.4575 0.8161350844277674 0.125 0.3677298311444653
1 0.375 0.7082551594746717 0.04 0.07692307692307693
0 0.375625 0.8311444652908068 0.11125 0.33771106941838647
1 0.113125 0.6031894934333959 0.00375 0.005628517823639775
0 0.110625 0.6163227016885553 0.01125 0.03564727954971857