1 0.0067406819984139575 0.19528351881293057 0.013481363996827915 0.015368309485956544
0 0.021015067406819986 0.24907260201377848 0.04203013481363997 0.12506624271330152
1 0.03390166534496431 0.18627450980392157 0.012291831879460745 0.0196078431372549
0 0.0380650277557494 0.24774774774774774 0.03727200634417129 0.14149443561208266
1 0.061260904044409197 0.19740328563857976 0.020222045995241873 0.02702702702702703
0 0.06919111816019033 0.2649708532061473 0.059873116574147504 0.16958134605193428
1 0.10408406026962728 0.20349761526232116 0.015463917525773196 0.025437201907790145
0 0.10765265662172879 0.2631160572337043 0.0408406026962728 0.15315315315315314
1 0.140761300555115 0.2066772655007949 0.006344171292624901 0.009538950715421303
0 0.140761300555115 0.23502914679385267 0.02141157811260904 0.07472178060413355
1 0.41237113402061853 0.1992580816110228 0.05154639175257732 0.08161102278749338
0 0.4395321173671689 0.4435612082670906 0.2105471847739889 0.6253312135665077
1 0.45182394924662966 0.17117117117117117 0.009912767644726407 0.01377848436671966
0 0.4500396510705789 0.2127715951245363 0.020618556701030927 0.10651828298887123
1 0.4712529738302934 0.16083730789613143 0.009119746233148296 0.012188659247482777
0 0.47145122918318794 0.20482246952835187 0.022204599524187154 0.10227874933757286
1 0.47839016653449645 0.16189719130895602 0.0067406819984139575 0.011128775834658187
0 0.4781919111816019 0.20455749867514572 0.022997620935765267 0.0996290408055114
1 0.4839413164155432 0.15368309485956544 0.009912767644726407 0.01695813460519343
0 0.4839413164155432 0.19289878113407524 0.027359238699444885 0.10598834128245893
1 0.5039651070578905 0.17011128775834658 0.008723235527359239 0.011658717541070483
0 0.5043616177636796 0.1987281399046105 0.022204599524187154 0.07525172231054585
1 0.5291435368754956 0.15527291997880233 0.01070578905630452 0.01483836777954425
0 0.5289452815226011 0.1926338102808691 0.025376685170499604 0.09591944886062533
1 0.5358842188739096 0.14732379438261792 0.005947660586835844 0.008479067302596715
0 0.5388580491673275 0.17276099629040806 0.013481363996827915 0.06571277159512454
1 0.5545202220459953 0.143879173290938 0.0067406819984139575 0.010068892421833599
0 0.5555114988104679 0.16958134605193428 0.020618556701030927 0.06995230524642289
1 0.5999206978588422 0.14069952305246422 0.008723235527359239 0.014308426073131956
0 0.5959555908009516 0.17965023847376788 0.025376685170499604 0.0985691573926868
1 0.6492862807295797 0.15129835718071014 0.01070578905630452 0.014308426073131956
0 0.6477002379064235 0.18680445151033387 0.03608247422680412 0.09167991520932697