1 0.7507575757575757 0.27375 0.23484848484848486 0.4675
0 0.8151515151515152 0.515 0.3696969696969697 0.97
1 0.5901515151515152 0.1875 0.1712121212121212 0.375
0 0.5348484848484848 0.5 0.3484848484848485 1
1 0.3621212121212121 0.22 0.18787878787878787 0.37
0 0.3037878787878788 0.51125 0.3196969696969697 0.9775
1 0.19393939393939394 0.30625 0.18787878787878787 0.2925
0 0.19242424242424241 0.57 0.38484848484848483 0.86
1 0.9386363636363636 0.19625 0.11969696969696969 0.1975
0 0.9030303030303031 0.54375 0.19393939393939394 0.9125
1 0.9477272727272728 0.0825 0.10454545454545454 0.165
0 0.9378787878787879 0.485 0.12424242424242424 0.97