1 0.04638671875 0.36627906976744184 0.0927734375 0.1330749354005168
0 0.10009765625 0.6369509043927648 0.2001953125 0.7260981912144703
1 0.11279296875 0.5277777777777778 0.1318359375 0.17700258397932817
0 0.11376953125 0.7164082687338501 0.2236328125 0.5671834625322998
1 0.29345703125 0.7112403100775194 0.1494140625 0.23901808785529716
0 0.32177734375 0.7842377260981912 0.2958984375 0.4315245478036176
1 0.16259765625 0.4321705426356589 0.0947265625 0.17183462532299743
0 0.1640625 0.6718346253229974 0.185546875 0.6563307493540051
1 0.0791015625 0.2616279069767442 0.078125 0.14082687338501293
0 0.0966796875 0.5742894056847545 0.18359375 0.7790697674418605
1 0.2255859375 0.3365633074935401 0.0625 0.11498708010335917
0 0.232421875 0.5891472868217055 0.140625 0.6304909560723514
1 0.255859375 0.4528423772609819 0.068359375 0.11757105943152454
0 0.25634765625 0.6556847545219638 0.1044921875 0.5335917312661499
1 0.32861328125 0.5452196382428941 0.0751953125 0.11627906976744186
0 0.3330078125 0.7286821705426356 0.109375 0.49612403100775193
1 0.39501953125 0.5232558139534884 0.0654296875 0.12403100775193798
0 0.39111328125 0.7157622739018088 0.1181640625 0.5090439276485789
1 0.3818359375 0.3417312661498708 0.052734375 0.09689922480620156
0 0.37255859375 0.5768733850129198 0.1435546875 0.5723514211886305
1 0.48828125 0.39405684754521964 0.048828125 0.08785529715762273
0 0.48193359375 0.5691214470284238 0.1123046875 0.44573643410852715
1 0.52392578125 0.4664082687338501 0.0537109375 0.09043927648578812
0 0.51806640625 0.6169250645994832 0.1201171875 0.4095607235142119
1 0.5205078125 0.5749354005167958 0.056640625 0.10077519379844961
0 0.5126953125 0.7461240310077519 0.138671875 0.458656330749354
1 0.64013671875 0.3417312661498708 0.0478515625 0.09431524547803617
0 0.654296875 0.4573643410852713 0.1171875 0.3359173126614987
1 0.71630859375 0.3087855297157623 0.0595703125 0.10335917312661498
0 0.68896484375 0.5458656330749354 0.1533203125 0.5852713178294574
1 0.71630859375 0.4909560723514212 0.1064453125 0.13953488372093023
0 0.73095703125 0.7060723514211886 0.1982421875 0.5878552971576227
1 0.84765625 0.33204134366925064 0.0703125 0.12661498708010335
0 0.84130859375 0.6104651162790697 0.2177734375 0.6912144702842378
1 0.9482421875 0.4082687338501292 0.05078125 0.09560723514211886
0 0.94091796875 0.6149870801033591 0.1181640625 0.5219638242894057
1 0.98681640625 0.32235142118863047 0.0263671875 0.09431524547803617
0 0.966796875 0.5484496124031008 0.06640625 0.5516795865633075