1 0.0205 0.6367137355584083 0.031 0.05391527599486521
0 0.0345 0.7849807445442876 0.069 0.3632862644415918
1 0.053 0.6052631578947368 0.036 0.06290115532734275
0 0.063 0.772785622593068 0.104 0.41335044929396664
1 0.16 0.631578947368421 0.034 0.059050064184852376
0 0.153 0.7881899871630296 0.122 0.3902439024390244
1 0.245 0.6007702182284981 0.038 0.06161745827984596
0 0.242 0.772785622593068 0.124 0.4159178433889602
1 0.09 0.6071887034659821 0.03 0.04878048780487805
0 0.1045 0.7618741976893453 0.081 0.37098844672657255
1 0.189 0.5905006418485238 0.03 0.04621309370988447
0 0.188 0.7464698331193839 0.074 0.3607188703465982
1 0.302 0.5808729139922978 0.03 0.04749679075738126
0 0.305 0.7381258023106547 0.098 0.3722721437740693
1 0.3545 0.6309370988446726 0.037 0.055198973042362
0 0.356 0.7682926829268293 0.118 0.35301668806161746
1 0.352 0.7342747111681643 0.032 0.05391527599486521
0 0.351 0.8388960205391528 0.13 0.27599486521181
1 0.444 0.6290115532734275 0.034 0.05648267008985879
0 0.444 0.7657252888318357 0.098 0.3478818998716303
1 0.462 0.7207958921694481 0.032 0.04749679075738126
0 0.4595 0.8228498074454429 0.119 0.2798459563543004
1 0.502 0.6071887034659821 0.03 0.05391527599486521
0 0.5065 0.7637997432605905 0.107 0.38254172015404364
1 0.554 0.6681643132220796 0.032 0.057766367137355584
0 0.579 0.8074454428754814 0.192 0.35686777920410784
1 0.6065 0.5776636713735558 0.027 0.04621309370988447
0 0.608 0.7053915275994865 0.088 0.30937098844672656
1 0.669 0.613607188703466 0.032 0.04621309370988447
0 0.6725 0.7631578947368421 0.105 0.355584082156611
1 0.735 0.6116816431322208 0.036 0.06033376123234917
0 0.72 0.7779204107830552 0.154 0.40051347881899874
1 0.733 0.5706033376123235 0.036 0.055198973042362
0 0.7345 0.748395378690629 0.131 0.41335044929396664
1 0.7865 0.5847240051347882 0.039 0.05263157894736842
0 0.7935 0.7477535301668806 0.085 0.38382541720154045
1 0.83 0.6155327342747111 0.04 0.057766367137355584
0 0.826 0.7721437740693197 0.11 0.3889602053915276
1 0.8725 0.5969191270860077 0.035 0.05391527599486521
0 0.871 0.7522464698331194 0.09 0.37997432605905007
1 0.9155 0.576379974326059 0.045 0.0693196405648267
0 0.917 0.7657252888318357 0.146 0.4582798459563543
1 0.132 0.6091142490372272 0.024 0.03979460847240052
0 0.1315 0.7445442875481386 0.065 0.3286264441591784
1 0.2275 0.576379974326059 0.029 0.051347881899871634
0 0.2235 0.6989730423620025 0.085 0.306803594351733
1 0.408 0.6309370988446726 0.032 0.05006418485237484
0 0.4105 0.754813863928113 0.075 0.3055198973042362
1 0.4005 0.5943517329910141 0.031 0.038510911424903725
0 0.3945 0.7201540436456996 0.083 0.3029525032092426
1 0.436 0.5885750962772786 0.024 0.044929396662387676
0 0.433 0.7182284980744544 0.072 0.31450577663671375
1 0.4765 0.6155327342747111 0.029 0.04749679075738126
0 0.475 0.7394094993581515 0.068 0.3055198973042362
1 0.528 0.5924261874197689 0.024 0.04749679075738126
0 0.533 0.711168164313222 0.078 0.2952503209242619
1 0.9815 0.6001283697047497 0.033 0.055198973042362
0 0.973 0.7528883183568678 0.054 0.38125802310654683
0 0.9815 0.772785622593068 0.037 0.4056482670089859