1 0.7691666666666667 0.2845220030349014 0.09833333333333333 0.20485584218512898
0 0.8575 0.5925644916540213 0.285 0.8148710166919575
1 0.67375 0.2898330804248862 0.0775 0.18816388467374812
0 0.7225 0.5955993930197269 0.17666666666666667 0.8088012139605463
1 0.6254166666666666 0.3103186646433991 0.059166666666666666 0.13505311077389984
0 0.6729166666666667 0.6047040971168437 0.15416666666666667 0.7905918057663126
1 0.5695833333333333 0.2898330804248862 0.060833333333333336 0.15174506828528073
0 0.6083333333333333 0.6031866464339909 0.14666666666666667 0.7936267071320182
1 0.5091666666666667 0.2268588770864947 0.065 0.16236722306525037
0 0.5016666666666667 0.571320182094082 0.155 0.8573596358118362
1 0.43666666666666665 0.26251896813353565 0.06 0.1456752655538695
0 0.4058333333333333 0.5728376327769348 0.19666666666666666 0.7996965098634294
1 0.32125 0.17602427921092564 0.0625 0.12139605462822459
0 0.3025 0.5265553869499241 0.30833333333333335 0.8983308042488619
1 0.3229166666666667 0.18057663125948406 0.06583333333333333 0.1244309559939302
0 0.26125 0.5561456752655539 0.4425 0.8877086494688923
1 0.25375 0.19499241274658574 0.06583333333333333 0.1471927162367223
0 0.21541666666666667 0.5546282245827011 0.20416666666666666 0.8907435508345979