1 0.060294117647058824 0.7691176470588236 0.016666666666666666 0.029411764705882353
0 0.08627450980392157 0.8338235294117647 0.07450980392156863 0.16470588235294117
1 0.06911764705882353 0.6360294117647058 0.016666666666666666 0.025
0 0.07990196078431372 0.6941176470588235 0.07745098039215687 0.14411764705882352
1 0.2122549019607843 0.4602941176470588 0.010784313725490196 0.023529411764705882
0 0.22009803921568627 0.5154411764705882 0.061764705882352944 0.13676470588235295
1 0.31176470588235294 0.5338235294117647 0.013725490196078431 0.023529411764705882
0 0.32598039215686275 0.5838235294117647 0.05588235294117647 0.1264705882352941
1 0.014705882352941176 0.27426470588235297 0.00980392156862745 0.013235294117647059
0 0.024019607843137256 0.29705882352941176 0.03823529411764706 0.06764705882352941
1 0.051470588235294115 0.2529411764705882 0.006862745098039216 0.008823529411764706
0 0.056372549019607844 0.26323529411764707 0.024509803921568627 0.041176470588235294
1 0.21372549019607842 0.2566176470588235 0.00784313725490196 0.013235294117647059
0 0.21372549019607842 0.29411764705882354 0.025490196078431372 0.09411764705882353
1 0.20931372549019608 0.21102941176470588 0.008823529411764706 0.013235294117647059
0 0.2073529411764706 0.2426470588235294 0.016666666666666666 0.08235294117647059
1 0.2926470588235294 0.20441176470588235 0.008823529411764706 0.011764705882352941
0 0.29215686274509806 0.23455882352941176 0.025490196078431372 0.08088235294117647
1 0.2965686274509804 0.18235294117647058 0.006862745098039216 0.011764705882352941
0 0.30049019607843136 0.2139705882352941 0.024509803921568627 0.08088235294117647
1 0.28774509803921566 0.1161764705882353 0.004901960784313725 0.008823529411764706
0 0.2911764705882353 0.12426470588235294 0.0196078431372549 0.030882352941176472
1 0.4357843137254902 0.17352941176470588 0.006862745098039216 0.008823529411764706
0 0.4387254901960784 0.20294117647058824 0.03627450980392157 0.07352941176470588
1 0.4465686274509804 0.2213235294117647 0.006862745098039216 0.013235294117647059
0 0.453921568627451 0.2529411764705882 0.029411764705882353 0.07941176470588235
1 0.478921568627451 0.14926470588235294 0.006862745098039216 0.013235294117647059
0 0.48676470588235293 0.17573529411764705 0.024509803921568627 0.06911764705882353
1 0.5357843137254902 0.2088235294117647 0.006862745098039216 0.011764705882352941
0 0.5436274509803921 0.24485294117647058 0.030392156862745098 0.08970588235294118
1 0.5225490196078432 0.01764705882352941 0.00392156862745098 0.0058823529411764705
0 0.5210784313725491 0.03235294117647059 0.008823529411764706 0.03823529411764706
1 0.6588235294117647 0.01764705882352941 0.00392156862745098 0.0058823529411764705
0 0.6563725490196078 0.0375 0.014705882352941176 0.04852941176470588
1 0.6455882352941177 0.04044117647058824 0.004901960784313725 0.007352941176470588
0 0.6436274509803922 0.05955882352941176 0.014705882352941176 0.04852941176470588
1 0.6573529411764706 0.04411764705882353 0.004901960784313725 0.0058823529411764705
0 0.6544117647058824 0.061764705882352944 0.012745098039215686 0.04411764705882353
1 0.7833333333333333 0.025 0.00392156862745098 0.0058823529411764705
0 0.782843137254902 0.039705882352941174 0.014705882352941176 0.04411764705882353
1 0.7980392156862746 0.025735294117647058 0.00392156862745098 0.007352941176470588
0 0.7946078431372549 0.04044117647058824 0.012745098039215686 0.039705882352941174
1 0.8044117647058824 0.045588235294117645 0.004901960784313725 0.0058823529411764705
0 0.8 0.05808823529411765 0.01568627450980392 0.039705882352941174
1 0.8387254901960784 0.045588235294117645 0.004901960784313725 0.008823529411764706
0 0.8372549019607843 0.05808823529411765 0.01568627450980392 0.03676470588235294
1 0.8524509803921568 0.04926470588235294 0.006862745098039216 0.010294117647058823
0 0.85 0.060294117647058824 0.01764705882352941 0.03823529411764706
1 0.861764705882353 0.05588235294117647 0.01764705882352941 0.041176470588235294
0 0.861764705882353 0.05588235294117647 0.01764705882352941 0.041176470588235294
1 0.6754901960784314 0.075 0.0058823529411764705 0.008823529411764706
0 0.6754901960784314 0.09338235294117647 0.013725490196078431 0.0661764705882353
1 0.725 0.08088235294117647 0.004901960784313725 0.008823529411764706
0 0.7245098039215686 0.10294117647058823 0.013725490196078431 0.058823529411764705
1 0.7475490196078431 0.1 0.004901960784313725 0.008823529411764706
0 0.7441176470588236 0.125 0.01764705882352941 0.061764705882352944
1 0.7617647058823529 0.06470588235294118 0.0058823529411764705 0.008823529411764706
0 0.7607843137254902 0.08676470588235294 0.01568627450980392 0.05588235294117647
1 0.7740196078431373 0.10147058823529412 0.004901960784313725 0.008823529411764706
0 0.7759803921568628 0.12426470588235294 0.016666666666666666 0.060294117647058824
1 0.8009803921568628 0.07352941176470588 0.0058823529411764705 0.008823529411764706
0 0.7990196078431373 0.09852941176470588 0.021568627450980392 0.061764705882352944
1 0.8044117647058824 0.07058823529411765 0.004901960784313725 0.008823529411764706
0 0.8004901960784314 0.09338235294117647 0.014705882352941176 0.060294117647058824
1 0.8205882352941176 0.07573529411764705 0.0058823529411764705 0.010294117647058823
0 0.8205882352941176 0.1 0.01568627450980392 0.061764705882352944
1 0.8436274509803922 0.11544117647058824 0.006862745098039216 0.010294117647058823
0 0.8411764705882353 0.14191176470588235 0.0196078431372549 0.06911764705882353
1 0.8411764705882353 0.12352941176470589 0.0058823529411764705 0.008823529411764706
0 0.8377450980392157 0.14779411764705883 0.018627450980392157 0.06323529411764706
1 0.7299019607843137 0.17941176470588235 0.008823529411764706 0.011764705882352941
0 0.7323529411764705 0.21102941176470588 0.03333333333333333 0.08088235294117647
1 0.7348039215686275 0.23897058823529413 0.010784313725490196 0.016176470588235296
0 0.7318627450980392 0.27794117647058825 0.03627450980392157 0.09705882352941177
1 0.8397058823529412 0.19558823529411765 0.006862745098039216 0.014705882352941176
0 0.832843137254902 0.22794117647058823 0.03235294117647059 0.08235294117647059
1 0.8637254901960785 0.2088235294117647 0.0058823529411764705 0.011764705882352941
0 0.8588235294117647 0.2426470588235294 0.023529411764705882 0.08529411764705883
1 0.8803921568627451 0.20294117647058824 0.00784313725490196 0.011764705882352941
0 0.8764705882352941 0.23676470588235293 0.027450980392156862 0.08235294117647059
1 0.8504901960784313 0.3058823529411765 0.008823529411764706 0.014705882352941176
0 0.8485294117647059 0.3382352941176471 0.022549019607843137 0.13529411764705881
1 0.9862745098039216 0.21985294117647058 0.00980392156862745 0.016176470588235296
0 0.9818627450980392 0.2595588235294118 0.028431372549019607 0.10147058823529412
1 0.9730392156862745 0.2514705882352941 0.008823529411764706 0.014705882352941176
0 0.967156862745098 0.29044117647058826 0.028431372549019607 0.09852941176470588
1 0.9784313725490196 0.27794117647058825 0.00980392156862745 0.01764705882352941
0 0.9730392156862745 0.31838235294117645 0.026470588235294117 0.10147058823529412
1 0.875 0.5029411764705882 0.014705882352941176 0.023529411764705882
0 0.8700980392156863 0.5514705882352942 0.04607843137254902 0.12941176470588237
1 0.8509803921568627 0.7602941176470588 0.01764705882352941 0.029411764705882353
0 0.8607843137254902 0.8198529411764706 0.06274509803921569 0.16911764705882354
1 0.8230392156862745 0.6419117647058824 0.014705882352941176 0.025
0 0.8215686274509804 0.7044117647058824 0.08235294117647059 0.1588235294117647
1 0.6470588235294118 0.5213235294117647 0.011764705882352941 0.027941176470588237
0 0.6470588235294118 0.5779411764705882 0.041176470588235294 0.15
1 0.7372549019607844 0.7617647058823529 0.01568627450980392 0.026470588235294117
0 0.7142156862745098 0.8191176470588235 0.06568627450980392 0.15