1 0.18208333333333335 0.49333333333333335 0.1025 0.21037037037037037
0 0.16208333333333333 0.6925925925925925 0.3075 0.6148148148148148
1 0.2816666666666667 0.3711111111111111 0.06333333333333334 0.15259259259259259
0 0.25166666666666665 0.6466666666666666 0.16666666666666666 0.7066666666666667
1 0.37125 0.37851851851851853 0.0575 0.1348148148148148
0 0.3570833333333333 0.5888888888888889 0.1325 0.5762962962962963
1 0.44208333333333333 0.36666666666666664 0.049166666666666664 0.12296296296296297
0 0.42833333333333334 0.585925925925926 0.10833333333333334 0.5674074074074074
1 0.5154166666666666 0.38222222222222224 0.04583333333333333 0.1037037037037037
0 0.5375 0.5548148148148148 0.13833333333333334 0.4785185185185185
1 0.6275 0.44666666666666666 0.08 0.18518518518518517
0 0.57 0.6755555555555556 0.2683333333333333 0.6488888888888888
1 0.6945833333333333 0.29777777777777775 0.07583333333333334 0.1837037037037037
0 0.67375 0.5162962962962963 0.24583333333333332 0.9525925925925925
1 0.7395833333333334 0.48962962962962964 0.11083333333333334 0.25333333333333335
0 0.7566666666666667 0.6792592592592592 0.4866666666666667 0.6414814814814814
1 0.8320833333333333 0.46 0.1425 0.27111111111111114
0 0.8445833333333334 0.6555555555555556 0.31083333333333335 0.6888888888888889
1 0.9925 0.4222222222222222 0.015 0.12444444444444444
0 0.9629166666666666 0.6103703703703703 0.07416666666666667 0.5125925925925926