1 0.08367983367983368 0.10358255451713395 0.04054054054054054 0.05763239875389408
0 0.07224532224532225 0.2071651090342679 0.08212058212058213 0.27414330218068533
1 0.10343035343035344 0.13629283489096572 0.038461538461538464 0.06697819314641744
0 0.08835758835758836 0.2733644859813084 0.08731808731808732 0.35046728971962615
1 0.14553014553014554 0.13239875389408098 0.04365904365904366 0.06230529595015576
0 0.1398128898128898 0.27414330218068533 0.07588357588357589 0.35202492211838005
1 0.19594594594594594 0.18146417445482865 0.0446985446985447 0.0794392523364486
0 0.18555093555093555 0.3605919003115265 0.104989604989605 0.45638629283489096
1 0.20374220374220375 0.11137071651090343 0.031185031185031187 0.05451713395638629
0 0.20114345114345114 0.24299065420560748 0.06964656964656965 0.3302180685358255
1 0.25519750519750517 0.10903426791277258 0.030145530145530147 0.056074766355140186
0 0.2525987525987526 0.24454828660436137 0.062370062370062374 0.3333333333333333
1 0.2692307692307692 0.20249221183800623 0.0395010395010395 0.07165109034267912
0 0.27598752598752596 0.37149532710280375 0.09043659043659044 0.43457943925233644
1 0.30561330561330563 0.1277258566978193 0.02702702702702703 0.04984423676012461
0 0.3009355509355509 0.22274143302180685 0.061330561330561334 0.2554517133956386
1 0.3212058212058212 0.16978193146417445 0.029106029106029108 0.056074766355140186
0 0.31548856548856546 0.2733644859813084 0.0550935550935551 0.278816199376947
1 0.34875259875259873 0.13473520249221183 0.032224532224532226 0.05451713395638629
0 0.3471933471933472 0.24454828660436137 0.05197505197505198 0.2866043613707165
1 0.19334719334719336 0.3278816199376947 0.07484407484407485 0.12305295950155763
0 0.19594594594594594 0.5934579439252337 0.18814968814968816 0.6728971962616822
1 0.36174636174636177 0.3372274143302181 0.0498960498960499 0.1043613707165109
0 0.3523908523908524 0.5124610591900312 0.11642411642411643 0.4672897196261682
1 0.19334719334719336 0.557632398753894 0.08731808731808732 0.13707165109034267
0 0.18762993762993763 0.7406542056074766 0.20270270270270271 0.5186915887850467
1 0.31756756756756754 0.5475077881619937 0.07588357588357589 0.11059190031152648
0 0.33523908523908524 0.7445482866043613 0.17567567567567569 0.5109034267912772
1 0.42255717255717257 0.4470404984423676 0.06548856548856549 0.10903426791277258
0 0.409043659043659 0.6830218068535826 0.12370062370062371 0.5934579439252337
1 0.46413721413721415 0.48442367601246106 0.06548856548856549 0.1308411214953271
0 0.47557172557172556 0.7071651090342679 0.20686070686070687 0.5856697819314641
1 0.3586278586278586 0.19781931464174454 0.04158004158004158 0.06230529595015576
0 0.35135135135135137 0.35358255451713394 0.08523908523908524 0.38006230529595014
1 0.380977130977131 0.17601246105919002 0.036382536382536385 0.06853582554517133
0 0.37733887733887733 0.3076323987538941 0.060291060291060294 0.32866043613707163
1 0.39656964656964655 0.14018691588785046 0.028066528066528068 0.04984423676012461
0 0.39345114345114346 0.29361370716510904 0.06548856548856549 0.3660436137071651
1 0.41683991683991684 0.24376947040498442 0.037422037422037424 0.08255451713395638
0 0.4126819126819127 0.3559190031152648 0.06860706860706861 0.32242990654205606
1 0.4303534303534304 0.18146417445482865 0.033264033264033266 0.06074766355140187
0 0.42775467775467774 0.2998442367601246 0.06548856548856549 0.3037383177570093
1 0.4521829521829522 0.1573208722741433 0.029106029106029108 0.04984423676012461
0 0.4490644490644491 0.26246105919003115 0.04781704781704782 0.27258566978193144
1 0.4656964656964657 0.2764797507788162 0.04158004158004158 0.07009345794392523
0 0.46205821205821207 0.4205607476635514 0.10291060291060292 0.37694704049844235
1 0.48544698544698545 0.19080996884735202 0.033264033264033266 0.06386292834890965
0 0.48440748440748443 0.3177570093457944 0.07068607068607069 0.32087227414330216
1 0.5150727650727651 0.16510903426791276 0.02598752598752599 0.04672897196261682
0 0.5114345114345115 0.27414330218068533 0.04573804573804574 0.2772585669781931
1 0.5509355509355509 0.1853582554517134 0.029106029106029108 0.056074766355140186
0 0.5431392931392931 0.34345794392523366 0.08627858627858628 0.3909657320872274
1 0.5540540540540541 0.27258566978193144 0.035343035343035345 0.06542056074766354
0 0.5509355509355509 0.40420560747663553 0.0893970893970894 0.3411214953271028
1 0.6096673596673596 0.3411214953271028 0.06756756756756757 0.14018691588785046
0 0.6081081081081081 0.6300623052959502 0.2702702702702703 0.7398753894080997
1 0.6543659043659044 0.2866043613707165 0.0446985446985447 0.08099688473520249
0 0.6637214137214137 0.5989096573208723 0.10291060291060292 0.7149532710280374
1 0.6081081081081081 0.20093457943925233 0.029106029106029108 0.056074766355140186
0 0.6003118503118503 0.3045171339563863 0.07380457380457381 0.2819314641744548
1 0.6413721413721414 0.16666666666666666 0.02494802494802495 0.0529595015576324
0 0.6382536382536382 0.2702492211838006 0.05405405405405406 0.26635514018691586
1 0.6559251559251559 0.2118380062305296 0.029106029106029108 0.04984423676012461
0 0.6543659043659044 0.3146417445482866 0.05301455301455302 0.26479750778816197
1 0.6782744282744283 0.26635514018691586 0.030145530145530147 0.06542056074766354
0 0.6782744282744283 0.39641744548286606 0.04885654885654886 0.3348909657320872
1 0.6891891891891891 0.1658878504672897 0.02702702702702703 0.048286604361370715
0 0.6891891891891891 0.2967289719626168 0.05405405405405406 0.31931464174454827
1 0.7110187110187111 0.21884735202492211 0.031185031185031187 0.05451713395638629
0 0.7089397089397089 0.3302180685358255 0.062370062370062374 0.29283489096573206
1 0.7318087318087318 0.1970404984423676 0.02494802494802495 0.048286604361370715
0 0.735966735966736 0.31230529595015577 0.056133056133056136 0.29750778816199375
1 0.7328482328482329 0.29906542056074764 0.033264033264033266 0.06542056074766354
0 0.7198544698544699 0.40420560747663553 0.07380457380457381 0.278816199376947
1 0.7661122661122661 0.29361370716510904 0.035343035343035345 0.06386292834890965
0 0.7718295218295218 0.40031152647975077 0.07796257796257797 0.2866043613707165
1 0.7603950103950103 0.23598130841121495 0.034303534303534305 0.05763239875389408
0 0.7588357588357588 0.3411214953271028 0.0498960498960499 0.2834890965732087
1 0.8024948024948025 0.23753894080996885 0.031185031185031187 0.05451713395638629
0 0.8014553014553014 0.3512461059190031 0.056133056133056136 0.29127725856697817
1 0.7889812889812889 0.16978193146417445 0.02702702702702703 0.04984423676012461
0 0.7900207900207901 0.2772585669781931 0.060291060291060294 0.27102803738317754
1 0.8425155925155925 0.24065420560747663 0.030145530145530147 0.05763239875389408
0 0.843035343035343 0.3559190031152648 0.07276507276507277 0.3099688473520249
1 0.8856548856548857 0.23598130841121495 0.035343035343035345 0.0514018691588785
0 0.8929313929313929 0.3956386292834891 0.08731808731808732 0.38317757009345793
1 0.83004158004158 0.37461059190031154 0.04261954261954262 0.08255451713395638
0 0.8357588357588358 0.5646417445482866 0.0997920997920998 0.4688473520249221
1 0.7292099792099792 0.42757009345794394 0.04261954261954262 0.07009345794392523
0 0.7307692307692307 0.5366043613707165 0.079002079002079 0.29750778816199375
1 0.7926195426195426 0.4937694704049844 0.05301455301455302 0.09345794392523364
0 0.7889812889812889 0.6409657320872274 0.079002079002079 0.3940809968847352
1 0.7266112266112266 0.5950155763239875 0.06652806652806653 0.11526479750778816
0 0.7219334719334719 0.7686915887850467 0.15904365904365905 0.46261682242990654
1 0.8393970893970893 0.5451713395638629 0.06548856548856549 0.11526479750778816
0 0.8321205821205822 0.7422118380062306 0.16735966735966737 0.5155763239875389