1 0.4120967741935484 0.14354527938342967 0.11129032258064517 0.14836223506743737
0 0.38467741935483873 0.5337186897880539 0.582258064516129 0.9325626204238922
1 0.8370967741935483 0.3554913294797688 0.14193548387096774 0.15221579961464354
0 0.8516129032258064 0.6368015414258189 0.2967741935483871 0.7263969171483622
1 0.9766129032258064 0.45472061657032753 0.0467741935483871 0.07321772639691715
0 0.9604838709677419 0.6339113680154143 0.07903225806451612 0.4393063583815029
1 0.7354838709677419 0.5269749518304432 0.012903225806451613 0.017341040462427744
0 0.7403225806451613 0.5703275529865125 0.03870967741935484 0.11560693641618497
1 0.3758064516129032 0.3236994219653179 0.08387096774193549 0.1233140655105973
0 0.4346774193548387 0.6233140655105973 0.2854838709677419 0.7533718689788054
1 0.01935483870967742 0.6146435452793835 0.012903225806451613 0.019267822736030827
0 0.021774193548387097 0.6435452793834296 0.04032258064516129 0.08863198458574181
1 0.036290322580645164 0.615606936416185 0.01129032258064516 0.017341040462427744
0 0.03951612903225806 0.6435452793834296 0.03387096774193549 0.08092485549132948
1 0.041935483870967745 0.5934489402697495 0.016129032258064516 0.019267822736030827
0 0.04112903225806452 0.6184971098265896 0.03064516129032258 0.08092485549132948
1 0.08951612903225807 0.605009633911368 0.01129032258064516 0.015414258188824663
0 0.08951612903225807 0.6339113680154143 0.03064516129032258 0.08092485549132948
1 0.09516129032258064 0.5529865125240848 0.012903225806451613 0.015414258188824663
0 0.09758064516129032 0.5857418111753372 0.03387096774193549 0.08863198458574181
1 0.11129032258064517 0.6107899807321773 0.00967741935483871 0.015414258188824663
0 0.11290322580645161 0.6368015414258189 0.02903225806451613 0.07514450867052024
1 0.125 0.5838150289017341 0.01129032258064516 0.015414258188824663
0 0.125 0.6146435452793835 0.027419354838709678 0.08863198458574181
1 0.14919354838709678 0.5789980732177264 0.01129032258064516 0.017341040462427744
0 0.14919354838709678 0.6078998073217726 0.03387096774193549 0.08670520231213873
1 0.1717741935483871 0.5876685934489403 0.01129032258064516 0.015414258188824663
0 0.1717741935483871 0.6252408477842004 0.037096774193548385 0.09826589595375723
1 0.20483870967741935 0.5886319845857418 0.012903225806451613 0.017341040462427744
0 0.20887096774193548 0.6242774566473989 0.04032258064516129 0.09633911368015415
1 0.19032258064516128 0.5838150289017341 0.012903225806451613 0.019267822736030827
0 0.19112903225806452 0.6088631984585742 0.03064516129032258 0.07707129094412331
1 0.2403225806451613 0.569364161849711 0.012903225806451613 0.017341040462427744
0 0.2411290322580645 0.5992292870905588 0.03064516129032258 0.08477842003853564
1 0.2838709677419355 0.5443159922928709 0.012903225806451613 0.017341040462427744
0 0.2887096774193548 0.5963391136801541 0.041935483870967745 0.1329479768786127
1 0.06612903225806452 0.6435452793834296 0.025806451612903226 0.06551059730250482
0 0.06612903225806452 0.6435452793834296 0.025806451612903226 0.06551059730250482