1 0.2314453125 0.45973645680819913 0.0234375 0.03513909224011713
0 0.23828125 0.5578330893118595 0.044921875 0.2342606149341142
1 0.35888671875 0.48535871156661786 0.0048828125 0.007320644216691069
0 0.357421875 0.5 0.01953125 0.0424597364568082
1 0.38818359375 0.46412884333821375 0.0068359375 0.008784773060029283
0 0.3857421875 0.4890190336749634 0.015625 0.06442166910688141
1 0.39794921875 0.4773060029282577 0.0068359375 0.01171303074670571
0 0.4052734375 0.5058565153733529 0.025390625 0.07759882869692533
1 0.42822265625 0.4956076134699854 0.0068359375 0.010248901903367497
0 0.42626953125 0.5117130307467057 0.0185546875 0.048316251830161056
1 0.42919921875 0.4904831625183016 0.0068359375 0.01171303074670571
0 0.43115234375 0.5021961932650073 0.0146484375 0.040995607613469986
1 0.3857421875 0.5248901903367497 0.005859375 0.010248901903367497
0 0.38232421875 0.5336749633967789 0.0224609375 0.0424597364568082
1 0.49609375 0.4773060029282577 0.0078125 0.01171303074670571
0 0.4990234375 0.486090775988287 0.029296875 0.03513909224011713
1 0.57666015625 0.5 0.0068359375 0.010248901903367497
0 0.57861328125 0.5117130307467057 0.0166015625 0.03953147877013177