1 0.18444444444444444 0.10612855007473841 0.07777777777777778 0.12855007473841554
0 0.22555555555555556 0.4940209267563528 0.2777777777777778 0.9192825112107623
1 0.3477777777777778 0.13228699551569506 0.06888888888888889 0.12406576980568013
0 0.31 0.47533632286995514 0.4088888888888889 0.8370702541106129
1 0.45555555555555555 0.10612855007473841 0.07111111111111111 0.11360239162929746
0 0.3977777777777778 0.4484304932735426 0.26666666666666666 0.8579970104633782
1 0.5938888888888889 0.10089686098654709 0.07222222222222222 0.12406576980568013
0 0.5811111111111111 0.4633781763826607 0.19111111111111112 0.8699551569506726
1 0.7155555555555555 0.14648729446935724 0.07111111111111111 0.12556053811659193
0 0.7277777777777777 0.4992526158445441 0.3377777777777778 0.8729446935724963
1 0.8233333333333334 0.14798206278026907 0.08 0.12855007473841554
0 0.8133333333333334 0.5059790732436472 0.16444444444444445 0.9192825112107623