1 0.19967228464419476 0.511060393258427 0.024812734082397005 0.034058988764044944
0 0.20095973782771537 0.6372893258426966 0.07279962546816479 0.29002808988764045
1 0.37523408239700373 0.5405547752808989 0.03885767790262172 0.05793539325842697
0 0.40636704119850187 0.6934691011235955 0.12780898876404495 0.36587078651685395
1 0.5105337078651685 0.5014044943820225 0.03838951310861423 0.06179775280898876
0 0.5112359550561798 0.7027738764044944 0.10159176029962547 0.4799859550561798
1 0.677434456928839 0.5001755617977528 0.02949438202247191 0.056530898876404494
0 0.6818820224719101 0.657127808988764 0.12125468164794008 0.3732443820224719
1 0.6584737827715356 0.48735955056179775 0.025749063670411985 0.04424157303370786
0 0.653558052434457 0.6251755617977528 0.09269662921348315 0.32478932584269665
1 0.6852762172284644 0.42643960674157305 0.03628277153558052 0.04389044943820225
0 0.6940543071161048 0.5319522471910112 0.08848314606741572 0.4044943820224719
1 0.7742275280898876 0.40344101123595505 0.03955992509363296 0.051264044943820225
0 0.7581928838951311 0.5152738764044944 0.07303370786516854 0.42521067415730335