1 0.126953125 0.25988286969253294 0.130859375 0.20644216691068815
0 0.23486328125 0.5021961932650073 0.4638671875 0.9956076134699854
1 0.224609375 0.3389458272327965 0.08984375 0.17715959004392387
0 0.2890625 0.609809663250366 0.298828125 0.780380673499268
1 0.34326171875 0.2730600292825769 0.1044921875 0.191800878477306
0 0.39599609375 0.5358711566617862 0.3173828125 0.9282576866764275
1 0.6728515625 0.4011713030746706 0.087890625 0.16105417276720352
0 0.638671875 0.636896046852123 0.23828125 0.726207906295754
1 0.75146484375 0.4260614934114202 0.0810546875 0.1698389458272328
0 0.7568359375 0.6522693997071742 0.291015625 0.6954612005856515
1 0.88330078125 0.308199121522694 0.1083984375 0.21522693997071743
0 0.8251953125 0.5929721815519766 0.349609375 0.8140556368960469