1 0.10324675324675325 0.5970149253731343 0.024675324675324677 0.05970149253731343
0 0.08701298701298701 0.7450248756218906 0.1038961038961039 0.39552238805970147
1 0.18116883116883117 0.6032338308457711 0.02987012987012987 0.06716417910447761
0 0.17467532467532468 0.7512437810945274 0.08961038961038961 0.3681592039800995
1 0.2688311688311688 0.5895522388059702 0.02857142857142857 0.06467661691542288
0 0.2519480519480519 0.7425373134328358 0.11948051948051948 0.3855721393034826
1 0.34285714285714286 0.5920398009950248 0.025974025974025976 0.05970149253731343
0 0.3383116883116883 0.7400497512437811 0.07142857142857142 0.3656716417910448
1 0.42077922077922075 0.5907960199004975 0.025974025974025976 0.05721393034825871
0 0.41688311688311686 0.7412935323383084 0.07272727272727272 0.3681592039800995
1 0.4896103896103896 0.6094527363184079 0.02857142857142857 0.07462686567164178
0 0.4915584415584416 0.7475124378109452 0.07922077922077922 0.35572139303482586
1 0.5688311688311688 0.5758706467661692 0.023376623376623377 0.05721393034825871
0 0.5688311688311688 0.7375621890547264 0.08311688311688312 0.3855721393034826
1 0.6480519480519481 0.5907960199004975 0.025974025974025976 0.06218905472636816
0 0.6487012987012987 0.7375621890547264 0.06623376623376623 0.3706467661691542
1 0.7292207792207792 0.5621890547263682 0.032467532467532464 0.07462686567164178
0 0.7318181818181818 0.722636815920398 0.09740259740259741 0.42039800995024873
1 0.8155844155844156 0.5895522388059702 0.02857142857142857 0.06965174129353234
0 0.8162337662337662 0.7400497512437811 0.06883116883116883 0.3805970149253731
1 0.8863636363636364 0.6032338308457711 0.032467532467532464 0.06716417910447761
0 0.888961038961039 0.746268656716418 0.08181818181818182 0.3781094527363184
1 0.9181818181818182 0.44527363184079605 0.02857142857142857 0.06467661691542288
0 0.9207792207792208 0.654228855721393 0.08571428571428572 0.5074626865671642
1 0.8467532467532467 0.5012437810945274 0.025974025974025976 0.06218905472636816
0 0.8448051948051948 0.6865671641791045 0.07402597402597402 0.4427860696517413
1 0.7668831168831168 0.42786069651741293 0.02727272727272727 0.07462686567164178
0 0.7694805194805194 0.6467661691542289 0.08701298701298701 0.5174129353233831
1 0.6857142857142857 0.458955223880597 0.03116883116883117 0.06716417910447761
0 0.6876623376623376 0.6654228855721394 0.07922077922077922 0.4900497512437811
1 0.6071428571428571 0.5049751243781094 0.02207792207792208 0.05970149253731343
0 0.6084415584415584 0.6865671641791045 0.06883116883116883 0.43781094527363185
1 0.5363636363636364 0.49129353233830847 0.02857142857142857 0.06218905472636816
0 0.5383116883116883 0.6741293532338308 0.07922077922077922 0.44776119402985076
1 0.4655844155844156 0.4626865671641791 0.02727272727272727 0.05970149253731343
0 0.4675324675324675 0.6666666666666666 0.07532467532467532 0.47761194029850745
1 0.38766233766233765 0.486318407960199 0.02727272727272727 0.06218905472636816
0 0.39155844155844155 0.677860696517413 0.08181818181818182 0.4601990049751244
1 0.31233766233766236 0.4763681592039801 0.02727272727272727 0.06218905472636816
0 0.31103896103896106 0.6728855721393034 0.07922077922077922 0.4651741293532338
1 0.23116883116883116 0.43656716417910446 0.025974025974025976 0.06716417910447761
0 0.22402597402597402 0.654228855721393 0.1 0.5074626865671642
1 0.1525974025974026 0.5186567164179104 0.024675324675324677 0.05721393034825871
0 0.15584415584415584 0.7014925373134329 0.06753246753246753 0.43283582089552236
1 0.08766233766233766 0.5211442786069652 0.02727272727272727 0.06218905472636816
0 0.09090909090909091 0.7002487562189055 0.08311688311688312 0.43034825870646765
1 0.1422077922077922 0.4465174129353234 0.02207792207792208 0.05721393034825871
0 0.14415584415584415 0.5808457711442786 0.05714285714285714 0.34577114427860695
1 0.2012987012987013 0.44029850746268656 0.023376623376623377 0.05970149253731343
0 0.2 0.5783582089552238 0.06493506493506493 0.34577114427860695
1 0.288961038961039 0.4191542288557214 0.024675324675324677 0.06218905472636816
0 0.2876623376623377 0.5659203980099502 0.07662337662337662 0.3855721393034826
1 0.3538961038961039 0.4253731343283582 0.024675324675324677 0.05970149253731343
0 0.35194805194805195 0.5771144278606966 0.05454545454545454 0.3681592039800995
1 0.43116883116883115 0.4564676616915423 0.025974025974025976 0.05721393034825871
0 0.43376623376623374 0.5982587064676617 0.07272727272727272 0.35572139303482586
1 0.5019480519480519 0.39303482587064675 0.024675324675324677 0.06467661691542288
0 0.5071428571428571 0.5634328358208955 0.07142857142857142 0.41044776119402987
1 0.5753246753246753 0.4253731343283582 0.023376623376623377 0.05472636815920398
0 0.5785714285714286 0.5796019900497512 0.07402597402597402 0.38308457711442784
1 0.6435064935064935 0.43034825870646765 0.024675324675324677 0.04975124378109453
0 0.6467532467532467 0.5883084577114428 0.07272727272727272 0.3855721393034826
1 0.7220779220779221 0.4216417910447761 0.02857142857142857 0.05721393034825871
0 0.7162337662337662 0.582089552238806 0.07142857142857142 0.38308457711442784
1 0.875974025974026 0.40298507462686567 0.024675324675324677 0.05472636815920398
0 0.8753246753246753 0.5783582089552238 0.07792207792207792 0.4154228855721393
1 0.8461038961038961 0.34701492537313433 0.024675324675324677 0.05721393034825871
0 0.85 0.4937810945273632 0.07662337662337662 0.3656716417910448
1 0.8045454545454546 0.3644278606965174 0.02727272727272727 0.06218905472636816
0 0.8090909090909091 0.5161691542288557 0.07792207792207792 0.3855721393034826
1 0.7649350649350649 0.33955223880597013 0.025974025974025976 0.05721393034825871
0 0.7655844155844156 0.4962686567164179 0.07142857142857142 0.3756218905472637
1 0.6896103896103896 0.34701492537313433 0.025974025974025976 0.06218905472636816
0 0.687012987012987 0.5 0.07792207792207792 0.3880597014925373
1 0.612987012987013 0.3420398009950249 0.025974025974025976 0.05223880597014925
0 0.6142857142857143 0.5024875621890548 0.07272727272727272 0.39303482587064675
1 0.5454545454545454 0.32213930348258707 0.025974025974025976 0.05223880597014925
0 0.5493506493506494 0.5 0.07792207792207792 0.4129353233830846
1 0.4720779220779221 0.3271144278606965 0.024675324675324677 0.06218905472636816
0 0.4746753246753247 0.4937810945273632 0.07142857142857142 0.42039800995024873
1 0.4012987012987013 0.3283582089552239 0.025974025974025976 0.05970149253731343
0 0.39935064935064934 0.4975124378109453 0.07142857142857142 0.4079601990049751
1 0.33051948051948055 0.3482587064676617 0.024675324675324677 0.05472636815920398
0 0.33181818181818185 0.5099502487562189 0.07142857142857142 0.39303482587064675
1 0.2551948051948052 0.373134328358209 0.024675324675324677 0.05472636815920398
0 0.261038961038961 0.5298507462686567 0.06753246753246753 0.38308457711442784
1 0.17792207792207793 0.373134328358209 0.023376623376623377 0.05472636815920398
0 0.18181818181818182 0.5373134328358209 0.06753246753246753 0.38308457711442784
1 0.15064935064935064 0.2947761194029851 0.023376623376623377 0.05721393034825871
0 0.1525974025974026 0.4552238805970149 0.06103896103896104 0.3880597014925373
1 0.22337662337662337 0.30223880597014924 0.023376623376623377 0.06218905472636816
0 0.22207792207792207 0.458955223880597 0.06753246753246753 0.39054726368159204
1 0.29415584415584417 0.27114427860696516 0.024675324675324677 0.05472636815920398
0 0.2961038961038961 0.44776119402985076 0.07012987012987013 0.4228855721393035
1 0.37207792207792206 0.30472636815920395 0.024675324675324677 0.05223880597014925
0 0.37402597402597404 0.4626865671641791 0.06753246753246753 0.38308457711442784
1 0.43246753246753245 0.25497512437810943 0.023376623376623377 0.05721393034825871
0 0.437012987012987 0.43781094527363185 0.06883116883116883 0.43283582089552236
1 0.5123376623376623 0.26119402985074625 0.02727272727272727 0.06965174129353234
0 0.5103896103896104 0.43532338308457713 0.07272727272727272 0.42786069651741293
1 0.5792207792207792 0.263681592039801 0.023376623376623377 0.05472636815920398
0 0.5844155844155844 0.44154228855721395 0.07792207792207792 0.42039800995024873
1 0.6577922077922078 0.2810945273631841 0.024675324675324677 0.05472636815920398
0 0.6597402597402597 0.44402985074626866 0.07272727272727272 0.40049751243781095
1 0.7350649350649351 0.2599502487562189 0.025974025974025976 0.05721393034825871
0 0.737012987012987 0.43532338308457713 0.07922077922077922 0.4129353233830846
1 0.8064935064935065 0.26741293532338306 0.025974025974025976 0.06218905472636816
0 0.8084415584415584 0.42661691542288555 0.07922077922077922 0.4054726368159204
1 0.8896103896103896 0.2860696517412935 0.025974025974025976 0.05970149253731343
0 0.8915584415584416 0.43905472636815923 0.07142857142857142 0.3756218905472637
1 0.8506493506493507 0.22885572139303484 0.02077922077922078 0.05472636815920398
0 0.8512987012987013 0.373134328358209 0.06363636363636363 0.35323383084577115
1 0.7733766233766234 0.19776119402985073 0.02207792207792208 0.05223880597014925
0 0.7753246753246753 0.35572139303482586 0.06753246753246753 0.39303482587064675
1 0.6961038961038961 0.19527363184079602 0.023376623376623377 0.06218905472636816
0 0.6987012987012987 0.34950248756218905 0.07012987012987013 0.39552238805970147
1 0.6188311688311688 0.18407960199004975 0.024675324675324677 0.05970149253731343
0 0.6227272727272727 0.3482587064676617 0.07922077922077922 0.39800995024875624
1 0.5506493506493506 0.20522388059701493 0.02077922077922078 0.05223880597014925
0 0.5571428571428572 0.36318407960199006 0.07012987012987013 0.38308457711442784
1 0.474025974025974 0.24253731343283583 0.023376623376623377 0.05223880597014925
0 0.4753246753246753 0.3818407960199005 0.06233766233766234 0.35572139303482586
1 0.40324675324675324 0.23134328358208955 0.02207792207792208 0.04975124378109453
0 0.4025974025974026 0.3781094527363184 0.06233766233766234 0.36318407960199006
1 0.34675324675324676 0.2512437810945274 0.025974025974025976 0.05472636815920398
0 0.3487012987012987 0.39054726368159204 0.06623376623376623 0.35323383084577115
1 0.2597402597402597 0.20398009950248755 0.023376623376623377 0.05472636815920398
0 0.2668831168831169 0.3706467661691542 0.08961038961038961 0.39800995024875624
1 0.18571428571428572 0.2325870646766169 0.02077922077922078 0.06218905472636816
0 0.18636363636363637 0.38681592039800994 0.07922077922077922 0.39054726368159204