1 0.25634765625 0.47900390625 0.1318359375 0.1669921875
0 0.2158203125 0.6904296875 0.376953125 0.619140625
1 0.478515625 0.55322265625 0.140625 0.1435546875
0 0.49267578125 0.74072265625 0.3759765625 0.5185546875
1 0.75 0.48974609375 0.1328125 0.1748046875
0 0.73876953125 0.69384765625 0.3779296875 0.6123046875
1 0.6767578125 0.57763671875 0.1015625 0.1376953125
0 0.67041015625 0.7451171875 0.3115234375 0.509765625
1 0.0341796875 0.705078125 0.068359375 0.58984375
0 0.0947265625 0.705078125 0.189453125 0.58984375
1 0.7783203125 0.5712890625 0.09375 0.095703125
0 0.794921875 0.7607421875 0.3515625 0.478515625