1 0.9338461538461539 0.49942263279445726 0.08615384615384615 0.14434180138568128
0 0.8946153846153846 0.7066974595842956 0.21076923076923076 0.5866050808314087
1 0.8603846153846154 0.4682448036951501 0.06692307692307692 0.13279445727482678
0 0.8707692307692307 0.6922632794457275 0.14307692307692307 0.6154734411085451
1 0.8607692307692307 0.5069284064665127 0.06461538461538462 0.10392609699769054
0 0.8561538461538462 0.7222863741339491 0.21384615384615385 0.5554272517321016
1 0.6992307692307692 0.44110854503464203 0.05076923076923077 0.09468822170900693
0 0.7015384615384616 0.6645496535796767 0.18153846153846154 0.6709006928406467
1 0.6711538461538461 0.4607390300230947 0.0823076923076923 0.11085450346420324
0 0.6638461538461539 0.6968822170900693 0.2553846153846154 0.6062355658198614
1 0.573076923076923 0.4220554272517321 0.08153846153846153 0.12124711316397228
0 0.551923076923077 0.6547344110854504 0.18384615384615385 0.6905311778290993
1 0.5 0.5092378752886836 0.09538461538461539 0.15011547344110854
0 0.4346153846153846 0.5346420323325635 0.3046153846153846 0.930715935334873
1 0.43576923076923074 0.4330254041570439 0.06692307692307692 0.12702078521939955
0 0.4369230769230769 0.674364896073903 0.1276923076923077 0.651270207852194
1 0.3576923076923077 0.44399538106235564 0.06153846153846154 0.11662817551963048
0 0.355 0.684757505773672 0.17923076923076922 0.6304849884526559
1 0.3038461538461538 0.37933025404157045 0.05076923076923077 0.08429561200923788
0 0.29923076923076924 0.6616628175519631 0.14307692307692307 0.6766743648960739
1 0.19884615384615384 0.4590069284064665 0.07615384615384616 0.1420323325635104
0 0.1973076923076923 0.6882217090069284 0.17307692307692307 0.6235565819861432
1 0.14307692307692307 0.4353348729792148 0.10615384615384615 0.14780600461893764
0 0.1646153846153846 0.6720554272517321 0.3153846153846154 0.6558891454965358
1 0.05692307692307692 0.4855658198614319 0.11384615384615385 0.22979214780600463
0 0.14576923076923076 0.684757505773672 0.2915384615384615 0.6304849884526559
1 0.12153846153846154 0.3493071593533487 0.08923076923076922 0.10046189376443418
0 0.11 0.6200923787528868 0.22 0.7598152424942263