1 0.012916666666666667 0.74 0.015833333333333335 0.035
0 0.021666666666666667 0.84625 0.043333333333333335 0.2625
1 0.01375 0.73875 0.014166666666666666 0.0325
0 0.018333333333333333 0.8325 0.03666666666666667 0.225
1 0.05375 0.728125 0.025833333333333333 0.04125
0 0.0475 0.85 0.06166666666666667 0.29
1 0.07958333333333334 0.725 0.0225 0.035
0 0.07541666666666667 0.828125 0.0475 0.25625
1 0.13791666666666666 0.735 0.0175 0.025
0 0.13916666666666666 0.831875 0.06333333333333334 0.22625
1 0.19 0.723125 0.011666666666666667 0.01875
0 0.19 0.7775 0.035 0.14
1 0.2075 0.711875 0.03 0.05125
0 0.19875 0.83875 0.09083333333333334 0.3225
1 0.24458333333333335 0.67125 0.06916666666666667 0.1275
0 0.23416666666666666 0.799375 0.24166666666666667 0.40125
1 0.2975 0.715625 0.021666666666666667 0.03625
0 0.2991666666666667 0.8075 0.04833333333333333 0.2275
1 0.33375 0.721875 0.019166666666666665 0.02875
0 0.33625 0.818125 0.0475 0.23125
1 0.37875 0.73875 0.0175 0.0275
0 0.38083333333333336 0.825625 0.05 0.21375
1 0.3958333333333333 0.72375 0.013333333333333334 0.0225
0 0.3983333333333333 0.793125 0.03333333333333333 0.16375
1 0.43375 0.735 0.019166666666666665 0.035
0 0.42291666666666666 0.848125 0.07416666666666667 0.26625
1 0.46541666666666665 0.71375 0.034166666666666665 0.0675
0 0.4625 0.83875 0.08333333333333333 0.3225
1 0.5233333333333333 0.69375 0.043333333333333335 0.0875
0 0.5216666666666666 0.823125 0.11333333333333333 0.35375
1 0.5441666666666667 0.72625 0.04833333333333333 0.0975
0 0.5175 0.834375 0.16666666666666666 0.33125
1 0.645 0.725 0.04833333333333333 0.09
0 0.6525 0.838125 0.16333333333333333 0.32375
1 0.6879166666666666 0.686875 0.04583333333333333 0.07875
0 0.7079166666666666 0.8225 0.1325 0.355
1 0.7183333333333334 0.701875 0.023333333333333334 0.03875
0 0.7266666666666667 0.824375 0.07333333333333333 0.29625
1 0.7779166666666667 0.721875 0.0175 0.03125
0 0.7758333333333334 0.815 0.04833333333333333 0.2325
1 0.805 0.69125 0.021666666666666667 0.04
0 0.8108333333333333 0.78875 0.058333333333333334 0.245
1 0.84125 0.7125 0.0175 0.03
0 0.8479166666666667 0.79625 0.0475 0.205
1 0.8658333333333333 0.685 0.011666666666666667 0.0175
0 0.8679166666666667 0.758125 0.050833333333333335 0.17125
1 0.87625 0.74875 0.020833333333333332 0.035
0 0.875 0.8275 0.05 0.2125
1 0.8341666666666666 0.765625 0.025 0.04875
0 0.8416666666666667 0.869375 0.095 0.26125
1 0.90625 0.681875 0.025833333333333333 0.04625
0 0.9120833333333334 0.786875 0.049166666666666664 0.26625
1 0.93 0.7175 0.04 0.065
0 0.9220833333333334 0.84 0.11583333333333333 0.32
1 0.9595833333333333 0.7225 0.0275 0.045
0 0.9645833333333333 0.84875 0.07083333333333333 0.3025