1 0.04726239669421488 0.38548136645962733 0.029442148760330578 0.05357142857142857
0 0.0699896694214876 0.4945652173913043 0.09452479338842976 0.2686335403726708
1 0.05113636363636364 0.5236801242236024 0.028925619834710745 0.056677018633540376
0 0.059400826446280995 0.6133540372670807 0.08987603305785125 0.2406832298136646
1 0.07851239669421488 0.5112577639751553 0.030991735537190084 0.05822981366459627
0 0.07283057851239669 0.5962732919254659 0.06198347107438017 0.2329192546583851
1 0.12887396694214875 0.546972049689441 0.028409090909090908 0.04580745341614907
0 0.13894628099173553 0.656444099378882 0.08471074380165289 0.27251552795031053
1 0.1797520661157025 0.5085403726708074 0.058884297520661155 0.10093167701863354
0 0.20738636363636365 0.7267080745341615 0.19886363636363635 0.546583850931677
1 0.3868801652892562 0.4922360248447205 0.05268595041322314 0.11024844720496894
0 0.37964876033057854 0.717391304347826 0.1322314049586777 0.5652173913043478
1 0.44989669421487605 0.484860248447205 0.09917355371900827 0.1420807453416149
0 0.4868285123966942 0.6642080745341615 0.2794421487603306 0.671583850931677
1 0.6172520661157025 0.5031055900621118 0.05165289256198347 0.08540372670807453
0 0.6149276859504132 0.7267080745341615 0.14514462809917356 0.546583850931677
1 0.68724173553719 0.4670031055900621 0.05010330578512397 0.0986024844720497
0 0.7079028925619835 0.7080745341614907 0.12138429752066116 0.5838509316770186
1 0.7696280991735537 0.4751552795031056 0.038223140495867766 0.06677018633540373
0 0.7766012396694215 0.6875 0.09245867768595041 0.49767080745341613
1 0.6371384297520661 0.5275621118012422 0.038739669421487606 0.06909937888198758
0 0.628099173553719 0.7282608695652174 0.10847107438016529 0.4953416149068323
1 0.7120351239669421 0.4817546583850932 0.03254132231404959 0.05512422360248447
0 0.721849173553719 0.7162267080745341 0.09245867768595041 0.5271739130434783
1 0.8582128099173554 0.48020186335403725 0.042871900826446284 0.07686335403726709
0 0.8553719008264463 0.718944099378882 0.1115702479338843 0.562111801242236
1 0.8545971074380165 0.4666149068322981 0.040805785123966945 0.07142857142857142
0 0.8693181818181818 0.6913819875776398 0.1012396694214876 0.5271739130434783
1 0.8879132231404959 0.42701863354037267 0.038223140495867766 0.07453416149068323
0 0.8972107438016529 0.6541149068322981 0.125 0.5333850931677019
1 0.9744318181818182 0.484472049689441 0.03667355371900827 0.062111801242236024
0 0.9607438016528925 0.6688664596273292 0.07851239669421488 0.4355590062111801