1 0.1376953125 0.17926829268292682 0.02734375 0.08048780487804878
0 0.1396484375 0.35853658536585364 0.056640625 0.45365853658536587
1 0.0078125 0.20609756097560974 0.009765625 0.02195121951219512
0 0.02978515625 0.21585365853658536 0.0595703125 0.07073170731707316
1 0.1044921875 0.21951219512195122 0.025390625 0.07317073170731707
0 0.0986328125 0.3975609756097561 0.06640625 0.43902439024390244
1 0.16845703125 0.1926829268292683 0.0205078125 0.05853658536585366
0 0.171875 0.3463414634146341 0.046875 0.375609756097561
1 0.19873046875 0.21341463414634146 0.0244140625 0.07073170731707316
0 0.19580078125 0.3926829268292683 0.0595703125 0.43902439024390244
1 0.2236328125 0.2073170731707317 0.021484375 0.06341463414634146
0 0.22314453125 0.35365853658536583 0.0478515625 0.36585365853658536
1 0.24560546875 0.23658536585365852 0.0224609375 0.06829268292682927
0 0.2509765625 0.4024390243902439 0.05078125 0.4097560975609756
1 0.1484375 0.2804878048780488 0.025390625 0.06829268292682927
0 0.14697265625 0.4634146341463415 0.0712890625 0.44390243902439025
1 0.19091796875 0.275609756097561 0.0244140625 0.07317073170731707
0 0.1923828125 0.4573170731707317 0.056640625 0.44146341463414634
1 0.2275390625 0.31097560975609756 0.025390625 0.08048780487804878
0 0.23291015625 0.4865853658536585 0.0556640625 0.45121951219512196
1 0.27685546875 0.325609756097561 0.0224609375 0.07073170731707316
0 0.27587890625 0.5097560975609756 0.0576171875 0.4585365853658537
1 0.32373046875 0.27439024390243905 0.0224609375 0.06585365853658537
0 0.31982421875 0.474390243902439 0.0556640625 0.47560975609756095
1 0.384765625 0.33414634146341465 0.025390625 0.07317073170731707
0 0.37841796875 0.524390243902439 0.1259765625 0.48292682926829267
1 0.44580078125 0.2682926829268293 0.0185546875 0.06341463414634146
0 0.44384765625 0.4548780487804878 0.0537109375 0.4560975609756098
1 0.48779296875 0.27682926829268295 0.0205078125 0.07073170731707316
0 0.484375 0.47317073170731705 0.05078125 0.47317073170731705
1 0.5244140625 0.29634146341463413 0.0234375 0.07073170731707316
0 0.52490234375 0.4841463414634146 0.0478515625 0.4609756097560976
1 0.5732421875 0.30365853658536585 0.0234375 0.06585365853658537
0 0.57373046875 0.5060975609756098 0.0849609375 0.4902439024390244
1 0.63818359375 0.27439024390243905 0.0224609375 0.07073170731707316
0 0.63671875 0.47073170731707314 0.056640625 0.4682926829268293
1 0.6640625 0.2975609756097561 0.0234375 0.08292682926829269
0 0.6640625 0.4792682926829268 0.052734375 0.4560975609756098
1 0.720703125 0.3097560975609756 0.0234375 0.06829268292682927
0 0.7177734375 0.5109756097560976 0.06640625 0.4902439024390244
1 0.7646484375 0.348780487804878 0.025390625 0.08292682926829269
0 0.76318359375 0.5451219512195122 0.0595703125 0.4902439024390244
1 0.81591796875 0.33170731707317075 0.0302734375 0.07804878048780488
0 0.81396484375 0.552439024390244 0.0673828125 0.5292682926829269
1 0.8662109375 0.3329268292682927 0.025390625 0.08048780487804878
0 0.87353515625 0.5695121951219512 0.0751953125 0.5634146341463414
1 0.88916015625 0.32926829268292684 0.0244140625 0.07317073170731707
0 0.8984375 0.5390243902439025 0.07421875 0.5073170731707317
1 0.9072265625 0.5634146341463414 0.033203125 0.0975609756097561
0 0.900390625 0.7170731707317073 0.09765625 0.4097560975609756
1 0.81982421875 0.5487804878048781 0.0322265625 0.09268292682926829
0 0.81787109375 0.6951219512195121 0.0771484375 0.40487804878048783
1 0.74658203125 0.5304878048780488 0.0341796875 0.1
0 0.7490234375 0.6878048780487804 0.080078125 0.43414634146341463
1 0.7158203125 0.526829268292683 0.029296875 0.09268292682926829
0 0.71533203125 0.6597560975609756 0.0712890625 0.3829268292682927
1 0.654296875 0.47560975609756095 0.02734375 0.0975609756097561
0 0.65283203125 0.624390243902439 0.0830078125 0.4
1 0.5986328125 0.49878048780487805 0.0234375 0.09024390243902439
0 0.59912109375 0.6195121951219512 0.0673828125 0.36585365853658536
1 0.54052734375 0.5085365853658537 0.0283203125 0.09024390243902439
0 0.54296875 0.6451219512195122 0.06640625 0.37317073170731707
1 0.48291015625 0.47560975609756095 0.0205078125 0.08780487804878048
0 0.47998046875 0.6060975609756097 0.0673828125 0.3829268292682927
1 0.42236328125 0.49634146341463414 0.0263671875 0.0951219512195122
0 0.41845703125 0.6207317073170732 0.0791015625 0.35853658536585364
1 0.345703125 0.4560975609756098 0.02734375 0.09268292682926829
0 0.345703125 0.6195121951219512 0.080078125 0.43414634146341463
1 0.24169921875 0.44146341463414634 0.0283203125 0.08292682926829269
0 0.2412109375 0.5768292682926829 0.068359375 0.36829268292682926
1 0.26611328125 0.47804878048780486 0.0302734375 0.0975609756097561
0 0.27099609375 0.6341463414634146 0.0751953125 0.4195121951219512
1 0.1953125 0.44390243902439025 0.029296875 0.08292682926829269
0 0.19287109375 0.5829268292682926 0.0634765625 0.37073170731707317
1 0.087890625 0.41341463414634144 0.03515625 0.10975609756097561
0 0.07470703125 0.6024390243902439 0.1005859375 0.5024390243902439
1 0.13916015625 0.47073170731707314 0.0322265625 0.0975609756097561
0 0.1396484375 0.6365853658536585 0.08203125 0.44390243902439025
1 0.17431640625 0.551219512195122 0.0302734375 0.1024390243902439
0 0.16162109375 0.6890243902439024 0.1162109375 0.3878048780487805
1 0.22314453125 0.2048780487804878 0.0205078125 0.06341463414634146
0 0.22216796875 0.38170731707317074 0.0537109375 0.4219512195121951
1 0.26171875 0.2073170731707317 0.017578125 0.05853658536585366
0 0.259765625 0.36829268292682926 0.046875 0.3902439024390244
1 0.27783203125 0.24390243902439024 0.0224609375 0.06341463414634146
0 0.27685546875 0.3926829268292683 0.0419921875 0.375609756097561
1 0.30517578125 0.2304878048780488 0.0224609375 0.06585365853658537
0 0.3046875 0.375609756097561 0.044921875 0.37073170731707317
1 0.32958984375 0.21829268292682927 0.0205078125 0.05121951219512195
0 0.326171875 0.35609756097560974 0.041015625 0.33170731707317075
1 0.34765625 0.2280487804878049 0.021484375 0.06097560975609756
0 0.34814453125 0.37682926829268293 0.0439453125 0.36341463414634145
1 0.37451171875 0.22317073170731708 0.0185546875 0.05609756097560976
0 0.37255859375 0.36097560975609755 0.0419921875 0.34146341463414637
1 0.39111328125 0.23658536585365852 0.0205078125 0.06829268292682927
0 0.3916015625 0.3670731707317073 0.0390625 0.33414634146341465
1 0.40283203125 0.2682926829268293 0.0224609375 0.07317073170731707
0 0.4052734375 0.42560975609756097 0.044921875 0.3975609756097561
1 0.4140625 0.22682926829268293 0.01953125 0.05853658536585366
0 0.4130859375 0.37682926829268293 0.0390625 0.36341463414634145
1 0.435546875 0.2329268292682927 0.01953125 0.05121951219512195
0 0.4345703125 0.39146341463414636 0.048828125 0.3829268292682927
1 0.458984375 0.24634146341463414 0.01953125 0.06829268292682927
0 0.4599609375 0.4060975609756098 0.05078125 0.3926829268292683
1 0.486328125 0.2146341463414634 0.01953125 0.06341463414634146
0 0.486328125 0.37926829268292683 0.05078125 0.4024390243902439
1 0.51318359375 0.2597560975609756 0.0205078125 0.06097560975609756
0 0.51220703125 0.4060975609756098 0.0439453125 0.36341463414634145
1 0.52978515625 0.21707317073170732 0.0166015625 0.05853658536585366
0 0.525390625 0.3597560975609756 0.0390625 0.36341463414634145
1 0.54833984375 0.2597560975609756 0.0205078125 0.06585365853658537
0 0.54736328125 0.40487804878048783 0.0439453125 0.37073170731707317
1 0.58447265625 0.23780487804878048 0.0185546875 0.05609756097560976
0 0.5810546875 0.3780487804878049 0.041015625 0.35609756097560974
1 0.5966796875 0.26951219512195124 0.021484375 0.06097560975609756
0 0.59326171875 0.44390243902439025 0.0458984375 0.4195121951219512
1 0.62841796875 0.2304878048780488 0.0166015625 0.05121951219512195
0 0.62841796875 0.401219512195122 0.0498046875 0.4170731707317073
1 0.6796875 0.24634146341463414 0.017578125 0.05365853658536585
0 0.67919921875 0.4146341463414634 0.0439453125 0.40487804878048783
1 0.6982421875 0.27682926829268295 0.025390625 0.06585365853658537
0 0.70068359375 0.4609756097560976 0.0478515625 0.44878048780487806
1 0.73193359375 0.27195121951219514 0.0185546875 0.06097560975609756
0 0.7314453125 0.43414634146341463 0.046875 0.3902439024390244
1 0.75048828125 0.3024390243902439 0.0263671875 0.06829268292682927
0 0.75244140625 0.4817073170731707 0.0537109375 0.4268292682926829
1 0.78173828125 0.2914634146341463 0.0244140625 0.06585365853658537
0 0.78125 0.47804878048780486 0.0546875 0.45365853658536587
1 0.82373046875 0.27195121951219514 0.0224609375 0.06585365853658537
0 0.82177734375 0.4402439024390244 0.0439453125 0.4121951219512195
1 0.841796875 0.32195121951219513 0.0234375 0.06829268292682927
0 0.83837890625 0.48048780487804876 0.0498046875 0.4
1 0.9853515625 0.11219512195121951 0.00390625 0.00975609756097561
0 0.9853515625 0.12926829268292683 0.01171875 0.05853658536585366