1 0.766125718981101 0.5546038543897216 0.09387838948233361 0.19944937289691037
0 0.7767050123253904 0.7031202202508412 0.2485620377978636 0.5937595594983175
1 0.6661873459326212 0.6300091771183848 0.07313064913722268 0.15264606913429182
0 0.6748151191454396 0.7707249923524013 0.19104354971240756 0.4585500152951973
1 0.5299917830731307 0.6627408993576017 0.07189811010682005 0.13551544814928113
0 0.5532046014790468 0.7919853166105842 0.16433853738701726 0.41602936677883146
1 0.4261503697617091 0.5780055062710309 0.07497945768282663 0.14346895074946467
0 0.37561626951520133 0.7499235240134597 0.2232949876746097 0.5001529519730804
1 0.3033073130649137 0.6739063933924747 0.043344289235825804 0.07219333129397369
0 0.30084223500410845 0.8129397369226063 0.11935086277732128 0.3741205261547874
1 0.19967132292522596 0.6301621290914653 0.052999178307313065 0.08442948914040992
0 0.169063270336894 0.7896910370143775 0.1388660640920296 0.42061792597124503
1 0.14143385373870174 0.6512695013765678 0.035127362366474936 0.05322728663199755
0 0.12479457682826622 0.8109513612725604 0.10250616269515202 0.37809727745487914
1 0.11565324568611339 0.650351789538085 0.030402629416598194 0.05139186295503212
0 0.09983566146261298 0.8016212909146528 0.09285127362366474 0.36127256041602934
1 0.07200082169268693 0.6647292750076476 0.02732128184059162 0.043438360354848576
0 0.054026294165981925 0.8092688895686755 0.07189811010682005 0.3435301315386968
1 0.031635168447000823 0.6757418170694401 0.01437962202136401 0.023248699908228816
0 0.02947822514379622 0.7691954726215968 0.05895645028759244 0.22728663199755278
1 0.27126129827444534 0.6659528907922913 0.03594905505341003 0.054450902416641175
0 0.26499589153656533 0.8176812480881004 0.07354149548069022 0.36463750382379934
1 0.30392358258011504 0.6751300091771184 0.039646672144617916 0.07035790761700826
0 0.2930361544782251 0.8137044967880086 0.1004519309778143 0.37259100642398285
1 0.4752465078060805 0.6454573263995106 0.03594905505341003 0.05689813398592842
0 0.4590180772391126 0.7880085653104925 0.07744453574363189 0.3475068828387886
1 0.591721446179129 0.6688589782808199 0.03677074774034511 0.06209850107066381
0 0.5918241577649959 0.7994799632915265 0.05751848808545604 0.3306821657999388
1 0.6261298274445357 0.6272560416029367 0.04437140509449466 0.08167635362496176
0 0.6307518488085456 0.7895380850412971 0.09182415776499589 0.42092382991740596