1 0.030048076923076924 0.33621794871794874 0.06009615384615385 0.0955128205128205
0 0.0734375 0.5947115384615385 0.146875 0.6182692307692308
1 0.05060096153846154 0.34615384615384615 0.04158653846153846 0.08846153846153847
0 0.0686298076923077 0.5663461538461538 0.1372596153846154 0.5352564102564102
1 0.1373798076923077 0.3544871794871795 0.06466346153846154 0.09294871794871795
0 0.1469951923076923 0.590224358974359 0.1439903846153846 0.5676282051282051
1 0.27079326923076924 0.3387820512820513 0.048317307692307694 0.07243589743589744
0 0.28112980769230766 0.5508012820512821 0.1362980769230769 0.5016025641025641
1 0.551923076923077 0.3266025641025641 0.052884615384615384 0.08333333333333333
0 0.5325721153846154 0.6004807692307692 0.09927884615384615 0.6349358974358974
1 0.5859375 0.3663461538461538 0.061778846153846156 0.09807692307692308
0 0.5890625 0.6362179487179487 0.13822115384615385 0.6416666666666667
1 0.6646634615384616 0.3939102564102564 0.03942307692307692 0.06538461538461539
0 0.6483173076923077 0.5618589743589744 0.07788461538461539 0.4044871794871795
1 0.6836538461538462 0.36185897435897435 0.035096153846153846 0.05897435897435897
0 0.6651442307692308 0.5145833333333333 0.07692307692307693 0.36698717948717946
1 0.7259615384615384 0.3887820512820513 0.03942307692307692 0.05641025641025641
0 0.7118990384615385 0.5777243589743589 0.10408653846153847 0.444551282051282
1 0.8039663461538461 0.35528846153846155 0.053125 0.0733974358974359
0 0.7846153846153846 0.5935897435897436 0.16778846153846153 0.5557692307692308
1 0.4419471153846154 0.4543269230769231 0.029086538461538462 0.041987179487179484
0 0.4159855769230769 0.5466346153846153 0.09975961538461539 0.22852564102564102
1 0.3445913461538462 0.4469551282051282 0.02139423076923077 0.04583333333333333
0 0.3328125 0.5302884615384615 0.05793269230769231 0.2144230769230769