1 0.07590909090909091 0.4095315024232633 0.10636363636363637 0.1825525040387722
0 0.1640909090909091 0.6558966074313409 0.3281818181818182 0.6882067851373183
1 0.15954545454545455 0.3788368336025848 0.07545454545454545 0.1825525040387722
0 0.17136363636363636 0.6381260096930533 0.23727272727272727 0.7237479806138933
1 0.295 0.4701130856219709 0.053636363636363635 0.13570274636510501
0 0.3018181818181818 0.6938610662358643 0.16727272727272727 0.6122778675282714
1 0.33545454545454545 0.3198707592891761 0.06 0.1421647819063005
0 0.2822727272727273 0.5936995153473344 0.17363636363636364 0.6962843295638126
1 0.44363636363636366 0.38287560581583197 0.05818181818181818 0.13247172859450726
0 0.43636363636363634 0.6163166397415186 0.13454545454545455 0.6155088852988692
1 0.52 0.46445880452342486 0.05090909090909091 0.13731825525040386
0 0.519090909090909 0.6663974151857835 0.12363636363636364 0.5605815831987075
1 0.6477272727272727 0.40064620355411956 0.07545454545454545 0.14539579967689822
0 0.6736363636363636 0.648626817447496 0.19454545454545455 0.654281098546042
1 0.8631818181818182 0.5250403877221325 0.07363636363636364 0.15508885298869143
0 0.8177272727272727 0.7189014539579968 0.21545454545454545 0.5621970920840065
1 0.9127272727272727 0.568659127625202 0.10909090909090909 0.22617124394184168
0 0.8677272727272727 0.7237479806138933 0.26454545454545453 0.5525040387722132
1 0.6068181818181818 0.1567043618739903 0.053636363636363635 0.1260096930533118
0 0.6045454545454545 0.4789983844911147 0.14909090909090908 0.802907915993538
1 0.7863636363636364 0.18093699515347333 0.06181818181818182 0.12924071082390953
0 0.785 0.5064620355411955 0.1390909090909091 0.7932148626817448
1 0.9168181818181819 0.29159935379644586 0.02090909090909091 0.04361873990306947
0 0.9222727272727272 0.3877221324717286 0.05909090909090909 0.2455573505654281
1 0.9913636363636363 0.308562197092084 0.017272727272727273 0.0420032310177706
0 0.9763636363636363 0.41033925686591277 0.04727272727272727 0.2552504038772213
1 0.4622727272727273 0.19143780290791598 0.022727272727272728 0.046849757673667204
0 0.4631818181818182 0.33198707592891763 0.06454545454545454 0.3344103392568659
1 0.4122727272727273 0.23021001615508885 0.026363636363636363 0.05331179321486268
0 0.41409090909090907 0.34894991922455576 0.05181818181818182 0.3037156704361874
1 0.35863636363636364 0.23505654281098545 0.031818181818181815 0.06623586429725363
0 0.35909090909090907 0.4079159935379645 0.07272727272727272 0.42487883683360256
1 0.22318181818181818 0.2172859450726979 0.017272727272727273 0.033925686591276254
0 0.22 0.3158319870759289 0.04 0.23747980613893377
1 0.26636363636363636 0.22859450726978997 0.02 0.046849757673667204
0 0.2586363636363636 0.3174474959612278 0.05181818181818182 0.23424878836833601
1 0.3018181818181818 0.22778675282714056 0.02181818181818182 0.048465266558966075
0 0.3013636363636364 0.3263327948303716 0.053636363636363635 0.2552504038772213
1 0.2913636363636364 0.20597738287560582 0.015454545454545455 0.033925686591276254
0 0.28863636363636364 0.2964458804523425 0.03727272727272727 0.22132471728594508
1 0.9536363636363636 0.21890145395799676 0.012727272727272728 0.024232633279483037
0 0.9513636363636364 0.2851373182552504 0.031818181818181815 0.16639741518578352