1 0.26958762886597937 0.312210200927357 0.05670103092783505 0.11746522411128284
0 0.27474226804123714 0.6228748068006182 0.1865979381443299 0.7542503863987635
1 0.3474226804123711 0.3462132921174652 0.04742268041237113 0.0865533230293663
0 0.3515463917525773 0.5850077279752705 0.11958762886597939 0.5672333848531684
1 0.4623711340206186 0.35394126738794435 0.05463917525773196 0.1143740340030912
0 0.4670103092783505 0.6282843894899537 0.1670103092783505 0.6939721792890263
1 0.5314432989690722 0.2635239567233385 0.04639175257731959 0.1035548686244204
0 0.5252577319587629 0.5200927357032458 0.14948453608247422 0.6290571870170015
1 0.6417525773195877 0.21947449768160743 0.060824742268041236 0.11128284389489954
0 0.6484536082474227 0.5680061823802164 0.19175257731958764 0.8423493044822257
1 0.7087628865979382 0.23956723338485317 0.027835051546391754 0.04327666151468315
0 0.7149484536082474 0.36321483771251933 0.08762886597938144 0.32457496136012365