1 0.26276595744680853 0.3667247386759582 0.03404255319148936 0.06794425087108014
0 0.24148936170212765 0.6054006968641115 0.13829787234042554 0.5662020905923345
1 0.33617021276595743 0.36498257839721254 0.04042553191489362 0.078397212543554
0 0.3425531914893617 0.617595818815331 0.15531914893617021 0.6045296167247387
1 0.48829787234042554 0.48606271777003485 0.0425531914893617 0.09059233449477352
0 0.4563829787234043 0.6341463414634146 0.1425531914893617 0.40069686411149824
1 0.3180851063829787 0.21602787456445993 0.027659574468085105 0.05574912891986063
0 0.3191489361702128 0.4024390243902439 0.09574468085106383 0.43902439024390244
1 0.3797872340425532 0.1986062717770035 0.03404255319148936 0.07665505226480836
0 0.37872340425531914 0.4259581881533101 0.1127659574468085 0.5452961672473867
1 0.4531914893617021 0.23257839721254356 0.03404255319148936 0.06445993031358885
0 0.4574468085106383 0.4250871080139373 0.1 0.4738675958188153
1 0.523936170212766 0.2665505226480836 0.022340425531914895 0.03832752613240418
0 0.5228723404255319 0.40331010452961674 0.05638297872340425 0.31881533101045295
1 0.5611702127659575 0.1437282229965157 0.03297872340425532 0.06794425087108014
0 0.5547872340425531 0.33797909407665505 0.09893617021276596 0.4634146341463415
1 0.6031914893617021 0.19337979094076654 0.036170212765957444 0.08362369337979095
0 0.598404255319149 0.45818815331010454 0.1351063829787234 0.6376306620209059
1 0.7117021276595744 0.18205574912891986 0.03829787234042553 0.07142857142857142
0 0.7 0.3719512195121951 0.14468085106382977 0.4616724738675958
1 0.7196808510638298 0.35801393728222997 0.05 0.10975609756097561
0 0.7085106382978723 0.5627177700348432 0.17446808510638298 0.5261324041811847
1 0.7978723404255319 0.13763066202090593 0.0425531914893617 0.08013937282229965
0 0.8042553191489362 0.37717770034843207 0.1276595744680851 0.573170731707317
1 0.15425531914893617 0.5060975609756098 0.00851063829787234 0.033101045296167246
0 0.15425531914893617 0.5060975609756098 0.00851063829787234 0.033101045296167246
1 0.13882978723404255 0.5060975609756098 0.007446808510638298 0.02613240418118467
0 0.13882978723404255 0.5060975609756098 0.007446808510638298 0.02613240418118467
1 0.13138297872340426 0.5069686411149826 0.007446808510638298 0.027874564459930314
0 0.13138297872340426 0.5069686411149826 0.007446808510638298 0.027874564459930314
1 0.12287234042553191 0.5078397212543554 0.007446808510638298 0.02264808362369338
0 0.12287234042553191 0.5078397212543554 0.007446808510638298 0.02264808362369338
1 0.11914893617021277 0.5270034843205574 0.00851063829787234 0.033101045296167246
0 0.11914893617021277 0.5270034843205574 0.00851063829787234 0.033101045296167246
1 0.09627659574468085 0.5069686411149826 0.009574468085106383 0.020905923344947737
0 0.09627659574468085 0.5069686411149826 0.009574468085106383 0.020905923344947737
1 0.08670212765957447 0.5156794425087108 0.005319148936170213 0.006968641114982578
0 0.08457446808510638 0.5270034843205574 0.009574468085106383 0.036585365853658534
1 0.056914893617021275 0.4921602787456446 0.0031914893617021275 0.005226480836236934
0 0.056914893617021275 0.5052264808362369 0.009574468085106383 0.03484320557491289
1 0.0627659574468085 0.5052264808362369 0.006382978723404255 0.027874564459930314
0 0.0627659574468085 0.5052264808362369 0.006382978723404255 0.027874564459930314
1 0.07340425531914893 0.5043554006968641 0.00851063829787234 0.04006968641114982
0 0.07340425531914893 0.5043554006968641 0.00851063829787234 0.04006968641114982
1 0.08297872340425531 0.5017421602787456 0.006382978723404255 0.03484320557491289
0 0.08297872340425531 0.5017421602787456 0.006382978723404255 0.03484320557491289
1 0.8436170212765958 0.4059233449477352 0.006382978723404255 0.010452961672473868
0 0.8462765957446808 0.43118466898954705 0.013829787234042552 0.06445993031358885
1 0.8819148936170212 0.4102787456445993 0.006382978723404255 0.008710801393728223
0 0.8824468085106383 0.43205574912891986 0.013829787234042552 0.07317073170731707
1 0.8941489361702127 0.4102787456445993 0.005319148936170213 0.012195121951219513
0 0.8925531914893617 0.4329268292682927 0.010638297872340425 0.07142857142857142
1 0.902127659574468 0.4146341463414634 0.006382978723404255 0.010452961672473868
0 0.9010638297872341 0.43205574912891986 0.01276595744680851 0.0627177700348432