1 0.8169014084507042 0.58125 0.018779342723004695 0.041666666666666664
0 0.818075117370892 0.6958333333333333 0.04460093896713615 0.2791666666666667
1 0.7681924882629108 0.565625 0.01995305164319249 0.052083333333333336
0 0.7629107981220657 0.6854166666666667 0.05868544600938967 0.29583333333333334
1 0.5017605633802817 0.5208333333333334 0.008215962441314555 0.016666666666666666
0 0.49413145539906106 0.5635416666666667 0.03755868544600939 0.11875
1 0.4841549295774648 0.5229166666666667 0.008215962441314555 0.016666666666666666
0 0.4818075117370892 0.565625 0.017605633802816902 0.11875
1 0.977112676056338 0.5510416666666667 0.008215962441314555 0.01875
0 0.9806338028169014 0.5916666666666667 0.01995305164319249 0.10416666666666667
1 0.9677230046948356 0.5541666666666667 0.01056338028169014 0.020833333333333332
0 0.9618544600938967 0.5927083333333333 0.01995305164319249 0.10208333333333333
1 0.937206572769953 0.540625 0.008215962441314555 0.014583333333333334
0 0.9354460093896714 0.575 0.01643192488262911 0.0875
1 0.2717136150234742 0.49895833333333334 0.017605633802816902 0.035416666666666666
0 0.29401408450704225 0.571875 0.09272300469483569 0.18541666666666667
1 0.18251173708920188 0.5385416666666667 0.01056338028169014 0.01875
0 0.17781690140845072 0.58125 0.02464788732394366 0.10833333333333334
1 0.1402582159624413 0.5729166666666666 0.017605633802816902 0.03333333333333333
0 0.15669014084507044 0.6385416666666667 0.07394366197183098 0.16875
1 0.1402582159624413 0.553125 0.017605633802816902 0.03958333333333333
0 0.1619718309859155 0.625 0.07511737089201878 0.1875
1 0.1273474178403756 0.525 0.01056338028169014 0.016666666666666666
0 0.12617370892018778 0.5708333333333333 0.01995305164319249 0.12083333333333333
1 0.23708920187793428 0.5489583333333333 0.018779342723004695 0.035416666666666666
0 0.2177230046948357 0.6229166666666667 0.07629107981220658 0.1875
1 0.7130281690140845 0.5177083333333333 0.005868544600938967 0.010416666666666666
0 0.7124413145539906 0.5458333333333333 0.014084507042253521 0.075
1 0.7007042253521126 0.5135416666666667 0.007042253521126761 0.014583333333333334
0 0.6983568075117371 0.54375 0.01643192488262911 0.08333333333333333
1 0.7359154929577465 0.5125 0.004694835680751174 0.008333333333333333
0 0.7359154929577465 0.5395833333333333 0.014084507042253521 0.06666666666666667
1 0.778755868544601 0.5104166666666666 0.005868544600938967 0.008333333333333333
0 0.7769953051643192 0.5427083333333333 0.018779342723004695 0.07708333333333334
1 0.6566901408450704 0.5052083333333334 0.005868544600938967 0.010416666666666666
0 0.6561032863849765 0.5385416666666667 0.011737089201877934 0.08125
1 0.6437793427230047 0.5395833333333333 0.012910798122065728 0.07916666666666666
0 0.6437793427230047 0.5395833333333333 0.012910798122065728 0.07916666666666666
1 0.6273474178403756 0.5072916666666667 0.0035211267605633804 0.00625
0 0.6255868544600939 0.5364583333333334 0.01643192488262911 0.07291666666666667
1 0.9988262910798122 0.634375 0.002347417840375587 0.05625
0 0.9870892018779343 0.784375 0.025821596244131457 0.35625