1 0.7430555555555556 0.35185185185185186 0.225 0.45925925925925926
0 0.8149305555555556 0.5567901234567901 0.3701388888888889 0.8864197530864197
1 0.6434027777777778 0.758641975308642 0.014583333333333334 0.030864197530864196
0 0.659375 0.8672839506172839 0.06875 0.2654320987654321
1 0.6069444444444444 0.7493827160493827 0.020833333333333332 0.03209876543209877
0 0.6166666666666667 0.8604938271604938 0.07222222222222222 0.27901234567901234
1 0.5086805555555556 0.8228395061728395 0.010416666666666666 0.02345679012345679
0 0.5204861111111111 0.8919753086419753 0.04097222222222222 0.17901234567901234
1 0.5003472222222223 0.837037037037037 0.013194444444444444 0.027160493827160494
0 0.5072916666666667 0.8962962962962963 0.04375 0.1506172839506173
1 0.5809027777777778 0.8209876543209876 0.004861111111111111 0.009876543209876543
0 0.5847222222222223 0.8407407407407408 0.018055555555555554 0.05185185185185185
1 0.5729166666666666 0.8425925925925926 0.013888888888888888 0.05308641975308642
0 0.5729166666666666 0.8425925925925926 0.013888888888888888 0.05308641975308642
1 0.5645833333333333 0.8253086419753086 0.005555555555555556 0.011111111111111112
0 0.5694444444444444 0.845679012345679 0.020833333333333332 0.05925925925925926
1 0.553125 0.8277777777777777 0.004861111111111111 0.011111111111111112
0 0.5583333333333333 0.8493827160493828 0.018055555555555554 0.06172839506172839
1 0.5458333333333333 0.8345679012345679 0.004166666666666667 0.009876543209876543
0 0.5475694444444444 0.8592592592592593 0.013194444444444444 0.06172839506172839
1 0.5319444444444444 0.8351851851851851 0.005555555555555556 0.011111111111111112
0 0.5364583333333334 0.8611111111111112 0.02013888888888889 0.0654320987654321
1 0.4857638888888889 0.8623456790123457 0.004861111111111111 0.008641975308641974
0 0.48819444444444443 0.8808641975308642 0.011111111111111112 0.04814814814814815
1 0.48194444444444445 0.8641975308641975 0.004166666666666667 0.007407407407407408
0 0.48055555555555557 0.8870370370370371 0.016666666666666666 0.05555555555555555
1 0.4583333333333333 0.8777777777777778 0.004166666666666667 0.007407407407407408
0 0.46041666666666664 0.8981481481481481 0.015277777777777777 0.05308641975308642
1 0.4708333333333333 0.8962962962962963 0.008333333333333333 0.027160493827160494
0 0.4708333333333333 0.8962962962962963 0.008333333333333333 0.027160493827160494
1 0.4065972222222222 0.8870370370370371 0.00625 0.013580246913580247
0 0.40729166666666666 0.9191358024691358 0.014583333333333334 0.08024691358024691
1 0.390625 0.8907407407407407 0.00625 0.011111111111111112
0 0.3951388888888889 0.9222222222222223 0.019444444444444445 0.07654320987654321
1 0.39861111111111114 0.8864197530864197 0.006944444444444444 0.009876543209876543
0 0.4 0.9135802469135802 0.015277777777777777 0.0691358024691358
1 0.3815972222222222 0.9 0.00625 0.009876543209876543
0 0.38506944444444446 0.9271604938271605 0.01875 0.07160493827160494
1 0.3697916666666667 0.9006172839506172 0.00625 0.011111111111111112
0 0.3729166666666667 0.9314814814814815 0.015277777777777777 0.07777777777777778
1 0.3645833333333333 0.9037037037037037 0.005555555555555556 0.009876543209876543
0 0.36701388888888886 0.9333333333333333 0.01597222222222222 0.07407407407407407
1 0.3784722222222222 0.9012345679012346 0.005555555555555556 0.009876543209876543
0 0.378125 0.924074074074074 0.013194444444444444 0.06049382716049383
1 0.3527777777777778 0.9345679012345679 0.015277777777777777 0.0691358024691358
0 0.3527777777777778 0.9345679012345679 0.015277777777777777 0.0691358024691358
1 0.3333333333333333 0.912962962962963 0.006944444444444444 0.013580246913580247
0 0.33645833333333336 0.9475308641975309 0.02013888888888889 0.08765432098765433
1 0.33819444444444446 0.9179012345679012 0.004166666666666667 0.008641975308641974
0 0.340625 0.9382716049382716 0.013194444444444444 0.05185185185185185
1 0.32743055555555556 0.9141975308641975 0.004861111111111111 0.008641975308641974
0 0.328125 0.9407407407407408 0.011805555555555555 0.06666666666666667
1 0.3215277777777778 0.9253086419753086 0.005555555555555556 0.011111111111111112
0 0.3229166666666667 0.9469135802469136 0.0125 0.05432098765432099
1 0.3076388888888889 0.9253086419753086 0.004166666666666667 0.008641975308641974
0 0.30868055555555557 0.9493827160493827 0.011805555555555555 0.05925925925925926
1 0.3121527777777778 0.9333333333333333 0.004861111111111111 0.009876543209876543
0 0.31493055555555555 0.9530864197530864 0.011805555555555555 0.05185185185185185
1 0.28854166666666664 0.9314814814814815 0.004861111111111111 0.008641975308641974
0 0.2916666666666667 0.9598765432098766 0.016666666666666666 0.07037037037037037
1 0.2972222222222222 0.9351851851851852 0.004166666666666667 0.008641975308641974
0 0.2982638888888889 0.9586419753086419 0.013194444444444444 0.06296296296296296
1 0.27881944444444445 0.928395061728395 0.00625 0.012345679012345678
0 0.28194444444444444 0.9598765432098766 0.016666666666666666 0.08024691358024691
1 0.2677083333333333 0.9432098765432099 0.004861111111111111 0.009876543209876543
0 0.26840277777777777 0.9685185185185186 0.014583333333333334 0.06296296296296296
1 0.26284722222222223 0.9518518518518518 0.003472222222222222 0.0049382716049382715
0 0.26180555555555557 0.9740740740740741 0.011111111111111112 0.05185185185185185
1 0.24861111111111112 0.9469135802469136 0.005555555555555556 0.009876543209876543
0 0.2503472222222222 0.9703703703703703 0.01597222222222222 0.05925925925925926
1 0.2423611111111111 0.980246913580247 0.011111111111111112 0.03950617283950617
0 0.2423611111111111 0.980246913580247 0.011111111111111112 0.03950617283950617
1 0.22395833333333334 0.9530864197530864 0.007638888888888889 0.014814814814814815
0 0.22777777777777777 0.971604938271605 0.019444444444444445 0.056790123456790124
1 0.22708333333333333 0.9820987654320987 0.018055555555555554 0.03580246913580247
0 0.22708333333333333 0.9820987654320987 0.018055555555555554 0.03580246913580247
1 0.23298611111111112 0.9808641975308642 0.014583333333333334 0.03827160493827161
0 0.23298611111111112 0.9808641975308642 0.014583333333333334 0.03827160493827161
1 0.21770833333333334 0.9746913580246913 0.014583333333333334 0.050617283950617285
0 0.21770833333333334 0.9746913580246913 0.014583333333333334 0.050617283950617285
1 0.209375 0.9833333333333333 0.014583333333333334 0.03333333333333333
0 0.209375 0.9833333333333333 0.014583333333333334 0.03333333333333333
1 0.1909722222222222 0.971604938271605 0.005555555555555556 0.009876543209876543
0 0.19236111111111112 0.9814814814814815 0.015277777777777777 0.037037037037037035
1 0.19930555555555557 0.9833333333333333 0.015277777777777777 0.03333333333333333
0 0.19930555555555557 0.9833333333333333 0.015277777777777777 0.03333333333333333
1 0.31631944444444443 0.9253086419753086 0.003472222222222222 0.006172839506172839
0 0.3170138888888889 0.9469135802469136 0.009027777777777777 0.05432098765432099