1 0.8498122653316645 0.2819548872180451 0.19524405506883605 0.2932330827067669
0 0.7991239048811014 0.5488721804511278 0.40175219023779724 0.9022556390977443
1 0.685857321652065 0.3524436090225564 0.10513141426783479 0.19736842105263158
0 0.6714643304130162 0.6221804511278195 0.30663329161451813 0.7556390977443609
1 0.565081351689612 0.46616541353383456 0.07634543178973717 0.12781954887218044
0 0.5725907384230288 0.6954887218045113 0.17647058823529413 0.6090225563909775
1 0.48936170212765956 0.4830827067669173 0.07759699624530664 0.15037593984962405
0 0.45807259073842305 0.6992481203007519 0.22778473091364204 0.6015037593984962
1 0.27909887359199 0.3298872180451128 0.10513141426783479 0.20112781954887218
0 0.26595744680851063 0.6127819548872181 0.3141426783479349 0.7744360902255639
1 0.10513141426783479 0.2424812030075188 0.20275344180225283 0.3308270676691729
0 0.18898623279098872 0.525375939849624 0.37797246558197745 0.9492481203007519