1 0.2588045634920635 0.4958664021164021 0.021081349206349208 0.03009259259259259
0 0.24640376984126985 0.580026455026455 0.08159722222222222 0.20105820105820105
1 0.29290674603174605 0.48131613756613756 0.021825396825396824 0.028769841269841268
0 0.2767857142857143 0.576223544973545 0.10515873015873016 0.22453703703703703
1 0.36507936507936506 0.4593253968253968 0.02132936507936508 0.03571428571428571
0 0.37462797619047616 0.5558862433862434 0.07961309523809523 0.2294973544973545
1 0.5658482142857143 0.47453703703703703 0.015625 0.023809523809523808
0 0.5648561507936508 0.5529100529100529 0.045882936507936505 0.1832010582010582
1 0.5984623015873016 0.47767857142857145 0.022321428571428572 0.03207671957671958
0 0.621155753968254 0.5758928571428571 0.06969246031746032 0.2648809523809524
1 0.7259424603174603 0.4751984126984127 0.025793650793650792 0.037698412698412696
0 0.7344990079365079 0.5864748677248677 0.06721230158730158 0.2628968253968254
1 0.7214781746031746 0.4632936507936508 0.015873015873015872 0.02513227513227513
0 0.7297867063492064 0.5439814814814815 0.03993055555555555 0.19378306878306878
1 0.7498759920634921 0.5102513227513228 0.007192460317460317 0.012566137566137565
0 0.7496279761904762 0.5433201058201058 0.024057539682539684 0.082010582010582
1 0.8038194444444444 0.5315806878306878 0.010416666666666666 0.014219576719576719
0 0.8039434523809523 0.5504298941798942 0.03943452380952381 0.055224867724867725