1 0.21448863636363635 0.5052083333333334 0.0234375 0.03409090909090909
0 0.2020596590909091 0.6214488636363636 0.07102272727272728 0.28361742424242425
1 0.2618963068181818 0.5229640151515151 0.02166193181818182 0.034564393939393936
0 0.2610085227272727 0.6257102272727273 0.05894886363636364 0.2533143939393939
1 0.3181818181818182 0.5201231060606061 0.022017045454545456 0.03835227272727273
0 0.3153409090909091 0.6259469696969697 0.060369318181818184 0.2556818181818182
1 0.3377130681818182 0.5279356060606061 0.022017045454545456 0.04071969696969697
0 0.3359375 0.6403882575757576 0.05894886363636364 0.2713068181818182
1 0.35688920454545453 0.5052083333333334 0.020596590909090908 0.03314393939393939
0 0.3581321022727273 0.6148200757575758 0.04723011363636364 0.25615530303030304
1 0.3778409090909091 0.5229640151515151 0.019886363636363636 0.036458333333333336
0 0.37837357954545453 0.6401515151515151 0.05433238636363636 0.2727272727272727
1 0.38813920454545453 0.5205965909090909 0.016335227272727272 0.032670454545454544
0 0.3884943181818182 0.6167140151515151 0.03835227272727273 0.2324810606060606
1 0.40465198863636365 0.5236742424242424 0.020951704545454544 0.03787878787878788
0 0.4053622159090909 0.6356534090909091 0.05078125 0.2646780303030303
1 0.42045454545454547 0.5385890151515151 0.0234375 0.03835227272727273
0 0.41743607954545453 0.6484375 0.07279829545454546 0.2713068181818182
1 0.44975142045454547 0.5355113636363636 0.025923295454545456 0.048295454545454544
0 0.45862926136363635 0.650094696969697 0.06853693181818182 0.2793560606060606
1 0.46058238636363635 0.5118371212121212 0.02130681818181818 0.03977272727272727
0 0.46058238636363635 0.6306818181818182 0.06818181818181818 0.2821969696969697
1 0.4845525568181818 0.5565814393939394 0.024502840909090908 0.041193181818181816
0 0.482421875 0.6661931818181818 0.06427556818181818 0.2689393939393939
1 0.49378551136363635 0.5239109848484849 0.023082386363636364 0.04024621212121212
0 0.49360795454545453 0.6413352272727273 0.056107954545454544 0.2779356060606061
1 0.5220170454545454 0.4962121212121212 0.026988636363636364 0.045454545454545456
0 0.5198863636363636 0.6370738636363636 0.1299715909090909 0.3319128787878788
1 0.5541548295454546 0.5125473484848485 0.026633522727272728 0.04971590909090909
0 0.5783025568181818 0.6472537878787878 0.09197443181818182 0.32386363636363635
1 0.5687144886363636 0.4969223484848485 0.023792613636363636 0.043087121212121215
0 0.5779474431818182 0.6235795454545454 0.060724431818181816 0.30492424242424243
1 0.6221590909090909 0.501657196969697 0.027698863636363636 0.04876893939393939
0 0.6329900568181818 0.6425189393939394 0.07634943181818182 0.33428030303030304
1 0.7033025568181818 0.5144412878787878 0.028053977272727272 0.045928030303030304
0 0.7077414772727273 0.6486742424242424 0.09517045454545454 0.3191287878787879
1 0.5910866477272727 0.5118371212121212 0.025923295454545456 0.045454545454545456
0 0.5978338068181818 0.6526988636363636 0.07848011363636363 0.3328598484848485