1 0.095 0.2176360225140713 0.1175 0.2401500938086304
0 0.1375 0.5450281425891182 0.275 0.9099437148217636
1 0.15125 0.5863039399624765 0.125 0.24953095684803
0 0.145625 0.726078799249531 0.25375 0.5478424015009381
1 0.28125 0.10787992495309569 0.1075 0.21575984990619138
0 0.32625 0.5 0.285 1
1 0.613125 0.07879924953095685 0.08625 0.1575984990619137
0 0.60375 0.5 0.315 1
1 0.345625 0.42870544090056284 0.12125 0.2045028142589118
0 0.340625 0.6519699812382739 0.27375 0.6960600375234521
1 0.484375 0.6463414634146342 0.11625 0.25328330206378985
0 0.48 0.7495309568480301 0.3325 0.50093808630394
1 0.593125 0.32082551594746717 0.10375 0.24390243902439024
0 0.619375 0.5853658536585366 0.30875 0.8292682926829268
1 0.88375 0.14071294559099437 0.12 0.24390243902439024
0 0.81625 0.5 0.3675 1
1 0.84875 0.5112570356472795 0.12 0.2682926829268293
0 0.880625 0.6838649155722326 0.23875 0.6322701688555347
1 0.709375 0.7035647279549718 0.12125 0.2551594746716698
0 0.715 0.7814258911819888 0.29 0.4371482176360225