1 0.083984375 0.38782051282051283 0.03984375 0.10897435897435898
0 0.073828125 0.6362179487179487 0.10078125 0.6314102564102564
1 0.085546875 0.28685897435897434 0.03984375 0.09294871794871795
0 0.07421875 0.5785256410256411 0.10625 0.6955128205128205
1 0.15234375 0.11378205128205128 0.0375 0.09615384615384616
0 0.144921875 0.44310897435897434 0.11640625 0.7740384615384616
1 0.15546875 0.3076923076923077 0.0359375 0.10576923076923077
0 0.15625 0.5801282051282052 0.0890625 0.6891025641025641
1 0.19453125 0.28044871794871795 0.0453125 0.10576923076923077
0 0.1890625 0.6033653846153846 0.1078125 0.7900641025641025
1 0.223828125 0.19391025641025642 0.03046875 0.08653846153846154
0 0.2234375 0.4655448717948718 0.0828125 0.6458333333333334
1 0.223828125 0.24519230769230768 0.03046875 0.08012820512820513
0 0.22109375 0.5040064102564102 0.078125 0.6105769230769231
1 0.25546875 0.18108974358974358 0.0328125 0.08333333333333333
0 0.25390625 0.4639423076923077 0.075 0.6586538461538461
1 0.2578125 0.2692307692307692 0.04375 0.12179487179487179
0 0.256640625 0.594551282051282 0.13828125 0.8108974358974359
1 0.298046875 0.20993589743589744 0.04609375 0.10576923076923077
0 0.3 0.5376602564102564 0.115625 0.7740384615384616
1 0.307421875 0.3349358974358974 0.04140625 0.11858974358974358
0 0.3078125 0.6346153846153846 0.1 0.7307692307692307
1 0.333203125 0.1842948717948718 0.03203125 0.08653846153846154
0 0.330078125 0.484775641025641 0.09921875 0.7131410256410257
1 0.339453125 0.23557692307692307 0.04765625 0.10576923076923077
0 0.36875 0.5681089743589743 0.171875 0.7836538461538461
1 0.384375 0.21233974358974358 0.0359375 0.10096153846153846
0 0.386328125 0.5424679487179487 0.10546875 0.7836538461538461
1 0.40703125 0.18269230769230768 0.0359375 0.09294871794871795
0 0.40390625 0.49038461538461536 0.0953125 0.7275641025641025
1 0.440625 0.20432692307692307 0.0296875 0.07852564102564102
0 0.440234375 0.500801282051282 0.08671875 0.6907051282051282
1 0.430078125 0.16185897435897437 0.02890625 0.07051282051282051
0 0.42734375 0.4879807692307692 0.0921875 0.7355769230769231
1 0.3734375 0.35496794871794873 0.0484375 0.11378205128205128
0 0.405859375 0.625801282051282 0.16015625 0.7483974358974359
1 0.43046875 0.26282051282051283 0.0390625 0.11217948717948718
0 0.426171875 0.5568910256410257 0.11015625 0.7131410256410257
1 0.4671875 0.2828525641025641 0.0390625 0.11698717948717949
0 0.463671875 0.5817307692307693 0.10546875 0.7307692307692307
1 0.48515625 0.20112179487179488 0.0375 0.08173076923076923
0 0.484375 0.4831730769230769 0.0875 0.6586538461538461
1 0.519921875 0.1875 0.04296875 0.09935897435897435
0 0.533203125 0.5216346153846154 0.13671875 0.7868589743589743
1 0.58125 0.2483974358974359 0.046875 0.10256410256410256
0 0.57265625 0.561698717948718 0.1203125 0.7708333333333334
1 0.596484375 0.40064102564102566 0.04296875 0.11217948717948718
0 0.598828125 0.6674679487179487 0.10703125 0.6586538461538461
1 0.6484375 0.2299679487179487 0.040625 0.10416666666666667
0 0.646875 0.5472756410256411 0.11875 0.7483974358974359
1 0.676171875 0.24278846153846154 0.02890625 0.08493589743589744
0 0.6734375 0.4983974358974359 0.078125 0.6185897435897436
1 0.72578125 0.2532051282051282 0.040625 0.10576923076923077
0 0.735546875 0.5448717948717948 0.12421875 0.7115384615384616
1 0.802734375 0.22275641025641027 0.03203125 0.08333333333333333
0 0.80546875 0.4671474358974359 0.0953125 0.5881410256410257
1 0.871484375 0.2387820512820513 0.03515625 0.08653846153846154
0 0.87578125 0.484775641025641 0.0890625 0.5817307692307693
1 0.826953125 0.5184294871794872 0.03359375 0.08173076923076923
0 0.833203125 0.6762820512820513 0.12109375 0.41025641025641024
1 0.873046875 0.5328525641025641 0.03671875 0.08814102564102565
0 0.891015625 0.6818910256410257 0.10234375 0.40224358974358976