1 0.613671875 0.7805555555555556 0.03984375 0.06944444444444445
0 0.608984375 0.8715277777777778 0.08515625 0.2569444444444444
1 0.96171875 0.8104166666666667 0.0359375 0.0763888888888889
0 0.96796875 0.8798611111111111 0.0640625 0.24027777777777778
1 0.890625 0.70625 0.028125 0.05416666666666667
0 0.88828125 0.8375 0.0921875 0.325
1 0.94453125 0.5736111111111111 0.0140625 0.030555555555555555
0 0.938671875 0.6493055555555556 0.03515625 0.19305555555555556
1 0.912109375 0.5791666666666667 0.01328125 0.027777777777777776
0 0.911328125 0.6541666666666667 0.04140625 0.18611111111111112
1 0.862109375 0.5708333333333333 0.01171875 0.022222222222222223
0 0.859765625 0.6395833333333333 0.03671875 0.16527777777777777
1 0.803125 0.5666666666666667 0.0109375 0.022222222222222223
0 0.80234375 0.6236111111111111 0.0328125 0.14722222222222223
1 0.7609375 0.5451388888888888 0.0125 0.02361111111111111
0 0.7578125 0.6006944444444444 0.028125 0.14027777777777778
1 0.73359375 0.5222222222222223 0.009375 0.022222222222222223
0 0.7328125 0.5777777777777777 0.0265625 0.1388888888888889
1 0.631640625 0.5701388888888889 0.01484375 0.029166666666666667
0 0.6375 0.6395833333333333 0.053125 0.1736111111111111
1 0.594140625 0.55625 0.01171875 0.02361111111111111
0 0.58359375 0.6270833333333333 0.05 0.16805555555555557
1 0.481640625 0.5527777777777778 0.01484375 0.027777777777777776
0 0.4765625 0.6340277777777777 0.04375 0.19583333333333333
1 0.37578125 0.5777777777777777 0.0140625 0.030555555555555555
0 0.373046875 0.6541666666666667 0.06328125 0.20277777777777778
1 0.32109375 0.5625 0.0140625 0.03333333333333333
0 0.318359375 0.65 0.04609375 0.21388888888888888
1 0.255859375 0.5652777777777778 0.01328125 0.027777777777777776
0 0.25625 0.6409722222222223 0.040625 0.1875
1 0.217578125 0.5409722222222222 0.01796875 0.029166666666666667
0 0.216015625 0.6298611111111111 0.04609375 0.20972222222222223
1 0.01328125 0.5458333333333333 0.0171875 0.03333333333333333
0 0.023046875 0.6375 0.04609375 0.21944444444444444
1 0.012890625 0.48541666666666666 0.00859375 0.015277777777777777
0 0.01328125 0.5166666666666667 0.0171875 0.08333333333333333
1 0.01875 0.49722222222222223 0.009375 0.016666666666666666
0 0.019140625 0.5347222222222222 0.02421875 0.09722222222222222
1 0.05859375 0.49444444444444446 0.00625 0.013888888888888888
0 0.05625 0.5291666666666667 0.01875 0.09166666666666666
1 0.063671875 0.4895833333333333 0.00703125 0.015277777777777777
0 0.066015625 0.5263888888888889 0.01796875 0.09444444444444444
1 0.081640625 0.48055555555555557 0.00703125 0.011111111111111112
0 0.083203125 0.5208333333333334 0.01953125 0.09444444444444444
1 0.14140625 0.5041666666666667 0.009375 0.016666666666666666
0 0.1375 0.55625 0.028125 0.12638888888888888
1 0.147265625 0.48541666666666666 0.00703125 0.0125
0 0.145703125 0.5152777777777777 0.02421875 0.08333333333333333
1 0.173046875 0.49444444444444446 0.00546875 0.011111111111111112
0 0.1734375 0.5277777777777778 0.01875 0.08888888888888889
1 0.1640625 0.5194444444444445 0.015625 0.06944444444444445
0 0.1640625 0.5194444444444445 0.015625 0.06944444444444445
1 0.251953125 0.48194444444444445 0.00703125 0.013888888888888888
0 0.250390625 0.5131944444444444 0.01640625 0.08472222222222223
1 0.268359375 0.47708333333333336 0.00546875 0.009722222222222222
0 0.26796875 0.5097222222222222 0.015625 0.08055555555555556
1 0.271484375 0.5277777777777778 0.00703125 0.013888888888888888
0 0.26953125 0.56875 0.021875 0.10694444444444444
1 0.289453125 0.5166666666666667 0.00859375 0.016666666666666666
0 0.286328125 0.5638888888888889 0.02578125 0.11666666666666667
1 0.2796875 0.49375 0.009375 0.015277777777777777
0 0.282421875 0.5256944444444445 0.01953125 0.08472222222222223
1 0.366015625 0.5319444444444444 0.01015625 0.022222222222222223
0 0.368359375 0.5833333333333334 0.03203125 0.13055555555555556
1 0.378515625 0.5319444444444444 0.01015625 0.025
0 0.381640625 0.5791666666666667 0.02890625 0.12777777777777777
1 0.39765625 0.5076388888888889 0.0078125 0.015277777777777777
0 0.397265625 0.5534722222222223 0.02578125 0.1125
1 0.42890625 0.5409722222222222 0.0109375 0.02361111111111111
0 0.427734375 0.5951388888888889 0.02734375 0.1375
1 0.4234375 0.5076388888888889 0.0078125 0.015277777777777777
0 0.421484375 0.5465277777777777 0.02578125 0.09861111111111111
1 0.437109375 0.5090277777777777 0.01015625 0.018055555555555554
0 0.43828125 0.5458333333333333 0.0203125 0.09722222222222222
1 0.4703125 0.5402777777777777 0.0109375 0.022222222222222223
0 0.4671875 0.6034722222222222 0.025 0.15416666666666667
1 0.482421875 0.5506944444444445 0.01171875 0.02361111111111111
0 0.480078125 0.6208333333333333 0.03046875 0.17777777777777778
1 0.517578125 0.5173611111111112 0.01171875 0.02361111111111111
0 0.51328125 0.575 0.03125 0.14166666666666666
1 0.549609375 0.5347222222222222 0.01171875 0.019444444444444445
0 0.55 0.5868055555555556 0.0234375 0.13194444444444445
1 0.565234375 0.54375 0.01171875 0.02638888888888889
0 0.563671875 0.6055555555555555 0.03046875 0.16111111111111112
1 0.59453125 0.5569444444444445 0.0125 0.025
0 0.5875 0.6243055555555556 0.0359375 0.16805555555555557
1 0.705859375 0.58125 0.02421875 0.12083333333333333
0 0.705859375 0.58125 0.02421875 0.12083333333333333
1 0.679296875 0.5243055555555556 0.00859375 0.018055555555555554
0 0.678515625 0.5680555555555555 0.02265625 0.1111111111111111
1 0.7890625 0.53125 0.0125 0.02361111111111111
0 0.78359375 0.5902777777777778 0.0234375 0.14444444444444443
1 0.814453125 0.5347222222222222 0.00859375 0.016666666666666666
0 0.8109375 0.5763888888888888 0.0203125 0.10833333333333334
1 0.831640625 0.5333333333333333 0.00859375 0.022222222222222223
0 0.830078125 0.5805555555555556 0.02109375 0.12222222222222222
1 0.8796875 0.5229166666666667 0.00625 0.009722222222222222
0 0.878125 0.5569444444444445 0.01875 0.08055555555555556
1 0.891796875 0.5569444444444445 0.01328125 0.06944444444444445
0 0.891796875 0.5569444444444445 0.01328125 0.06944444444444445
1 0.92421875 0.5402777777777777 0.0109375 0.019444444444444445
0 0.9265625 0.5819444444444445 0.0234375 0.1111111111111111
1 0.656640625 0.5256944444444445 0.00703125 0.0125
0 0.656640625 0.5701388888888889 0.01953125 0.10972222222222222
1 0.5859375 0.5159722222222223 0.0078125 0.015277777777777777
0 0.58359375 0.5611111111111111 0.01875 0.10833333333333334
1 0.596875 0.5180555555555556 0.009375 0.019444444444444445
0 0.595703125 0.55625 0.02109375 0.10138888888888889
1 0.183203125 0.47638888888888886 0.00546875 0.011111111111111112
0 0.182421875 0.5048611111111111 0.01328125 0.07361111111111111
1 0.50625 0.5118055555555555 0.009375 0.015277777777777777
0 0.503515625 0.5659722222222222 0.01953125 0.13194444444444445
1 0.544921875 0.5256944444444445 0.00859375 0.018055555555555554
0 0.54140625 0.5729166666666666 0.0234375 0.12361111111111112
1 0.63203125 0.5694444444444444 0.0140625 0.027777777777777776
0 0.623046875 0.6243055555555556 0.03515625 0.14583333333333334
1 0.576953125 0.5347222222222222 0.01171875 0.022222222222222223
0 0.576953125 0.5840277777777778 0.02109375 0.12083333333333333
1 0.934375 0.5277777777777778 0.0046875 0.008333333333333333
0 0.937109375 0.5576388888888889 0.01640625 0.07361111111111111