1 0.018571428571428572 0.5374841168996188 0.037142857142857144 0.09911054637865312
0 0.0725 0.5946632782719187 0.145 0.8106734434561627
1 0.015357142857142857 0.35069885641677256 0.030714285714285715 0.11689961880559085
0 0.015357142857142857 0.35069885641677256 0.030714285714285715 0.11689961880559085
1 0.06285714285714286 0.31512071156289706 0.015714285714285715 0.02795425667090216
0 0.06714285714285714 0.3646759847522236 0.04 0.1397712833545108
1 0.05785714285714286 0.39961880559085133 0.015714285714285715 0.026683608640406607
0 0.055 0.44663278271918677 0.04285714285714286 0.13087674714104194
1 0.029285714285714286 0.48284625158831 0.017142857142857144 0.03811944091486658
0 0.03428571428571429 0.5285895806861499 0.04857142857142857 0.13468869123252858
1 0.06357142857142857 0.6086404066073697 0.011428571428571429 0.025412960609911054
0 0.07321428571428572 0.6810673443456162 0.07214285714285715 0.20838627700127066
1 0.05178571428571429 0.6454891994917408 0.013571428571428571 0.03303684879288437
0 0.05392857142857143 0.7153748411689962 0.052142857142857144 0.19822109275730623
1 0.07464285714285715 0.6874205844980941 0.013571428571428571 0.02795425667090216
0 0.07428571428571429 0.7325285895806861 0.05142857142857143 0.15374841168996187
1 0.0975 0.4167725540025413 0.012142857142857143 0.02795425667090216
0 0.0925 0.4593392630241423 0.04642857142857143 0.13850063532401524
1 0.095 0.5324015247776366 0.015714285714285715 0.03303684879288437
0 0.09464285714285714 0.5787801778907242 0.045 0.13341804320203304
1 0.1417857142857143 0.5940279542566709 0.015 0.036848792884371026
0 0.1417857142857143 0.656289707750953 0.060714285714285714 0.18932655654383734
1 0.14714285714285713 0.24777636594663277 0.011428571428571429 0.017789072426937738
0 0.14857142857142858 0.30749682337992373 0.032857142857142856 0.1473951715374841
1 0.19357142857142856 0.3786531130876747 0.012857142857142857 0.020330368487928845
0 0.19785714285714287 0.4313850063532402 0.04285714285714286 0.13595933926302414
1 0.18035714285714285 0.4720457433290978 0.015 0.029224904701397714
0 0.18214285714285713 0.5158831003811944 0.054285714285714284 0.13214739517153748
1 0.1792857142857143 0.6067344345616265 0.012857142857142857 0.036848792884371026
0 0.1775 0.6550190597204575 0.04214285714285714 0.13595933926302414
1 0.27964285714285714 0.2960609911054638 0.012142857142857143 0.025412960609911054
0 0.2782142857142857 0.37738246505717915 0.04928571428571429 0.20330368487928843
1 0.26285714285714284 0.5057179161372299 0.025714285714285714 0.06607369758576874
0 0.2664285714285714 0.6658195679796697 0.11 0.39644218551461247
1 0.2671428571428571 0.4263024142312579 0.011428571428571429 0.026683608640406607
0 0.26607142857142857 0.4675984752223634 0.045 0.12198221092757307
1 0.29642857142857143 0.40660736975857686 0.011428571428571429 0.022871664548919948
0 0.29714285714285715 0.44536213468869124 0.04428571428571428 0.13341804320203304
1 0.3271428571428571 0.41168996188055906 0.01 0.022871664548919948
0 0.3242857142857143 0.4618805590851334 0.04428571428571428 0.13595933926302414
1 0.365 0.40978398983481573 0.012857142857142857 0.03176620076238882
0 0.3653571428571429 0.45870393900889456 0.039285714285714285 0.1423125794155019
1 0.3467857142857143 0.5184243964421855 0.015 0.030495552731893267
0 0.3482142857142857 0.5648030495552732 0.05071428571428571 0.13341804320203304
1 0.3335714285714286 0.6461245235069886 0.014285714285714285 0.03430749682337993
0 0.33535714285714285 0.6886912325285895 0.055 0.15247776365946633
1 0.3867857142857143 0.6804320203303685 0.015 0.029224904701397714
0 0.37892857142857145 0.735705209656925 0.04642857142857143 0.14993646759847523
1 0.4142857142857143 0.6804320203303685 0.012857142857142857 0.03430749682337993
0 0.41464285714285715 0.7369758576874206 0.04642857142857143 0.15501905972045743
1 0.42 0.5991105463786531 0.011428571428571429 0.0241423125794155
0 0.4182142857142857 0.6467598475222364 0.045 0.1397712833545108
1 0.45607142857142857 0.6041931385006353 0.015 0.03430749682337993
0 0.45571428571428574 0.6537484116899619 0.045714285714285714 0.14104193138500634
1 0.39785714285714285 0.39961880559085133 0.015714285714285715 0.03176620076238882
0 0.39714285714285713 0.4542566709021601 0.041428571428571426 0.14612452350698857
1 0.42892857142857144 0.45298602287166456 0.04357142857142857 0.14358322744599747
0 0.42892857142857144 0.45298602287166456 0.04357142857142857 0.14358322744599747
1 0.42214285714285715 0.23697585768742058 0.011428571428571429 0.01905972045743329
0 0.4228571428571429 0.30432020330368487 0.041428571428571426 0.1639135959339263
1 0.475 0.42312579415501905 0.04 0.09148665819567979
0 0.475 0.42312579415501905 0.04 0.09148665819567979
1 0.5757142857142857 0.3303684879288437 0.011428571428571429 0.025412960609911054
0 0.5767857142857142 0.3640406607369759 0.03214285714285714 0.10800508259212198
1 0.5796428571428571 0.35006353240152477 0.009285714285714286 0.021601016518424398
0 0.5803571428571429 0.3786531130876747 0.023571428571428573 0.07623888182973317
1 0.6017857142857143 0.3246505717916137 0.012142857142857143 0.026683608640406607
0 0.6014285714285714 0.3640406607369759 0.03571428571428571 0.1156289707750953
1 0.5982142857142857 0.3748411689961881 0.012142857142857143 0.02795425667090216
0 0.6025 0.40978398983481573 0.04071428571428572 0.13087674714104194
1 0.5703571428571429 0.4332909783989835 0.029285714285714286 0.096569250317662
0 0.5703571428571429 0.4332909783989835 0.029285714285714286 0.096569250317662
1 0.6957142857142857 0.3310038119440915 0.01 0.016518424396442185
0 0.6960714285714286 0.3748411689961881 0.035 0.12198221092757307
1 0.5725 0.48602287166454894 0.013571428571428571 0.026683608640406607
0 0.5721428571428572 0.5330368487928844 0.041428571428571426 0.13341804320203304
1 0.6096428571428572 0.5057179161372299 0.04642857142857143 0.144853875476493
0 0.6096428571428572 0.5057179161372299 0.04642857142857143 0.144853875476493
1 0.6464285714285715 0.4548919949174079 0.011428571428571429 0.022871664548919948
0 0.6517857142857143 0.5076238881829733 0.055 0.15120711562897077
1 0.615 0.49301143583227447 0.011428571428571429 0.02795425667090216
0 0.6139285714285714 0.5412960609911055 0.03785714285714286 0.1372299872935197
1 0.7064285714285714 0.46124523506988563 0.012857142857142857 0.02795425667090216
0 0.7017857142857142 0.5038119440914867 0.056428571428571425 0.13087674714104194
1 0.6146428571428572 0.5584498094027954 0.016428571428571428 0.036848792884371026
0 0.6160714285714286 0.6130876747141042 0.047857142857142855 0.17662007623888182
1 0.6207142857142857 0.5952986022871665 0.012857142857142857 0.026683608640406607
0 0.6210714285714286 0.6550190597204575 0.04214285714285714 0.1613722998729352
1 0.6525 0.548284625158831 0.013571428571428571 0.029224904701397714
0 0.6553571428571429 0.6086404066073697 0.045 0.18043202033036848
1 0.6978571428571428 0.6029224904701398 0.015714285714285715 0.03176620076238882
0 0.6992857142857143 0.6601016518424396 0.041428571428571426 0.15120711562897077
1 0.6285714285714286 0.6683608640406608 0.015714285714285715 0.04066073697585769
0 0.6246428571428572 0.7369758576874206 0.04642857142857143 0.1855146124523507
1 0.66 0.6778907242693774 0.017142857142857144 0.03430749682337993
0 0.6625 0.7401524777636594 0.045 0.1613722998729352
1 0.7242857142857143 0.590851334180432 0.014285714285714285 0.030495552731893267
0 0.7260714285714286 0.6410419313850063 0.045 0.17916137229987295
1 0.7421428571428571 0.625158831003812 0.011428571428571429 0.02795425667090216
0 0.7457142857142857 0.670266836086404 0.045714285714285714 0.13087674714104194
1 0.7467857142857143 0.6607369758576874 0.016428571428571428 0.03303684879288437
0 0.7471428571428571 0.7363405336721728 0.047142857142857146 0.18170266836086404
1 0.8203571428571429 0.5069885641677255 0.016428571428571428 0.03303684879288437
0 0.8103571428571429 0.5641677255400254 0.04214285714285714 0.15501905972045743
1 0.8407142857142857 0.5158831003811944 0.014285714285714285 0.030495552731893267
0 0.8410714285714286 0.5692503176620076 0.039285714285714285 0.15756035578144853
1 0.8553571428571428 0.3462515883100381 0.045 0.10292249047013977
0 0.8553571428571428 0.3462515883100381 0.045 0.10292249047013977
1 0.9325 0.34498094027954257 0.012142857142857143 0.0241423125794155
0 0.9346428571428571 0.4167725540025413 0.045 0.16772554002541296
1 0.9539285714285715 0.4155019059720457 0.015 0.04066073697585769
0 0.9492857142857143 0.49809402795425667 0.05857142857142857 0.24396442185514614
1 0.96 0.4599745870393901 0.014285714285714285 0.030495552731893267
0 0.9585714285714285 0.5463786531130876 0.04428571428571428 0.21601016518424396
1 0.9567857142857142 0.693138500635324 0.017857142857142856 0.036848792884371026
0 0.9610714285714286 0.7744599745870394 0.052142857142857144 0.21982210927573062
1 0.32 0.843710292249047 0.02 0.045743329097839895
0 0.32821428571428574 0.9034307496823379 0.075 0.193138500635324
1 0.4275 0.855146124523507 0.04642857142857143 0.08386277001270648
0 0.4639285714285714 0.8989834815756036 0.13214285714285715 0.2020330368487929
1 0.5207142857142857 0.3691232528589581 0.07 0.09529860228716645
0 0.5039285714285714 0.571156289707751 0.23642857142857143 0.8576874205844981