1 0.7880769230769231 0.35673352435530087 0.07615384615384616 0.1174785100286533
0 0.801923076923077 0.6370582617000955 0.22846153846153847 0.725883476599809
1 0.6957692307692308 0.34765998089780326 0.09307692307692307 0.15281757402101243
0 0.71 0.6351480420248329 0.2230769230769231 0.7297039159503342
1 0.6865384615384615 0.3748806112702961 0.09 0.14995224450811842
0 0.7103846153846154 0.6466093600764088 0.24076923076923076 0.7067812798471824
1 0.6238461538461538 0.3638968481375358 0.08153846153846153 0.15854823304680038
0 0.6265384615384615 0.6375358166189111 0.18076923076923077 0.7249283667621776
1 0.5226923076923077 0.38872970391595035 0.09615384615384616 0.15090735434574976
0 0.5311538461538462 0.6547277936962751 0.2423076923076923 0.6905444126074498
1 0.4726923076923077 0.4340974212034384 0.08538461538461538 0.13276026743075453
0 0.4626923076923077 0.6766953199617957 0.1853846153846154 0.6466093600764088
1 0.5176923076923077 0.3247373447946514 0.1 0.14326647564469913
0 0.5130769230769231 0.6246418338108882 0.18769230769230769 0.7507163323782235
1 0.3676923076923077 0.3438395415472779 0.07538461538461538 0.12225405921680993
0 0.3696153846153846 0.6370582617000955 0.15923076923076923 0.725883476599809
1 0.3038461538461538 0.28414517669531997 0.11076923076923077 0.15377268385864373
0 0.3026923076923077 0.5931232091690545 0.2469230769230769 0.8137535816618912
1 0.13807692307692307 0.37058261700095513 0.08846153846153847 0.14708691499522444
0 0.15576923076923077 0.6461318051575932 0.2623076923076923 0.7077363896848138
1 0.1426923076923077 0.2387774594078319 0.09 0.12416427889207259
0 0.17615384615384616 0.5573065902578797 0.24307692307692308 0.8853868194842407
1 0.11461538461538462 0.30802292263610315 0.10923076923076923 0.17096466093600765
0 0.12192307692307693 0.606494746895893 0.24384615384615385 0.7870105062082139
1 0.07769230769230769 0.33858643744030564 0.14307692307692307 0.19961795606494748
0 0.16115384615384615 0.6136580706781279 0.3223076923076923 0.772683858643744