1 0.10302734375 0.6683748169838946 0.0673828125 0.10688140556368961
0 0.0849609375 0.8060029282576867 0.169921875 0.38799414348462663
1 0.20654296875 0.6207906295754027 0.0732421875 0.1376281112737921
0 0.25341796875 0.7635431918008785 0.1923828125 0.47291361639824303
1 0.32861328125 0.6427525622254758 0.0419921875 0.07613469985358712
0 0.3251953125 0.7994143484626647 0.10546875 0.4011713030746706
1 0.36376953125 0.6808199121522694 0.0244140625 0.03806734992679356
0 0.36181640625 0.8089311859443631 0.0439453125 0.3001464128843338
1 0.38134765625 0.6742313323572474 0.0205078125 0.036603221083455345
0 0.38623046875 0.7950219619326501 0.0478515625 0.28989751098096633
1 0.41064453125 0.677891654465593 0.0322265625 0.055636896046852125
0 0.408203125 0.8243045387994143 0.09765625 0.3513909224011713
1 0.41748046875 0.6654465592972182 0.0244140625 0.0424597364568082
0 0.41943359375 0.7950219619326501 0.0537109375 0.30453879941434847
1 0.47998046875 0.6588579795021962 0.0322265625 0.0527086383601757
0 0.47314453125 0.8147877013177159 0.0771484375 0.37042459736456806
1 0.52392578125 0.698389458272328 0.0439453125 0.06734992679355783
0 0.5224609375 0.8316251830161054 0.0859375 0.3367496339677892
1 0.546875 0.6727672035139092 0.0390625 0.060029282576866766
0 0.55615234375 0.8184480234260615 0.0810546875 0.363103953147877
1 0.630859375 0.6881405563689604 0.046875 0.0849194729136164
0 0.625 0.8199121522693997 0.12890625 0.3601756954612006
1 0.58349609375 0.6837481698389458 0.0146484375 0.017569546120058566
0 0.58642578125 0.7320644216691069 0.0263671875 0.1171303074670571
1 0.67431640625 0.6610541727672035 0.0068359375 0.013177159590043924
0 0.67431640625 0.6998535871156661 0.0185546875 0.09663250366032211
1 0.6796875 0.6691068814055637 0.009765625 0.017569546120058566
0 0.6845703125 0.7071742313323572 0.021484375 0.09663250366032211
1 0.708984375 0.6874084919472914 0.03125 0.05710102489019034
0 0.70751953125 0.8272327964860908 0.1337890625 0.34553440702781846
1 0.7587890625 0.671303074670571 0.01953125 0.03367496339677892
0 0.7578125 0.7620790629575402 0.0546875 0.22108345534407028
1 0.80517578125 0.6522693997071742 0.0439453125 0.0746705710102489
0 0.8173828125 0.8074670571010248 0.08203125 0.3850658857979502