1 0.09895833333333333 0.6533203125 0.09635416666666667 0.08203125
0 0.11263020833333333 0.72900390625 0.22526041666666666 0.2373046875
1 0.2923177083333333 0.6142578125 0.08203125 0.0703125
0 0.3138020833333333 0.689453125 0.21354166666666666 0.228515625
1 0.4720052083333333 0.6005859375 0.06380208333333333 0.06640625
0 0.4934895833333333 0.66796875 0.1875 0.208984375
1 0.5983072916666666 0.59130859375 0.06380208333333333 0.0595703125
0 0.623046875 0.64697265625 0.18359375 0.1845703125
1 0.705078125 0.57763671875 0.05859375 0.0498046875
0 0.72265625 0.62890625 0.15885416666666666 0.1640625
1 0.822265625 0.5517578125 0.07161458333333333 0.05859375
0 0.8209635416666666 0.61083984375 0.14713541666666666 0.1845703125
1 0.9088541666666666 0.58447265625 0.078125 0.0595703125
0 0.9088541666666666 0.65087890625 0.18229166666666666 0.2001953125
1 0.9720052083333334 0.54296875 0.055989583333333336 0.056640625
0 0.9479166666666666 0.61376953125 0.10416666666666667 0.2041015625
1 0.9661458333333334 0.5107421875 0.059895833333333336 0.046875
0 0.9446614583333334 0.5771484375 0.11067708333333333 0.19140625
1 0.83203125 0.50537109375 0.049479166666666664 0.0419921875
0 0.8196614583333334 0.56982421875 0.11328125 0.1767578125
1 0.7734375 0.50927734375 0.049479166666666664 0.0439453125
0 0.7819010416666666 0.568359375 0.11588541666666667 0.169921875
1 0.7024739583333334 0.52587890625 0.053385416666666664 0.0478515625
0 0.701171875 0.58154296875 0.11067708333333333 0.1650390625
1 0.6197916666666666 0.5361328125 0.052083333333333336 0.05078125
0 0.62109375 0.58837890625 0.11458333333333333 0.1689453125
1 0.5696614583333334 0.53173828125 0.05859375 0.0498046875
0 0.578125 0.59423828125 0.13541666666666666 0.1806640625
1 0.4811197916666667 0.57080078125 0.05859375 0.0556640625
0 0.4759114583333333 0.630859375 0.12890625 0.181640625
1 0.328125 0.58447265625 0.06510416666666667 0.0615234375
0 0.3365885416666667 0.6416015625 0.14713541666666666 0.18359375
1 0.1484375 0.6103515625 0.0703125 0.056640625
0 0.16927083333333334 0.66748046875 0.16145833333333334 0.1904296875
1 0.035807291666666664 0.57470703125 0.07161458333333333 0.0634765625
0 0.07942708333333333 0.64501953125 0.15885416666666666 0.2060546875
1 0.08203125 0.54833984375 0.0625 0.0537109375
0 0.09440104166666667 0.6171875 0.13151041666666666 0.197265625
1 0.041666666666666664 0.52490234375 0.0546875 0.0458984375
0 0.059895833333333336 0.5927734375 0.11979166666666667 0.193359375
1 0.212890625 0.55859375 0.06640625 0.052734375
0 0.21484375 0.61572265625 0.11979166666666667 0.1728515625
1 0.3001302083333333 0.5244140625 0.053385416666666664 0.052734375
0 0.3020833333333333 0.58447265625 0.1171875 0.1826171875
1 0.3873697916666667 0.55224609375 0.05078125 0.0498046875
0 0.39453125 0.59912109375 0.109375 0.1494140625
1 0.349609375 0.4990234375 0.045572916666666664 0.04296875
0 0.3502604166666667 0.55419921875 0.109375 0.1650390625
1 0.4322916666666667 0.5009765625 0.044270833333333336 0.041015625
0 0.431640625 0.5595703125 0.10286458333333333 0.169921875
1 0.509765625 0.5 0.05078125 0.04296875
0 0.5149739583333334 0.5556640625 0.10546875 0.16015625
1 0.5625 0.45849609375 0.049479166666666664 0.0439453125
0 0.564453125 0.517578125 0.10807291666666667 0.169921875
1 0.6595052083333334 0.484375 0.048177083333333336 0.04296875
0 0.6595052083333334 0.5390625 0.11067708333333333 0.16015625
1 0.8522135416666666 0.3544921875 0.048177083333333336 0.044921875
0 0.85546875 0.43896484375 0.10416666666666667 0.2236328125
1 0.7942708333333334 0.3466796875 0.044270833333333336 0.041015625
0 0.79296875 0.4267578125 0.08333333333333333 0.20703125
1 0.7526041666666666 0.35546875 0.036458333333333336 0.0390625
0 0.7552083333333334 0.42578125 0.09114583333333333 0.189453125
1 0.6868489583333334 0.365234375 0.048177083333333336 0.04296875
0 0.6881510416666666 0.4453125 0.10286458333333333 0.2109375
1 0.716796875 0.3525390625 0.040364583333333336 0.037109375
0 0.71875 0.43701171875 0.09635416666666667 0.2138671875
1 0.6126302083333334 0.35791015625 0.04296875 0.0380859375
0 0.6126302083333334 0.4365234375 0.10546875 0.205078125
1 0.6432291666666666 0.34716796875 0.036458333333333336 0.0380859375
0 0.640625 0.4306640625 0.09635416666666667 0.2109375
1 0.6139322916666666 0.3310546875 0.040364583333333336 0.033203125
0 0.6119791666666666 0.41357421875 0.09114583333333333 0.2041015625
1 0.5709635416666666 0.35107421875 0.040364583333333336 0.0341796875
0 0.5677083333333334 0.4248046875 0.09114583333333333 0.189453125
1 0.5345052083333334 0.27978515625 0.048177083333333336 0.0498046875
0 0.5143229166666666 0.37548828125 0.1015625 0.2509765625
1 0.4602864583333333 0.35595703125 0.045572916666666664 0.0419921875
0 0.458984375 0.4306640625 0.10286458333333333 0.203125
1 0.4772135416666667 0.31884765625 0.04296875 0.0439453125
0 0.4674479166666667 0.40380859375 0.09635416666666667 0.2197265625
1 0.3430989583333333 0.4150390625 0.048177083333333336 0.046875
0 0.2994791666666667 0.4892578125 0.140625 0.201171875
1 0.3828125 0.400390625 0.052083333333333336 0.046875
0 0.3697916666666667 0.4736328125 0.11197916666666667 0.208984375
1 0.16927083333333334 0.34814453125 0.0546875 0.0537109375
0 0.17317708333333334 0.45361328125 0.12239583333333333 0.2705078125
1 0.24674479166666666 0.2578125 0.05078125 0.0546875
0 0.24479166666666666 0.380859375 0.16145833333333334 0.30859375
1 0.3958333333333333 0.279296875 0.052083333333333336 0.052734375
0 0.380859375 0.39404296875 0.12630208333333334 0.2880859375