1 0.9186197916666666 0.587890625 0.022135416666666668 0.03515625
0 0.9329427083333334 0.6220703125 0.05859375 0.107421875
1 0.9856770833333334 0.552734375 0.0234375 0.0859375
0 0.9856770833333334 0.552734375 0.0234375 0.0859375
1 0.955078125 0.5087890625 0.014322916666666666 0.025390625
0 0.94921875 0.556640625 0.03125 0.12890625
1 0.896484375 0.5283203125 0.014322916666666666 0.021484375
0 0.896484375 0.55859375 0.024739583333333332 0.09765625
1 0.814453125 0.5205078125 0.01171875 0.021484375
0 0.8151041666666666 0.5615234375 0.0234375 0.111328125
1 0.7838541666666666 0.5322265625 0.010416666666666666 0.017578125
0 0.7825520833333334 0.5654296875 0.018229166666666668 0.095703125
1 0.3359375 0.53125 0.010416666666666666 0.015625
0 0.3404947916666667 0.57421875 0.02734375 0.109375
1 0.79296875 0.55859375 0.015625 0.09765625
0 0.79296875 0.55859375 0.015625 0.09765625
1 0.3170572916666667 0.5361328125 0.009114583333333334 0.013671875
0 0.3138020833333333 0.5703125 0.026041666666666668 0.08984375
1 0.2721354166666667 0.5322265625 0.0078125 0.013671875
0 0.275390625 0.564453125 0.029947916666666668 0.0859375
1 0.2734375 0.5322265625 0.013020833333333334 0.017578125
0 0.2740885416666667 0.5654296875 0.037760416666666664 0.087890625
1 0.24088541666666666 0.5302734375 0.010416666666666666 0.013671875
0 0.2421875 0.5712890625 0.0234375 0.099609375
1 0.15299479166666666 0.5576171875 0.01953125 0.076171875
0 0.15299479166666666 0.5576171875 0.01953125 0.076171875
1 0.1171875 0.5390625 0.010416666666666666 0.01171875
0 0.12109375 0.5693359375 0.033854166666666664 0.076171875
1 0.10026041666666667 0.5361328125 0.0078125 0.013671875
0 0.09700520833333333 0.55859375 0.022135416666666668 0.0703125
1 0.11067708333333333 0.556640625 0.013020833333333334 0.0625
0 0.11067708333333333 0.556640625 0.013020833333333334 0.0625
1 0.13020833333333334 0.541015625 0.020833333333333332 0.0546875
0 0.13020833333333334 0.541015625 0.020833333333333332 0.0546875
1 0.07747395833333333 0.5361328125 0.006510416666666667 0.009765625
0 0.07552083333333333 0.5595703125 0.015625 0.064453125
1 0.06770833333333333 0.5498046875 0.013020833333333334 0.064453125
0 0.06770833333333333 0.5498046875 0.013020833333333334 0.064453125
1 0.05078125 0.53515625 0.005208333333333333 0.01171875
0 0.050130208333333336 0.55859375 0.014322916666666666 0.06640625
1 0.038411458333333336 0.5615234375 0.01953125 0.072265625
0 0.038411458333333336 0.5615234375 0.01953125 0.072265625