1 0.179 0.7012012012012012 0.222 0.3213213213213213
0 0.2905 0.7680180180180181 0.581 0.46396396396396394
1 0.275 0.5990990990990991 0.148 0.2912912912912913
0 0.2315 0.5653153153153153 0.463 0.8693693693693694
1 0.471 0.5825825825825826 0.11 0.22822822822822822
0 0.4715 0.7192192192192193 0.327 0.5615615615615616
1 0.7075 0.5780780780780781 0.129 0.25825825825825827
0 0.7435 0.6283783783783784 0.489 0.7432432432432432
1 0.889 0.7169669669669669 0.166 0.3048048048048048
0 0.809 0.7777777777777778 0.382 0.4444444444444444
1 0.7055 0.14339339339339338 0.041 0.07657657657657657
0 0.683 0.3791291291291291 0.15 0.575075075075075
1 0.515 0.10735735735735735 0.094 0.2147147147147147
0 0.4955 0.5 0.355 1
1 0.3785 0.06531531531531531 0.047 0.08858858858858859
0 0.3735 0.3303303303303303 0.141 0.6606606606606606