1 0.9463541666666667 0.7140062597809077 0.014583333333333334 0.027386541471048513
0 0.94296875 0.8008607198748043 0.049479166666666664 0.202660406885759
1 0.90703125 0.6592331768388107 0.022395833333333334 0.033646322378716745
0 0.9015625 0.7668231611893583 0.06145833333333333 0.26134585289514867
1 0.8638020833333333 0.6717527386541471 0.019270833333333334 0.033646322378716745
0 0.8578125 0.7687793427230047 0.046875 0.2214397496087637
1 0.8104166666666667 0.6498435054773083 0.014583333333333334 0.025821596244131457
0 0.81015625 0.7269170579029735 0.04635416666666667 0.19561815336463223
1 0.7427083333333333 0.6431924882629108 0.014583333333333334 0.023474178403755867
0 0.7479166666666667 0.7116588419405321 0.036458333333333336 0.1619718309859155
1 0.7817708333333333 0.6521909233176839 0.011458333333333333 0.01643192488262911
0 0.7765625 0.7081377151799687 0.034375 0.13615023474178403
1 0.71640625 0.6447574334898278 0.0140625 0.023474178403755867
0 0.7190104166666667 0.721830985915493 0.0515625 0.19014084507042253
1 0.69453125 0.6690140845070423 0.0203125 0.03599374021909233
0 0.6979166666666666 0.7570422535211268 0.04895833333333333 0.20892018779342722
1 0.9817708333333334 0.6467136150234741 0.0125 0.019561815336463225
0 0.984375 0.7187010954616588 0.03125 0.1807511737089202
1 0.6885416666666667 0.6525821596244131 0.013541666666666667 0.02190923317683881
0 0.6872395833333333 0.7280907668231612 0.0390625 0.17449139280125195
1 0.6557291666666667 0.6439749608763693 0.014583333333333334 0.0297339593114241
0 0.6559895833333333 0.7147887323943662 0.043229166666666666 0.17449139280125195
1 0.6299479166666667 0.6490610328638498 0.015104166666666667 0.024256651017214397
0 0.6294270833333333 0.7194835680751174 0.0359375 0.16666666666666666
1 0.6088541666666667 0.6447574334898278 0.013541666666666667 0.02190923317683881
0 0.6049479166666667 0.7163536776212832 0.0453125 0.17762128325508608
1 0.5684895833333333 0.6463223787167449 0.0140625 0.018779342723004695
0 0.5684895833333333 0.7202660406885759 0.043229166666666666 0.16823161189358374
1 0.55234375 0.6384976525821596 0.013020833333333334 0.018779342723004695
0 0.5546875 0.7245696400625978 0.030208333333333334 0.22065727699530516
1 0.5424479166666667 0.6408450704225352 0.011979166666666667 0.02034428794992175
0 0.5328125 0.7143974960876369 0.04479166666666667 0.18622848200312989
1 0.4903645833333333 0.6384976525821596 0.015104166666666667 0.02190923317683881
0 0.49114583333333334 0.7155712050078247 0.041666666666666664 0.18231611893583724
1 0.5182291666666666 0.7300469483568075 0.016666666666666666 0.03129890453834116
0 0.51640625 0.7812989045383412 0.050520833333333334 0.14006259780907668
1 0.44557291666666665 0.6572769953051644 0.0203125 0.03129890453834116
0 0.44244791666666666 0.7445226917057903 0.07447916666666667 0.21987480438184664
1 0.4114583333333333 0.6424100156494522 0.016666666666666666 0.0297339593114241
0 0.40989583333333335 0.7183098591549296 0.04791666666666667 0.18935837245696402
1 0.440625 0.730829420970266 0.025 0.050078247261345854
0 0.42213541666666665 0.848982785602504 0.06927083333333334 0.30203442879499215
1 0.4700520833333333 0.6995305164319249 0.024479166666666666 0.046948356807511735
0 0.4609375 0.8309859154929577 0.059375 0.3380281690140845
1 0.38203125 0.6631455399061033 0.011979166666666667 0.02112676056338028
0 0.38229166666666664 0.7222222222222222 0.036458333333333336 0.15023474178403756
1 0.3455729166666667 0.636150234741784 0.015104166666666667 0.028169014084507043
0 0.34609375 0.7077464788732394 0.034895833333333334 0.1807511737089202
1 0.3609375 0.6404538341158059 0.014583333333333334 0.025821596244131457
0 0.35963541666666665 0.7053990610328639 0.027604166666666666 0.15884194053208137
1 0.33151041666666664 0.6674491392801252 0.013020833333333334 0.02190923317683881
0 0.32265625 0.7327856025039123 0.044270833333333336 0.1729264475743349
1 0.30911458333333336 0.6623630672926447 0.013020833333333334 0.02112676056338028
0 0.30755208333333334 0.7222222222222222 0.03177083333333333 0.15023474178403756
1 0.271875 0.6717527386541471 0.01875 0.03834115805946792
0 0.27057291666666666 0.7582159624413145 0.0640625 0.21439749608763695
1 0.2682291666666667 0.6486697965571205 0.0125 0.02190923317683881
0 0.26901041666666664 0.7143974960876369 0.04010416666666667 0.15805946791862285
1 0.2375 0.6517996870109546 0.011458333333333333 0.02190923317683881
0 0.23125 0.7147887323943662 0.040625 0.15571205007824726
1 0.20416666666666666 0.695226917057903 0.015625 0.028951486697965573
0 0.20677083333333332 0.7425665101721439 0.053125 0.12832550860719874
1 0.20026041666666666 0.6623630672926447 0.018229166666666668 0.033646322378716745
0 0.20078125 0.7480438184663537 0.0609375 0.20970266040688576
1 0.17578125 0.6541471048513302 0.015104166666666667 0.026604068857589983
0 0.17838541666666666 0.7151799687010955 0.034895833333333334 0.15023474178403756
1 0.14557291666666666 0.6561032863849765 0.011979166666666667 0.02269170579029734
0 0.1453125 0.7214397496087637 0.0375 0.1564945226917058
1 0.10833333333333334 0.6682316118935837 0.020833333333333332 0.03599374021909233
0 0.10442708333333334 0.7640845070422535 0.06822916666666666 0.23552425665101723
1 0.0875 0.6533646322378717 0.014583333333333334 0.023474178403755867
0 0.08125 0.721830985915493 0.034375 0.16353677621283255
1 0.05130208333333333 0.6326291079812206 0.008854166666666666 0.01486697965571205
0 0.051041666666666666 0.6744913928012519 0.023958333333333335 0.10328638497652583
1 0.04010416666666667 0.6283255086071987 0.007291666666666667 0.012519561815336464
0 0.03723958333333333 0.6557120500782473 0.018229166666666668 0.07042253521126761
1 0.07291666666666667 0.6310641627543035 0.007291666666666667 0.013302034428794992
0 0.07317708333333334 0.6651017214397497 0.0203125 0.081377151799687
1 0.06380208333333333 0.6314553990610329 0.0046875 0.00782472613458529
0 0.06328125 0.6502347417840375 0.0109375 0.06259780907668232
1 0.013541666666666667 0.6529733959311425 0.015625 0.03051643192488263
0 0.026302083333333334 0.7300469483568075 0.05260416666666667 0.2081377151799687
1 0.8489583333333334 0.6400625978090767 0.010416666666666666 0.017214397496087636
0 0.84765625 0.6932707355242567 0.024479166666666666 0.1267605633802817
1 0.16666666666666666 0.6506259780907668 0.011458333333333333 0.02112676056338028
0 0.16744791666666667 0.701095461658842 0.0265625 0.1267605633802817
1 0.1328125 0.63302034428795 0.009375 0.014084507042253521
0 0.13020833333333334 0.6741001564945227 0.016666666666666666 0.09937402190923318
1 0.10104166666666667 0.6521909233176839 0.015625 0.028951486697965573
0 0.09921875 0.7147887323943662 0.04635416666666667 0.16040688575899845
1 0.30546875 0.6428012519561815 0.0109375 0.019561815336463225
0 0.303125 0.704225352112676 0.029166666666666667 0.14397496087636932
1 0.475 0.6447574334898278 0.007291666666666667 0.017214397496087636
0 0.4747395833333333 0.672926447574335 0.0171875 0.0782472613458529
1 0.59609375 0.653755868544601 0.011979166666666667 0.019561815336463225
0 0.5958333333333333 0.7171361502347418 0.028125 0.1541471048513302
1 0.86328125 0.6471048513302035 0.0140625 0.02190923317683881
0 0.86484375 0.7093114241001565 0.043229166666666666 0.16353677621283255
1 0.8317708333333333 0.6494522691705791 0.0125 0.02190923317683881
0 0.8317708333333333 0.7018779342723005 0.027083333333333334 0.1298904538341158
1 0.8911458333333333 0.661189358372457 0.020833333333333332 0.03442879499217527
0 0.8921875 0.7644757433489828 0.052083333333333336 0.2519561815336463
1 0.9544270833333334 0.656885758998435 0.011979166666666667 0.02269170579029734
0 0.9518229166666666 0.7053990610328639 0.0296875 0.1056338028169014