1 0.17266666666666666 0.3269767441860465 0.04666666666666667 0.09209302325581395
0 0.16233333333333333 0.5609302325581396 0.13533333333333333 0.5804651162790697
1 0.281 0.3930232558139535 0.046 0.07162790697674419
0 0.29333333333333333 0.6023255813953489 0.23866666666666667 0.5032558139534884
1 0.44566666666666666 0.34837209302325584 0.03933333333333333 0.07906976744186046
0 0.44633333333333336 0.5804651162790697 0.17133333333333334 0.5525581395348838
1 0.553 0.36511627906976746 0.05533333333333333 0.06604651162790698
0 0.5266666666666666 0.5948837209302326 0.13466666666666666 0.5386046511627907
1 0.6236666666666667 0.40232558139534885 0.042 0.07720930232558139
0 0.657 0.6088372093023255 0.214 0.5069767441860465
1 0.7606666666666667 0.36604651162790697 0.05733333333333333 0.0827906976744186
0 0.7533333333333333 0.5855813953488372 0.15466666666666667 0.5516279069767441
1 0.8283333333333334 0.30511627906976746 0.058 0.08558139534883721
0 0.866 0.5595348837209302 0.172 0.6167441860465116