1 0.08339376359680928 0.41566920565832427 0.0029006526468455403 0.004352557127312296
0 0.08339376359680928 0.4249183895538629 0.01015228426395939 0.029379760609358
1 0.23060188542422044 0.397714907508161 0.04060913705583756 0.06855277475516866
0 0.22008701957940538 0.6360174102285092 0.09789702683103699 0.5516866158868335
1 0.26867295141406816 0.397714907508161 0.07034082668600435 0.11860718171926006
0 0.2820884699057288 0.6659412404787813 0.16823785351704135 0.6681175190424374
1 0.41515591007976793 0.43035908596300326 0.07324147933284988 0.1294885745375408
0 0.3934010152284264 0.6806311207834603 0.32124728063814356 0.6387377584330794
1 0.36113125453226974 0.38846572361262244 0.024655547498187092 0.0544069640914037
0 0.3640319071791153 0.5092491838955386 0.07976794778825236 0.30467899891186073
1 0.47860768672951415 0.38846572361262244 0.02610587382160986 0.04352557127312296
0 0.4760696156635243 0.5315560391730142 0.08484408992023205 0.3405875952121872
1 0.6762146482958665 0.426550598476605 0.06598984771573604 0.117519042437432
0 0.6555474981870921 0.6828073993471164 0.19579405366207397 0.6343852013057671
1 0.8034807831762146 0.40696409140369966 0.12472806381435823 0.21980413492927095
0 0.8042059463379261 0.64689880304679 0.3509789702683104 0.70620239390642
1 0.8883248730964467 0.41947769314472255 0.043509789702683106 0.07725788900979326
0 0.8988397389412618 0.6196953210010882 0.0877447425670776 0.49510337323177367