1 0.04330254041570439 0.7399280575539569 0.03810623556581986 0.02805755395683453
0 0.05484988452655889 0.8158273381294964 0.10969976905311778 0.19280575539568345
1 0.06581986143187067 0.7183453237410072 0.03926096997690531 0.03381294964028777
0 0.07043879907621248 0.8100719424460432 0.13163972286374134 0.22158273381294963
1 0.12009237875288684 0.7341726618705036 0.04849884526558892 0.03237410071942446
0 0.11836027713625866 0.8233812949640288 0.12817551963048499 0.21798561151079138
1 0.29734411085450346 0.7345323741007195 0.042725173210161664 0.034532374100719423
0 0.3094688221709007 0.8345323741007195 0.11778290993071594 0.24172661870503598
1 0.4336027713625866 0.7241007194244604 0.04734411085450346 0.03525179856115108
0 0.4445727482678984 0.8309352517985612 0.14780600461893764 0.25755395683453236
1 0.42782909930715934 0.7600719424460431 0.049653579676674366 0.03381294964028777
0 0.46247113163972287 0.8460431654676259 0.1628175519630485 0.2273381294964029
1 0.5005773672055427 0.7949640287769785 0.03579676674364896 0.02302158273381295
0 0.51905311778291 0.8726618705035971 0.1351039260969977 0.19280575539568345
1 0.5219399538106235 0.7190647482014388 0.04387990762124711 0.03237410071942446
0 0.5282909930715936 0.8079136690647482 0.11893764434180139 0.218705035971223
1 0.6374133949191686 0.7284172661870504 0.03926096997690531 0.026618705035971222
0 0.6570438799076213 0.8111510791366906 0.15011547344110854 0.20071942446043164
1 0.6616628175519631 0.718705035971223 0.03926096997690531 0.030215827338129497
0 0.6570438799076213 0.8 0.06466512702078522 0.19424460431654678
1 0.9486143187066974 0.7525179856115108 0.05196304849884527 0.03741007194244604
0 0.9607390300230947 0.85431654676259 0.07852193995381063 0.24100719424460432