1 0.899 0.4316816816816817 0.05 0.07657657657657657
0 0.8995 0.6876876876876877 0.107 0.6036036036036037
1 0.8355 0.33708708708708707 0.083 0.13363363363363365
0 0.8115 0.6141141141141141 0.313 0.7717717717717718
1 0.7095 0.3783783783783784 0.079 0.13813813813813813
0 0.7055 0.6516516516516516 0.215 0.6966966966966966
1 0.5745 0.47072072072072074 0.093 0.13363363363363365
0 0.5495 0.7012012012012012 0.207 0.5975975975975976
1 0.648 0.3731231231231231 0.06 0.11261261261261261
0 0.645 0.6561561561561562 0.112 0.6876876876876877
1 0.522 0.37237237237237236 0.064 0.09309309309309309
0 0.5125 0.6584084084084084 0.135 0.6681681681681682
1 0.483 0.4189189189189189 0.038 0.06306306306306306
0 0.486 0.6448948948948949 0.126 0.521021021021021
1 0.4565 0.42492492492492495 0.031 0.05105105105105105
0 0.467 0.6231231231231231 0.092 0.45345345345345345
1 0.397 0.44594594594594594 0.032 0.05405405405405406
0 0.395 0.6036036036036037 0.086 0.3933933933933934
1 0.35 0.4617117117117117 0.02 0.04054054054054054
0 0.3555 0.506006006006006 0.045 0.15015015015015015
1 0.3245 0.44594594594594594 0.037 0.05105105105105105
0 0.331 0.5990990990990991 0.074 0.3633633633633634
1 0.271 0.42492492492492495 0.046 0.08108108108108109
0 0.2935 0.6719219219219219 0.145 0.5960960960960962
1 0.2 0.46846846846846846 0.038 0.07807807807807808
0 0.186 0.6929429429429429 0.116 0.536036036036036
1 0.257 0.46846846846846846 0.082 0.14114114114114115
0 0.2255 0.6959459459459459 0.257 0.6081081081081081
1 0.116 0.4316816816816817 0.038 0.07357357357357357
0 0.118 0.6103603603603603 0.096 0.44894894894894893
1 0.073 0.46546546546546547 0.044 0.08108108108108109
0 0.0645 0.6321321321321322 0.129 0.43243243243243246
1 0.0125 0.41816816816816815 0.025 0.04054054054054054
0 0.034 0.5165165165165165 0.068 0.23723723723723725
1 0.218 0.5983483483483484 0.06 0.08858858858858859
0 0.2055 0.7372372372372372 0.127 0.4444444444444444