1 0.51640625 0.3703125 0.1234375 0.13125
0 0.39609375 0.64921875 0.4171875 0.7015625
1 0.72421875 0.43359375 0.1578125 0.1515625
0 0.6109375 0.67578125 0.409375 0.6484375
1 0.79921875 0.29453125 0.1515625 0.1578125
0 0.7125 0.60625 0.465625 0.7875
1 0.70546875 0.30859375 0.1015625 0.1328125
0 0.73203125 0.61875 0.4703125 0.7625
1 0.62734375 0.31171875 0.0890625 0.1109375
0 0.621875 0.59921875 0.21875 0.6890625
1 0.47734375 0.25546875 0.0859375 0.1234375
0 0.44375 0.59609375 0.171875 0.8078125
1 0.3546875 0.2578125 0.121875 0.178125
0 0.31796875 0.5796875 0.4828125 0.840625
1 0.2484375 0.253125 0.125 0.11875
0 0.284375 0.56953125 0.4125 0.7671875
1 0.99609375 0.26953125 0.0078125 0.0265625
0 0.94140625 0.32109375 0.1171875 0.1359375
1 0.91640625 0.24375 0.0234375 0.03125
0 0.90078125 0.303125 0.0921875 0.165625
1 0.73515625 0.18046875 0.0328125 0.0390625
0 0.734375 0.26875 0.065625 0.221875
1 0.690625 0.175 0.028125 0.040625
0 0.67890625 0.25546875 0.0828125 0.2140625
1 0.5875 0.1796875 0.015625 0.01875
0 0.5609375 0.21015625 0.084375 0.0890625
1 0.571875 0.178125 0.015625 0.01875
0 0.5453125 0.203125 0.06875 0.084375
1 0.303125 0.13359375 0.01875 0.0203125
0 0.30234375 0.18828125 0.0421875 0.1390625
1 0.19375 0.11875 0.01875 0.021875
0 0.17265625 0.20078125 0.0796875 0.1984375
1 0.23125 0.12890625 0.021875 0.0234375
0 0.23203125 0.1984375 0.0453125 0.178125
1 0.15390625 0.1265625 0.0203125 0.028125
0 0.14609375 0.20390625 0.0921875 0.1890625
1 0.178125 0.11171875 0.01875 0.0234375
0 0.18046875 0.18828125 0.0546875 0.1890625
1 0.2515625 0.11796875 0.025 0.0296875
0 0.24453125 0.1921875 0.0734375 0.178125
1 0.23203125 0.115625 0.0203125 0.021875
0 0.2359375 0.1859375 0.046875 0.171875
1 0.25546875 0.11953125 0.0171875 0.0203125
0 0.2625 0.18984375 0.04375 0.1640625
1 0.13828125 0.1203125 0.0234375 0.028125
0 0.12890625 0.19921875 0.0546875 0.1859375
1 0.13984375 0.11015625 0.0234375 0.0234375
0 0.12578125 0.1875 0.0609375 0.18125