1 0.24882629107981222 0.284375 0.056338028169014086 0.13125
0 0.2300469483568075 0.6041666666666666 0.1619718309859155 0.7916666666666666
1 0.3444835680751174 0.3416666666666667 0.04812206572769953 0.125
0 0.38438967136150237 0.6083333333333333 0.16549295774647887 0.6708333333333333
1 0.3931924882629108 0.4270833333333333 0.051643192488262914 0.125
0 0.41901408450704225 0.6666666666666666 0.1784037558685446 0.6208333333333333
1 0.522887323943662 0.2375 0.0528169014084507 0.12916666666666668
0 0.5134976525821596 0.5666666666666667 0.3368544600938967 0.8125
1 0.6150234741784038 0.29791666666666666 0.04929577464788732 0.09583333333333334
0 0.6179577464788732 0.5895833333333333 0.1396713615023474 0.7
1 0.738849765258216 0.2864583333333333 0.05046948356807512 0.10625
0 0.7517605633802817 0.590625 0.1467136150234742 0.7354166666666667