1 0.4004559270516717 0.10546875 0.15045592705167174 0.126953125
0 0.32370820668693007 0.4765625 0.574468085106383 0.91015625
1 0.4430091185410334 0.3828125 0.14437689969604864 0.123046875
0 0.45440729483282677 0.62646484375 0.5623100303951368 0.6689453125
1 0.425531914893617 0.0908203125 0.1337386018237082 0.125
0 0.5273556231003039 0.435546875 0.48024316109422494 0.82421875
1 0.7287234042553191 0.39501953125 0.1413373860182371 0.1064453125
0 0.7066869300911854 0.6416015625 0.3981762917933131 0.61328125
1 0.7104863221884499 0.1865234375 0.10182370820668693 0.095703125
0 0.7264437689969605 0.4990234375 0.3890577507598784 0.75390625
1 1 0.13916015625 0 0.0849609375
0 0.8822188449848024 0.474609375 0.23556231003039513 0.78515625