1 0.86484375 0.5393258426966292 0.0265625 0.04943820224719101
0 0.87109375 0.6494382022471911 0.0671875 0.2786516853932584
1 0.734375 0.4820224719101124 0.04375 0.07865168539325842
0 0.7640625 0.6887640449438203 0.10625 0.501123595505618
1 0.72421875 0.5213483146067416 0.0359375 0.06292134831460675
0 0.75859375 0.697752808988764 0.1140625 0.4247191011235955
1 0.65234375 0.5314606741573034 0.0359375 0.056179775280898875
0 0.66484375 0.7033707865168539 0.1078125 0.41797752808988764
1 0.52578125 0.5483146067415731 0.0328125 0.058426966292134834
0 0.53671875 0.7056179775280899 0.1015625 0.38202247191011235
1 0.46171875 0.5550561797752809 0.0328125 0.04943820224719101
0 0.4890625 0.6876404494382022 0.090625 0.3235955056179775
1 0.421875 0.553932584269663 0.03125 0.051685393258426963
0 0.4234375 0.7247191011235955 0.10625 0.40224719101123596
1 0.36484375 0.5820224719101124 0.0296875 0.04943820224719101
0 0.3734375 0.7258426966292135 0.06875 0.34606741573033706
1 0.32734375 0.5674157303370787 0.0265625 0.04719101123595506
0 0.33046875 0.6831460674157304 0.0609375 0.2876404494382023
1 0.29375 0.5415730337078651 0.034375 0.06292134831460675
0 0.29921875 0.7067415730337079 0.0828125 0.40224719101123596
1 0.2671875 0.5584269662921348 0.03125 0.056179775280898875
0 0.265625 0.7067415730337079 0.075 0.36629213483146067
1 0.19375 0.5764044943820225 0.034375 0.051685393258426963
0 0.20859375 0.7112359550561798 0.0734375 0.3303370786516854
1 0.171875 0.5662921348314607 0.028125 0.04943820224719101
0 0.16796875 0.702247191011236 0.1046875 0.3303370786516854
1 0.1234375 0.5764044943820225 0.028125 0.04719101123595506
0 0.13359375 0.702247191011236 0.0796875 0.30786516853932583