1 0.08431836091410559 0.3261173184357542 0.0425531914893617 0.09636871508379888
0 0.07131599684791175 0.630586592178771 0.12371946414499606 0.7192737430167597
1 0.11386918833727344 0.4273743016759777 0.04018912529550828 0.09217877094972067
0 0.1111111111111111 0.6829608938547486 0.10401891252955082 0.6229050279329609
1 0.19267139479905437 0.4106145251396648 0.04176516942474389 0.09497206703910614
0 0.18991331757289204 0.6696927374301676 0.11505122143420016 0.6354748603351955
1 0.2549251379038613 0.39804469273743015 0.038613081166272656 0.0893854748603352
0 0.25098502758077224 0.6480446927374302 0.09692671394799054 0.6061452513966481
1 0.28368794326241137 0.38337988826815644 0.028368794326241134 0.07681564245810056
0 0.2848699763593381 0.6201117318435754 0.0937746256895193 0.5670391061452514
1 0.3309692671394799 0.42178770949720673 0.037825059101654845 0.08659217877094973
0 0.3301812450748621 0.672486033519553 0.1182033096926714 0.6131284916201117
1 0.37825059101654845 0.4029329608938548 0.03309692671394799 0.07681564245810056
0 0.375886524822695 0.6375698324022346 0.08668242710795902 0.5628491620111732
1 0.4294720252167061 0.3505586592178771 0.03152088258471237 0.07541899441340782
0 0.4326241134751773 0.5998603351955307 0.09613869188337273 0.5879888268156425
1 0.4330181245074862 0.42527932960893855 0.037037037037037035 0.08519553072625698
0 0.44129235618597323 0.6759776536312849 0.10717100078802207 0.5949720670391061
1 0.47675334909377465 0.39804469273743015 0.03152088258471237 0.08659217877094973
0 0.4747832939322301 0.6368715083798883 0.08747044917257683 0.5782122905027933
1 0.5098502758077226 0.3777932960893855 0.029944838455476755 0.06564245810055866
0 0.512214342001576 0.6047486033519553 0.08983451536643026 0.5251396648044693
1 0.5338849487785658 0.401536312849162 0.03230890464933018 0.0824022346368715
0 0.5401891252955082 0.6403631284916201 0.10323089046493301 0.5684357541899442
1 0.5614657210401891 0.4329608938547486 0.03546099290780142 0.09776536312849161
0 0.5555555555555556 0.6773743016759777 0.09771473601260836 0.5977653631284916
1 0.5961386918833728 0.3770949720670391 0.0338849487785658 0.0670391061452514
0 0.5973207249802994 0.6068435754189944 0.08668242710795902 0.5516759776536313
1 0.6414499605988968 0.361731843575419 0.037825059101654845 0.08100558659217877
0 0.6414499605988968 0.6138268156424581 0.09929078014184398 0.6047486033519553
1 0.653270291568164 0.441340782122905 0.029944838455476755 0.08100558659217877
0 0.6639085894405043 0.6766759776536313 0.10323089046493301 0.5768156424581006
1 0.6993695823483057 0.3861731843575419 0.03546099290780142 0.07960893854748603
0 0.7021276595744681 0.6145251396648045 0.08825847123719464 0.5502793296089385
1 0.7450748620961387 0.35335195530726254 0.03546099290780142 0.08100558659217877
0 0.7427107959022853 0.590782122905028 0.08431836091410559 0.5810055865921788
1 0.7628053585500394 0.42108938547486036 0.036249014972419225 0.08519553072625698
0 0.768715524034673 0.6689944134078212 0.10795902285263988 0.5977653631284916
1 0.8085106382978723 0.3442737430167598 0.037825059101654845 0.07960893854748603
0 0.8081166272655634 0.5998603351955307 0.1016548463356974 0.6131284916201117
1 0.8550039401103231 0.3924581005586592 0.0425531914893617 0.09497206703910614
0 0.8557919621749409 0.6536312849162011 0.1276595744680851 0.6284916201117319
1 0.9326241134751773 0.3393854748603352 0.046493301812450746 0.1005586592178771
0 0.9448384554767534 0.6403631284916201 0.11032308904649331 0.7164804469273743
1 0.21040189125295508 0.39036312849162014 0.03467297084318361 0.0824022346368715
0 0.19345941686367218 0.6152234636871509 0.10323089046493301 0.5516759776536313
1 0.34475965327029157 0.3784916201117318 0.030732860520094562 0.07262569832402235
0 0.3459416863672183 0.6124301675977654 0.09141055949566587 0.5544692737430168