1 0.6970108695652174 0.3894927536231884 0.05434782608695652 0.07246376811594203
0 0.6956521739130435 0.6222826086956522 0.10869565217391304 0.5489130434782609
1 0.438179347826087 0.38315217391304346 0.042119565217391304 0.06702898550724638
0 0.4429347826086957 0.5760869565217391 0.11413043478260869 0.4673913043478261
1 0.36141304347826086 0.3686594202898551 0.03260869565217391 0.05253623188405797
0 0.36616847826086957 0.5280797101449275 0.09375 0.3786231884057971
1 0.2798913043478261 0.39402173913043476 0.03260869565217391 0.06340579710144928
0 0.29008152173913043 0.5652173913043478 0.12092391304347826 0.41304347826086957
1 0.2914402173913043 0.401268115942029 0.03125 0.05615942028985507
0 0.2798913043478261 0.5489130434782609 0.08423913043478261 0.358695652173913
1 0.1875 0.391304347826087 0.03804347826086957 0.06159420289855073
0 0.20720108695652173 0.5806159420289855 0.11548913043478261 0.447463768115942
1 0.16168478260869565 0.427536231884058 0.06521739130434782 0.09420289855072464
0 0.1671195652173913 0.6847826086956522 0.14673913043478262 0.6304347826086957
1 0.07065217391304347 0.421195652173913 0.07065217391304347 0.07427536231884058
0 0.08016304347826086 0.6865942028985508 0.14945652173913043 0.6159420289855072
1 0.019021739130434784 0.384963768115942 0.03804347826086957 0.06340579710144928
0 0.050951086956521736 0.6032608695652174 0.10190217391304347 0.5217391304347826