1 0.5420524691358025 0.3757716049382716 0.08616255144032922 0.15200617283950618
0 0.5146604938271605 0.6467978395061729 0.3441358024691358 0.7064043209876543
1 0.8357767489711934 0.30709876543209874 0.06095679012345679 0.1095679012345679
0 0.8239454732510288 0.6170910493827161 0.1597222222222222 0.7658179012345679
1 0.6486625514403292 0.3333333333333333 0.08076131687242798 0.1527777777777778
0 0.6929012345679012 0.6253858024691358 0.19032921810699588 0.7492283950617284
1 0.7218364197530864 0.34760802469135804 0.05169753086419753 0.08873456790123457
0 0.7123199588477366 0.5952932098765432 0.10931069958847736 0.5871913580246914
1 0.3096707818930041 0.28954475308641975 0.03446502057613169 0.055169753086419755
0 0.3126286008230453 0.47260802469135804 0.12782921810699588 0.43364197530864196
1 0.36676954732510286 0.2638888888888889 0.03343621399176955 0.05324074074074074
0 0.3726851851851852 0.44212962962962965 0.09053497942386832 0.4243827160493827
1 0.4349279835390947 0.2650462962962963 0.03446502057613169 0.05324074074074074
0 0.4384002057613169 0.42843364197530864 0.07536008230452675 0.38310185185185186
1 0.4844393004115226 0.3707561728395062 0.0470679012345679 0.11419753086419752
0 0.47775205761316875 0.6186342592592593 0.1154835390946502 0.6261574074074074
1 0.5662294238683128 0.27025462962962965 0.04243827160493827 0.08526234567901235
0 0.5808899176954733 0.498070987654321 0.0933641975308642 0.5455246913580247
1 0.12474279835390946 0.33892746913580246 0.048868312757201646 0.08449074074074074
0 0.1246141975308642 0.5675154320987654 0.14377572016460904 0.5408950617283951
1 0.028420781893004114 0.359375 0.05684156378600823 0.09297839506172839
0 0.09027777777777778 0.6525848765432098 0.18055555555555555 0.6948302469135802
1 0.02816358024691358 0.3551311728395062 0.05632716049382716 0.11226851851851852
0 0.10030864197530864 0.6429398148148148 0.2006172839506173 0.7141203703703703
1 0.8495370370370371 0.28935185185185186 0.06532921810699588 0.1087962962962963
0 0.8401491769547325 0.5671296296296297 0.19830246913580246 0.6674382716049383