1 0.1098541980894922 0.9159125188536953 0.0196078431372549 0.026395173453996983
0 0.10583207642031171 0.9536199095022625 0.03971845148315736 0.09276018099547512
1 0.11287078934137758 0.9136500754147813 0.011563599798893917 0.017345399698340876
0 0.1113624937154349 0.9457013574660633 0.04172951231774761 0.1085972850678733
1 0.22624434389140272 0.9064856711915535 0.012066365007541479 0.021116138763197588
0 0.22171945701357465 0.947209653092006 0.02513826043237808 0.10558069381598793
1 0.26747109100050276 0.9215686274509803 0.010055304172951232 0.021116138763197588
0 0.2609351432880845 0.9543740573152338 0.030165912518853696 0.09125188536953242
1 0.28682755153343387 0.9543740573152338 0.029663147310206132 0.09125188536953242
0 0.28682755153343387 0.9543740573152338 0.029663147310206132 0.09125188536953242
1 0.3730517848164907 0.9347662141779789 0.00904977375565611 0.01885369532428356
0 0.37380593262946205 0.9619155354449472 0.029663147310206132 0.07616892911010557
1 0.4029663147310206 0.9313725490196079 0.013574660633484163 0.0196078431372549
0 0.4019607843137255 0.9588989441930619 0.04675716440422323 0.08220211161387632
1 0.4384112619406737 0.9566365007541479 0.02212166918049271 0.08672699849170437
0 0.4384112619406737 0.9566365007541479 0.02212166918049271 0.08672699849170437
1 0.5537958773252891 0.9487179487179487 0.01256913021618904 0.012066365007541479
0 0.5548014077425842 0.9694570135746606 0.04172951231774761 0.06108597285067873
1 0.5927601809954751 0.9445701357466063 0.010055304172951232 0.01885369532428356
0 0.5925087983911513 0.9660633484162896 0.038712921065862244 0.06787330316742081
1 0.6201608848667672 0.9532428355957768 0.011563599798893917 0.0196078431372549
0 0.6224233283056813 0.9694570135746606 0.021116138763197588 0.06108597285067873
1 0.6317244846656611 0.9539969834087482 0.011563599798893917 0.0196078431372549
0 0.6322272498743087 0.9709653092006033 0.032679738562091505 0.058069381598793365
1 0.6475615887380594 0.9619155354449472 0.013071895424836602 0.01885369532428356
0 0.6480643539467069 0.9751131221719457 0.030165912518853696 0.049773755656108594
1 0.6654097536450477 0.9490950226244343 0.008547008547008548 0.01282051282051282
0 0.6659125188536953 0.9687028657616893 0.029663147310206132 0.06259426847662142
1 0.6820010055304173 0.9645550527903469 0.010558069381598794 0.015082956259426848
0 0.6842634489693313 0.9777526395173454 0.030165912518853696 0.0444947209653092
1 0.716691804927099 0.9457013574660633 0.011563599798893917 0.015082956259426848
0 0.7214680744092509 0.9683257918552036 0.02815485168426345 0.06334841628959276
1 0.7335344394167923 0.9562594268476622 0.008044243338360985 0.013574660633484163
0 0.7347913524384113 0.9732277526395173 0.024635495223730517 0.053544494720965306
1 0.7518853695324283 0.9592760180995475 0.009552538964303671 0.015082956259426848
0 0.7516339869281046 0.9743589743589743 0.03418803418803419 0.05128205128205128
1 0.7722473604826546 0.9555052790346908 0.011060834590246356 0.01809954751131222
0 0.7772750125691302 0.9698340874811463 0.0392156862745098 0.06033182503770739