1 0.28465608465608466 0.455 0.006349206349206349 0.014
0 0.27724867724867724 0.496 0.027513227513227514 0.104
1 0.24232804232804234 0.436 0.008465608465608466 0.02
0 0.24126984126984127 0.491 0.027513227513227514 0.138
1 0.22645502645502646 0.441 0.008465608465608466 0.018
0 0.2275132275132275 0.502 0.02962962962962963 0.148
1 0.20423280423280424 0.45 0.010582010582010581 0.024
0 0.19894179894179895 0.511 0.02962962962962963 0.15
1 0.16084656084656085 0.448 0.012698412698412698 0.028
0 0.15502645502645504 0.512 0.03492063492063492 0.164
1 0.12804232804232804 0.431 0.012698412698412698 0.026
0 0.1201058201058201 0.514 0.04126984126984127 0.196
1 0.07883597883597884 0.442 0.013756613756613757 0.028
0 0.0835978835978836 0.524 0.042328042328042326 0.2
1 0.04867724867724868 0.448 0.012698412698412698 0.024
0 0.050793650793650794 0.515 0.02962962962962963 0.166
1 0.02328042328042328 0.439 0.014814814814814815 0.026
0 0.023809523809523808 0.514 0.0328042328042328 0.184
1 0.03756613756613757 0.444 0.015873015873015872 0.032
0 0.037037037037037035 0.537 0.050793650793650794 0.222
1 0.5396825396825397 0.435 0.016931216931216932 0.042
0 0.5343915343915344 0.558 0.12698412698412698 0.296
1 0.8037037037037037 0.437 0.009523809523809525 0.022
0 0.8015873015873016 0.49 0.02857142857142857 0.132
1 0.8322751322751323 0.469 0.009523809523809525 0.022
0 0.8433862433862434 0.514 0.042328042328042326 0.12
1 0.8624338624338624 0.464 0.010582010582010581 0.024
0 0.8724867724867725 0.521 0.037037037037037035 0.142
1 0.8957671957671958 0.467 0.01164021164021164 0.03
0 0.9031746031746032 0.529 0.04973544973544974 0.158
1 0.935978835978836 0.441 0.01164021164021164 0.026
0 0.9439153439153439 0.521 0.042328042328042326 0.198
1 0.9804232804232804 0.43 0.015873015873015872 0.032
0 0.9825396825396825 0.524 0.03492063492063492 0.232