1 0.27947817360762667 0.6086191732629728 0.05920722528850978 0.05364995602462621
0 0.2694430506773708 0.7587950747581355 0.21475163070747616 0.36103781882145997
1 0.6297039638735574 0.2970536499560246 0.07827395885599599 0.08047493403693931
0 0.6131460110386352 0.4573438874230431 0.308078273958856 0.8328935795954265
1 0.622428499749122 0.5360598065083553 0.0386352232814852 0.03605980650835532
0 0.6618163572503764 0.6699648197009674 0.11741093828399397 0.3390501319261214
1 0.8188660311088811 0.5806948109058927 0.03311590566984446 0.034740545294635
0 0.8156046161565479 0.7051451187335093 0.11189162067235324 0.29683377308707126
1 0.404666332162569 0.7242744063324539 0.03161063723030607 0.03430079155672823
0 0.4051680883090818 0.7772647317502199 0.09784244856999498 0.15787159190853123
1 0.48193677872553936 0.7005277044854882 0.0386352232814852 0.03605980650835532
0 0.47415955845459107 0.7530782761653474 0.0772704465629704 0.1455584872471416
1 0.07074761665830406 0.7064643799472295 0.03612644254892122 0.03210202286719437
0 0.07275464124435524 0.769349164467898 0.11440040140491721 0.1693051890941073
1 0.015303562468640241 0.6822779243623571 0.014550928248871048 0.014511873350923483
0 0.01655795283492223 0.7128408091468778 0.03311590566984446 0.08267370272647317
1 0.17887606623181135 0.5993843447669305 0.04565980933266432 0.04133685136323659
0 0.20572002007024587 0.7110817941952506 0.10938283993978926 0.2726473175021988
1 0.33266432513798294 0.6015831134564644 0.027094831911690917 0.032541776605101144
0 0.323883592574009 0.7161389621811786 0.08178625188158554 0.2704485488126649
1 0.45659809332664325 0.6510554089709762 0.012042147516307075 0.014511873350923483
0 0.4523331660812845 0.6754617414248021 0.028600100351229302 0.07211961301671065
1 0.3878575012543904 0.6778803869832893 0.031108881083793276 0.028583992963940194
0 0.38585047666833916 0.7396657871591908 0.07827395885599599 0.15567282321899736
1 0.41746111389864526 0.6948109058927001 0.02609131961866533 0.02990325417766051
0 0.4136979427997993 0.7427440633245382 0.07777220270948319 0.13544415127528583
1 0.8896136477671851 0.697009674582234 0.03311590566984446 0.07827616534740545
0 0.8896136477671851 0.697009674582234 0.03311590566984446 0.07827616534740545
1 0.9734069242348219 0.748900615655233 0.053186151530356246 0.11081794195250659
0 0.9734069242348219 0.748900615655233 0.053186151530356246 0.11081794195250659
1 0.9716507777220271 0.6961301671064204 0.014550928248871048 0.014951627088830254
0 0.9628700451580532 0.7385664028144239 0.04415454089312594 0.10246262093227793
1 0.9882087305569494 0.7436235708003518 0.023582538886101356 0.11609498680738786
0 0.9882087305569494 0.7436235708003518 0.023582538886101356 0.11609498680738786
1 0.7804816859006523 0.6363236587510994 0.017561465127947817 0.016710642040457344
0 0.7832413447064727 0.7117414248021108 0.08529854490717512 0.18073878627968337
1 0.7112393376818866 0.6352242744063324 0.019568489713998997 0.021547933157431837
0 0.7092323130958355 0.7143799472295514 0.07375815353738083 0.18865435356200527
1 0.994982438534872 0.6218117854001759 0.010035122930255895 0.013192612137203167
0 0.9859508278976418 0.6629287598944591 0.02809834420471651 0.10246262093227793
1 0.6683391871550427 0.6134564643799473 0.017059708981435023 0.0158311345646438
0 0.6690918213748118 0.6464379947229552 0.04666332162568992 0.0853122251539138