1 0.27689352360043906 0.19596462133775566 0.041163556531284305 0.10668877833056938
0 0.3036498353457739 0.46379215035931454 0.2088364434687157 0.8114980652294085
1 0.5172886937431395 0.26865671641791045 0.03732162458836443 0.09508015478164732
0 0.5080954994511526 0.5403537866224434 0.20334796926454446 0.6616915422885572
1 0.6223929747530187 0.470702045328911 0.05982436882546652 0.11000552791597568
0 0.6178649835345774 0.705085682697623 0.15450054884742043 0.589828634604754
1 0.9282381997804611 0.8275290215588723 0.02552140504939627 0.05638474295190713
0 0.9278265642151482 0.8971807628524047 0.09549945115257959 0.20563847429519072
1 0.975576289791438 0.574350469872858 0.021953896816684963 0.05749032614704257
0 0.9742041712403952 0.7349364289662798 0.05159165751920966 0.3875069098949696
1 0.895993413830955 0.5925925925925926 0.021405049396267837 0.05085682697622996
0 0.8937980241492866 0.7399115533443892 0.07354555433589462 0.347705914870094
1 0.8597694840834248 0.6824212271973465 0.021953896816684963 0.04919845218352681
0 0.8633369923161361 0.8283582089552238 0.057628979143798026 0.34328358208955223
1 0.8154500548847421 0.5762852404643449 0.022228320526893525 0.050304035378662244
0 0.8195664105378705 0.7238805970149254 0.06448957189901207 0.34991708126036486
1 0.8088638858397366 0.6721945826423439 0.024972557628979142 0.04975124378109453
0 0.801728869374314 0.802653399668325 0.06833150384193194 0.3206191265892758
1 0.7386114160263447 0.8200663349917081 0.022228320526893525 0.04477611940298507
0 0.737788144895719 0.8753454947484798 0.06448957189901207 0.21282476506357104
1 0.7627607025246982 0.6639027086788281 0.01619099890230516 0.03980099502487562
0 0.7634467618002195 0.7681039248203427 0.052689352360043906 0.2658927584300719
1 0.7253018660812294 0.6611387506909895 0.018111964873765093 0.04201216141514649
0 0.7310647639956093 0.7880044223327806 0.05323819978046103 0.30790491984521834
1 0.6945664105378705 0.6412382531785517 0.018111964873765093 0.038695411829740185
0 0.6919593852908892 0.7681039248203427 0.0469264544456641 0.3067993366500829
1 0.6719264544456641 0.6976229961304589 0.01783754116355653 0.05306799336650083
0 0.6693194291986828 0.8291873963515755 0.07354555433589462 0.3416252072968491
1 0.5889132821075741 0.6401326699834162 0.017014270032930844 0.038695411829740185
0 0.5922063666300769 0.7495854063018242 0.05543358946212953 0.2808181315644002
1 0.5181119648737651 0.5646766169154229 0.02854006586169045 0.05804311774461028
0 0.5271679473106476 0.7545605306799337 0.09714599341383096 0.49087893864013266
1 0.4105378704720088 0.8424543946932007 0.017014270032930844 0.05085682697622996
0 0.40230515916575194 0.906301824212272 0.07244785949506037 0.18739635157545606
1 0.3965422612513721 0.8114980652294085 0.014818880351262349 0.03316749585406302
0 0.38350713501646544 0.8706467661691543 0.06064763995609221 0.16804864566058597
1 0.3357574094401756 0.7288557213930348 0.0216794731064764 0.046987285793255944
0 0.3390504939626784 0.8407960199004975 0.06888035126234907 0.2830292979546711
1 0.30666849615806807 0.6710889994472085 0.01783754116355653 0.03980099502487562
0 0.3079034028540066 0.7822001105583195 0.0570801317233809 0.267551133222775
1 0.28142151481888034 0.7177998894416805 0.022228320526893525 0.04367053620784964
0 0.27703073545554335 0.8338861249309011 0.059549945115257956 0.2769485903814262
1 0.22873216245883643 0.7211166390270868 0.0216794731064764 0.05140961857379768
0 0.22736004390779363 0.8449419568822554 0.06229418221734358 0.3101160862354892
1 0.19978046103183314 0.6832504145936982 0.019209659714599342 0.04201216141514649
0 0.20183863885839737 0.794914317302377 0.05845225027442371 0.2697622996130459
1 0.15216794731064764 0.728579325594251 0.022777167947310648 0.05306799336650083
0 0.1436608122941822 0.849640685461581 0.07711306256860592 0.30071862907683805
1 0.023874862788144897 0.7609176340519624 0.019209659714599342 0.04145936981757877
0 0.026207464324917672 0.8648424543946932 0.052414928649835345 0.2703150912106136
1 0.05570801317233809 0.6835268103924821 0.017014270032930844 0.037037037037037035
0 0.057628979143798026 0.8087341072415699 0.06531284302963776 0.3018242122719735
1 0.011388583973655324 0.7111663902708679 0.01783754116355653 0.040353786622443336
0 0.025384193194291988 0.8377556661138751 0.050768386388583976 0.3101160862354892
1 0.42521953896816683 0.6904367053620785 0.021130625686059275 0.03648424543946932
0 0.4329034028540066 0.7802653399668324 0.05900109769484083 0.23604201216141515