1 0.888 0.524 0.15 0.23466666666666666
0 0.84 0.694 0.32 0.612
1 0.2785 0.574 0.081 0.12133333333333333
0 0.295 0.7506666666666667 0.294 0.49866666666666665
1 0.0485 0.6766666666666666 0.055 0.08933333333333333
0 0.095 0.8126666666666666 0.19 0.37466666666666665
1 0.07 0.5806666666666667 0.038 0.06266666666666666
0 0.0615 0.7433333333333333 0.123 0.396
1 0.181 0.61 0.056 0.08666666666666667
0 0.167 0.78 0.156 0.44
1 0.182 0.616 0.058 0.08266666666666667
0 0.147 0.788 0.116 0.424
1 0.108 0.6033333333333334 0.032 0.04933333333333333
0 0.109 0.7466666666666667 0.1 0.36533333333333334
1 0.126 0.6633333333333333 0.048 0.05733333333333333
0 0.104 0.818 0.098 0.364
1 0.41 0.6233333333333333 0.06 0.092
0 0.397 0.786 0.198 0.428
1 0.4575 0.6 0.041 0.06666666666666667
0 0.4565 0.7813333333333333 0.143 0.43733333333333335
1 0.546 0.5973333333333334 0.038 0.072
0 0.532 0.7753333333333333 0.112 0.43866666666666665
1 0.4015 0.578 0.045 0.06533333333333333
0 0.382 0.7626666666666667 0.126 0.4746666666666667
1 0.5015 0.624 0.041 0.064
0 0.492 0.7906666666666666 0.112 0.4186666666666667