1 0.019615384615384614 0.4147489539748954 0.036153846153846154 0.0596234309623431
0 0.04230769230769231 0.5669456066945606 0.08461538461538462 0.3723849372384937
1 0.033846153846153845 0.4916317991631799 0.033846153846153845 0.05230125523012552
0 0.03769230769230769 0.6187238493723849 0.07538461538461538 0.3169456066945607
1 0.060384615384615384 0.38859832635983266 0.03 0.04288702928870293
0 0.05923076923076923 0.5282426778242678 0.07076923076923076 0.33263598326359833
1 0.06423076923076923 0.45083682008368203 0.03923076923076923 0.056485355648535567
0 0.08846153846153847 0.5962343096234309 0.09076923076923077 0.35355648535564854
1 0.10615384615384615 0.40690376569037656 0.03538461538461538 0.058577405857740586
0 0.10923076923076923 0.5575313807531381 0.08 0.3682008368200837
1 0.1596153846153846 0.4330543933054393 0.03307692307692308 0.056485355648535567
0 0.15461538461538463 0.5889121338912134 0.08923076923076922 0.39330543933054396
1 0.1753846153846154 0.41056485355648537 0.03076923076923077 0.04707112970711297
0 0.17653846153846153 0.5721757322175732 0.07153846153846154 0.3807531380753138
1 0.21423076923076922 0.4555439330543933 0.031538461538461536 0.04707112970711297
0 0.21307692307692308 0.5988493723849372 0.07692307692307693 0.3399581589958159
1 0.2573076923076923 0.39905857740585776 0.03461538461538462 0.05543933054393305
0 0.2623076923076923 0.5575313807531381 0.07846153846153846 0.38284518828451886
1 0.27076923076923076 0.4147489539748954 0.03230769230769231 0.04707112970711297
0 0.26615384615384613 0.5674686192468619 0.10615384615384615 0.3776150627615063
1 0.3376923076923077 0.3797071129707113 0.03076923076923077 0.05230125523012552
0 0.33115384615384613 0.551255230125523 0.07153846153846154 0.40376569037656906
1 0.3607692307692308 0.3833682008368201 0.033846153846153845 0.06171548117154812
0 0.3676923076923077 0.553347280334728 0.10307692307692308 0.4100418410041841
1 0.4296153846153846 0.40585774058577406 0.03461538461538462 0.05439330543933055
0 0.41615384615384615 0.5591004184100419 0.07076923076923076 0.38389121338912136
1 0.44961538461538464 0.4131799163179916 0.02846153846153846 0.0502092050209205
0 0.4442307692307692 0.5606694560669456 0.07153846153846154 0.3493723849372385
1 0.5096153846153846 0.41056485355648537 0.02846153846153846 0.053347280334728034
0 0.505 0.5747907949790795 0.07923076923076923 0.3901673640167364
1 0.4876923076923077 0.4393305439330544 0.03076923076923077 0.05230125523012552
0 0.49346153846153845 0.5810669456066946 0.08384615384615385 0.3399581589958159
1 0.5653846153846154 0.39644351464435146 0.03538461538461538 0.056485355648535567
0 0.565 0.5638075313807531 0.08076923076923077 0.39330543933054396
1 0.61 0.42102510460251047 0.033846153846153845 0.05543933054393305
0 0.5980769230769231 0.5831589958158996 0.10076923076923076 0.38389121338912136
1 0.635 0.4372384937238494 0.025384615384615384 0.04602510460251046
0 0.6253846153846154 0.5753138075313807 0.06461538461538462 0.33263598326359833
1 0.6888461538461539 0.4147489539748954 0.03307692307692308 0.053347280334728034
0 0.6896153846153846 0.5810669456066946 0.08076923076923077 0.4089958158995816
1 0.678076923076923 0.38232217573221755 0.03307692307692308 0.053347280334728034
0 0.6734615384615384 0.5334728033472803 0.07615384615384616 0.36401673640167365
1 0.7734615384615384 0.4435146443514644 0.03461538461538462 0.04811715481171548
0 0.7680769230769231 0.5967573221757322 0.09 0.36506276150627615
1 0.7438461538461538 0.3776150627615063 0.036923076923076927 0.0502092050209205
0 0.7376923076923076 0.522489539748954 0.06769230769230769 0.34623430962343094
1 0.7703846153846153 0.41736401673640167 0.03307692307692308 0.04811715481171548
0 0.7507692307692307 0.5721757322175732 0.08153846153846153 0.3682008368200837
1 0.7896153846153846 0.41161087866108786 0.026923076923076925 0.049163179916317995
0 0.7888461538461539 0.5502092050209205 0.07923076923076923 0.35564853556485354
1 0.865 0.446652719665272 0.03307692307692308 0.056485355648535567
0 0.8603846153846154 0.6009414225941423 0.10538461538461538 0.36715481171548114
1 0.8669230769230769 0.44822175732217573 0.03076923076923077 0.05543933054393305
0 0.8492307692307692 0.5648535564853556 0.08307692307692308 0.3472803347280335
1 0.9215384615384615 0.40376569037656906 0.03230769230769231 0.058577405857740586
0 0.9207692307692308 0.5585774058577406 0.11846153846153847 0.3702928870292887
1 0.9446153846153846 0.4205020920502092 0.033846153846153845 0.058577405857740586
0 0.9365384615384615 0.5815899581589958 0.09615384615384616 0.3891213389121339
1 0.9973076923076923 0.446652719665272 0.005384615384615384 0.043933054393305436
0 0.9826923076923076 0.6035564853556485 0.03461538461538462 0.3619246861924686