1 0.6815384615384615 0.5946236559139785 0.003076923076923077 0.004301075268817204
0 0.6811538461538461 0.6064516129032258 0.008461538461538461 0.03225806451612903
1 0.6938461538461539 0.6231182795698925 0.009230769230769232 0.00967741935483871
0 0.6926923076923077 0.6596774193548387 0.022307692307692306 0.0956989247311828
1 0.6838461538461539 0.6220430107526882 0.006153846153846154 0.007526881720430108
0 0.6853846153846154 0.6440860215053763 0.016923076923076923 0.053763440860215055
1 0.6676923076923077 0.6198924731182796 0.006153846153846154 0.00967741935483871
0 0.6680769230769231 0.6483870967741936 0.02076923076923077 0.06881720430107527
1 0.6473076923076924 0.624731182795699 0.006923076923076923 0.008602150537634409
0 0.6469230769230769 0.6521505376344086 0.021538461538461538 0.06774193548387097
1 0.6311538461538462 0.621505376344086 0.005384615384615384 0.008602150537634409
0 0.6311538461538462 0.6397849462365591 0.014615384615384615 0.05161290322580645
1 0.6173076923076923 0.6268817204301075 0.0038461538461538464 0.0064516129032258064
0 0.6180769230769231 0.6435483870967742 0.011538461538461539 0.04408602150537634
1 0.6084615384615385 0.6241935483870967 0.006153846153846154 0.011827956989247311
0 0.6092307692307692 0.6494623655913978 0.02 0.06666666666666667
1 0.5896153846153847 0.625268817204301 0.006923076923076923 0.011827956989247311
0 0.5896153846153847 0.6521505376344086 0.019230769230769232 0.06774193548387097
1 0.5723076923076923 0.6161290322580645 0.010769230769230769 0.017204301075268817
0 0.5642307692307692 0.6650537634408602 0.03923076923076923 0.11935483870967742
1 0.5311538461538462 0.6440860215053763 0.011538461538461539 0.017204301075268817
0 0.5415384615384615 0.6747311827956989 0.047692307692307694 0.08279569892473118
1 0.5334615384615384 0.6365591397849463 0.011538461538461539 0.015053763440860216
0 0.5461538461538461 0.6693548387096774 0.04153846153846154 0.08924731182795699
1 0.5080769230769231 0.6274193548387097 0.013076923076923076 0.02043010752688172
0 0.5030769230769231 0.6795698924731183 0.043076923076923075 0.13333333333333333
1 0.535 0.6338709677419355 0.014615384615384615 0.05268817204301075
0 0.535 0.6338709677419355 0.014615384615384615 0.05268817204301075
1 0.5065384615384615 0.6258064516129033 0.011538461538461539 0.017204301075268817
0 0.4973076923076923 0.6639784946236559 0.04230769230769231 0.0935483870967742
1 0.4888461538461538 0.6026881720430107 0.01 0.016129032258064516
0 0.48923076923076925 0.6537634408602151 0.02923076923076923 0.12043010752688173
1 0.4726923076923077 0.613978494623656 0.008461538461538461 0.012903225806451613
0 0.4726923076923077 0.6532258064516129 0.022307692307692306 0.0978494623655914
1 0.45384615384615384 0.617741935483871 0.009230769230769232 0.016129032258064516
0 0.45384615384615384 0.6559139784946236 0.024615384615384615 0.09462365591397849
1 0.4296153846153846 0.6204301075268818 0.008461538461538461 0.015053763440860216
0 0.42730769230769233 0.6564516129032258 0.022307692307692306 0.0913978494623656
1 0.4084615384615385 0.6096774193548387 0.012307692307692308 0.023655913978494623
0 0.4053846153846154 0.6725806451612903 0.038461538461538464 0.15591397849462366
1 0.3769230769230769 0.6059139784946237 0.012307692307692308 0.01827956989247312
0 0.375 0.6693548387096774 0.03769230769230769 0.14946236559139786
1 0.35115384615384615 0.6064516129032258 0.013076923076923076 0.01935483870967742
0 0.3507692307692308 0.6661290322580645 0.036923076923076927 0.14086021505376345
1 0.33576923076923076 0.6026881720430107 0.013076923076923076 0.02258064516129032
0 0.34307692307692306 0.6693548387096774 0.055384615384615386 0.16021505376344086
1 0.34 0.610752688172043 0.010769230769230769 0.015053763440860216
0 0.33153846153846156 0.6639784946236559 0.04923076923076923 0.12150537634408602
1 0.2853846153846154 0.6150537634408603 0.010769230769230769 0.01935483870967742
0 0.2846153846153846 0.6655913978494624 0.033846153846153845 0.12688172043010754
1 0.24884615384615386 0.6134408602150537 0.011538461538461539 0.01827956989247312
0 0.2469230769230769 0.6639784946236559 0.03538461538461538 0.12580645161290321
1 0.195 0.6112903225806452 0.01 0.016129032258064516
0 0.2 0.6591397849462366 0.03538461538461538 0.12043010752688173
1 0.18807692307692309 0.5978494623655914 0.008461538461538461 0.015053763440860216
0 0.18884615384615386 0.6338709677419355 0.026923076923076925 0.0935483870967742
1 0.15538461538461537 0.6059139784946237 0.009230769230769232 0.013978494623655914
0 0.15269230769230768 0.6403225806451613 0.02076923076923077 0.08709677419354839
1 0.13538461538461538 0.6043010752688172 0.009230769230769232 0.015053763440860216
0 0.1346153846153846 0.6413978494623656 0.021538461538461538 0.0913978494623656
1 0.11884615384615385 0.614516129032258 0.02076923076923077 0.03333333333333333
0 0.12653846153846154 0.7182795698924731 0.06384615384615384 0.24946236559139784
1 0.0823076923076923 0.6596774193548387 0.021538461538461538 0.03763440860215054
0 0.08346153846153846 0.7354838709677419 0.06076923076923077 0.1956989247311828
1 0.04576923076923077 0.6591397849462366 0.025384615384615384 0.034408602150537634
0 0.04 0.7295698924731183 0.08 0.1774193548387097
1 0.07769230769230769 0.6043010752688172 0.013846153846153847 0.021505376344086023
0 0.060384615384615384 0.6741935483870968 0.08538461538461538 0.17419354838709677
1 0.03346153846153846 0.5956989247311828 0.013076923076923076 0.021505376344086023
0 0.03346153846153846 0.6602150537634408 0.04384615384615385 0.15268817204301074
1 0.005384615384615384 0.6123655913978494 0.010769230769230769 0.013978494623655914
0 0.01730769230769231 0.6629032258064517 0.03461538461538462 0.11935483870967742
1 0.21192307692307694 0.6198924731182796 0.026923076923076925 0.04838709677419355
0 0.21923076923076923 0.7344086021505376 0.07692307692307693 0.2817204301075269
1 0.17653846153846153 0.624731182795699 0.022307692307692306 0.043010752688172046
0 0.175 0.7354838709677419 0.07615384615384616 0.2752688172043011
1 0.7965384615384615 0.6424731182795699 0.01769230769230769 0.02903225806451613
0 0.7911538461538462 0.717741935483871 0.04846153846153846 0.1860215053763441
1 0.8034615384615384 0.610752688172043 0.014615384615384615 0.025806451612903226
0 0.8 0.6870967741935484 0.04461538461538461 0.1870967741935484
1 0.8911538461538462 0.6543010752688172 0.014615384615384615 0.026881720430107527
0 0.8934615384615384 0.7188172043010753 0.045384615384615384 0.16021505376344086
1 0.8265384615384616 0.6204301075268818 0.006923076923076923 0.008602150537634409
0 0.8273076923076923 0.6521505376344086 0.03 0.07634408602150537
1 0.8634615384615385 0.6123655913978494 0.01 0.013978494623655914
0 0.8634615384615385 0.6591397849462366 0.036153846153846154 0.10967741935483871
1 0.9138461538461539 0.6161290322580645 0.010769230769230769 0.015053763440860216
0 0.9146153846153846 0.6596774193548387 0.03076923076923077 0.1064516129032258
1 0.9903846153846154 0.6155913978494624 0.019230769230769232 0.03333333333333333
0 0.9780769230769231 0.7123655913978495 0.04384615384615385 0.23548387096774193
1 0.5446153846153846 0.6193548387096774 0.004615384615384616 0.0064516129032258064
0 0.545 0.639247311827957 0.011538461538461539 0.04838709677419355
1 0.558076923076923 0.6086021505376344 0.008461538461538461 0.010752688172043012
0 0.5565384615384615 0.6516129032258065 0.031538461538461536 0.0989247311827957
1 0.6265384615384615 0.6182795698924731 0.0038461538461538464 0.0064516129032258064
0 0.6257692307692307 0.6387096774193548 0.014615384615384615 0.04946236559139785
1 0.6415384615384615 0.6236559139784946 0.006153846153846154 0.010752688172043012
0 0.6407692307692308 0.6478494623655914 0.015384615384615385 0.06344086021505377
1 0.6526923076923077 0.621505376344086 0.005384615384615384 0.008602150537634409
0 0.6519230769230769 0.6440860215053763 0.014615384615384615 0.05591397849462366
1 0.8642307692307692 0.613978494623656 0.01 0.015053763440860216
0 0.8646153846153846 0.6591397849462366 0.023076923076923078 0.10752688172043011