1 0.10797101449275362 0.5798913043478261 0.04927536231884058 0.05543478260869565
0 0.09057971014492754 0.7239130434782609 0.16956521739130434 0.35543478260869565
1 0.263768115942029 0.6182065217391305 0.05217391304347826 0.049456521739130434
0 0.23079710144927537 0.7483695652173913 0.17608695652173914 0.32717391304347826
1 0.37427536231884057 0.7510869565217392 0.04565217391304348 0.04891304347826087
0 0.35942028985507246 0.8442934782608695 0.17971014492753623 0.23967391304347826
1 0.5242753623188405 0.7755434782608696 0.04565217391304348 0.04565217391304348
0 0.5097826086956522 0.8494565217391304 0.16304347826086957 0.20652173913043478
1 0.6304347826086957 0.7510869565217392 0.0463768115942029 0.04673913043478261
0 0.6369565217391304 0.8415760869565218 0.16521739130434782 0.23315217391304346
1 0.7829710144927536 0.778804347826087 0.05289855072463768 0.051086956521739134
0 0.7934782608695652 0.8535326086956522 0.22608695652173913 0.22010869565217392
1 0.8184782608695652 0.6779891304347826 0.04565217391304348 0.044021739130434785
0 0.8460144927536232 0.7959239130434783 0.15434782608695652 0.28641304347826085
1 0.7318840579710145 0.6603260869565217 0.036231884057971016 0.03804347826086957
0 0.783695652173913 0.7627717391304348 0.21956521739130436 0.26467391304347826
1 0.6478260869565218 0.6559782608695652 0.042028985507246375 0.04021739130434782
0 0.6579710144927536 0.7584239130434782 0.2753623188405797 0.26032608695652176
1 0.6942028985507246 0.7589673913043479 0.014492753623188406 0.0125
0 0.6880434782608695 0.7779891304347826 0.041304347826086954 0.05380434782608696
1 0.5601449275362319 0.664945652173913 0.03333333333333333 0.03641304347826087
0 0.5659420289855073 0.7570652173913044 0.12173913043478261 0.23804347826086958
1 0.4605072463768116 0.6228260869565218 0.03695652173913044 0.03260869565217391
0 0.44166666666666665 0.7358695652173913 0.14855072463768115 0.2826086956521739
1 0.36195652173913045 0.6453804347826086 0.03695652173913044 0.03097826086956522
0 0.3536231884057971 0.7467391304347826 0.12318840579710146 0.2576086956521739