1 0.3345959595959596 0.3974358974358974 0.026767676767676767 0.04322344322344322
0 0.34494949494949495 0.5622710622710623 0.06363636363636363 0.4095238095238095
1 0.32222222222222224 0.4267399267399267 0.031313131313131314 0.05054945054945055
0 0.32752525252525255 0.5747252747252747 0.07828282828282829 0.37435897435897436
1 0.28964646464646465 0.40586080586080586 0.04292929292929293 0.07032967032967033
0 0.302020202020202 0.5981684981684982 0.11414141414141414 0.5091575091575091
1 0.16085858585858587 0.36336996336996336 0.04898989898989899 0.1010989010989011
0 0.1606060606060606 0.6095238095238096 0.17373737373737375 0.613919413919414
1 0.22247474747474746 0.37032967032967035 0.0691919191919192 0.09304029304029304
0 0.24873737373737373 0.6446886446886447 0.20959595959595959 0.7106227106227107
1 0.3765151515151515 0.4347985347985348 0.03383838383838384 0.05934065934065934
0 0.37853535353535356 0.5978021978021978 0.0904040404040404 0.43223443223443225
1 0.43813131313131315 0.4025641025641026 0.0297979797979798 0.04908424908424908
0 0.42904040404040406 0.5545787545787546 0.06717171717171717 0.3868131868131868
1 0.4664141414141414 0.4076923076923077 0.03484848484848485 0.05641025641025641
0 0.454040404040404 0.5531135531135531 0.08181818181818182 0.3706959706959707
1 0.5088383838383839 0.40366300366300367 0.0398989898989899 0.0761904761904762
0 0.5214646464646465 0.5978021978021978 0.09848484848484848 0.4937728937728938
1 0.4684343434343434 0.463003663003663 0.04494949494949495 0.07912087912087912
0 0.4537878787878788 0.6648351648351648 0.09848484848484848 0.5164835164835165
1 0.5517676767676768 0.41245421245421243 0.07121212121212121 0.0967032967032967
0 0.5464646464646464 0.671062271062271 0.16666666666666666 0.6578754578754579
1 0.6113636363636363 0.43040293040293043 0.06111111111111111 0.08571428571428572
0 0.6186868686868687 0.6725274725274726 0.13131313131313133 0.6007326007326007
1 0.6989898989898989 0.3941391941391941 0.0898989898989899 0.1347985347985348
0 0.6957070707070707 0.6377289377289377 0.19444444444444445 0.7245421245421245
1 0.7967171717171717 0.41501831501831504 0.0398989898989899 0.07692307692307693
0 0.7883838383838384 0.6271062271062271 0.12626262626262627 0.5186813186813187
1 0.8972222222222223 0.37252747252747254 0.06313131313131314 0.10036630036630037
0 0.8856060606060606 0.6432234432234433 0.1621212121212121 0.6666666666666666