1 0.7815457413249212 0.8009478672985783 0.06782334384858044 0.12322274881516587
0 0.7886435331230284 0.8590047393364929 0.23659305993690852 0.28199052132701424
1 0.9850157728706624 0.7855450236966824 0.02996845425867508 0.11137440758293839
0 0.9589905362776026 0.8590047393364929 0.08201892744479496 0.28199052132701424
1 0.6451104100946372 0.7950236966824644 0.06624605678233439 0.15402843601895735
0 0.6466876971608833 0.8483412322274881 0.19873817034700317 0.3033175355450237
1 0.42902208201892744 0.8353080568720379 0.07255520504731862 0.11611374407582939
0 0.4195583596214511 0.8732227488151659 0.21451104100946372 0.25355450236966826
1 0.04652996845425868 0.6990521327014217 0.055205047318611984 0.10900473933649289
0 0.12381703470031545 0.8175355450236966 0.2476340694006309 0.36492890995260663
1 0.2358044164037855 0.754739336492891 0.06782334384858044 0.11611374407582939
0 0.2547318611987382 0.8364928909952607 0.1750788643533123 0.32701421800947866
1 0.3264984227129338 0.6907582938388626 0.025236593059936908 0.04028436018957346
0 0.3257097791798107 0.8329383886255924 0.09936908517350158 0.3341232227488152
1 0.5899053627760252 0.7120853080568721 0.04416403785488959 0.06872037914691943
0 0.5859621451104101 0.8364928909952607 0.09936908517350158 0.32701421800947866
1 0.6900630914826499 0.7274881516587678 0.03627760252365931 0.061611374407582936
0 0.6908517350157729 0.8459715639810427 0.08201892744479496 0.3080568720379147
1 0.7563091482649842 0.7203791469194313 0.03627760252365931 0.06635071090047394
0 0.7547318611987381 0.840047393364929 0.06782334384858044 0.31990521327014215
1 0.8651419558359621 0.7345971563981043 0.03943217665615142 0.06635071090047394
0 0.8785488958990536 0.8471563981042654 0.0946372239747634 0.3056872037914692
1 0.944006309148265 0.7298578199052133 0.02996845425867508 0.052132701421800945
0 0.9416403785488959 0.8495260663507109 0.07886435331230283 0.3009478672985782
1 0.8785488958990536 0.707345971563981 0.022082018927444796 0.04028436018957346
0 0.8761829652996845 0.7997630331753555 0.055205047318611984 0.23459715639810427
1 0.8383280757097792 0.7582938388625592 0.02050473186119874 0.037914691943127965
0 0.8359621451104101 0.8341232227488151 0.0473186119873817 0.2132701421800948
1 0.9763406940063092 0.6540284360189573 0.012618296529968454 0.023696682464454975
0 0.9802839116719243 0.759478672985782 0.03943217665615142 0.23933649289099526
1 0.9392744479495269 0.6670616113744076 0.02050473186119874 0.04028436018957346
0 0.9353312302839116 0.7677725118483413 0.056782334384858045 0.2559241706161137
1 0.8391167192429022 0.6563981042654028 0.01892744479495268 0.02843601895734597
0 0.8375394321766562 0.7369668246445498 0.04416403785488959 0.1990521327014218
1 0.8138801261829653 0.6741706161137441 0.012618296529968454 0.02132701421800948
0 0.8091482649842271 0.731042654028436 0.03470031545741325 0.14928909952606634
1 0.7957413249211357 0.6635071090047393 0.011041009463722398 0.018957345971563982
0 0.7933753943217665 0.7109004739336493 0.028391167192429023 0.11848341232227488
1 0.7570977917981072 0.6718009478672986 0.022082018927444796 0.035545023696682464
0 0.7563091482649842 0.7902843601895735 0.061514195583596214 0.28672985781990523
1 0.7137223974763407 0.6492890995260664 0.011041009463722398 0.014218009478672985
0 0.7121451104100947 0.6990521327014217 0.03943217665615142 0.12322274881516587
1 0.6577287066246057 0.6777251184834123 0.028391167192429023 0.04265402843601896
0 0.6514195583596214 0.8033175355450237 0.07570977917981073 0.2985781990521327
1 0.5615141955835962 0.6872037914691943 0.028391167192429023 0.04739336492890995
0 0.555993690851735 0.8293838862559242 0.07097791798107256 0.3412322274881517
1 0.5212933753943217 0.6824644549763034 0.02365930599369085 0.037914691943127965
0 0.5110410094637224 0.8246445497630331 0.07886435331230283 0.33649289099526064
1 0.44242902208201895 0.6718009478672986 0.02365930599369085 0.04028436018957346
0 0.44558359621451105 0.8104265402843602 0.07097791798107256 0.32701421800947866
1 0.3911671924290221 0.6895734597156398 0.01892744479495268 0.03317535545023697
0 0.3856466876971609 0.8222748815165877 0.06466876971608833 0.3080568720379147
1 0.3556782334384858 0.6481042654028436 0.017350157728706624 0.030805687203791468
0 0.34936908517350157 0.7393364928909952 0.03943217665615142 0.22274881516587677
1 0.3028391167192429 0.6646919431279621 0.022082018927444796 0.04028436018957346
0 0.29574132492113564 0.7867298578199052 0.06466876971608833 0.2890995260663507
1 0.21529968454258674 0.6504739336492891 0.02050473186119874 0.035545023696682464
0 0.20741324921135645 0.745260663507109 0.04889589905362776 0.23459715639810427
1 0.19242902208201892 0.6611374407582938 0.01892744479495268 0.03317535545023697
0 0.19006309148264985 0.7440758293838863 0.03943217665615142 0.21800947867298578
1 0.15457413249211358 0.6445497630331753 0.01892744479495268 0.02843601895734597
0 0.15141955835962145 0.745260663507109 0.0473186119873817 0.23459715639810427
1 0.07570977917981073 0.7037914691943128 0.022082018927444796 0.037914691943127965
0 0.07570977917981073 0.8116113744075829 0.056782334384858045 0.2677725118483412
1 0.018138801261829655 0.7097156398104265 0.033123028391167195 0.06398104265402843
0 0.04652996845425868 0.8353080568720379 0.09305993690851735 0.3293838862559242
1 0.48738170347003157 0.6540284360189573 0.015772870662460567 0.023696682464454975
0 0.4834384858044164 0.716824644549763 0.03943217665615142 0.15876777251184834
1 0.4227129337539432 0.6327014218009479 0.01892744479495268 0.037914691943127965
0 0.42034700315457413 0.7215639810426541 0.052050473186119876 0.22511848341232227
1 0.1411671924290221 0.6528436018957346 0.017350157728706624 0.026066350710900472
0 0.13170347003154576 0.7274881516587678 0.04574132492113565 0.18009478672985782