1 0.3469135802469136 0.8578703703703704 0.28703703703703703 0.275
0 0.2628086419753086 0.8447916666666667 0.5083333333333333 0.3104166666666667
1 0.1469135802469136 0.7811342592592593 0.12407407407407407 0.12013888888888889
0 0.1425925925925926 0.8548611111111111 0.2851851851851852 0.2902777777777778
1 0.6953703703703704 0.828125 0.025308641975308643 0.017361111111111112
0 0.6967592592592593 0.9074074074074074 0.07932098765432098 0.18518518518518517
1 0.5580246913580247 0.8225694444444445 0.018518518518518517 0.013657407407407408
0 0.5685185185185185 0.8644675925925925 0.06728395061728396 0.10578703703703704
1 0.6114197530864197 0.8454861111111112 0.012345679012345678 0.008564814814814815
0 0.6146604938271605 0.8729166666666667 0.05154320987654321 0.07962962962962963
1 0.47716049382716047 0.8194444444444444 0.024074074074074074 0.01898148148148148
0 0.47762345679012347 0.8872685185185185 0.08302469135802469 0.1574074074074074