1 0.15833333333333333 0.4425925925925926 0.010416666666666666 0.022222222222222223
0 0.16302083333333334 0.49444444444444446 0.026041666666666668 0.14074074074074075
1 0.10052083333333334 0.49722222222222223 0.009375 0.016666666666666666
0 0.10520833333333333 0.5601851851851852 0.03333333333333333 0.15
1 0.15208333333333332 0.5342592592592592 0.014583333333333334 0.024074074074074074
0 0.14791666666666667 0.5953703703703703 0.03958333333333333 0.15
1 0.0328125 0.49537037037037035 0.009375 0.020370370370370372
0 0.034375 0.5555555555555556 0.03125 0.15185185185185185
1 0.08125 0.4722222222222222 0.010416666666666666 0.018518518518518517
0 0.08385416666666666 0.5120370370370371 0.023958333333333335 0.10925925925925926
1 0.10729166666666666 0.48703703703703705 0.01875 0.06666666666666667
0 0.10729166666666666 0.48703703703703705 0.01875 0.06666666666666667
1 0.2911458333333333 0.3851851851851852 0.011458333333333333 0.022222222222222223
0 0.2942708333333333 0.45185185185185184 0.030208333333333334 0.16296296296296298
1 0.5640625 0.387037037037037 0.015625 0.02962962962962963
0 0.5635416666666667 0.43148148148148147 0.03125 0.12962962962962962
1 0.9494791666666667 0.2814814814814815 0.019791666666666666 0.040740740740740744
0 0.9473958333333333 0.36574074074074076 0.034375 0.20925925925925926
1 0.9828125 0.27685185185185185 0.019791666666666666 0.03888888888888889
0 0.9791666666666666 0.3638888888888889 0.041666666666666664 0.22407407407407406
1 0.9197916666666667 0.47962962962962963 0.029166666666666667 0.07037037037037037
0 0.8734375 0.612037037037037 0.16979166666666667 0.3425925925925926
1 0.9765625 0.47962962962962963 0.028125 0.06666666666666667
0 0.9296875 0.6148148148148148 0.13854166666666667 0.34074074074074073
1 0.4479166666666667 0.26944444444444443 0.0625 0.15
0 0.49583333333333335 0.5537037037037037 0.25416666666666665 0.7333333333333333
1 0.3072916666666667 0.14537037037037037 0.05625 0.1388888888888889
0 0.2421875 0.4861111111111111 0.196875 0.8277777777777777
1 0.3645833333333333 0.4398148148148148 0.022916666666666665 0.04259259259259259
0 0.36770833333333336 0.5657407407407408 0.04375 0.3055555555555556
1 0.3875 0.4166666666666667 0.01875 0.044444444444444446
0 0.3875 0.5203703703703704 0.05625 0.25925925925925924
1 0.3458333333333333 0.5231481481481481 0.027083333333333334 0.06111111111111111
0 0.35260416666666666 0.6222222222222222 0.096875 0.2740740740740741