1 0.0625 0.1781524926686217 0.072265625 0.13636363636363635
0 0.10400390625 0.5535190615835777 0.2080078125 0.8929618768328446
1 0.146484375 0.1466275659824047 0.060546875 0.12903225806451613
0 0.1201171875 0.5073313782991202 0.240234375 0.873900293255132
1 0.24609375 0.21774193548387097 0.056640625 0.1187683284457478
0 0.26708984375 0.5608504398826979 0.1943359375 0.8519061583577713
1 0.32080078125 0.18841642228739003 0.0576171875 0.1158357771260997
0 0.32470703125 0.5058651026392962 0.1474609375 0.7800586510263929
1 0.39208984375 0.17521994134897362 0.0556640625 0.10410557184750734
0 0.3974609375 0.4633431085043988 0.16796875 0.6920821114369502
1 0.44970703125 0.5359237536656891 0.0537109375 0.11290322580645161
0 0.4658203125 0.7265395894428153 0.205078125 0.5117302052785924
1 0.50830078125 0.22140762463343108 0.0498046875 0.10263929618768329
0 0.5087890625 0.5234604105571847 0.1640625 0.7272727272727273
1 0.5947265625 0.47214076246334313 0.048828125 0.09090909090909091
0 0.57958984375 0.655425219941349 0.1513671875 0.4809384164222874
1 0.60400390625 0.21480938416422288 0.0517578125 0.10703812316715543
0 0.60009765625 0.4934017595307918 0.1591796875 0.6759530791788856
1 0.71875 0.1774193548387097 0.05078125 0.10850439882697947
0 0.7236328125 0.4574780058651026 0.14453125 0.6803519061583577
1 0.71728515625 0.44501466275659823 0.0517578125 0.10410557184750734
0 0.7080078125 0.6092375366568915 0.138671875 0.4413489736070381
1 0.806640625 0.4670087976539589 0.052734375 0.09824046920821114
0 0.80908203125 0.6400293255131965 0.1220703125 0.4560117302052786
1 0.83740234375 0.1972140762463343 0.0439453125 0.09237536656891496
0 0.83740234375 0.47287390029325516 0.1162109375 0.6524926686217009
1 0.93408203125 0.22653958944281524 0.0537109375 0.09824046920821114
0 0.9287109375 0.5087976539589443 0.13671875 0.6715542521994134
1 0.92138671875 0.4662756598240469 0.0537109375 0.10263929618768329
0 0.912109375 0.6634897360703812 0.173828125 0.5029325513196481