1 0.93359375 0.8932291666666666 0.01171875 0.018229166666666668
0 0.9306640625 0.935546875 0.03125 0.11067708333333333
1 0.7958984375 0.8951822916666666 0.01171875 0.014322916666666666
0 0.7939453125 0.931640625 0.041015625 0.09505208333333333
1 0.77734375 0.912109375 0.0078125 0.01171875
0 0.77587890625 0.9342447916666666 0.0283203125 0.06380208333333333
1 0.59326171875 0.861328125 0.0107421875 0.014322916666666666
0 0.59130859375 0.908203125 0.0341796875 0.11328125
1 0.55517578125 0.884765625 0.0087890625 0.01171875
0 0.54248046875 0.9075520833333334 0.0419921875 0.0625
1 0.5390625 0.8854166666666666 0.0078125 0.010416666666666666
0 0.5302734375 0.9075520833333334 0.041015625 0.059895833333333336
1 0.41357421875 0.8854166666666666 0.0048828125 0.005208333333333333
0 0.41357421875 0.8990885416666666 0.0126953125 0.037760416666666664
1 0.38623046875 0.884765625 0.0048828125 0.006510416666666667
0 0.38525390625 0.8990885416666666 0.0107421875 0.040364583333333336
1 0.29541015625 0.8684895833333334 0.0068359375 0.0078125
0 0.29248046875 0.8893229166666666 0.0185546875 0.052083333333333336
1 0.279296875 0.8671875 0.005859375 0.0078125
0 0.27685546875 0.88671875 0.0185546875 0.052083333333333336
1 0.22998046875 0.8548177083333334 0.0068359375 0.009114583333333334
0 0.2294921875 0.880859375 0.017578125 0.06640625
1 0.15625 0.8515625 0.005859375 0.0078125
0 0.15625 0.8684895833333334 0.013671875 0.046875
1 0.14892578125 0.8645833333333334 0.0048828125 0.005208333333333333
0 0.1474609375 0.876953125 0.013671875 0.040364583333333336
1 0.13427734375 0.8678385416666666 0.0048828125 0.009114583333333334
0 0.13330078125 0.8795572916666666 0.0146484375 0.04296875