1 0.3088888888888889 0.5241666666666667 0.13777777777777778 0.15166666666666667
0 0.37222222222222223 0.5533333333333333 0.42444444444444446 0.8933333333333333
1 0.6772222222222222 0.5366666666666666 0.08777777777777777 0.11666666666666667
0 0.7661111111111111 0.5575 0.4677777777777778 0.885
1 0.1622222222222222 0.6183333333333333 0.04888888888888889 0.08
0 0.16722222222222222 0.7591666666666667 0.11444444444444445 0.43833333333333335
1 0.6711111111111111 0.5291666666666667 0.05333333333333334 0.075
0 0.7066666666666667 0.7408333333333333 0.1711111111111111 0.49166666666666664
1 0.9161111111111111 0.041666666666666664 0.05 0.08333333333333333
0 0.9116666666666666 0.22083333333333333 0.14333333333333334 0.44166666666666665
1 0.76 0.041666666666666664 0.051111111111111114 0.08333333333333333
0 0.7494444444444445 0.22166666666666668 0.15888888888888889 0.44333333333333336
1 0.5416666666666666 0.04833333333333333 0.06777777777777778 0.09666666666666666
0 0.5355555555555556 0.4925 0.24222222222222223 0.985
1 0.1738888888888889 0.08583333333333333 0.05 0.08833333333333333
0 0.18722222222222223 0.23083333333333333 0.13 0.42833333333333334
1 0.035555555555555556 0.05333333333333334 0.06 0.10666666666666667
0 0.07555555555555556 0.20833333333333334 0.1511111111111111 0.4166666666666667
1 0.175 0.09166666666666666 0.05 0.09
0 0.19555555555555557 0.17916666666666667 0.13555555555555557 0.35833333333333334