1 0.03791666666666667 0.6271875 0.07583333333333334 0.139375
0 0.18020833333333333 0.7334375 0.36041666666666666 0.533125
1 0.30270833333333336 0.6390625 0.10041666666666667 0.155625
0 0.32208333333333333 0.7775 0.23416666666666666 0.445
1 0.20583333333333334 0.5790625 0.06833333333333333 0.130625
0 0.22229166666666667 0.7521875 0.19708333333333333 0.495625
1 0.5995833333333334 0.3671875 0.1525 0.255625
0 0.6245833333333334 0.5428125 0.6841666666666667 0.914375
1 0.486875 0.5159375 0.13291666666666666 0.229375
0 0.5295833333333333 0.694375 0.24666666666666667 0.61125
1 0.923125 0.2884375 0.15375 0.476875
0 0.873125 0.5 0.25375 1
1 0.7439583333333334 0.458125 0.11625 0.23625
0 0.7404166666666666 0.6496875 0.30333333333333334 0.700625