1 0.874 0.4827586206896552 0.028 0.047976011994003
0 0.8795 0.6041979010494752 0.071 0.3028485757121439
1 0.8085 0.4970014992503748 0.025 0.049475262368815595
0 0.816 0.6274362818590704 0.076 0.3193403298350825
1 0.7665 0.5044977511244377 0.025 0.043478260869565216
0 0.771 0.636431784107946 0.064 0.3103448275862069
1 0.715 0.4962518740629685 0.022 0.044977511244377814
0 0.7065 0.6266866566716641 0.073 0.3148425787106447
1 0.671 0.49775112443778113 0.022 0.041979010494752625
0 0.6665 0.6259370314842578 0.061 0.30134932533733133
1 0.621 0.6169415292353823 0.022 0.04047976011994003
0 0.62 0.6941529235382309 0.062 0.20689655172413793
1 0.5405 0.5389805097451275 0.025 0.046476761619190406
0 0.557 0.6559220389805097 0.08 0.280359820089955
1 0.4925 0.5269865067466267 0.025 0.046476761619190406
0 0.496 0.6499250374812594 0.054 0.29535232383808097
1 0.447 0.5337331334332833 0.022 0.047976011994003
0 0.4465 0.6506746626686657 0.055 0.28785607196401797
1 0.392 0.5104947526236882 0.022 0.046476761619190406
0 0.3855 0.6401799100449775 0.061 0.30884557721139433
1 0.3395 0.512743628185907 0.025 0.044977511244377814
0 0.332 0.6379310344827587 0.062 0.30134932533733133
1 0.274 0.507496251874063 0.024 0.046476761619190406
0 0.2745 0.6289355322338831 0.069 0.2983508245877061
1 0.2125 0.5082458770614693 0.025 0.047976011994003
0 0.2115 0.6326836581709145 0.063 0.3028485757121439
1 0.1675 0.5052473763118441 0.025 0.047976011994003
0 0.1565 0.631184407796102 0.065 0.30884557721139433
1 0.1285 0.48650674662668664 0.023 0.043478260869565216
0 0.12 0.6131934032983508 0.052 0.3028485757121439
1 0.198 0.48125937031484256 0.024 0.044977511244377814
0 0.196 0.6079460269865068 0.05 0.31634182908545727
1 0.2395 0.45652173913043476 0.025 0.046476761619190406
0 0.233 0.5839580209895052 0.054 0.31634182908545727
1 0.2545 0.5052473763118441 0.021 0.041979010494752625
0 0.2485 0.623688155922039 0.057 0.29685157421289354
1 0.318 0.45577211394302847 0.024 0.041979010494752625
0 0.3055 0.6011994002998501 0.069 0.34782608695652173
1 0.362 0.44752623688155924 0.022 0.04047976011994003
0 0.3525 0.568215892053973 0.057 0.3028485757121439
1 0.3665 0.5044977511244377 0.021 0.04047976011994003
0 0.365 0.6281859070464768 0.046 0.3028485757121439
1 0.4025 0.48650674662668664 0.021 0.04047976011994003
0 0.3985 0.6131934032983508 0.047 0.30884557721139433
1 0.4185 0.507496251874063 0.025 0.046476761619190406
0 0.415 0.6206896551724138 0.048 0.2848575712143928
1 0.441 0.5007496251874063 0.02 0.038980509745127435
0 0.4365 0.616191904047976 0.051 0.2938530734632684
1 0.4645 0.512743628185907 0.019 0.044977511244377814
0 0.4655 0.6259370314842578 0.047 0.280359820089955
1 0.4785 0.5029985007496252 0.023 0.043478260869565216
0 0.4755 0.6259370314842578 0.043 0.2983508245877061
1 0.4965 0.49400299850074963 0.019 0.037481259370314844
0 0.4945 0.6101949025487257 0.041 0.2848575712143928
1 0.5195 0.5269865067466267 0.019 0.043478260869565216
0 0.519 0.6424287856071964 0.042 0.2773613193403298
1 0.528 0.487256371814093 0.022 0.038980509745127435
0 0.5255 0.6086956521739131 0.045 0.28785607196401797
1 0.5525 0.48425787106446777 0.025 0.044977511244377814
0 0.5525 0.6064467766116941 0.047 0.2983508245877061
1 0.546 0.5187406296851574 0.022 0.038980509745127435
0 0.545 0.6349325337331334 0.052 0.2773613193403298
1 0.565 0.5022488755622189 0.024 0.044977511244377814
0 0.5645 0.6281859070464768 0.045 0.30884557721139433
1 0.59 0.5037481259370314 0.022 0.044977511244377814
0 0.5845 0.6289355322338831 0.059 0.30434782608695654
1 0.623 0.48575712143928035 0.022 0.041979010494752625
0 0.618 0.6079460269865068 0.058 0.2983508245877061
1 0.6415 0.4985007496251874 0.021 0.043478260869565216
0 0.638 0.6139430284857571 0.044 0.280359820089955
1 0.6755 0.4715142428785607 0.025 0.037481259370314844
0 0.6755 0.603448275862069 0.061 0.3073463268365817
1 0.738 0.4745127436281859 0.024 0.043478260869565216
0 0.738 0.5982008995502249 0.06 0.29685157421289354
1 0.7875 0.4745127436281859 0.025 0.043478260869565216
0 0.788 0.603448275862069 0.06 0.3073463268365817