1 0.3230140186915888 0.58125 0.026869158878504672 0.055357142857142855
0 0.3142523364485981 0.7080357142857143 0.0911214953271028 0.3196428571428571
1 0.3925233644859813 0.60625 0.03271028037383177 0.0625
0 0.38317757009345793 0.7428571428571429 0.08177570093457943 0.34285714285714286
1 0.38434579439252337 0.5464285714285714 0.02336448598130841 0.03571428571428571
0 0.38434579439252337 0.6473214285714286 0.06775700934579439 0.24821428571428572
1 0.47546728971962615 0.6241071428571429 0.03271028037383177 0.048214285714285716
0 0.4824766355140187 0.78125 0.10981308411214953 0.36964285714285716
1 0.5367990654205608 0.6232142857142857 0.026869158878504672 0.05
0 0.5490654205607477 0.7616071428571428 0.0794392523364486 0.3410714285714286
1 0.6098130841121495 0.5991071428571428 0.02336448598130841 0.055357142857142855
0 0.6115654205607477 0.7455357142857143 0.08294392523364486 0.35535714285714287
1 0.4398364485981308 0.5919642857142857 0.02219626168224299 0.044642857142857144
0 0.441588785046729 0.6982142857142857 0.06074766355140187 0.2785714285714286
1 0.4772196261682243 0.5348214285714286 0.01985981308411215 0.030357142857142857
0 0.4824766355140187 0.6339285714285714 0.056074766355140186 0.2357142857142857
1 0.530373831775701 0.5669642857142857 0.018691588785046728 0.030357142857142857
0 0.530373831775701 0.6553571428571429 0.0514018691588785 0.21785714285714286
1 0.5075934579439252 0.5321428571428571 0.010514018691588784 0.014285714285714285
0 0.5087616822429907 0.575 0.029205607476635514 0.10357142857142858
1 0.5344626168224299 0.5375 0.017523364485981307 0.03571428571428571
0 0.532126168224299 0.6151785714285715 0.052570093457943924 0.2017857142857143
1 0.5887850467289719 0.5419642857142857 0.011682242990654205 0.019642857142857142
0 0.5887850467289719 0.5866071428571429 0.03271028037383177 0.11607142857142858
1 0.6203271028037384 0.5642857142857143 0.011682242990654205 0.017857142857142856
0 0.6285046728971962 0.6071428571428571 0.035046728971962614 0.10714285714285714
1 0.6419392523364486 0.5544642857142857 0.010514018691588784 0.023214285714285715
0 0.6413551401869159 0.6017857142857143 0.02570093457943925 0.12142857142857143
1 0.6594626168224299 0.5392857142857143 0.010514018691588784 0.017857142857142856
0 0.657126168224299 0.5758928571428571 0.02219626168224299 0.09464285714285714
1 0.6746495327102804 0.5482142857142858 0.012850467289719626 0.017857142857142856
0 0.6723130841121495 0.5901785714285714 0.026869158878504672 0.10535714285714286
1 0.7295560747663551 0.5535714285714286 0.008177570093457943 0.014285714285714285
0 0.7283878504672897 0.58125 0.02219626168224299 0.08035714285714286
1 0.7605140186915887 0.5526785714285715 0.009345794392523364 0.01607142857142857
0 0.7634345794392523 0.5857142857142857 0.02219626168224299 0.08571428571428572
1 0.8019859813084113 0.5607142857142857 0.010514018691588784 0.017857142857142856
0 0.7990654205607477 0.5910714285714286 0.018691588785046728 0.08571428571428572
1 0.8358644859813084 0.5544642857142857 0.010514018691588784 0.01607142857142857
0 0.8405373831775701 0.6008928571428571 0.02453271028037383 0.1125
1 0.8580607476635514 0.5607142857142857 0.010514018691588784 0.014285714285714285
0 0.8644859813084113 0.5964285714285714 0.030373831775700934 0.08928571428571429
1 0.884929906542056 0.5517857142857143 0.010514018691588784 0.017857142857142856
0 0.883177570093458 0.5892857142857143 0.02570093457943925 0.09642857142857143
1 0.8989485981308412 0.5508928571428572 0.008177570093457943 0.01607142857142857
0 0.8995327102803738 0.58125 0.02102803738317757 0.08035714285714286
1 0.915303738317757 0.55 0.008177570093457943 0.014285714285714285
0 0.9158878504672897 0.5848214285714286 0.02336448598130841 0.0875
1 0.9410046728971962 0.5267857142857143 0.008177570093457943 0.010714285714285714
0 0.9433411214953271 0.5642857142857143 0.03387850467289719 0.08928571428571429
1 0.9544392523364486 0.5160714285714286 0.007009345794392523 0.010714285714285714
0 0.9538551401869159 0.55 0.01985981308411215 0.08571428571428572
1 0.9906542056074766 0.5267857142857143 0.007009345794392523 0.010714285714285714
0 0.990070093457944 0.5535714285714286 0.01985981308411215 0.06785714285714285
1 0.7155373831775701 0.7446428571428572 0.010514018691588784 0.017857142857142856
0 0.7161214953271028 0.7723214285714286 0.02102803738317757 0.08392857142857142
1 0.7926401869158879 0.76875 0.012850467289719626 0.023214285714285715
0 0.7938084112149533 0.8071428571428572 0.02453271028037383 0.10714285714285714