1 0.915 0.3611632270168856 0.04 0.08818011257035648
0 0.905625 0.5590994371482176 0.12125 0.49530956848030017
1 0.8775 0.37523452157598497 0.0475 0.0825515947467167
0 0.88125 0.5956848030018762 0.1575 0.5309568480300187
1 0.843125 0.43621013133208253 0.04625 0.08818011257035648
0 0.84125 0.6378986866791745 0.13 0.5028142589118199
1 0.794375 0.4606003752345216 0.05125 0.09568480300187618
0 0.78875 0.6791744840525328 0.1475 0.5403377110694184
1 0.669375 0.4455909943714822 0.05875 0.11069418386491557
0 0.680625 0.6932457786116323 0.19625 0.6135084427767354
1 0.6325 0.5347091932457786 0.055 0.10881801125703565
0 0.63875 0.7354596622889306 0.155 0.5290806754221389
1 0.571875 0.6031894934333959 0.06625 0.12195121951219512
0 0.58625 0.7645403377110694 0.1575 0.4709193245778612
1 0.44875 0.7560975609756098 0.07 0.13883677298311445
0 0.480625 0.8377110694183865 0.20375 0.324577861163227
1 0.448125 0.5225140712945591 0.06875 0.13320825515947468
0 0.44375 0.7213883677298312 0.21 0.5572232645403377
1 0.33125 0.5975609756097561 0.0825 0.1669793621013133
0 0.31 0.7532833020637899 0.2 0.49343339587242024
1 0.175 0.6913696060037523 0.0925 0.17073170731707318
0 0.171875 0.798311444652908 0.22125 0.40337711069418386