1 0.91064453125 0.5051244509516838 0.0537109375 0.08784773060029283
0 0.9169921875 0.7254758418740849 0.166015625 0.5490483162518301
1 0.9638671875 0.5541727672035139 0.044921875 0.06881405563689605
0 0.9609375 0.7547584187408491 0.078125 0.4904831625183016
1 0.75244140625 0.7276720351390923 0.0224609375 0.03513909224011713
0 0.76318359375 0.8543191800878477 0.0830078125 0.2913616398243045
1 0.68017578125 0.5761346998535871 0.0400390625 0.0746705710102489
0 0.70556640625 0.7686676427525623 0.1904296875 0.46266471449487556
1 0.60302734375 0.650805270863836 0.0322265625 0.05710102489019034
0 0.6279296875 0.8067349926793558 0.150390625 0.38653001464128844
1 0.578125 0.6859443631039531 0.029296875 0.048316251830161056
0 0.59228515625 0.828696925329429 0.0888671875 0.34260614934114203
1 0.57275390625 0.7210834553440703 0.0244140625 0.03953147877013177
0 0.56640625 0.8418740849194729 0.0859375 0.3162518301610542
1 0.46044921875 0.6947291361639825 0.0244140625 0.0424597364568082
0 0.45068359375 0.8323572474377745 0.0849609375 0.33528550512445093
1 0.36669921875 0.7650073206442167 0.0224609375 0.0424597364568082
0 0.3642578125 0.8704245973645681 0.072265625 0.2591508052708638
1 0.32666015625 0.5812591508052709 0.0458984375 0.07320644216691069
0 0.2958984375 0.7708638360175696 0.140625 0.4582723279648609
1 0.22216796875 0.7357247437774525 0.0205078125 0.03367496339677892
0 0.193359375 0.8572474377745242 0.109375 0.28550512445095166
1 0.11962890625 0.45973645680819913 0.0634765625 0.1054172767203514
0 0.10302734375 0.7013177159590044 0.2060546875 0.5973645680819912
1 0.01904296875 0.6515373352855052 0.0263671875 0.04978038067349927
0 0.05078125 0.8089311859443631 0.1015625 0.3821376281112738
1 0.16015625 0.8638360175695461 0.005859375 0.008784773060029283
0 0.162109375 0.8931185944363104 0.015625 0.07320644216691069
1 0.15380859375 0.8667642752562226 0.0068359375 0.01171303074670571
0 0.15625 0.8945827232796486 0.021484375 0.07027818448023426
1 0.2587890625 0.8448023426061494 0.005859375 0.008784773060029283
0 0.25537109375 0.8674963396778916 0.0126953125 0.060029282576866766
1 0.8037109375 0.8462664714494875 0.0078125 0.01171303074670571
0 0.80908203125 0.8857979502196194 0.0244140625 0.09370424597364568
1 0.79443359375 0.8572474377745242 0.0068359375 0.010248901903367497
0 0.79931640625 0.8909224011713031 0.0224609375 0.08345534407027819