1 0.025 0.15142428785607195 0.038 0.08695652173913043
0 0.074 0.4047976011994003 0.148 0.5967016491754122
1 0.047 0.16116941529235382 0.05 0.10044977511244378
0 0.086 0.4452773613193403 0.172 0.6776611694152923
1 0.1465 0.29610194902548725 0.025 0.049475262368815595
0 0.1535 0.44752623688155924 0.075 0.37031484257871067
1 0.1905 0.2826086956521739 0.029 0.05847076461769116
0 0.1865 0.4535232383808096 0.081 0.40929535232383807
1 0.2365 0.15667166416791603 0.051 0.08245877061469266
0 0.2545 0.42653673163418293 0.135 0.6281859070464768
1 0.256 0.19790104947526238 0.038 0.05697151424287856
0 0.279 0.4295352323838081 0.118 0.5382308845577212
1 0.3355 0.22413793103448276 0.029 0.0704647676161919
0 0.34 0.42203898050974514 0.09 0.48425787106446777
1 0.4015 0.16941529235382308 0.039 0.07796101949025487
0 0.404 0.41754122938530736 0.148 0.5832083958020989
1 0.5195 0.20389805097451275 0.041 0.06896551724137931
0 0.529 0.4272863568215892 0.144 0.5307346326836582
1 0.47 0.32008995502248877 0.024 0.037481259370314844
0 0.4655 0.4497751124437781 0.057 0.25787106446776614
1 0.587 0.2826086956521739 0.03 0.05547226386806597
0 0.5885 0.43928035982008995 0.083 0.3748125937031484
1 0.655 0.28785607196401797 0.038 0.06896551724137931
0 0.656 0.45577211394302847 0.102 0.41379310344827586
1 0.674 0.2661169415292354 0.028 0.05547226386806597
0 0.6835 0.43103448275862066 0.081 0.391304347826087
1 0.727 0.29310344827586204 0.034 0.06446776611694154
0 0.747 0.4625187406296852 0.1 0.40929535232383807
1 0.777 0.2811094452773613 0.03 0.05247376311844078
0 0.783 0.4332833583208396 0.084 0.36281859070464767
1 0.8415 0.335832083958021 0.019 0.035982008995502246
0 0.8405 0.4512743628185907 0.045 0.27886056971514245
1 0.8845 0.3238380809595202 0.023 0.044977511244377814
0 0.882 0.4497751124437781 0.072 0.3058470764617691
1 0.939 0.34782608695652173 0.022 0.041979010494752625
0 0.942 0.4505247376311844 0.062 0.2563718140929535
1 0.9565 0.3553223388305847 0.017 0.026986506746626688
0 0.9575 0.44752623688155924 0.053 0.22938530734632684
1 0.991 0.3823088455772114 0.018 0.029985007496251874
0 0.9845 0.4715142428785607 0.031 0.21739130434782608