1 0.058333333333333334 0.7529085872576178 0.01 0.00554016620498615
0 0.05875 0.7689750692520776 0.0225 0.038781163434903045
1 0.105 0.7548476454293629 0.013333333333333334 0.009418282548476454
0 0.1075 0.7814404432132964 0.055 0.06481994459833795
1 0.11541666666666667 0.7537396121883656 0.0125 0.010526315789473684
0 0.11875 0.7800554016620499 0.029166666666666667 0.06537396121883657
1 0.37875 0.7465373961218836 0.0075 0.004986149584487534
0 0.38 0.7598337950138504 0.018333333333333333 0.034903047091412745
1 0.46416666666666667 0.7512465373961219 0.006666666666666667 0.00443213296398892
0 0.46208333333333335 0.7639889196675901 0.0275 0.03434903047091413
1 0.4633333333333333 0.749584487534626 0.008333333333333333 0.00554016620498615
0 0.46125 0.7626038781163434 0.029166666666666667 0.036011080332409975
1 0.5379166666666667 0.7576177285318559 0.0125 0.008310249307479225
0 0.5366666666666666 0.7817174515235457 0.03166666666666667 0.059833795013850416
1 0.6220833333333333 0.7520775623268698 0.0075 0.004986149584487534
0 0.62375 0.7631578947368421 0.0275 0.029362880886426593
1 0.76125 0.750415512465374 0.009166666666666667 0.007202216066481994
0 0.7616666666666667 0.7681440443213297 0.025 0.04487534626038781
1 0.7820833333333334 0.7795013850415512 0.029166666666666667 0.0221606648199446
0 0.7775 0.8393351800554016 0.11166666666666666 0.14958448753462603
1 0.8995833333333333 0.7617728531855956 0.014166666666666666 0.01218836565096953
0 0.8833333333333333 0.7950138504155124 0.06 0.08310249307479224
1 0.9291666666666667 0.7584487534626039 0.013333333333333334 0.00886426592797784
0 0.92875 0.7800554016620499 0.0225 0.05318559556786703