1 0.78369140625 0.6824925816023739 0.0673828125 0.08902077151335312
0 0.74072265625 0.8078635014836796 0.1982421875 0.38427299703264095
1 0.55908203125 0.6446587537091988 0.0654296875 0.1172106824925816
0 0.5654296875 0.7781899109792285 0.232421875 0.443620178041543
1 0.5068359375 0.5816023738872403 0.044921875 0.06824925816023739
0 0.4736328125 0.7707715133531158 0.173828125 0.45845697329376855
1 0.5244140625 0.5452522255192879 0.046875 0.07863501483679525
0 0.50146484375 0.75 0.1748046875 0.5
1 0.36865234375 0.5741839762611276 0.0439453125 0.06824925816023739
0 0.36865234375 0.7633531157270029 0.1220703125 0.4732937685459941
1 0.4326171875 0.5979228486646885 0.02734375 0.050445103857566766
0 0.4345703125 0.7321958456973294 0.0703125 0.33086053412462907
1 0.4150390625 0.5838278931750742 0.017578125 0.03412462908011869
0 0.4150390625 0.6839762611275965 0.041015625 0.23738872403560832
1 0.39892578125 0.5452522255192879 0.0166015625 0.028189910979228485
0 0.40283203125 0.6350148367952523 0.0361328125 0.2195845697329377
1 0.357421875 0.5897626112759644 0.02734375 0.04896142433234421
0 0.35302734375 0.7700296735905044 0.0888671875 0.43026706231454004
1 0.34375 0.586053412462908 0.029296875 0.050445103857566766
0 0.337890625 0.7158753709198813 0.064453125 0.327893175074184
1 0.31494140625 0.5652818991097923 0.0166015625 0.02967359050445104
0 0.31591796875 0.6609792284866469 0.0458984375 0.22403560830860533
1 0.291015625 0.5756676557863502 0.009765625 0.01483679525222552
0 0.2890625 0.6246290801186943 0.044921875 0.12166172106824925
1 0.25341796875 0.5637982195845698 0.0146484375 0.02373887240356083
0 0.25439453125 0.637240356083086 0.0537109375 0.1795252225519288
1 0.2080078125 0.5845697329376854 0.009765625 0.017804154302670624
0 0.2099609375 0.6313056379821959 0.037109375 0.1172106824925816
1 0.23095703125 0.591246290801187 0.0087890625 0.016320474777448073
0 0.224609375 0.6357566765578635 0.029296875 0.1142433234421365
1 0.1669921875 0.577893175074184 0.01953125 0.03412462908011869
0 0.1689453125 0.6698813056379822 0.076171875 0.22403560830860533
1 0.14990234375 0.5823442136498517 0.0107421875 0.016320474777448073
0 0.14404296875 0.6313056379821959 0.0263671875 0.12314540059347182
1 0.12158203125 0.5919881305637982 0.0166015625 0.02373887240356083
0 0.12109375 0.6602373887240356 0.048828125 0.1661721068249258
1 0.0732421875 0.5905044510385756 0.015625 0.02373887240356083
0 0.0703125 0.658753709198813 0.05859375 0.17210682492581603
1 0.08642578125 0.6008902077151336 0.0126953125 0.017804154302670624
0 0.0869140625 0.6491097922848664 0.033203125 0.12314540059347182
1 0.06005859375 0.6038575667655787 0.0126953125 0.020771513353115726
0 0.0546875 0.6572700296735905 0.0390625 0.1394658753709199
1 0.03662109375 0.5919881305637982 0.0126953125 0.02373887240356083
0 0.0380859375 0.6513353115727003 0.046875 0.14836795252225518
1 0.02734375 0.5919881305637982 0.013671875 0.017804154302670624
0 0.02392578125 0.6431750741839762 0.0380859375 0.1261127596439169
1 0.91943359375 0.5237388724035609 0.0107421875 0.01483679525222552
0 0.92333984375 0.5571216617210683 0.0263671875 0.09050445103857567
1 0.927734375 0.548219584569733 0.009765625 0.016320474777448073
0 0.93359375 0.5801186943620178 0.05078125 0.09495548961424333
1 0.95947265625 0.526706231454006 0.0146484375 0.017804154302670624
0 0.95947265625 0.5734421364985163 0.0380859375 0.1172106824925816
1 0.97705078125 0.5341246290801187 0.0126953125 0.017804154302670624
0 0.98291015625 0.5764094955489614 0.0341796875 0.1172106824925816
1 0.8076171875 0.5393175074183977 0.06640625 0.10534124629080119
0 0.82568359375 0.7403560830860534 0.1298828125 0.5192878338278932