1 0.109375 0.19444444444444445 0.05859375 0.11805555555555555
0 0.09716796875 0.5633680555555556 0.1650390625 0.8732638888888888
1 0.19970703125 0.2960069444444444 0.0537109375 0.10590277777777778
0 0.203125 0.6180555555555556 0.125 0.7638888888888888
1 0.29345703125 0.2994791666666667 0.0517578125 0.109375
0 0.30322265625 0.6206597222222222 0.1337890625 0.7586805555555556
1 0.392578125 0.3255208333333333 0.05078125 0.09895833333333333
0 0.39501953125 0.6267361111111112 0.1123046875 0.7152777777777778
1 0.478515625 0.3289930555555556 0.046875 0.10243055555555555
0 0.4765625 0.5842013888888888 0.30078125 0.7760416666666666
1 0.57080078125 0.3342013888888889 0.0478515625 0.0920138888888889
0 0.57666015625 0.6189236111111112 0.1318359375 0.6857638888888888
1 0.66552734375 0.2942708333333333 0.0478515625 0.09895833333333333
0 0.66552734375 0.5894097222222222 0.1064453125 0.7204861111111112
1 0.75439453125 0.2760416666666667 0.0498046875 0.09375
0 0.7724609375 0.6119791666666666 0.15625 0.7760416666666666
1 0.8603515625 0.1814236111111111 0.05859375 0.1232638888888889
0 0.89453125 0.5564236111111112 0.201171875 0.8871527777777778
1 0.75830078125 0.4088541666666667 0.0654296875 0.1371527777777778
0 0.75732421875 0.6684027777777778 0.1318359375 0.6631944444444444
1 0.64111328125 0.4045138888888889 0.0576171875 0.12152777777777778
0 0.65380859375 0.6675347222222222 0.1357421875 0.6649305555555556
1 0.57861328125 0.421875 0.0517578125 0.1111111111111111
0 0.58203125 0.6814236111111112 0.1171875 0.6371527777777778
1 0.484375 0.4262152777777778 0.0546875 0.1371527777777778
0 0.4716796875 0.6770833333333334 0.16015625 0.6458333333333334
1 0.33984375 0.4001736111111111 0.05859375 0.13020833333333334
0 0.34814453125 0.6666666666666666 0.1494140625 0.6666666666666666
1 0.21728515625 0.4053819444444444 0.0634765625 0.11979166666666667
0 0.22900390625 0.6701388888888888 0.1494140625 0.6597222222222222