1 0.07735849056603773 0.16279069767441862 0.06650943396226415 0.2694938440492476
0 0.08455188679245283 0.5047879616963065 0.16910377358490566 0.9904240766073872
1 0.18691037735849056 0.22845417236662108 0.06580188679245283 0.24897400820793433
0 0.1732311320754717 0.5441176470588235 0.17617924528301887 0.9117647058823529
1 0.12558962264150944 0.09028727770177838 0.05259433962264151 0.18057455540355677
0 0.12193396226415094 0.5 0.12924528301886792 1
1 0.22275943396226416 0.11012311901504789 0.053537735849056606 0.21751025991792067
0 0.21674528301886792 0.5 0.09245283018867924 1
1 0.2509433962264151 0.2137482900136799 0.05566037735849057 0.22503419972640218
0 0.2472877358490566 0.5437756497948016 0.11816037735849057 0.9124487004103967
1 0.2607311320754717 0.10430916552667578 0.055424528301886794 0.19630642954856362
0 0.2625 0.5 0.0910377358490566 1
1 0.3112028301886792 0.18844049247606018 0.06391509433962264 0.22229822161422708
0 0.3563679245283019 0.5290697674418605 0.30518867924528303 0.9418604651162791
1 0.4403301886792453 0.25273597811217513 0.062264150943396226 0.20725034199726403
0 0.4400943396226415 0.5595075239398085 0.16132075471698112 0.8809849521203831
1 0.38691037735849054 0.25239398084815323 0.05731132075471698 0.2161422708618331
0 0.38219339622641507 0.5680574555403557 0.12240566037735849 0.8638850889192886
1 0.3553066037735849 0.1094391244870041 0.04174528301886792 0.1545827633378933
0 0.35424528301886793 0.5106019151846786 0.09575471698113208 0.978796169630643
1 0.4275943396226415 0.09439124487004104 0.05377358490566038 0.18878248974008208
0 0.43172169811320754 0.5 0.08702830188679245 1
1 0.47889150943396225 0.2390560875512996 0.045990566037735846 0.1689466484268126
0 0.48974056603773586 0.5400136798905609 0.0775943396226415 0.8187414500683995
1 0.5306603773584906 0.24247606019151846 0.05330188679245283 0.1908344733242134
0 0.538561320754717 0.5642954856361149 0.13419811320754718 0.8714090287277702
1 0.6755896226415095 0.19117647058823528 0.05070754716981132 0.21272229822161423
0 0.6691037735849057 0.536593707250342 0.1580188679245283 0.926812585499316
1 0.7227594339622642 0.2472640218878249 0.044575471698113205 0.16347469220246238
0 0.7227594339622642 0.5711354309165527 0.0865566037735849 0.8577291381668947
1 0.7805424528301886 0.2243502051983584 0.061556603773584906 0.24623803009575923
0 0.7972877358490567 0.5458276333789329 0.19599056603773585 0.908344733242134
1 0.8547169811320755 0.24281805745554036 0.05990566037735849 0.2216142270861833
0 0.8306603773584905 0.560875512995896 0.2028301886792453 0.8782489740082079
1 0.8244103773584905 0.1484268125854993 0.05259433962264151 0.2024623803009576
0 0.8238207547169811 0.5198358413132695 0.09292452830188679 0.960328317373461
1 0.8520047169811321 0.09507523939808482 0.039858490566037734 0.13132694938440492
0 0.8557783018867925 0.511969904240766 0.07665094339622641 0.9760601915184679
1 0.9038915094339622 0.12448700410396717 0.07099056603773585 0.24897400820793433
0 0.9317216981132076 0.5 0.13655660377358492 1