1 0.5294117647058824 0.3864864864864865 0.11561866125760649 0.3441441441441441
0 0.5365111561866126 0.5945945945945946 0.35294117647058826 0.8108108108108109
1 0.06896551724137931 0.12522522522522522 0.11156186612576065 0.25045045045045045
0 0.14300202839756593 0.5 0.28600405679513186 1
1 0.34127789046653145 0.33153153153153153 0.09432048681541583 0.28468468468468466
0 0.3220081135902637 0.5630630630630631 0.2606490872210953 0.8738738738738738
1 0.28752535496957404 0.3225225225225225 0.07606490872210954 0.2018018018018018
0 0.3012170385395537 0.6036036036036037 0.1926977687626775 0.7927927927927928
1 0.4670385395537525 0.35585585585585583 0.0720081135902637 0.22882882882882882
0 0.46247464503042596 0.6126126126126126 0.15212981744421908 0.7747747747747747
1 0.7023326572008114 0.4 0.07403651115618662 0.21621621621621623
0 0.704868154158215 0.6333333333333333 0.19878296146044624 0.7333333333333333
1 0.5147058823529411 0.18468468468468469 0.08012170385395538 0.1927927927927928
0 0.5248478701825557 0.5387387387387388 0.1612576064908722 0.9225225225225225
1 0.7347870182555781 0.22342342342342342 0.06795131845841786 0.2126126126126126
0 0.7494929006085193 0.5522522522522523 0.18661257606490872 0.8954954954954955
1 0.9087221095334685 0.2945945945945946 0.08519269776876268 0.23243243243243245
0 0.9006085192697769 0.5837837837837838 0.19878296146044624 0.8324324324324325
1 0.9802231237322515 0.34774774774774775 0.03955375253549696 0.19099099099099098
0 0.9568965517241379 0.6144144144144145 0.08620689655172414 0.7711711711711712