1 0.1262899262899263 0.47287735849056606 0.05896805896805897 0.06446540880503145
0 0.12334152334152335 0.675314465408805 0.18476658476658478 0.48977987421383645
1 0.3174447174447175 0.470125786163522 0.06977886977886978 0.07075471698113207
0 0.2864864864864865 0.6731525157232704 0.1769041769041769 0.487814465408805
1 0.4557739557739558 0.4876179245283019 0.051597051597051594 0.05856918238993711
0 0.44815724815724817 0.6568396226415094 0.15331695331695333 0.41037735849056606
1 0.5955773955773955 0.502751572327044 0.057985257985257985 0.0589622641509434
0 0.5914004914004914 0.664308176100629 0.16363636363636364 0.39308176100628933
1 0.671990171990172 0.5497248427672956 0.056511056511056514 0.06171383647798742
0 0.671990171990172 0.7340801886792453 0.14889434889434888 0.43592767295597484
1 0.7415233415233415 0.4840801886792453 0.04815724815724816 0.054638364779874216
0 0.7442260442260442 0.6536949685534591 0.14103194103194103 0.40408805031446543
1 0.8402948402948403 0.5222091194968553 0.06977886977886978 0.06564465408805031
0 0.8678132678132678 0.7246462264150944 0.2122850122850123 0.4996069182389937
1 0.8992628992628993 0.4768081761006289 0.05405405405405406 0.05817610062893082
0 0.9002457002457003 0.6517295597484277 0.14152334152334153 0.41745283018867924