1 0.24485981308411214 0.3463073852295409 0.06728971962616823 0.07385229540918163
0 0.29345794392523367 0.5079840319361277 0.3401869158878505 0.6686626746506986
1 0.31962616822429907 0.37524950099800397 0.037383177570093455 0.04790419161676647
0 0.3037383177570093 0.5109780439121756 0.12897196261682242 0.32335329341317365
1 0.5710280373831775 0.20958083832335328 0.06542056074766354 0.07584830339321358
0 0.5177570093457944 0.4251497005988024 0.22803738317757008 0.6347305389221557
1 0.7373831775700934 0.37025948103792417 0.05420560747663551 0.0658682634730539
0 0.7224299065420561 0.562874251497006 0.31588785046728973 0.4630738522954092
1 0.7859813084112149 0.3962075848303393 0.07289719626168224 0.08582834331337326
0 0.7252336448598131 0.6077844311377245 0.2467289719626168 0.5209580838323353
1 0.8626168224299066 0.3852295409181637 0.03177570093457944 0.03992015968063872
0 0.8532710280373832 0.48303393213572854 0.09532710280373832 0.2435129740518962