1 0.0205078125 0.27716297786720323 0.03125 0.047283702213279676
0 0.046875 0.40694164989939635 0.09375 0.31287726358148893
1 0.05615234375 0.19869215291750503 0.0517578125 0.07545271629778671
0 0.0869140625 0.41096579476861167 0.173828125 0.5100603621730382
1 0.0966796875 0.1836016096579477 0.07421875 0.0875251509054326
0 0.11279296875 0.40643863179074446 0.2255859375 0.5392354124748491
1 0.271484375 0.346579476861167 0.078125 0.09758551307847083
0 0.23046875 0.6056338028169014 0.244140625 0.6498993963782697
1 0.28369140625 0.4396378269617706 0.0673828125 0.07042253521126761
0 0.28857421875 0.6378269617706237 0.1748046875 0.5392354124748491
1 0.43310546875 0.08702213279678069 0.0927734375 0.12173038229376258
0 0.46044921875 0.4723340040241449 0.2900390625 0.8983903420523138
1 0.62939453125 0.46680080482897385 0.0673828125 0.10865191146881288
0 0.63037109375 0.653420523138833 0.1845703125 0.4959758551307847
1 0.759765625 0.3702213279678068 0.0859375 0.11468812877263582
0 0.76904296875 0.6106639839034205 0.1650390625 0.6398390342052314