1 0.2896153846153846 0.7277951933124347 0.01 0.01567398119122257
0 0.28615384615384615 0.7753396029258098 0.03538461538461538 0.11494252873563218
1 0.46192307692307694 0.7392894461859979 0.013076923076923076 0.01567398119122257
0 0.45615384615384613 0.7915360501567398 0.052307692307692305 0.13061650992685475
1 0.47 0.7199582027168234 0.015384615384615385 0.02089864158829676
0 0.47423076923076923 0.7795193312434692 0.040769230769230766 0.1400208986415883
1 0.8288461538461539 0.7267502612330199 0.013076923076923076 0.019853709508881923
0 0.8307692307692308 0.7774294670846394 0.03230769230769231 0.13584117032392895
1 0.8626923076923076 0.7272727272727273 0.014615384615384615 0.02089864158829676
0 0.86 0.7951933124346917 0.05076923076923077 0.16509926854754442
1 0.945 0.7277951933124347 0.008461538461538461 0.01567398119122257
0 0.9453846153846154 0.7695924764890282 0.02923076923076923 0.10553814002089865
1 0.6965384615384616 0.7251828631138976 0.01 0.014629049111807733
0 0.6976923076923077 0.768025078369906 0.018461538461538463 0.10240334378265413
1 0.7992307692307692 0.7460815047021944 0.009230769230769232 0.014629049111807733
0 0.7992307692307692 0.7800417972831766 0.03076923076923077 0.12643678160919541