1 0.128125 0.7494407158836689 0.103125 0.18344519015659955
0 0.1875 0.8243847874720358 0.265625 0.3512304250559284
1 0.8671875 0.5022371364653244 0.128125 0.19910514541387025
0 0.84609375 0.6991051454138703 0.3078125 0.6017897091722595
1 0.7125 0.6219239373601789 0.06875 0.13870246085011187
0 0.715625 0.7662192393736018 0.159375 0.46756152125279643
1 0.59140625 0.47762863534675615 0.0984375 0.1767337807606264
0 0.58046875 0.680089485458613 0.2328125 0.639821029082774
1 0.27109375 0.41946308724832215 0.0796875 0.15436241610738255
0 0.32578125 0.6677852348993288 0.2265625 0.6644295302013423
1 0.11328125 0.4854586129753915 0.0578125 0.08053691275167785
0 0.1046875 0.5906040268456376 0.109375 0.3087248322147651
1 0.24609375 0.34116331096196867 0.0734375 0.12751677852348994
0 0.23671875 0.6062639821029083 0.2453125 0.6756152125279642
1 0.5828125 0.3378076062639821 0.084375 0.15212527964205816
0 0.58984375 0.6263982102908278 0.2890625 0.7472035794183445
1 0.66875 0.3534675615212528 0.046875 0.07158836689038031
0 0.6734375 0.4317673378076063 0.10625 0.24608501118568232
1 0.60703125 0.19015659955257272 0.0390625 0.08053691275167785
0 0.6234375 0.3243847874720358 0.084375 0.3579418344519016
1 0.459375 0.21252796420581654 0.046875 0.07606263982102908
0 0.503125 0.3478747203579418 0.146875 0.39149888143176736
1 0.40234375 0.28187919463087246 0.0546875 0.07158836689038031
0 0.43671875 0.4720357941834452 0.1515625 0.465324384787472
1 0.2984375 0.2606263982102908 0.040625 0.06935123042505593
0 0.33125 0.4429530201342282 0.15 0.4429530201342282
1 0.23359375 0.2360178970917226 0.0546875 0.07829977628635347
0 0.23359375 0.3870246085011186 0.0734375 0.3982102908277405
1 0.10859375 0.2483221476510067 0.0640625 0.07158836689038031
0 0.1328125 0.4541387024608501 0.125 0.5011185682326622
1 0.16484375 0.232662192393736 0.0390625 0.06263982102908278
0 0.17890625 0.3523489932885906 0.0890625 0.3333333333333333
1 0.3875 0.21476510067114093 0.040625 0.0447427293064877
0 0.3890625 0.3724832214765101 0.096875 0.3691275167785235