1 0.05533399800598205 0.6860986547085202 0.1106679960119641 0.2062780269058296
0 0.13509471585244268 0.7884902840059791 0.27018943170488535 0.42301943198804187
1 0.08424725822532403 0.3863976083707025 0.0448654037886341 0.07922272047832586
0 0.08823529411764706 0.6285500747384155 0.10867397806580259 0.5724962630792227
1 0.13559322033898305 0.35201793721973096 0.027916251246261216 0.052316890881913304
0 0.1296111665004985 0.5037369207772795 0.06779661016949153 0.36472346786248133
1 0.16450648055832504 0.3579970104633782 0.03988035892323031 0.06427503736920777
0 0.1719840478564307 0.5201793721973094 0.06480558325024925 0.40059790732436473
1 0.1864406779661017 0.32884902840059793 0.019940179461615155 0.03886397608370702
0 0.1814556331006979 0.4282511210762332 0.03788634097706879 0.24663677130044842
1 0.2143569292123629 0.3333333333333333 0.019940179461615155 0.03886397608370702
0 0.21485543369890328 0.484304932735426 0.04885343968095713 0.35874439461883406
1 0.20937188434695914 0.3811659192825112 0.03389830508474576 0.059790732436472344
0 0.21535393818544366 0.5695067264573991 0.07178464606181456 0.44245142002989535
1 0.2313060817547358 0.35874439461883406 0.01794616151545364 0.03288490284005979
0 0.22931206380857427 0.47533632286995514 0.05583250249252243 0.28101644245142005
1 0.2612163509471585 0.36696562032884905 0.023928215353938187 0.043348281016442454
0 0.2617148554336989 0.5059790732436472 0.054835493519441676 0.336322869955157
1 0.28614157527417744 0.3961136023916293 0.0259222333000997 0.053811659192825115
0 0.2896311066799601 0.5635276532137519 0.0707876370887338 0.40059790732436473
1 0.3050847457627119 0.414050822122571 0.04187437686939183 0.0687593423019432
0 0.30309072781655033 0.6225710014947683 0.10767696909272183 0.4947683109118087
1 0.33848454636091724 0.3931240657698057 0.024925224327018942 0.04783258594917788
0 0.34795613160518446 0.5171898355754858 0.06580259222333001 0.30194319880418535
1 0.3813559322033898 0.3579970104633782 0.018943170488534396 0.03139013452914798
0 0.38085742771684944 0.4671150971599402 0.053838484546360914 0.26756352765321373
1 0.41425722831505485 0.37144992526158443 0.022931206380857428 0.04035874439461883
0 0.4137587238285145 0.4872944693572496 0.05782652043868395 0.27802690582959644
1 0.42273180458624127 0.4790732436472347 0.06580259222333001 0.09118086696562033
0 0.4581256231306082 0.695814648729447 0.17048853439680958 0.5306427503736921
1 0.41126620139581255 0.7855007473841554 0.12462612163509472 0.23168908819133036
0 0.44317048853439683 0.8243647234678625 0.2741774675972084 0.351270553064275
1 0.6056829511465603 0.5732436472346786 0.06480558325024925 0.1031390134529148
0 0.5932203389830508 0.7571001494768311 0.13160518444666003 0.4857997010463378
1 0.5523429710867398 0.4080717488789238 0.015952143569292122 0.029895366218236172
0 0.5493519441674976 0.49551569506726456 0.03988035892323031 0.20478325859491778
1 0.5747756729810568 0.40508221225710017 0.026919242273180457 0.04783258594917788
0 0.5663010967098704 0.5306427503736921 0.07178464606181456 0.31390134529147984
1 0.6186440677966102 0.4312406576980568 0.036889332003988036 0.061285500747384154
0 0.5917248255234298 0.5568011958146487 0.08873379860418744 0.312406576980568
1 0.652542372881356 0.5052316890881914 0.04885343968095713 0.10164424514200299
0 0.6475573280159521 0.7257100149476831 0.1106679960119641 0.5485799701046338
1 0.6774675972083749 0.38938714499252614 0.024925224327018942 0.03736920777279522
0 0.6595214356929212 0.47458893871449925 0.07278165503489531 0.21375186846038863
1 0.7023928215353938 0.4020926756352765 0.020937188434695914 0.029895366218236172
0 0.7108673978065803 0.4760837070254111 0.047856430707876374 0.18385650224215247
1 0.7098703888334995 0.5007473841554559 0.03589232303090728 0.0687593423019432
0 0.7108673978065803 0.6846038863976084 0.0897308075772682 0.44245142002989535
1 0.7407776669990029 0.42301943198804187 0.01794616151545364 0.03288490284005979
0 0.7407776669990029 0.5171898355754858 0.045862412761714856 0.23617339312406577
1 0.7956131605184447 0.4147982062780269 0.01794616151545364 0.03736920777279522
0 0.788135593220339 0.4872944693572496 0.04885343968095713 0.19133034379671152
1 0.8095712861415753 0.43871449925261585 0.019940179461615155 0.03736920777279522
0 0.806580259222333 0.523168908819133 0.03589232303090728 0.22122571001494767
1 0.8693918245264207 0.4760837070254111 0.03589232303090728 0.05829596412556054
0 0.86839481555334 0.6397608370702541 0.06181455633100698 0.39461883408071746
1 0.9112662013958126 0.679372197309417 0.08175473579262213 0.13004484304932734
0 0.9077766699900299 0.79745889387145 0.18444666001994017 0.40508221225710017
1 0.14506480558325024 0.445440956651719 0.06081754735792622 0.09267563527653214
0 0.12761714855433698 0.6666666666666666 0.1016949152542373 0.5411061285500748
1 0.2048853439680957 0.4588938714499253 0.06879361914257229 0.13153961136023917
0 0.21585244267198406 0.695067264573991 0.2143569292123629 0.6098654708520179
1 0.4690927218344965 0.4641255605381166 0.04287138584247258 0.07025411061285501
0 0.4695912263210369 0.6390134529147982 0.07377866400797607 0.42301943198804187
1 0.47357926221335994 0.38938714499252614 0.0259222333000997 0.03139013452914798
0 0.48554336989032904 0.5328849028400597 0.07377866400797607 0.3243647234678625
1 0.43320039880358924 0.40433482810164423 0.0448654037886341 0.06427503736920777
0 0.4217347956131605 0.554559043348281 0.06580259222333001 0.37369207772795215
1 0.7971086739780658 0.5306427503736921 0.058823529411764705 0.09566517189835576
0 0.7726819541375872 0.7391629297458894 0.18743768693918245 0.5216741405082213
1 0.8389830508474576 0.43871449925261585 0.03290129611166501 0.04932735426008968
0 0.8170488534396809 0.6278026905829597 0.10069790628115653 0.4334828101644245