1 0.85625 0.71 0.025 0.06444444444444444
0 0.85875 0.8355555555555556 0.1225 0.3288888888888889
1 0.9875 0.6733333333333333 0.025 0.044444444444444446
0 0.97625 0.8111111111111111 0.0475 0.3333333333333333
1 0.945 0.6466666666666666 0.0175 0.03111111111111111
0 0.940625 0.7533333333333333 0.06875 0.27555555555555555
1 0.89375 0.6533333333333333 0.0175 0.03111111111111111
0 0.893125 0.7466666666666667 0.04875 0.24444444444444444
1 0.781875 0.6577777777777778 0.01625 0.035555555555555556
0 0.78 0.7533333333333333 0.045 0.24888888888888888
1 0.825625 0.6622222222222223 0.01375 0.02666666666666667
0 0.815625 0.7422222222222222 0.04125 0.2
1 0.8825 0.66 0.0125 0.02666666666666667
0 0.881875 0.7477777777777778 0.02625 0.22
1 0.864375 0.6522222222222223 0.01625 0.03777777777777778
0 0.8675 0.74 0.0375 0.22666666666666666
1 0.745 0.6777777777777778 0.01 0.017777777777777778
0 0.74625 0.7211111111111111 0.0325 0.12222222222222222
1 0.735 0.6644444444444444 0.01 0.017777777777777778
0 0.7325 0.7144444444444444 0.025 0.13111111111111112
1 0.68125 0.6922222222222222 0.01 0.015555555555555555
0 0.68 0.7266666666666667 0.025 0.09333333333333334
1 0.670625 0.6555555555555556 0.00875 0.017777777777777778
0 0.670625 0.7055555555555556 0.03125 0.12666666666666668
1 0.67125 0.6522222222222223 0.0075 0.015555555555555555
0 0.67125 0.7011111111111111 0.03 0.12222222222222222
1 0.634375 0.6622222222222223 0.01125 0.022222222222222223
0 0.633125 0.7322222222222222 0.03875 0.17555555555555555
1 0.651875 0.6644444444444444 0.00875 0.017777777777777778
0 0.651875 0.7022222222222222 0.01875 0.10666666666666667
1 0.613125 0.6833333333333333 0.00625 0.011111111111111112
0 0.61125 0.7077777777777777 0.02 0.07777777777777778
1 0.5725 0.66 0.01 0.022222222222222223
0 0.571875 0.7322222222222222 0.03625 0.17555555555555555
1 0.5625 0.6522222222222223 0.0075 0.015555555555555555
0 0.563125 0.7022222222222222 0.02625 0.1288888888888889
1 0.538125 0.6644444444444444 0.01125 0.022222222222222223
0 0.534375 0.7322222222222222 0.03625 0.17555555555555555
1 0.510625 0.6622222222222223 0.00625 0.013333333333333334
0 0.508125 0.7 0.02875 0.1111111111111111
1 0.48625 0.6744444444444444 0.0075 0.015555555555555555
0 0.49 0.7066666666666667 0.03 0.08888888888888889
1 0.4675 0.6866666666666666 0.015 0.03111111111111111
0 0.463125 0.7833333333333333 0.04875 0.23777777777777778
1 0.414375 0.68 0.01625 0.04
0 0.41125 0.7788888888888889 0.0575 0.2511111111111111
1 0.433125 0.72 0.01625 0.08444444444444445
0 0.433125 0.72 0.01625 0.08444444444444445
1 0.440625 0.6944444444444444 0.00625 0.011111111111111112
0 0.444375 0.7244444444444444 0.01875 0.07555555555555556
1 0.39375 0.6633333333333333 0.0075 0.015555555555555555
0 0.395625 0.7177777777777777 0.02875 0.13777777777777778
1 0.3725 0.6644444444444444 0.0075 0.017777777777777778
0 0.373125 0.7211111111111111 0.03375 0.14
1 0.201875 0.6844444444444444 0.02125 0.04
0 0.199375 0.8188888888888889 0.06625 0.32222222222222224
1 0.143125 0.7188888888888889 0.02375 0.04666666666666667
0 0.140625 0.8388888888888889 0.08625 0.29555555555555557
1 0.06625 0.7344444444444445 0.01 0.015555555555555555
0 0.065 0.7788888888888889 0.0325 0.11777777777777777
1 0.045625 0.8377777777777777 0.01625 0.03111111111111111
0 0.04375 0.8766666666666667 0.0525 0.11777777777777777
1 0.08375 0.8455555555555555 0.015 0.028888888888888888
0 0.081875 0.8733333333333333 0.03875 0.10222222222222223
1 0.099375 0.85 0.01375 0.028888888888888888
0 0.105 0.87 0.03 0.08222222222222222
1 0.021875 0.7133333333333334 0.00875 0.017777777777777778
0 0.0225 0.7477777777777778 0.0225 0.09555555555555556
1 0.00375 0.7155555555555555 0.0075 0.013333333333333334
0 0.01125 0.7533333333333333 0.0225 0.10222222222222223
1 0.616875 0.6833333333333333 0.00625 0.011111111111111112
0 0.618125 0.71 0.01625 0.07333333333333333
1 0.87125 0.6911111111111111 0.015 0.03111111111111111
0 0.870625 0.79 0.04875 0.2288888888888889