1 0.11884615384615385 0.4429778247096093 0.031538461538461536 0.04751847940865892
0 0.15 0.5343189017951425 0.12615384615384614 0.23442449841605068
1 0.19576923076923078 0.35374868004223864 0.03 0.05279831045406547
0 0.2123076923076923 0.4778247096092925 0.09846153846153846 0.30306230200633577
1 0.2696153846153846 0.32946145723336856 0.031538461538461536 0.054910242872228086
0 0.2853846153846154 0.46884899683210135 0.09692307692307692 0.34424498416050686
1 0.34923076923076923 0.3796198521647307 0.027692307692307693 0.04751847940865892
0 0.3384615384615385 0.49366420274551215 0.11538461538461539 0.31573389651531153
1 0.39884615384615385 0.3611404435058078 0.02846153846153846 0.048574445617740235
0 0.3996153846153846 0.49736008447729674 0.08846153846153847 0.3273495248152059
1 0.4553846153846154 0.3590285110876452 0.027692307692307693 0.050686378035902854
0 0.44961538461538464 0.4941921858500528 0.08846153846153847 0.32946145723336856
1 0.5038461538461538 0.3907074973600845 0.033846153846153845 0.059134107708553325
0 0.5092307692307693 0.5232312565997888 0.1 0.3347412882787751
1 0.5546153846153846 0.36906019007391766 0.027692307692307693 0.04751847940865892
0 0.5819230769230769 0.5200633579725449 0.13 0.36642027455121434
1 0.6130769230769231 0.38542766631467795 0.02923076923076923 0.05279831045406547
0 0.6311538461538462 0.5274551214361141 0.15615384615384614 0.3453009503695882
1 0.6765384615384615 0.34635691657866946 0.036153846153846154 0.06335797254487856
0 0.691923076923077 0.5242872228088701 0.15461538461538463 0.43400211193241817
1 0.7269230769230769 0.35533262935586063 0.038461538461538464 0.06019007391763464
0 0.7988461538461539 0.5380147835269271 0.20692307692307693 0.43400211193241817
1 0.8284615384615385 0.366948257655755 0.04 0.06230200633579725
0 0.8723076923076923 0.5364308342133052 0.15384615384615385 0.40971488912354803