1 0.6328876378137462 0.8924336533032186 0.024865118461177574 0.07961603613777526
0 0.6367581515364766 0.9209486166007905 0.0752990851513019 0.15810276679841898
1 0.742786769880366 0.7970073404856014 0.024630541871921183 0.07735742518351214
0 0.7468918601923528 0.8749294184076792 0.07271874266948158 0.25014116318464147
1 0.6066150598170302 0.7196499153020892 0.009383063570255689 0.020892151326933936
0 0.6118930330752991 0.7998306041784302 0.04386582219094534 0.18464144551101072
1 0.6504808820079756 0.730660643704122 0.006568144499178982 0.01693958215697346
0 0.6487215575885527 0.7913608130999435 0.02322308233638283 0.14059853190287974
1 0.5283837673000235 0.7540937323546019 0.007741027445460943 0.023150762281197064
0 0.5323715693173822 0.8147939017504235 0.028852920478536243 0.14906832298136646
1 0.5275627492376261 0.7261434217955957 0.00750645085620455 0.023715415019762844
0 0.5317851278442411 0.7998306041784302 0.028149190710767064 0.1789949181253529
1 0.43854093361482527 0.7521174477696216 0.008210180623973728 0.02710333145115754
0 0.4419422941590429 0.8097120271033315 0.03330987567440769 0.14680971202710333
1 0.34177809054656344 0.758893280632411 0.007975604034717336 0.019198193111236588
0 0.33872859488623036 0.8286278938452851 0.022988505747126436 0.16544325239977414
1 0.3401360544217687 0.7416713721061547 0.007037297677691766 0.018633540372670808
0 0.34095707248416607 0.8162055335968379 0.022753929157870046 0.1756070016939582
1 0.17088904527328172 0.764257481648786 0.007271874266948158 0.025409373235460192
0 0.16643209007741028 0.8294748729531338 0.030260380014074596 0.15810276679841898
1 0.01864883884588318 0.7648221343873518 0.0063335679099225895 0.018633540372670808
0 0.017241379310344827 0.8252399774138904 0.02228477597935726 0.1417278373800113
1 0.36969270466807413 0.7854319593450029 0.00844475721323012 0.020327498588368152
0 0.3748533896317148 0.846979107848673 0.031433262960356555 0.14680971202710333
1 0.36875439831104856 0.7600225861095427 0.009852216748768473 0.021456804065499716
0 0.36898897490030497 0.8322981366459627 0.02345765892563922 0.17052512704686618
1 0.3759089842833685 0.7634105025409373 0.007741027445460943 0.020327498588368152
0 0.38095238095238093 0.8413325804630153 0.021581046211588083 0.1513269339356296