1 0.18683510638297873 0.5070921985815603 0.0199468085106383 0.04018912529550828
0 0.18816489361702127 0.5768321513002365 0.05186170212765957 0.20803782505910165
1 0.261968085106383 0.24231678486997635 0.047872340425531915 0.09219858156028368
0 0.28523936170212766 0.44799054373522457 0.12367021276595745 0.7399527186761229
1 0.3663563829787234 0.2222222222222222 0.043882978723404256 0.09456264775413711
0 0.3517287234042553 0.5106382978723404 0.08111702127659574 0.6761229314420804
1 0.40824468085106386 0.30141843971631205 0.0398936170212766 0.07801418439716312
0 0.4142287234042553 0.549645390070922 0.07313829787234043 0.5981087470449172
1 0.4740691489361702 0.24940898345153664 0.03590425531914894 0.08274231678486997
0 0.4800531914893617 0.4739952718676123 0.14095744680851063 0.7588652482269503
1 0.581781914893617 0.26004728132387706 0.03856382978723404 0.09456264775413711
0 0.5804521276595744 0.524822695035461 0.13164893617021275 0.6572104018912529
1 0.5492021276595744 0.2293144208037825 0.034574468085106384 0.07092198581560284
0 0.5438829787234043 0.483451536643026 0.10904255319148937 0.7115839243498818
1 0.6848404255319149 0.25886524822695034 0.0425531914893617 0.09219858156028368
0 0.6781914893617021 0.5236406619385343 0.10904255319148937 0.6548463356973995
1 0.7347074468085106 0.3404255319148936 0.03856382978723404 0.08037825059101655
0 0.730718085106383 0.5673758865248227 0.11835106382978723 0.5531914893617021