1 0.017513566847557966 0.7101584342963654 0.02713369511593488 0.08014911463187326
0 0.04538727183029107 0.7851817334575956 0.09077454366058214 0.32525629077353213
1 0.07350764676862358 0.6812674743709226 0.030587074494326592 0.07082945013979497
0 0.06882091761223483 0.7712022367194781 0.07350764676862358 0.3364398881640261
1 0.1512086827824371 0.6961789375582479 0.028120374938332512 0.07082945013979497
0 0.15293537247163297 0.7632805219012115 0.11248149975333005 0.38769804287045667
1 0.1785890478539714 0.6262814538676608 0.023680315737543166 0.05964585274930102
0 0.18722249629995066 0.7045666356011183 0.06857424765663542 0.23299161230195714
1 0.23359644795263937 0.543336439888164 0.019240256536753823 0.048462255358807084
0 0.22940305870744943 0.6528424976700838 0.06314750863344845 0.2805219012115564
1 0.253330044400592 0.6258154706430569 0.023186975826344353 0.06803355079217148
0 0.2565367538233843 0.6952469711090401 0.11050814010853478 0.320596458527493
1 0.2794770596941293 0.684995340167754 0.023186975826344353 0.06337371854613234
0 0.2779970399605328 0.7586206896551724 0.07548100641341884 0.21621621621621623
1 0.3490379871731623 0.6947809878844362 0.024173655648741982 0.05498602050326188
0 0.3179575727676369 0.7413793103448276 0.1356684755796744 0.424044734389562
1 0.2932905772076961 0.6090400745573159 0.020226936359151456 0.05312208760484623
0 0.289590527873705 0.6784715750232991 0.06808090774543661 0.21062441752096925
1 0.3487913172175629 0.6486486486486487 0.018746916625555006 0.046598322460391424
0 0.3295510606808091 0.6891891891891891 0.07893438579181056 0.18546132339235788
1 0.35816477553034043 0.6062441752096924 0.022693635915145536 0.05684995340167754
0 0.3519980266403552 0.6910531220876048 0.06758756783423779 0.23765144454799628
1 0.3845584607794771 0.6635601118359739 0.02220029600394672 0.05778191985088537
0 0.38406512086827826 0.7343895619757689 0.06956092747903306 0.21435228331780057
1 0.3981253083374445 0.5503261882572228 0.016773556980759743 0.047530288909599254
0 0.39590527873704984 0.6677539608574091 0.05278737049827331 0.3084808946877912
1 0.41465219536260484 0.6873252562907736 0.02220029600394672 0.05871388630009319
0 0.40848544647261964 0.7334575955265611 0.06018746916625555 0.2702702702702703
1 0.44055254070054267 0.5657036346691519 0.01973359644795264 0.04473438956197577
0 0.4346324617661569 0.6654240447343895 0.06610754810064134 0.2572227399813607
1 0.45535273803650717 0.6206896551724138 0.021706956092747903 0.05964585274930102
0 0.44869264923532315 0.6933830382106244 0.05969412925505673 0.21994408201304752
1 0.4938332511100148 0.5368126747437092 0.020720276270350273 0.05032618825722274
0 0.49013320177602365 0.6407269338303822 0.055747409965466205 0.2656104380242311
1 0.49284657128761716 0.5363466915191053 0.020720276270350273 0.049394221808014914
0 0.4918598914652195 0.6318732525629077 0.06709422792303897 0.29450139794967384
1 0.5152935372471633 0.6267474370922647 0.020226936359151456 0.05312208760484623
0 0.5145535273803651 0.6798695246971109 0.07498766650222002 0.2917054986020503
1 0.4940799210656142 0.6761416589002796 0.024173655648741982 0.06616961789375582
0 0.4689195855944746 0.7679403541472507 0.13764183522446966 0.2516309412861137
1 0.5305870744943266 0.5349487418452936 0.02220029600394672 0.0521901211556384
0 0.5436605821410952 0.6425908667287977 0.07301430685742477 0.29916123019571295
1 0.5505673408978786 0.5899347623485555 0.022693635915145536 0.05778191985088537
0 0.550814010853478 0.6621621621621622 0.08238776517020227 0.32525629077353213
1 0.573754316724223 0.6127679403541473 0.021706956092747903 0.05871388630009319
0 0.584607794770597 0.6919850885368126 0.0957079427725703 0.25256290773532153
1 0.6129748396645288 0.65237651444548 0.029107054760730142 0.06523765144454799
0 0.5905278737049827 0.7348555452003728 0.14306857424765665 0.3569431500465983
1 0.600394671928959 0.5465983224603914 0.01973359644795264 0.05498602050326188
0 0.6075481006413419 0.6425908667287977 0.04785397138628515 0.2581547064305685
1 0.6470152935372472 0.5121155638397018 0.023186975826344353 0.05871388630009319
0 0.642081894425259 0.6477166821994408 0.08534780463739516 0.3299161230195713
1 0.635421805624075 0.6225535880708295 0.021706956092747903 0.05591798695246971
0 0.6346817957572768 0.7208760484622554 0.06758756783423779 0.2581547064305685
1 0.6842624568327578 0.6244175209692451 0.026640355204736062 0.05964585274930102
0 0.6615688209176123 0.7124883504193849 0.09768130241736557 0.2749301025163094
1 0.7190429205722743 0.5568499534016775 0.018253576714356193 0.047530288909599254
0 0.7057227429699062 0.6369990680335508 0.09324124321657622 0.34762348555452005
1 0.7259496793290577 0.6556383970177073 0.03206709422792304 0.0717614165890028
0 0.7128761716822891 0.7744641192917054 0.10853478046373952 0.33923578751164957
1 0.7353231376418352 0.5475302889095992 0.020226936359151456 0.05498602050326188
0 0.7380365071534287 0.6444547996272134 0.053280710409472125 0.3550792171481827
1 0.7770103601381352 0.5461323392357875 0.022693635915145536 0.06150978564771668
0 0.7792303897385299 0.6724137931034483 0.053774050320670945 0.33084808946877914
1 0.7947705969412926 0.6663560111835974 0.026640355204736062 0.07455731593662628
0 0.8051307350764677 0.7646784715750233 0.11346817957572768 0.3271202236719478
1 0.8260976813024173 0.4384902143522833 0.031080414405525406 0.06616961789375582
0 0.8290577207696103 0.6351351351351351 0.08436112481499754 0.4743709226467847
1 0.8401578687715836 0.4785647716682199 0.023680315737543166 0.05684995340167754
0 0.8315244203256044 0.5554520037278659 0.07844104588061174 0.21994408201304752
1 0.8589047853971387 0.6859273066169618 0.03552047360631475 0.07455731593662628
0 0.8500246669955599 0.7646784715750233 0.10952146028613714 0.4575955265610438
1 0.8840651208682783 0.4599254426840634 0.023680315737543166 0.05312208760484623
0 0.8867784903798718 0.5139794967381174 0.03798717316230883 0.1724137931034483
1 0.9343857918105575 0.4277726001863933 0.02960039467192896 0.07455731593662628
0 0.9161322150962012 0.625349487418453 0.10360138135175136 0.5069897483690587
1 0.9422792303897385 0.6206896551724138 0.03946719289590528 0.08760484622553588
0 0.9289590527873705 0.7311276794035415 0.142081894425259 0.5079217148182665
1 0.015786877158362113 0.4408201304753029 0.0246669955599408 0.0521901211556384
0 0.024420325604341393 0.5354147250698975 0.048840651208682785 0.2506989748369059
1 0.06314750863344845 0.4659832246039143 0.02960039467192896 0.0521901211556384
0 0.06413418845584608 0.6015843429636533 0.07498766650222002 0.33457595526561046
1 0.09102121361618155 0.5358807082945014 0.021213616181549086 0.027958993476234855
0 0.06610754810064134 0.5605778191985089 0.07794770596941293 0.08108108108108109
1 0.13394178589047853 0.4547996272134203 0.023186975826344353 0.048462255358807084
0 0.13172175629008387 0.5531220876048463 0.07005426739023186 0.3662628145386766
1 0.15046867291563887 0.4282385834109972 0.022693635915145536 0.049394221808014914
0 0.14972866304884064 0.5587138863000932 0.06660088801184016 0.32525629077353213
1 0.17809570794277257 0.43289841565703635 0.01973359644795264 0.049394221808014914
0 0.1753823384311791 0.532618825722274 0.05772076961026147 0.34762348555452005
1 0.2192895905278737 0.4175209692451072 0.01726689689195856 0.04473438956197577
0 0.22323630981746423 0.5111835973904939 0.060680809077454365 0.3662628145386766
1 0.26418352244696597 0.440354147250699 0.020226936359151456 0.047530288909599254
0 0.2619634928465713 0.5647716682199441 0.06314750863344845 0.30754892823858343
1 0.3046373951652689 0.44594594594594594 0.019240256536753823 0.047530288909599254
0 0.3063640848544647 0.5862068965517241 0.06314750863344845 0.33737185461323393
1 0.3569314257523434 0.4147250698974837 0.019240256536753823 0.046598322460391424
0 0.35841144548593984 0.5344827586206896 0.05180069067587568 0.2954333643988816
1 0.38381845091267885 0.4189189189189189 0.017760236803157376 0.047530288909599254
0 0.38529847064627526 0.5177073625349488 0.04736063147508633 0.28611369990680335
1 0.43142575234336455 0.43056849953401677 0.018253576714356193 0.04473438956197577
0 0.437099161322151 0.5372786579683131 0.05920078934385792 0.30288909599254427
1 0.48297977306364087 0.4119291705498602 0.018746916625555006 0.046598322460391424
0 0.4807597434632462 0.5079217148182665 0.04982733103108041 0.3783783783783784
1 0.5202269363591514 0.39468779123951536 0.019240256536753823 0.045666356011183594
0 0.5286137148495313 0.5195712954333644 0.07449432659102122 0.3103448275862069
1 0.5493339911198816 0.4082013047530289 0.01726689689195856 0.05032618825722274
0 0.5510606808090774 0.5209692451071761 0.05920078934385792 0.28890959925442683
1 0.5685742476566354 0.4282385834109972 0.019240256536753823 0.04193849021435228
0 0.5680809077454366 0.5400745573159367 0.05772076961026147 0.32525629077353213
1 0.5929945732609768 0.4273066169617894 0.020720276270350273 0.05312208760484623
0 0.5927479033053774 0.5335507921714818 0.045880611741489885 0.2805219012115564
1 0.6208682782437099 0.43942218080149115 0.021213616181549086 0.05312208760484623
0 0.6225949679329058 0.5358807082945014 0.04440059200789344 0.24976700838769805
1 0.6499753330044401 0.4207828518173346 0.018253576714356193 0.045666356011183594
0 0.6502220029600395 0.5386766076421249 0.05722742969906265 0.29450139794967384
1 0.6933892451899358 0.4468779123951538 0.021213616181549086 0.05684995340167754
0 0.6793290577207696 0.5740913327120224 0.08584114454859398 0.39888164026095063
1 0.7141095214602862 0.4040074557315937 0.02220029600394672 0.047530288909599254
0 0.7035027133695116 0.5661696178937559 0.10064134188455846 0.3849021435228332
1 0.7920572274296991 0.36533084808946875 0.02713369511593488 0.06337371854613234
0 0.7903305377405032 0.5228331780055918 0.11149481993093241 0.5256290773532153
1 0.9109521460286137 0.4175209692451072 0.025160335471139616 0.06710158434296365
0 0.9102121361618155 0.5549860205032618 0.07794770596941293 0.424044734389562
1 0.06808090774543661 0.3387698042870457 0.025653675382338433 0.06616961789375582
0 0.06832757770103601 0.47996272134203166 0.11988159842131228 0.3727865796831314
1 0.15540207202762704 0.4109972041006524 0.018746916625555006 0.046598322460391424
0 0.15910212136161817 0.4846225535880708 0.061667488899852 0.3504193849021435
1 0.2560434139121855 0.3960857409133271 0.01973359644795264 0.048462255358807084
0 0.2560434139121855 0.51071761416589 0.05032067094227923 0.28890959925442683
1 0.30414405525407007 0.4026095060577819 0.018253576714356193 0.04287045666356011
0 0.3031573754316724 0.5102516309412861 0.048840651208682785 0.2656104380242311
1 0.31993093241243215 0.40354147250698974 0.020226936359151456 0.04287045666356011
0 0.3211642821904292 0.5256290773532153 0.051307350764676865 0.29263746505125815
1 0.43808584114454857 0.4049394221808015 0.015786877158362113 0.04007455731593663
0 0.4282190429205723 0.5097856477166822 0.07301430685742477 0.32246039142590865
1 0.1018746916625555 0.2651444547996272 0.020226936359151456 0.05125815470643057
0 0.09422792303897386 0.4091332712022367 0.06709422792303897 0.35787511649580617
1 0.12210162802170696 0.2092264678471575 0.020226936359151456 0.049394221808014914
0 0.12111494819930932 0.34575955265610436 0.060680809077454365 0.32805219012115566
1 0.16329551060680808 0.18219944082013048 0.018746916625555006 0.04380242311276794
0 0.1480019733596448 0.2833178005591799 0.11346817957572768 0.31127679403541475
1 0.21065614208189443 0.2781919850885368 0.017760236803157376 0.04007455731593663
0 0.19930932412432165 0.3616029822926375 0.06314750863344845 0.21621621621621623
1 0.24962999506660088 0.26654240447343897 0.018746916625555006 0.04287045666356011
0 0.2506166748889985 0.3685927306616962 0.06314750863344845 0.25442684063373716
1 0.28219042920572274 0.2842497670083877 0.017760236803157376 0.04287045666356011
0 0.2831771090281204 0.363932898415657 0.05032067094227923 0.21155638397017706
1 0.3169708929452393 0.2674743709226468 0.018253576714356193 0.04100652376514446
0 0.31894425259003456 0.35181733457595527 0.05673408978786384 0.22833178005591798
1 0.37074494326591023 0.2833178005591799 0.016280217069560926 0.04100652376514446
0 0.36211149481993093 0.35787511649580617 0.0493339911198816 0.19757688723205966
1 0.39590527873704984 0.29869524697110905 0.016280217069560926 0.04193849021435228
0 0.3946719289590528 0.369524697110904 0.03749383325111001 0.2022367194780988
1 0.4077454366058214 0.25442684063373716 0.014306857424765663 0.033550792171481825
0 0.40823877651702023 0.32479030754892824 0.030093734583127776 0.18546132339235788
1 0.43389245189935866 0.26234855545200375 0.016280217069560926 0.03821062441752097
0 0.4259990133201776 0.3448275862068966 0.058707449432659105 0.21621621621621623
1 0.4664528860384805 0.2702702702702703 0.016280217069560926 0.04287045666356011
0 0.46472619634928464 0.36020503261882575 0.058214109521460285 0.22833178005591798
1 0.5157868771583621 0.2781919850885368 0.015293537247163296 0.034482758620689655
0 0.5113468179575728 0.36672879776328055 0.050814010853478045 0.22273998136067102
1 0.5527873704982733 0.26328052190121154 0.016280217069560926 0.03821062441752097
0 0.5503206709422792 0.33504193849021435 0.053774050320670945 0.2488350419384902
1 0.588307844104588 0.2595526561043802 0.018253576714356193 0.04380242311276794
0 0.5868278243709916 0.34203168685927304 0.06561420818944252 0.2255358807082945
1 0.6243216576221017 0.26654240447343897 0.01726689689195856 0.0391425908667288
0 0.6250616674888998 0.34389561975768873 0.04736063147508633 0.19757688723205966
1 0.6571287617168229 0.2646784715750233 0.016773556980759743 0.04287045666356011
0 0.6581154415392205 0.34575955265610436 0.04736063147508633 0.21062441752096925
1 0.6946225949679329 0.2707362534948742 0.018746916625555006 0.04380242311276794
0 0.6968426245683276 0.3466915191053122 0.055747409965466205 0.21994408201304752
1 0.7372964972866305 0.2637465051258155 0.018253576714356193 0.04287045666356011
0 0.738776517020227 0.3229263746505126 0.060680809077454365 0.3103448275862069
1 0.7804637395165269 0.29263746505125815 0.017760236803157376 0.04287045666356011
0 0.7824370991613222 0.3387698042870457 0.04538727183029107 0.22273998136067102
1 0.8194375925012334 0.26048462255358806 0.017760236803157376 0.04380242311276794
0 0.8258510113468179 0.3401677539608574 0.06610754810064134 0.2124883504193849
1 0.8581647755303404 0.26281453867660765 0.018253576714356193 0.04473438956197577
0 0.8635915145535273 0.33131407269338303 0.05772076961026147 0.23951537744641194
1 0.9013320177602367 0.255358807082945 0.017760236803157376 0.04100652376514446
0 0.9077454366058214 0.320596458527493 0.06413418845584608 0.320596458527493
1 0.28860384805130734 0.212022367194781 0.01480019733596448 0.03821062441752097
0 0.2868771583621115 0.27539608574091334 0.050814010853478045 0.21342031686859272
1 0.5984213122841638 0.17520969245107176 0.016773556980759743 0.035414725069897485
0 0.5981746423285644 0.26281453867660765 0.038973852984706465 0.22367194780987884
1 0.6243216576221017 0.2059645852749301 0.0123334977799704 0.02982292637465051
0 0.6255550074000986 0.26700838769804286 0.033547113961519485 0.18173345759552656
1 0.7067094227923039 0.2418452935694315 0.01726689689195856 0.04193849021435228
0 0.6975826344351258 0.30941286113699906 0.053280710409472125 0.2646784715750233
1 0.1576221016280217 0.13653308480894688 0.01726689689195856 0.04007455731593663
0 0.14849531327084362 0.24603914259086673 0.05229403058707449 0.2721342031686859
1 0.18623581647755302 0.146784715750233 0.018253576714356193 0.04193849021435228
0 0.19042920572274297 0.212022367194781 0.07202762703502713 0.32152842497670087
1 0.23260976813024173 0.17893755824790308 0.016280217069560926 0.03727865796831314
0 0.23088307844104589 0.24277726001863933 0.048347311297483965 0.2618825722273998
1 0.27257030093734586 0.1602982292637465 0.018253576714356193 0.04100652376514446
0 0.2693635915145535 0.25442684063373716 0.058214109521460285 0.23299161230195714
1 0.2819437592501233 0.13793103448275862 0.015293537247163296 0.033550792171481825
0 0.28243709916132215 0.21947809878844363 0.04785397138628515 0.2190121155638397
1 0.30833744449926 0.1766076421248835 0.015786877158362113 0.04193849021435228
0 0.3051307350764677 0.2637465051258155 0.055747409965466205 0.21994408201304752
1 0.32585101134681793 0.13653308480894688 0.014306857424765663 0.032618825722273995
0 0.3214109521460286 0.2031686859273066 0.055747409965466205 0.27958993476234856
1 0.32683769116921557 0.157502329916123 0.01726689689195856 0.0391425908667288
0 0.32511100148001976 0.2479030754892824 0.05032067094227923 0.23112767940354148
1 0.35027133695115936 0.18452935694315004 0.016773556980759743 0.04100652376514446
0 0.34805130735076467 0.25209692451071763 0.04686729156388752 0.23392357875116496
1 0.3806117414898865 0.17101584342963652 0.014306857424765663 0.03821062441752097
0 0.3818450912678836 0.244641192917055 0.056240749876665025 0.25442684063373716
1 0.40922545633941787 0.15191053122087605 0.015293537247163296 0.0391425908667288
0 0.4072520966946226 0.22693383038210624 0.05969412925505673 0.26001863932898417
1 0.4580661075481006 0.14119291705498602 0.01726689689195856 0.04380242311276794
0 0.4531327084361125 0.23578751164958062 0.04292057227429699 0.23671947809878843
1 0.4810064134188456 0.16216216216216217 0.01973359644795264 0.035414725069897485
0 0.47779970399605326 0.24743709226467847 0.038973852984706465 0.22273998136067102
1 0.4787863838184509 0.13606710158434296 0.014306857424765663 0.03727865796831314
0 0.48001973359644795 0.19757688723205966 0.07794770596941293 0.30754892823858343
1 0.5083867784903798 0.1402609506057782 0.018253576714356193 0.03821062441752097
0 0.5076467686235816 0.22833178005591798 0.03946719289590528 0.24417520969245107
1 0.5271336951159349 0.14585274930102515 0.01726689689195856 0.04193849021435228
0 0.5303404045387272 0.2418452935694315 0.04538727183029107 0.2451071761416589
1 0.5557474099654662 0.15284249767008387 0.016280217069560926 0.04100652376514446
0 0.5666008880118402 0.2320596458527493 0.058707449432659105 0.2814538676607642
1 0.5796743956586088 0.16123019571295433 0.011840157868771583 0.03168685927306617
0 0.5777010360138135 0.21528424976700838 0.03552047360631475 0.14725069897483692
1 0.5552540700542674 0.1309412861136999 0.015293537247163296 0.032618825722273995
0 0.5572274296990627 0.20177073625349487 0.058707449432659105 0.2954333643988816
1 0.6134681795757276 0.1244175209692451 0.016280217069560926 0.032618825722273995
0 0.6050814010853478 0.2059645852749301 0.058707449432659105 0.23485554520037277
1 0.628761716822891 0.146784715750233 0.01726689689195856 0.04193849021435228
0 0.6280217069560927 0.23765144454799628 0.04045387271830291 0.2385834109972041
1 0.65416872224963 0.15470643056849953 0.016773556980759743 0.04100652376514446
0 0.6558954119388258 0.2222739981360671 0.043907252096694625 0.2917054986020503
1 0.6776023680315738 0.15377446411929171 0.014306857424765663 0.046598322460391424
0 0.6706956092747903 0.23438956197576888 0.07350764676862358 0.2898415657036347
1 0.7242229896398619 0.1337371854613234 0.01480019733596448 0.03821062441752097
0 0.7276763690182536 0.21854613233923578 0.05920078934385792 0.30102516309412863
1 0.7528367044893932 0.12907735321528424 0.018746916625555006 0.04007455731593663
0 0.7548100641341885 0.2516309412861137 0.04538727183029107 0.2907735321528425
1 0.7718302910705476 0.11136999068033551 0.01726689689195856 0.04007455731593663
0 0.7701036013813517 0.22460391425908668 0.05032067094227923 0.2777260018639329
1 0.7972372964972866 0.11929170549860205 0.017760236803157376 0.03727865796831314
0 0.7873704982733103 0.2413793103448276 0.07005426739023186 0.29636533084808947
1 0.8354711396151949 0.1239515377446412 0.01726689689195856 0.04287045666356011
0 0.8490379871731623 0.23485554520037277 0.06808090774543661 0.29263746505125815
1 0.8692649235323138 0.12721342031686858 0.018746916625555006 0.04380242311276794
0 0.8754316724222989 0.24370922646784715 0.09126788357178096 0.2917054986020503
1 0.123334977799704 0.6598322460391426 0.025653675382338433 0.05778191985088537
0 0.1322150962012827 0.7166821994408201 0.10656142081894425 0.21621621621621623
1 0.41909225456339416 0.6453867660764212 0.021213616181549086 0.04380242311276794
0 0.414158855451406 0.7143522833178005 0.04489393191909225 0.18732525629077354
1 0.9395658608781451 0.3527493010251631 0.024173655648741982 0.05498602050326188
0 0.9242723236309818 0.4897483690587139 0.07844104588061174 0.3550792171481827