1 0.015 0.44333333333333336 0.0077777777777777776 0.01
0 0.012777777777777779 0.4725 0.021111111111111112 0.07166666666666667
1 0.02722222222222222 0.465 0.005555555555555556 0.006666666666666667
0 0.02722222222222222 0.4841666666666667 0.01888888888888889 0.04833333333333333
1 0.03166666666666667 0.445 0.005555555555555556 0.01
0 0.03222222222222222 0.47 0.02 0.06333333333333334
1 0.2966666666666667 0.4683333333333333 0.042222222222222223 0.06666666666666667
0 0.3283333333333333 0.6583333333333333 0.17444444444444446 0.4533333333333333
1 0.47555555555555556 0.41583333333333333 0.04888888888888889 0.075
0 0.4727777777777778 0.6883333333333334 0.14333333333333334 0.6233333333333333
1 0.6233333333333333 0.4558333333333333 0.044444444444444446 0.07833333333333334
0 0.6183333333333333 0.6833333333333333 0.14333333333333334 0.54
1 0.5772222222222222 0.4033333333333333 0.01888888888888889 0.03333333333333333
0 0.5788888888888889 0.545 0.051111111111111114 0.3333333333333333
1 0.6538888888888889 0.44916666666666666 0.025555555555555557 0.041666666666666664
0 0.6611111111111111 0.5833333333333334 0.05333333333333334 0.31666666666666665
1 0.6655555555555556 0.42 0.022222222222222223 0.03333333333333333
0 0.6622222222222223 0.5358333333333334 0.05333333333333334 0.27166666666666667
1 0.7572222222222222 0.4725 0.043333333333333335 0.06833333333333333
0 0.7666666666666667 0.6841666666666667 0.11555555555555555 0.5116666666666667
1 0.7638888888888888 0.4116666666666667 0.025555555555555557 0.05
0 0.7672222222222222 0.5608333333333333 0.08333333333333333 0.3516666666666667
1 0.7805555555555556 0.425 0.03 0.05
0 0.7783333333333333 0.56 0.06555555555555556 0.32666666666666666
1 0.8266666666666667 0.5225 0.02 0.028333333333333332
0 0.83 0.5941666666666666 0.05333333333333334 0.17833333333333334
1 0.8777777777777778 0.49583333333333335 0.02 0.03166666666666667
0 0.8644444444444445 0.5841666666666666 0.06888888888888889 0.205
1 0.885 0.44083333333333335 0.025555555555555557 0.03833333333333333
0 0.88 0.5516666666666666 0.05333333333333334 0.27
1 0.9322222222222222 0.41083333333333333 0.028888888888888888 0.051666666666666666
0 0.9155555555555556 0.5483333333333333 0.08 0.33666666666666667
1 0.9888888888888889 0.4425 0.022222222222222223 0.041666666666666664
0 0.9783333333333334 0.56 0.043333333333333335 0.27666666666666667
1 0.9877777777777778 0.4191666666666667 0.024444444444444446 0.041666666666666664
0 0.9794444444444445 0.5458333333333333 0.04111111111111111 0.295
1 0.79 0.4708333333333333 0.02666666666666667 0.045
0 0.7972222222222223 0.6008333333333333 0.09666666666666666 0.315