1 0.77 0.30877742946708464 0.22 0.335423197492163
0 0.671923076923077 0.5653082549634274 0.6561538461538462 0.8693834900731452
1 0.5734615384615385 0.3045977011494253 0.11923076923076924 0.20376175548589343
0 0.6130769230769231 0.6024033437826541 0.5292307692307693 0.7951933124346917
1 0.5703846153846154 0.3045977011494253 0.10384615384615385 0.20376175548589343
0 0.4219230769230769 0.5982236154649948 0.546923076923077 0.8035527690700105
1 0.49 0.26384535005224663 0.09846153846153846 0.21212121212121213
0 0.44769230769230767 0.5512016718913271 0.43846153846153846 0.8098223615464994
1 0.30346153846153845 0.29519331243469177 0.08846153846153847 0.16614420062695925
0 0.3019230769230769 0.5616509926854755 0.2684615384615385 0.7115987460815048
1 0.16615384615384615 0.19070010449320793 0.12461538461538461 0.24346917450365727
0 0.22576923076923078 0.4947753396029258 0.45153846153846156 0.8620689655172413