1 0.28625 0.27 0.03 0.05
0 0.279375 0.4116666666666667 0.07875 0.33666666666666667
1 0.351875 0.25833333333333336 0.02875 0.04666666666666667
0 0.355 0.4058333333333333 0.07 0.3416666666666667
1 0.415 0.26 0.0325 0.05
0 0.414375 0.4058333333333333 0.07125 0.3416666666666667
1 0.475625 0.26666666666666666 0.02875 0.04666666666666667
0 0.47625 0.4075 0.0675 0.335
1 0.538125 0.2575 0.03125 0.045
0 0.5375 0.4 0.06 0.3433333333333333
1 0.59375 0.2575 0.03 0.051666666666666666
0 0.594375 0.4008333333333333 0.06125 0.345
1 0.645 0.25916666666666666 0.025 0.04833333333333333
0 0.6475 0.40166666666666667 0.0675 0.3433333333333333
1 0.7025 0.2525 0.0275 0.045
0 0.701875 0.40166666666666667 0.05875 0.35
1 0.7625 0.2658333333333333 0.0325 0.04833333333333333
0 0.76 0.4075 0.065 0.3383333333333333
1 0.083125 0.36666666666666664 0.03125 0.05333333333333334
0 0.0975 0.5358333333333334 0.13 0.3983333333333333
1 0.138125 0.37083333333333335 0.03375 0.055
0 0.12 0.53 0.1625 0.37666666666666665
1 0.198125 0.36083333333333334 0.03375 0.051666666666666666
0 0.18125 0.5266666666666666 0.1575 0.38666666666666666
1 0.254375 0.3525 0.02875 0.051666666666666666
0 0.23875 0.5216666666666666 0.11 0.3933333333333333
1 0.30875 0.45916666666666667 0.0325 0.055
0 0.285 0.5858333333333333 0.115 0.30833333333333335
1 0.351875 0.46 0.02625 0.04666666666666667
0 0.3675 0.5816666666666667 0.0875 0.3
1 0.4275 0.435 0.03 0.056666666666666664
0 0.425625 0.5716666666666667 0.08875 0.3433333333333333
1 0.493125 0.44916666666666666 0.03125 0.055
0 0.489375 0.5791666666666667 0.08375 0.32166666666666666
1 0.55625 0.4525 0.03 0.051666666666666666
0 0.558125 0.5833333333333334 0.08125 0.31666666666666665
1 0.66875 0.37416666666666665 0.03 0.051666666666666666
0 0.660625 0.5316666666666666 0.07125 0.37333333333333335
1 0.7175 0.3575 0.0325 0.055
0 0.74 0.5183333333333333 0.125 0.38333333333333336
1 0.766875 0.36916666666666664 0.03375 0.055
0 0.77375 0.5258333333333334 0.1175 0.38166666666666665
1 0.831875 0.3591666666666667 0.03875 0.055
0 0.8225 0.5258333333333334 0.1 0.39166666666666666