1 0.2197724039829303 0.43738140417457305 0.02418207681365576 0.036053130929791274
0 0.22261735419630158 0.5341555977229602 0.07254623044096728 0.2409867172675522
1 0.2958748221906117 0.4364326375711575 0.02275960170697013 0.03795066413662239
0 0.29160739687055476 0.540796963946869 0.08819345661450925 0.25426944971537
1 0.32930298719772405 0.43548387096774194 0.02418207681365576 0.036053130929791274
0 0.310099573257468 0.5464895635673624 0.13655761024182078 0.2656546489563567
1 0.4317211948790896 0.4240986717267552 0.041251778093883355 0.058823529411764705
0 0.44594594594594594 0.5834914611005693 0.20625889046941678 0.4307400379506641
1 0.5320056899004267 0.4307400379506641 0.02275960170697013 0.03795066413662239
0 0.5199146514935988 0.5550284629981025 0.08961593172119488 0.2903225806451613
1 0.4516358463726885 0.484819734345351 0.00995732574679943 0.017077798861480076
0 0.45021337126600286 0.5218216318785579 0.032716927453769556 0.09867172675521822
1 0.5448079658605974 0.4573055028462998 0.031294452347083924 0.056925996204933584
0 0.5597439544807966 0.5872865275142315 0.16927453769559034 0.3206831119544592
1 0.6230440967283073 0.4791271347248577 0.011379800853485065 0.013282732447817837
0 0.6145092460881935 0.5218216318785579 0.034139402560455195 0.1062618595825427
1 0.6543385490753911 0.4876660341555977 0.04267425320056899 0.06451612903225806
0 0.6642958748221907 0.6555977229601518 0.1593172119487909 0.4117647058823529
1 0.7702702702702703 0.43738140417457305 0.032716927453769556 0.04743833017077799
0 0.7603129445234709 0.5863377609108159 0.10099573257467995 0.35294117647058826
1 0.7681365576102418 0.4629981024667932 0.025604551920341393 0.03795066413662239
0 0.7788051209103841 0.6005692599620494 0.13513513513513514 0.3092979127134725