1 0.04753722794959908 0.2089928057553957 0.09507445589919816 0.06690647482014389
0 0.12943871706758306 0.4330935251798561 0.2588774341351661 0.5223021582733813
1 0.5063001145475372 0.1237410071942446 0.15349369988545247 0.14388489208633093
0 0.5698739977090492 0.46870503597122304 0.6174112256586484 0.8496402877697842
1 0.09392898052691867 0.22338129496402878 0.054982817869415807 0.045323741007194246
0 0.09163802978235967 0.34928057553956837 0.1466208476517755 0.3258992805755396
1 0.16895761741122567 0.24496402877697843 0.05154639175257732 0.038129496402877695
0 0.17697594501718214 0.3643884892086331 0.13402061855670103 0.2971223021582734
1 0.23367697594501718 0.2276978417266187 0.0572737686139748 0.04820143884892086
0 0.25945017182130586 0.35035971223021584 0.15463917525773196 0.3035971223021583
1 0.20962199312714777 0.09928057553956834 0.043528064146620846 0.03884892086330935
0 0.22966781214203894 0.20467625899280575 0.10652920962199312 0.258273381294964
1 0.2869415807560137 0.12194244604316547 0.053837342497136315 0.039568345323741004
0 0.30584192439862545 0.23201438848920863 0.11912943871706758 0.2798561151079137
1 0.6053837342497136 0.2223021582733813 0.053837342497136315 0.04028776978417266
0 0.5985108820160366 0.37158273381294965 0.23940435280641467 0.36762589928057554
1 0.7646048109965635 0.23129496402877697 0.049255441008018326 0.03669064748201439
0 0.7531500572737686 0.3449640287769784 0.15005727376861397 0.2712230215827338