1 0.03266666666666666 0.7053333333333334 0.06533333333333333 0.06133333333333333
0 0.060222222222222226 0.8363333333333334 0.12044444444444445 0.3273333333333333
1 0.05533333333333333 0.6771666666666667 0.06088888888888889 0.050333333333333334
0 0.08777777777777777 0.8253333333333334 0.1711111111111111 0.34933333333333333
1 0.2137777777777778 0.6645 0.020444444444444446 0.01633333333333333
0 0.214 0.7238333333333333 0.06533333333333333 0.13766666666666666
1 0.2131111111111111 0.6653333333333333 0.017333333333333333 0.013333333333333334
0 0.22333333333333333 0.721 0.09288888888888888 0.12933333333333333
1 0.22777777777777777 0.6566666666666666 0.006666666666666667 0.006666666666666667
0 0.22866666666666666 0.6725 0.02266666666666667 0.042333333333333334
1 0.2806666666666667 0.6581666666666667 0.02266666666666667 0.019666666666666666
0 0.2791111111111111 0.714 0.048 0.14133333333333334
1 0.36377777777777776 0.6908333333333333 0.028 0.025666666666666667
0 0.346 0.7381666666666666 0.11866666666666667 0.123
1 0.4271111111111111 0.6528333333333334 0.008888888888888889 0.007
0 0.4282222222222222 0.6725 0.021777777777777778 0.04833333333333333
1 0.8484444444444444 0.697 0.03911111111111111 0.028
0 0.878 0.7845 0.14533333333333334 0.20966666666666667
1 0.8453333333333334 0.697 0.032 0.028
0 0.8706666666666667 0.7936666666666666 0.09422222222222222 0.222
1 0.5755555555555556 0.6553333333333333 0.0071111111111111115 0.006
0 0.5793333333333334 0.6785 0.02711111111111111 0.05566666666666667
1 0.6137777777777778 0.6536666666666666 0.010666666666666666 0.008
0 0.6186666666666667 0.6776666666666666 0.028444444444444446 0.05733333333333333
1 0.6455555555555555 0.6568333333333334 0.008444444444444444 0.007666666666666666
0 0.6442222222222223 0.6801666666666667 0.029777777777777778 0.05566666666666667
1 0.6517777777777778 0.6471666666666667 0.006666666666666667 0.005666666666666667
0 0.6517777777777778 0.6683333333333333 0.01911111111111111 0.04933333333333333
1 0.67 0.6535 0.007555555555555556 0.006333333333333333
0 0.6697777777777778 0.6716666666666666 0.021333333333333333 0.044
1 0.7351111111111112 0.6565 0.010666666666666666 0.007666666666666666
0 0.7353333333333333 0.6793333333333333 0.028 0.054
1 0.7722222222222223 0.6591666666666667 0.010222222222222223 0.007666666666666666
0 0.7751111111111111 0.6828333333333333 0.030222222222222223 0.057666666666666665
1 0.7815555555555556 0.673 0.017333333333333333 0.026
0 0.7815555555555556 0.673 0.017333333333333333 0.026
1 0.7888888888888889 0.6566666666666666 0.009777777777777778 0.008666666666666666
0 0.792 0.6791666666666667 0.024 0.055
1 0.8226666666666667 0.6536666666666666 0.009777777777777778 0.008666666666666666
0 0.8268888888888889 0.6805 0.03155555555555556 0.06366666666666666
1 0.20244444444444445 0.6578333333333334 0.007555555555555556 0.006333333333333333
0 0.19844444444444445 0.676 0.026222222222222223 0.04133333333333333