1 0.828076923076923 0.5705329153605015 0.023846153846153847 0.03761755485893417
0 0.8353846153846154 0.6739811912225705 0.08 0.2507836990595611
1 0.7138461538461538 0.5679205851619644 0.026153846153846153 0.04075235109717868
0 0.7107692307692308 0.6933124346917451 0.10153846153846154 0.2998955067920585
1 0.6926923076923077 0.5637408568443051 0.025384615384615384 0.04075235109717868
0 0.703076923076923 0.6687565308254964 0.06307692307692307 0.26541274817136884
1 0.635 0.5663531870428422 0.023846153846153847 0.03134796238244514
0 0.6307692307692307 0.6567398119122257 0.06769230769230769 0.22466039707419017
1 0.5753846153846154 0.5768025078369906 0.02 0.035527690700104496
0 0.5861538461538461 0.6677115987460815 0.09384615384615384 0.22570532915360503
1 0.38461538461538464 0.5626959247648903 0.023076923076923078 0.042842215256008356
0 0.40115384615384614 0.6828631138975967 0.10692307692307693 0.29571577847439917
1 0.24461538461538462 0.5501567398119123 0.026153846153846153 0.04075235109717868
0 0.26153846153846155 0.6880877742946708 0.10461538461538461 0.3207941483803553
1 0.14 0.5151515151515151 0.03538461538461538 0.04806687565308255
0 0.145 0.6755485893416928 0.10076923076923076 0.3834900731452456
1 0.09653846153846155 0.589864158829676 0.01769230769230769 0.030303030303030304
0 0.08307692307692308 0.670846394984326 0.06153846153846154 0.19644723092998956
1 0.4296153846153846 0.554858934169279 0.019230769230769232 0.03343782654127482
0 0.41346153846153844 0.654649947753396 0.09 0.23719958202716823