1 0.014598540145985401 0.42961165048543687 0.019464720194647202 0.024271844660194174
0 0.015815085158150853 0.4587378640776699 0.031630170316301706 0.08737864077669903
1 0.03527980535279805 0.4308252427184466 0.021897810218978103 0.02669902912621359
0 0.029197080291970802 0.4672330097087379 0.043795620437956206 0.10436893203883495
1 0.0681265206812652 0.404126213592233 0.019464720194647202 0.021844660194174758
0 0.0705596107055961 0.4441747572815534 0.0535279805352798 0.11165048543689321
1 0.027980535279805353 0.49271844660194175 0.021897810218978103 0.024271844660194174
0 0.0267639902676399 0.5364077669902912 0.0535279805352798 0.1262135922330097
1 0.040145985401459854 0.47451456310679613 0.0170316301703163 0.021844660194174758
0 0.032846715328467155 0.4963592233009709 0.031630170316301706 0.07524271844660194
1 0.0535279805352798 0.49393203883495146 0.019464720194647202 0.02669902912621359
0 0.05596107055961071 0.5182038834951457 0.0340632603406326 0.08495145631067962
1 0.06934306569343066 0.47936893203883496 0.0170316301703163 0.021844660194174758
0 0.06569343065693431 0.5036407766990292 0.0340632603406326 0.07524271844660194
1 0.07542579075425791 0.5060679611650486 0.019464720194647202 0.021844660194174758
0 0.07177615571776155 0.5533980582524272 0.05596107055961071 0.1262135922330097
1 0.0851581508515815 0.49514563106796117 0.019464720194647202 0.024271844660194174
0 0.08029197080291971 0.5279126213592233 0.043795620437956206 0.09951456310679611
1 0.1386861313868613 0.5097087378640777 0.019464720194647202 0.024271844660194174
0 0.13990267639902676 0.5461165048543689 0.046228710462287104 0.10194174757281553
1 0.15085158150851583 0.5327669902912622 0.019464720194647202 0.021844660194174758
0 0.14841849148418493 0.5703883495145631 0.038929440389294405 0.10679611650485436
1 0.16058394160583941 0.5461165048543689 0.024330900243309004 0.02912621359223301
0 0.1678832116788321 0.5776699029126213 0.0535279805352798 0.12135922330097088
1 0.04744525547445255 0.5509708737864077 0.021897810218978103 0.03398058252427184
0 0.051094890510948905 0.6322815533980582 0.0681265206812652 0.20145631067961164
1 0.06569343065693431 0.5825242718446602 0.019464720194647202 0.024271844660194174
0 0.06447688564476886 0.6577669902912622 0.08029197080291971 0.18446601941747573
1 0.09975669099756691 0.5533980582524272 0.024330900243309004 0.02912621359223301
0 0.10097323600973236 0.6359223300970874 0.05596107055961071 0.19902912621359223
1 0.13017031630170317 0.5485436893203883 0.0267639902676399 0.02912621359223301
0 0.13260340632603407 0.6395631067961165 0.07542579075425791 0.220873786407767
1 0.16058394160583941 0.5461165048543689 0.024330900243309004 0.02912621359223301
0 0.15936739659367397 0.6019417475728155 0.046228710462287104 0.14563106796116504
1 0.1873479318734793 0.5546116504854369 0.024330900243309004 0.03155339805825243
0 0.18491484184914841 0.6395631067961165 0.072992700729927 0.21601941747572814
1 0.20802919708029197 0.5169902912621359 0.021897810218978103 0.024271844660194174
0 0.20072992700729927 0.5594660194174758 0.046228710462287104 0.11893203883495146
1 0.23114355231143552 0.5012135922330098 0.019464720194647202 0.02669902912621359
0 0.22871046228710462 0.5388349514563107 0.038929440389294405 0.10679611650485436
1 0.25304136253041365 0.5254854368932039 0.019464720194647202 0.02669902912621359
0 0.25060827250608275 0.5594660194174758 0.0340632603406326 0.10436893203883495
1 0.2749391727493917 0.5242718446601942 0.024330900243309004 0.02912621359223301
0 0.2773722627737226 0.5800970873786407 0.0535279805352798 0.14563106796116504
1 0.21897810218978103 0.5449029126213593 0.024330900243309004 0.02669902912621359
0 0.21776155717761558 0.6104368932038835 0.046228710462287104 0.16262135922330098
1 0.22506082725060828 0.5655339805825242 0.021897810218978103 0.024271844660194174
0 0.22871046228710462 0.6310679611650486 0.043795620437956206 0.16019417475728157
1 0.2542579075425791 0.5570388349514563 0.0267639902676399 0.03155339805825243
0 0.2518248175182482 0.6407766990291263 0.0705596107055961 0.2087378640776699
1 0.2846715328467153 0.5594660194174758 0.019464720194647202 0.021844660194174758
0 0.2822384428223844 0.6383495145631068 0.038929440389294405 0.18932038834951456
1 0.3077858880778589 0.5606796116504854 0.0267639902676399 0.02912621359223301
0 0.3102189781021898 0.6444174757281553 0.06082725060827251 0.20631067961165048
1 0.3150851581508516 0.5303398058252428 0.021897810218978103 0.02669902912621359
0 0.31386861313868614 0.5679611650485437 0.0340632603406326 0.11165048543689321
1 0.3381995133819951 0.5351941747572816 0.024330900243309004 0.03155339805825243
0 0.340632603406326 0.5995145631067961 0.04866180048661801 0.16990291262135923
1 0.3588807785888078 0.5266990291262136 0.021897810218978103 0.024271844660194174
0 0.3588807785888078 0.5788834951456311 0.0413625304136253 0.1383495145631068
1 0.37834549878345497 0.5303398058252428 0.021897810218978103 0.02669902912621359
0 0.38686131386861317 0.5983009708737864 0.0535279805352798 0.16747572815533981
1 0.36009732360097324 0.5594660194174758 0.029197080291970802 0.03155339805825243
0 0.36253041362530414 0.6456310679611651 0.0681265206812652 0.2087378640776699
1 0.4245742092457421 0.5388349514563107 0.0267639902676399 0.03398058252427184
0 0.4233576642335766 0.633495145631068 0.072992700729927 0.22815533980582525
1 0.4075425790754258 0.5242718446601942 0.021897810218978103 0.02912621359223301
0 0.4075425790754258 0.5631067961165048 0.0364963503649635 0.11650485436893204
1 0.4318734793187348 0.5169902912621359 0.0170316301703163 0.02912621359223301
0 0.43309002433090027 0.5849514563106796 0.038929440389294405 0.1650485436893204
1 0.45498783454987834 0.5145631067961165 0.019464720194647202 0.024271844660194174
0 0.45498783454987834 0.5946601941747572 0.043795620437956206 0.18932038834951456
1 0.4829683698296837 0.5109223300970874 0.021897810218978103 0.02669902912621359
0 0.4793187347931874 0.5606796116504854 0.043795620437956206 0.13592233009708737
1 0.5060827250608273 0.5145631067961165 0.019464720194647202 0.02912621359223301
0 0.5060827250608273 0.566747572815534 0.038929440389294405 0.14320388349514562
1 0.5279805352798054 0.5036407766990292 0.024330900243309004 0.02669902912621359
0 0.5316301703163017 0.5594660194174758 0.046228710462287104 0.14805825242718446
1 0.4732360097323601 0.5594660194174758 0.021897810218978103 0.02669902912621359
0 0.4768856447688564 0.6371359223300971 0.0535279805352798 0.19174757281553398
1 0.48661800486618007 0.5412621359223301 0.024330900243309004 0.02912621359223301
0 0.4902676399026764 0.625 0.06082725060827251 0.20631067961165048
1 0.5182481751824818 0.5497572815533981 0.024330900243309004 0.02669902912621359
0 0.5182481751824818 0.6322815533980582 0.058394160583941604 0.20145631067961164
1 0.5425790754257908 0.5436893203883495 0.024330900243309004 0.024271844660194174
0 0.5352798053527981 0.6201456310679612 0.0535279805352798 0.18689320388349515
1 0.5717761557177615 0.5461165048543689 0.024330900243309004 0.02912621359223301
0 0.572992700729927 0.6286407766990292 0.0705596107055961 0.20388349514563106
1 0.5547445255474452 0.5182038834951457 0.019464720194647202 0.02669902912621359
0 0.5583941605839416 0.5740291262135923 0.031630170316301706 0.14805825242718446
1 0.5766423357664233 0.5145631067961165 0.019464720194647202 0.024271844660194174
0 0.5766423357664233 0.5655339805825242 0.0340632603406326 0.13592233009708737
1 0.5924574209245742 0.5194174757281553 0.021897810218978103 0.02912621359223301
0 0.5924574209245742 0.5679611650485437 0.0364963503649635 0.13592233009708737
1 0.6119221411192214 0.5121359223300971 0.021897810218978103 0.024271844660194174
0 0.6131386861313869 0.558252427184466 0.038929440389294405 0.1262135922330097
1 0.6338199513381995 0.5194174757281553 0.021897810218978103 0.02912621359223301
0 0.6326034063260341 0.5716019417475728 0.043795620437956206 0.14320388349514562
1 0.6082725060827251 0.5449029126213593 0.024330900243309004 0.02669902912621359
0 0.6131386861313869 0.6189320388349514 0.058394160583941604 0.18932038834951456
1 0.656934306569343 0.5351941747572816 0.024330900243309004 0.02669902912621359
0 0.6532846715328468 0.6152912621359223 0.06082725060827251 0.19174757281553398
1 0.6995133819951338 0.5400485436893204 0.021897810218978103 0.02669902912621359
0 0.7019464720194647 0.6177184466019418 0.06082725060827251 0.19174757281553398
1 0.732360097323601 0.5012135922330098 0.019464720194647202 0.021844660194174758
0 0.732360097323601 0.5631067961165048 0.04866180048661801 0.1553398058252427
1 0.7141119221411192 0.5218446601941747 0.021897810218978103 0.024271844660194174
0 0.7153284671532847 0.5970873786407767 0.0340632603406326 0.18446601941747573
1 0.7335766423357665 0.5242718446601942 0.0267639902676399 0.02912621359223301
0 0.732360097323601 0.5898058252427184 0.0535279805352798 0.16990291262135923
1 0.7627737226277372 0.5133495145631068 0.021897810218978103 0.02669902912621359
0 0.7688564476885644 0.5703883495145631 0.04866180048661801 0.14563106796116504
1 0.7469586374695864 0.5436893203883495 0.019464720194647202 0.02912621359223301
0 0.7445255474452555 0.6262135922330098 0.07785888077858881 0.2087378640776699
1 0.8065693430656934 0.5133495145631068 0.021897810218978103 0.02669902912621359
0 0.8077858880778589 0.566747572815534 0.038929440389294405 0.14320388349514562
1 0.8211678832116789 0.5182038834951457 0.021897810218978103 0.02669902912621359
0 0.8223844282238443 0.5728155339805825 0.038929440389294405 0.15048543689320387
1 0.8503649635036497 0.5145631067961165 0.021897810218978103 0.02912621359223301
0 0.8564476885644768 0.5752427184466019 0.038929440389294405 0.1553398058252427
1 0.8807785888077859 0.5339805825242718 0.019464720194647202 0.024271844660194174
0 0.878345498783455 0.5740291262135923 0.043795620437956206 0.14805825242718446
1 0.7956204379562044 0.5436893203883495 0.024330900243309004 0.02912621359223301
0 0.8004866180048662 0.6286407766990292 0.058394160583941604 0.20388349514563106
1 0.8284671532846716 0.5400485436893204 0.0267639902676399 0.02669902912621359
0 0.8272506082725061 0.6092233009708737 0.0535279805352798 0.16990291262135923
1 0.8260340632603407 0.5776699029126213 0.0267639902676399 0.02912621359223301
0 0.829683698296837 0.6516990291262136 0.06326034063260341 0.19174757281553398
1 0.8527980535279805 0.5521844660194175 0.0267639902676399 0.02669902912621359
0 0.8467153284671532 0.6237864077669902 0.04866180048661801 0.17475728155339806
1 0.8832116788321168 0.5339805825242718 0.024330900243309004 0.02912621359223301
0 0.8807785888077859 0.6116504854368932 0.058394160583941604 0.18932038834951456
1 0.9111922141119222 0.5388349514563107 0.021897810218978103 0.02912621359223301
0 0.9136253041362531 0.6067961165048543 0.05596107055961071 0.17475728155339806
1 0.8819951338199513 0.5776699029126213 0.0267639902676399 0.02912621359223301
0 0.8832116788321168 0.6529126213592233 0.0681265206812652 0.18446601941747573
1 0.9245742092457421 0.4817961165048544 0.019464720194647202 0.021844660194174758
0 0.9257907542579076 0.5242718446601942 0.0413625304136253 0.11165048543689321
1 0.9343065693430657 0.5097087378640777 0.024330900243309004 0.024271844660194174
0 0.9355231143552312 0.5521844660194175 0.051094890510948905 0.11893203883495146
1 0.962287104622871 0.47451456310679613 0.021897810218978103 0.02669902912621359
0 0.9586374695863747 0.5182038834951457 0.038929440389294405 0.12378640776699029
1 0.9829683698296837 0.4878640776699029 0.024330900243309004 0.02912621359223301
0 0.9829683698296837 0.5339805825242718 0.0340632603406326 0.1262135922330097
1 0.9610705596107056 0.537621359223301 0.024330900243309004 0.02669902912621359
0 0.9635036496350365 0.5946601941747572 0.0681265206812652 0.15048543689320387
1 0.9549878345498783 0.5521844660194175 0.021897810218978103 0.02669902912621359
0 0.9574209245742092 0.6383495145631068 0.06569343065693431 0.2087378640776699
1 0.9732360097323601 0.39927184466019416 0.019464720194647202 0.021844660194174758
0 0.9768856447688564 0.42475728155339804 0.046228710462287104 0.0825242718446602
1 0.9330900243309003 0.38349514563106796 0.0170316301703163 0.024271844660194174
0 0.9379562043795621 0.4223300970873786 0.0364963503649635 0.10679611650485436
1 0.9184914841849149 0.3883495145631068 0.0170316301703163 0.019417475728155338
0 0.9184914841849149 0.4199029126213592 0.0413625304136253 0.09223300970873786
1 0.8929440389294404 0.36893203883495146 0.019464720194647202 0.024271844660194174
0 0.8929440389294404 0.4077669902912621 0.043795620437956206 0.10679611650485436
1 0.8722627737226277 0.3774271844660194 0.0170316301703163 0.021844660194174758
0 0.8686131386861314 0.4174757281553398 0.038929440389294405 0.11165048543689321
1 0.8381995133819952 0.3567961165048544 0.0170316301703163 0.024271844660194174
0 0.8418491484184915 0.41019417475728154 0.043795620437956206 0.13592233009708737
1 0.8077858880778589 0.3628640776699029 0.019464720194647202 0.02669902912621359
0 0.8029197080291971 0.41383495145631066 0.04866180048661801 0.1383495145631068
1 0.7798053527980535 0.3640776699029126 0.0170316301703163 0.024271844660194174
0 0.7773722627737226 0.41383495145631066 0.0364963503649635 0.13349514563106796
1 0.754257907542579 0.3628640776699029 0.019464720194647202 0.02669902912621359
0 0.7554744525547445 0.41140776699029125 0.046228710462287104 0.13349514563106796
1 0.732360097323601 0.3640776699029126 0.019464720194647202 0.019417475728155338
0 0.7311435523114356 0.41383495145631066 0.0413625304136253 0.12378640776699029
1 0.7141119221411192 0.3580097087378641 0.0170316301703163 0.021844660194174758
0 0.7116788321167883 0.40898058252427183 0.0413625304136253 0.12864077669902912
1 0.6885644768856448 0.3725728155339806 0.019464720194647202 0.021844660194174758
0 0.6861313868613139 0.4162621359223301 0.038929440389294405 0.11407766990291263
1 0.6788321167883211 0.3628640776699029 0.019464720194647202 0.021844660194174758
0 0.6776155717761557 0.41019417475728154 0.0413625304136253 0.12135922330097088
1 0.656934306569343 0.36650485436893204 0.019464720194647202 0.019417475728155338
0 0.6532846715328468 0.41140776699029125 0.0413625304136253 0.12378640776699029
1 0.648418491484185 0.3640776699029126 0.0170316301703163 0.019417475728155338
0 0.6447688564476886 0.41262135922330095 0.038929440389294405 0.1262135922330097
1 0.6228710462287105 0.3592233009708738 0.019464720194647202 0.024271844660194174
0 0.6204379562043796 0.41262135922330095 0.043795620437956206 0.1407766990291262
1 0.38564476885644766 0.3762135922330097 0.0170316301703163 0.019417475728155338
0 0.38564476885644766 0.4223300970873786 0.0413625304136253 0.1262135922330097
1 0.3734793187347932 0.3616504854368932 0.0170316301703163 0.024271844660194174
0 0.37834549878345497 0.4065533980582524 0.046228710462287104 0.11893203883495146
1 0.3515815085158151 0.38106796116504854 0.021897810218978103 0.024271844660194174
0 0.35036496350364965 0.42475728155339804 0.043795620437956206 0.11650485436893204
1 0.34793187347931875 0.3628640776699029 0.019464720194647202 0.021844660194174758
0 0.34793187347931875 0.41140776699029125 0.038929440389294405 0.12378640776699029
1 0.3309002433090024 0.3725728155339806 0.019464720194647202 0.021844660194174758
0 0.32968369829683697 0.4199029126213592 0.0364963503649635 0.1262135922330097
1 0.305352798053528 0.36893203883495146 0.0170316301703163 0.024271844660194174
0 0.3077858880778589 0.4199029126213592 0.051094890510948905 0.13592233009708737
1 0.2749391727493917 0.3786407766990291 0.019464720194647202 0.024271844660194174
0 0.2749391727493917 0.42475728155339804 0.04866180048661801 0.12135922330097088
1 0.24817518248175183 0.36771844660194175 0.019464720194647202 0.021844660194174758
0 0.2518248175182482 0.4186893203883495 0.0364963503649635 0.12864077669902912
1 0.21776155717761558 0.375 0.021897810218978103 0.021844660194174758
0 0.21776155717761558 0.4223300970873786 0.046228710462287104 0.1262135922330097
1 0.19951338199513383 0.3725728155339806 0.014598540145985401 0.021844660194174758
0 0.19951338199513383 0.4211165048543689 0.04866180048661801 0.12864077669902912
1 0.1922141119221411 0.3883495145631068 0.019464720194647202 0.024271844660194174
0 0.19099756690997566 0.42839805825242716 0.0364963503649635 0.10922330097087378
1 0.17396593673965938 0.3786407766990291 0.0170316301703163 0.019417475728155338
0 0.17274939172749393 0.42597087378640774 0.038929440389294405 0.11893203883495146
1 0.14720194647201945 0.38349514563106796 0.0170316301703163 0.019417475728155338
0 0.1411192214111922 0.4308252427184466 0.0535279805352798 0.11893203883495146
1 0.12530413625304138 0.38470873786407767 0.0170316301703163 0.021844660194174758
0 0.12287104622871046 0.42718446601941745 0.0413625304136253 0.11650485436893204
1 0.10827250608272507 0.39563106796116504 0.0170316301703163 0.019417475728155338
0 0.1070559610705596 0.4405339805825243 0.04866180048661801 0.11407766990291263