1 0.016666666666666666 0.900373599003736 0.02 0.024906600249066
0 0.0675 0.900373599003736 0.12833333333333333 0.049813200498132
1 0.05541666666666667 0.9078455790784558 0.020833333333333332 0.0224159402241594
0 0.09333333333333334 0.9103362391033624 0.11 0.034869240348692404
1 0.09916666666666667 0.8816936488169365 0.02 0.037359900373599
0 0.16708333333333333 0.8997509339975094 0.15916666666666668 0.0759651307596513
1 0.46208333333333335 0.8829389788293898 0.0175 0.034869240348692404
0 0.5195833333333333 0.8872976338729763 0.1525 0.048567870485678705
1 0.44333333333333336 0.861145703611457 0.016666666666666666 0.026151930261519303
0 0.4825 0.8742216687422167 0.10166666666666667 0.05977584059775841
1 0.41833333333333333 0.8704856787048568 0.018333333333333333 0.034869240348692404
0 0.4579166666666667 0.8754669987546699 0.1225 0.062266500622665005
1 0.7620833333333333 0.8835616438356164 0.0225 0.0361145703611457
0 0.77625 0.9159402241594022 0.1025 0.11083437110834371
1 0.685 0.8929016189290162 0.018333333333333333 0.0273972602739726
0 0.7270833333333333 0.9215442092154421 0.1125 0.0896637608966376
1 0.7379166666666667 0.8985056039850561 0.0175 0.021170610211706103
0 0.7966666666666666 0.9047322540473225 0.15333333333333332 0.038605230386052306
1 0.9108333333333334 0.9508094645080947 0.021666666666666667 0.038605230386052306
0 0.9433333333333334 0.9620174346201743 0.11333333333333333 0.0660024906600249
1 0.9375 0.7154420921544209 0.018333333333333333 0.033623910336239106
0 0.9308333333333333 0.798879202988792 0.041666666666666664 0.2054794520547945
1 0.8770833333333333 0.7808219178082192 0.0125 0.019925280199252802
0 0.8854166666666666 0.8057285180572852 0.0325 0.0722291407222914
1 0.9966666666666667 0.663760896637609 0.006666666666666667 0.012453300124533
0 0.9929166666666667 0.6924034869240349 0.014166666666666666 0.074719800747198
1 0.9741666666666666 0.6488169364881694 0.006666666666666667 0.012453300124533
0 0.9725 0.678082191780822 0.013333333333333334 0.0759651307596513
1 0.96125 0.636986301369863 0.005833333333333334 0.008717310087173101
0 0.9633333333333334 0.6650062266500623 0.018333333333333333 0.06724782067247821
1 0.9479166666666666 0.6606475716064757 0.009166666666666667 0.0161892901618929
0 0.9479166666666666 0.7017434620174346 0.029166666666666667 0.10336239103362391
1 0.9445833333333333 0.6301369863013698 0.005833333333333334 0.009962640099626401
0 0.9466666666666667 0.6537982565379825 0.015 0.062266500622665005
1 0.8920833333333333 0.7216687422166874 0.010833333333333334 0.0161892901618929
0 0.9020833333333333 0.7378580323785803 0.0525 0.05603985056039851
1 0.90375 0.7173100871731009 0.0125 0.017434620174346202
0 0.9108333333333334 0.7328767123287672 0.03833333333333333 0.053549190535491904
1 0.9066666666666666 0.6674968866749689 0.008333333333333333 0.014943960149439602
0 0.91125 0.7073474470734745 0.024166666666666666 0.099626400996264
1 0.9266666666666666 0.663760896637609 0.006666666666666667 0.009962640099626401
0 0.9191666666666667 0.6811955168119551 0.023333333333333334 0.049813200498132
1 0.8929166666666667 0.6463262764632628 0.005833333333333334 0.009962640099626401
0 0.8941666666666667 0.674346201743462 0.018333333333333333 0.0684931506849315
1 0.88 0.6500622665006227 0.006666666666666667 0.009962640099626401
0 0.8791666666666667 0.6793275217932753 0.016666666666666666 0.07098381070983811
1 0.8675 0.6500622665006227 0.006666666666666667 0.009962640099626401
0 0.8679166666666667 0.6811955168119551 0.019166666666666665 0.07721046077210461
1 0.8720833333333333 0.7129514321295143 0.0075 0.0112079701120797
0 0.8775 0.7235367372353674 0.03666666666666667 0.049813200498132
1 0.8516666666666667 0.6668742216687422 0.016666666666666666 0.031133250311332503
0 0.8466666666666667 0.7334993773349938 0.03833333333333333 0.1643835616438356
1 0.85 0.6550435865504358 0.006666666666666667 0.009962640099626401
0 0.8516666666666667 0.686799501867995 0.016666666666666666 0.0759651307596513
1 0.8366666666666667 0.6463262764632628 0.008333333333333333 0.012453300124533
0 0.8333333333333334 0.6874221668742216 0.023333333333333334 0.09713574097135741
1 0.8279166666666666 0.6481942714819428 0.009166666666666667 0.0161892901618929
0 0.82375 0.688667496886675 0.029166666666666667 0.099626400996264
1 0.8070833333333334 0.7310087173100872 0.010833333333333334 0.017434620174346202
0 0.8258333333333333 0.7415940224159402 0.05 0.0460772104607721
1 0.7945833333333333 0.6793275217932753 0.015833333333333335 0.028642590286425903
0 0.7954166666666667 0.7353673723536738 0.034166666666666665 0.15317559153175592
1 0.7870833333333334 0.6556662515566625 0.010833333333333334 0.021170610211706103
0 0.78625 0.6955168119551681 0.025833333333333333 0.10336239103362391
1 0.77625 0.6544209215442092 0.010833333333333334 0.0186799501867995
0 0.7758333333333334 0.6980074719800747 0.02666666666666667 0.1133250311332503
1 0.74375 0.6463262764632628 0.010833333333333334 0.0224159402241594
0 0.73375 0.7036114570361146 0.04583333333333333 0.14196762141967623
1 0.7583333333333333 0.7665006226650062 0.011666666666666667 0.0186799501867995
0 0.7716666666666666 0.790161892901619 0.065 0.07098381070983811
1 0.7495833333333334 0.7621419676214197 0.0125 0.024906600249066
0 0.7483333333333333 0.7839352428393525 0.03666666666666667 0.07347447073474471
1 0.735 0.7428393524283935 0.011666666666666667 0.021170610211706103
0 0.74375 0.7665006226650062 0.035833333333333335 0.0759651307596513
1 0.6929166666666666 0.7833125778331258 0.015833333333333335 0.014943960149439602
0 0.71125 0.7727272727272727 0.0625 0.043586550435865505
1 0.7075 0.7160647571606475 0.01 0.017434620174346202
0 0.7291666666666666 0.727895392278954 0.055 0.043586550435865505
1 0.7095833333333333 0.6239103362391034 0.005833333333333334 0.009962640099626401
0 0.70875 0.6438356164383562 0.010833333333333334 0.052303860523038606
1 0.7304166666666667 0.6201743462017435 0.005833333333333334 0.009962640099626401
0 0.72875 0.6407222914072229 0.014166666666666666 0.053549190535491904
1 0.7454166666666666 0.6245330012453301 0.005833333333333334 0.008717310087173101
0 0.7466666666666667 0.6450809464508095 0.011666666666666667 0.052303860523038606
1 0.65625 0.736612702366127 0.0075 0.0112079701120797
0 0.6775 0.7310087173100872 0.058333333333333334 0.037359900373599
1 0.6608333333333334 0.6768368617683687 0.0033333333333333335 0.0037359900373599006
0 0.6604166666666667 0.6899128268991283 0.009166666666666667 0.039850560398505604
1 0.57375 0.7565379825653799 0.009166666666666667 0.0186799501867995
0 0.5991666666666666 0.7665006226650062 0.07 0.043586550435865505
1 0.60125 0.6475716064757161 0.014166666666666666 0.024906600249066
0 0.5991666666666666 0.7048567870485679 0.028333333333333332 0.14196762141967623
1 0.6395833333333333 0.6612702366127023 0.0125 0.024906600249066
0 0.6325 0.7092154420921544 0.04833333333333333 0.12577833125778332
1 0.6175 0.6432129514321295 0.006666666666666667 0.0112079701120797
0 0.6195833333333334 0.6668742216687422 0.0125 0.058530510585305104
1 0.6504166666666666 0.6214196762141968 0.004166666666666667 0.007471980074719801
0 0.65125 0.635118306351183 0.0125 0.039850560398505604
1 0.63 0.6158156911581569 0.005 0.008717310087173101
0 0.6304166666666666 0.6344956413449564 0.020833333333333332 0.048567870485678705
1 0.6441666666666667 0.6077210460772104 0.005 0.007471980074719801
0 0.6429166666666667 0.6226650062266501 0.010833333333333334 0.039850560398505604
1 0.65375 0.6089663760896638 0.004166666666666667 0.007471980074719801
0 0.6529166666666667 0.6220423412204235 0.009166666666666667 0.0361145703611457
1 0.5891666666666666 0.6245330012453301 0.006666666666666667 0.008717310087173101
0 0.59 0.6488169364881694 0.018333333333333333 0.05977584059775841
1 0.61625 0.6737235367372354 0.0075 0.012453300124533
0 0.6158333333333333 0.684931506849315 0.025 0.037359900373599
1 0.5675 0.6183063511830635 0.006666666666666667 0.0112079701120797
0 0.5679166666666666 0.6419676214196762 0.015833333333333335 0.06351183063511831
1 0.55125 0.6251556662515566 0.005833333333333334 0.009962640099626401
0 0.5516666666666666 0.6469489414694894 0.016666666666666666 0.058530510585305104
1 0.52625 0.6712328767123288 0.009166666666666667 0.014943960149439602
0 0.53 0.6861768368617683 0.03666666666666667 0.049813200498132
1 0.5791666666666667 0.7166874221668742 0.011666666666666667 0.021170610211706103
0 0.5954166666666667 0.7334993773349938 0.050833333333333335 0.05977584059775841
1 0.5104166666666666 0.6201743462017435 0.010833333333333334 0.017434620174346202
0 0.5066666666666667 0.6625155666251556 0.018333333333333333 0.10709838107098381
1 0.4945833333333333 0.7067247820672479 0.010833333333333334 0.0186799501867995
0 0.4891666666666667 0.7247820672478207 0.04666666666666667 0.0647571606475716
1 0.52125 0.6220423412204235 0.005833333333333334 0.0112079701120797
0 0.5266666666666666 0.6525529265255293 0.018333333333333333 0.07721046077210461
1 0.5308333333333334 0.6214196762141968 0.0033333333333333335 0.007471980074719801
0 0.5316666666666666 0.6432129514321295 0.018333333333333333 0.058530510585305104
1 0.41125 0.7129514321295143 0.0125 0.021170610211706103
0 0.41875 0.7391033623910336 0.06416666666666666 0.0759651307596513
1 0.4370833333333333 0.6836861768368617 0.0125 0.024906600249066
0 0.44958333333333333 0.7222914072229141 0.049166666666666664 0.10709838107098381
1 0.4525 0.6955168119551681 0.01 0.0186799501867995
0 0.45708333333333334 0.724159402241594 0.035833333333333335 0.0784557907845579
1 0.41208333333333336 0.6811955168119551 0.009166666666666667 0.014943960149439602
0 0.40708333333333335 0.7185554171855542 0.024166666666666666 0.09713574097135741
1 0.35291666666666666 0.7858032378580324 0.014166666666666666 0.017434620174346202
0 0.385 0.7801992528019925 0.08333333333333333 0.033623910336239106
1 0.3754166666666667 0.7945205479452054 0.014166666666666666 0.014943960149439602
0 0.4091666666666667 0.7914072229140723 0.085 0.021170610211706103
1 0.4216666666666667 0.6070983810709838 0.005 0.0062266500622665
0 0.4216666666666667 0.6220423412204235 0.011666666666666667 0.043586550435865505
1 0.41 0.6264009962640099 0.006666666666666667 0.009962640099626401
0 0.41208333333333336 0.6569115815691158 0.024166666666666666 0.07347447073474471
1 0.3525 0.6500622665006227 0.008333333333333333 0.017434620174346202
0 0.3570833333333333 0.6656288916562889 0.0375 0.05105853051058531
1 0.33375 0.6033623910336239 0.005833333333333334 0.0112079701120797
0 0.33166666666666667 0.6282689912826899 0.02 0.0684931506849315
1 0.30916666666666665 0.5946450809464509 0.0033333333333333335 0.0062266500622665
0 0.3104166666666667 0.6089663760896638 0.009166666666666667 0.037359900373599
1 0.31166666666666665 0.613947696139477 0.008333333333333333 0.014943960149439602
0 0.31583333333333335 0.6469489414694894 0.021666666666666667 0.08343711083437111
1 0.30291666666666667 0.6693648816936488 0.0125 0.0161892901618929
0 0.3104166666666667 0.6830635118306351 0.0475 0.0460772104607721
1 0.2991666666666667 0.6014943960149439 0.006666666666666667 0.012453300124533
0 0.29791666666666666 0.6344956413449564 0.020833333333333332 0.08343711083437111
1 0.2833333333333333 0.6058530510585305 0.01 0.0161892901618929
0 0.2866666666666667 0.6425902864259029 0.021666666666666667 0.09713574097135741
1 0.27625 0.6089663760896638 0.004166666666666667 0.007471980074719801
0 0.27666666666666667 0.6301369863013698 0.013333333333333334 0.052303860523038606
1 0.29583333333333334 0.7254047322540473 0.01 0.0136986301369863
0 0.33 0.7247820672478207 0.085 0.0273972602739726
1 0.25625 0.6027397260273972 0.0075 0.012453300124533
0 0.25333333333333335 0.6295143212951432 0.018333333333333333 0.0759651307596513
1 0.26375 0.6070983810709838 0.005833333333333334 0.008717310087173101
0 0.2679166666666667 0.6251556662515566 0.014166666666666666 0.047322540473225407
1 0.25083333333333335 0.6550435865504358 0.008333333333333333 0.012453300124533
0 0.25416666666666665 0.6687422166874222 0.03 0.0448318804483188
1 0.23875 0.6463262764632628 0.0075 0.012453300124533
0 0.23875 0.6575342465753424 0.029166666666666667 0.04234122042341221
1 0.23041666666666666 0.6033623910336239 0.005833333333333334 0.008717310087173101
0 0.22916666666666666 0.6245330012453301 0.015 0.053549190535491904
1 0.22 0.6058530510585305 0.005 0.008717310087173101
0 0.21791666666666668 0.6207970112079702 0.010833333333333334 0.043586550435865505
1 0.21166666666666667 0.5946450809464509 0.005 0.0062266500622665
0 0.21208333333333335 0.6176836861768369 0.0125 0.057285180572851806
1 0.19125 0.5902864259028643 0.005833333333333334 0.009962640099626401
0 0.18875 0.613947696139477 0.019166666666666665 0.05977584059775841
1 0.17791666666666667 0.5927770859277709 0.004166666666666667 0.007471980074719801
0 0.17875 0.6064757160647571 0.009166666666666667 0.037359900373599
1 0.15875 0.5971357409713575 0.004166666666666667 0.0062266500622665
0 0.15916666666666668 0.612079701120797 0.011666666666666667 0.0410958904109589
1 0.15375 0.5965130759651308 0.005833333333333334 0.009962640099626401
0 0.15458333333333332 0.6127023661270237 0.0125 0.0448318804483188
1 0.1425 0.5946450809464509 0.005 0.008717310087173101
0 0.1425 0.6108343711083437 0.008333333333333333 0.043586550435865505
1 0.13291666666666666 0.5971357409713575 0.004166666666666667 0.0062266500622665
0 0.13208333333333333 0.6133250311332503 0.010833333333333334 0.0410958904109589
1 0.11958333333333333 0.5896637608966376 0.004166666666666667 0.0062266500622665
0 0.11958333333333333 0.6083437110834371 0.014166666666666666 0.0460772104607721
1 0.3954166666666667 0.7322540473225405 0.009166666666666667 0.017434620174346202
0 0.38 0.7391033623910336 0.05 0.0361145703611457
1 0.20708333333333334 0.8586550435865504 0.015833333333333335 0.023661270236612703
0 0.2654166666666667 0.861145703611457 0.13916666666666666 0.0410958904109589
1 0.2575 0.8082191780821918 0.015 0.0273972602739726
0 0.29375 0.8306351183063512 0.10083333333333333 0.0896637608966376
1 0.25333333333333335 0.6836861768368617 0.016666666666666666 0.0273972602739726
0 0.25666666666666665 0.7534246575342466 0.03333333333333333 0.1718555417185554
1 0.195 0.772104607721046 0.013333333333333334 0.0224159402241594
0 0.21291666666666667 0.8026151930261519 0.060833333333333336 0.0859277708592777
1 0.21958333333333332 0.7341220423412205 0.0125 0.0186799501867995
0 0.22833333333333333 0.7602739726027398 0.051666666666666666 0.07347447073474471
1 0.14041666666666666 0.7254047322540473 0.009166666666666667 0.0161892901618929
0 0.12458333333333334 0.7783312577833126 0.04416666666666667 0.1295143212951432
1 0.006666666666666667 0.8312577833125778 0.013333333333333334 0.0161892901618929
0 0.06666666666666667 0.8312577833125778 0.13333333333333333 0.0361145703611457
1 0.08416666666666667 0.7926525529265255 0.015 0.023661270236612703
0 0.11791666666666667 0.8001245330012453 0.0975 0.05105853051058531
1 0.2 0.702988792029888 0.011666666666666667 0.021170610211706103
0 0.1775 0.7297633872976339 0.06166666666666667 0.07970112079701121
1 0.20791666666666667 0.6232876712328768 0.010833333333333334 0.0186799501867995
0 0.20916666666666667 0.6724782067247821 0.018333333333333333 0.11955168119551682
1 0.18125 0.635118306351183 0.009166666666666667 0.014943960149439602
0 0.18416666666666667 0.6768368617683687 0.021666666666666667 0.10336239103362391
1 0.16041666666666668 0.638854296388543 0.010833333333333334 0.017434620174346202
0 0.16166666666666665 0.6768368617683687 0.023333333333333334 0.0958904109589041
1 0.10333333333333333 0.6650062266500623 0.011666666666666667 0.017434620174346202
0 0.10625 0.7247820672478207 0.035833333333333335 0.14694894146948942
1 0.07583333333333334 0.6899128268991283 0.01 0.017434620174346202
0 0.08208333333333333 0.7079701120797012 0.035833333333333335 0.05603985056039851
1 0.08416666666666667 0.6095890410958904 0.008333333333333333 0.0136986301369863
0 0.07958333333333334 0.6457036114570361 0.024166666666666666 0.09090909090909091
1 0.057916666666666665 0.6363636363636364 0.005833333333333334 0.009962640099626401
0 0.05875 0.6494396014943961 0.025833333333333333 0.038605230386052306
1 0.10041666666666667 0.5790784557907845 0.005833333333333334 0.009962640099626401
0 0.1 0.6039850560398505 0.025 0.0647571606475716
1 0.11958333333333333 0.5703611457036114 0.0025 0.0049813200498132005
0 0.12 0.5797011207970112 0.008333333333333333 0.028642590286425903
1 0.08708333333333333 0.5828144458281445 0.004166666666666667 0.0049813200498132005
0 0.08541666666666667 0.5946450809464509 0.010833333333333334 0.033623910336239106
1 0.07125 0.5809464508094645 0.004166666666666667 0.0062266500622665
0 0.07083333333333333 0.5927770859277709 0.01 0.0323785803237858
1 0.06916666666666667 0.5703611457036114 0.006666666666666667 0.024906600249066
0 0.06916666666666667 0.5703611457036114 0.006666666666666667 0.024906600249066
1 0.46416666666666667 0.5697384806973848 0.0033333333333333335 0.0062266500622665
0 0.46291666666666664 0.5803237858032378 0.0075 0.029887920298879204
1 0.47 0.574719800747198 0.006666666666666667 0.023661270236612703
0 0.47 0.574719800747198 0.006666666666666667 0.023661270236612703