1 0.07089947089947089 0.5341269841269841 0.08888888888888889 0.173015873015873
0 0.1164021164021164 0.7158730158730159 0.2328042328042328 0.5682539682539682
1 0.2037037037037037 0.5373015873015873 0.07301587301587302 0.11904761904761904
0 0.21746031746031746 0.7301587301587301 0.25502645502645505 0.5396825396825397
1 0.21164021164021163 0.4238095238095238 0.06984126984126984 0.12063492063492064
0 0.1746031746031746 0.6698412698412698 0.17777777777777778 0.6603174603174603
1 0.34444444444444444 0.44761904761904764 0.06031746031746032 0.11746031746031746
0 0.32751322751322753 0.6896825396825397 0.15978835978835979 0.6206349206349207
1 0.46296296296296297 0.3952380952380952 0.05396825396825397 0.11428571428571428
0 0.4492063492063492 0.6666666666666666 0.15132275132275133 0.6666666666666666
1 0.5370370370370371 0.523015873015873 0.06878306878306878 0.12222222222222222
0 0.5259259259259259 0.7253968253968254 0.1544973544973545 0.5492063492063493
1 0.5259259259259259 0.40793650793650793 0.05502645502645503 0.10476190476190476
0 0.5084656084656085 0.6753968253968254 0.14497354497354498 0.6492063492063492
1 0.6317460317460317 0.4365079365079365 0.05291005291005291 0.10476190476190476
0 0.6232804232804233 0.6888888888888889 0.1544973544973545 0.6222222222222222
1 0.6 0.5126984126984127 0.05291005291005291 0.1111111111111111
0 0.6074074074074074 0.726984126984127 0.12275132275132275 0.546031746031746
1 0.7195767195767195 0.49206349206349204 0.05502645502645503 0.12380952380952381
0 0.719047619047619 0.7111111111111111 0.17883597883597885 0.5777777777777777
1 0.792063492063492 0.5079365079365079 0.04973544973544974 0.10793650793650794
0 0.7724867724867724 0.7214285714285714 0.17566137566137566 0.5571428571428572
1 0.8703703703703703 0.44603174603174606 0.06666666666666667 0.11428571428571428
0 0.8862433862433863 0.6880952380952381 0.18306878306878308 0.6238095238095238
1 0.9597883597883597 0.44206349206349205 0.04021164021164021 0.06825396825396825
0 0.9455026455026455 0.6468253968253969 0.10687830687830688 0.5