1 0.09447337962962964 0.24629080118694363 0.07494212962962964 0.1254768969902501
0 0.09071180555555555 0.5614667231877914 0.1814236111111111 0.7795676133955066
1 0.12210648148148148 0.42136498516320475 0.10243055555555555 0.18058499364137345
0 0.1511863425925926 0.6568461212378126 0.3023726851851852 0.6863077575243748
1 0.2834201388888889 0.25052988554472233 0.04716435185185185 0.10173802458668928
0 0.2611400462962963 0.52988554472234 0.1947337962962963 0.7113183552352692
1 0.24739583333333334 0.34633319203052143 0.06655092592592593 0.1288681644764731
0 0.28125 0.5288257736328953 0.2332175925925926 0.5498092412039
1 0.34794560185185186 0.3969902501059771 0.07957175925925926 0.1649003815175922
0 0.36226851851851855 0.6114879186095803 0.28761574074074076 0.6812208562950403
1 0.4513888888888889 0.43959304790165327 0.09664351851851852 0.1949978804578211
0 0.41030092592592593 0.6593895718524798 0.5005787037037037 0.6812208562950403
1 0.6170428240740741 0.4970326409495549 0.12413194444444445 0.27257312420517166
0 0.6642071759259259 0.668927511657482 0.45630787037037035 0.662144976685036
1 0.9217303240740741 0.3122085629504027 0.10445601851851852 0.19118270453582026
0 0.8949652777777778 0.5972869860110216 0.21006944444444445 0.8054260279779568
1 0.8078703703703703 0.3361593895718525 0.08622685185185185 0.15769393810936838
0 0.8355034722222222 0.6201780415430267 0.2271412037037037 0.7596439169139466
1 0.6924189814814815 0.33721916066129715 0.07233796296296297 0.13692242475625266
0 0.703125 0.6250529885544722 0.2048611111111111 0.7498940228910556
1 0.5603298611111112 0.3482407799915218 0.06278935185185185 0.12590080542602797
0 0.55859375 0.5818143281051293 0.15653935185185186 0.6133955065705807
1 0.4409722222222222 0.30839338702840186 0.05787037037037037 0.11318355235269181
0 0.4369212962962963 0.5816023738872403 0.1550925925925926 0.6935142009325985