1 0.035 0.18611111111111112 0.07 0.11444444444444445
0 0.12458333333333334 0.5633333333333334 0.24916666666666668 0.8733333333333333
1 0.28708333333333336 0.2783333333333333 0.0825 0.11222222222222222
0 0.28708333333333336 0.6061111111111112 0.3125 0.7877777777777778
1 0.11208333333333333 0.1661111111111111 0.08416666666666667 0.12555555555555556
0 0.1125 0.4872222222222222 0.15333333333333332 0.7811111111111111
1 0.16458333333333333 0.1411111111111111 0.04416666666666667 0.08222222222222222
0 0.17 0.385 0.09666666666666666 0.5811111111111111
1 0.23666666666666666 0.13555555555555557 0.04 0.07777777777777778
0 0.23416666666666666 0.3283333333333333 0.09 0.5144444444444445
1 0.3104166666666667 0.1322222222222222 0.059166666666666666 0.08888888888888889
0 0.30625 0.36944444444444446 0.14416666666666667 0.57
1 0.3729166666666667 0.14833333333333334 0.04083333333333333 0.06555555555555556
0 0.3804166666666667 0.37166666666666665 0.10083333333333333 0.5477777777777778
1 0.5058333333333334 0.13777777777777778 0.06833333333333333 0.12
0 0.46541666666666665 0.4477777777777778 0.1525 0.7577777777777778
1 0.8195833333333333 0.17722222222222223 0.07916666666666666 0.13444444444444445
0 0.7679166666666667 0.5227777777777778 0.30916666666666665 0.8388888888888889
1 0.7079166666666666 0.14333333333333334 0.06916666666666667 0.10888888888888888
0 0.7220833333333333 0.4777777777777778 0.14583333333333334 0.7977777777777778
1 0.53625 0.1272222222222222 0.0525 0.07444444444444444
0 0.5383333333333333 0.3983333333333333 0.14166666666666666 0.6188888888888889