1 0.2225 0.613125 0.056666666666666664 0.10875
0 0.23 0.7775 0.275 0.445
1 0.2629166666666667 0.518125 0.05416666666666667 0.08625
0 0.2604166666666667 0.694375 0.1725 0.44125
1 0.029583333333333333 0.648125 0.059166666666666666 0.12375
0 0.11583333333333333 0.790625 0.23166666666666666 0.41875
1 0.022916666666666665 0.490625 0.04583333333333333 0.07375
0 0.0875 0.65625 0.175 0.41
1 0.05125 0.455625 0.0475 0.06875
0 0.07833333333333334 0.564375 0.155 0.30125
1 0.032916666666666664 0.405625 0.04583333333333333 0.05625
0 0.08291666666666667 0.51375 0.16583333333333333 0.2775
1 0.0725 0.403125 0.03333333333333333 0.05375
0 0.10166666666666667 0.48375 0.12166666666666667 0.2275
1 0.07208333333333333 0.376875 0.030833333333333334 0.05375
0 0.10416666666666667 0.465625 0.12 0.24125
1 0.23958333333333334 0.46625 0.049166666666666664 0.095
0 0.24166666666666667 0.58375 0.145 0.33
1 0.24791666666666667 0.4175 0.0475 0.065
0 0.22833333333333333 0.543125 0.13666666666666666 0.32125
1 0.21666666666666667 0.395625 0.03333333333333333 0.06375
0 0.215 0.485 0.10833333333333334 0.2575
1 0.21916666666666668 0.3075 0.016666666666666666 0.0275
0 0.2175 0.36625 0.085 0.1525
1 0.24041666666666667 0.295 0.020833333333333332 0.035
0 0.23458333333333334 0.344375 0.0625 0.14625
1 0.28833333333333333 0.30125 0.016666666666666666 0.025
0 0.28791666666666665 0.35625 0.049166666666666664 0.1475
1 0.35125 0.296875 0.019166666666666665 0.03125
0 0.35125 0.36625 0.0575 0.1775
1 0.3375 0.29875 0.015 0.0325
0 0.33666666666666667 0.345625 0.045 0.13375
1 0.39166666666666666 0.29125 0.016666666666666666 0.0325
0 0.39458333333333334 0.34625 0.0475 0.15
1 0.41041666666666665 0.29375 0.019166666666666665 0.0325
0 0.40958333333333335 0.36 0.059166666666666666 0.1725
1 0.44916666666666666 0.29125 0.018333333333333333 0.035
0 0.445 0.34375 0.04666666666666667 0.1475
1 0.49541666666666667 0.28875 0.015833333333333335 0.03
0 0.49375 0.331875 0.04083333333333333 0.12875
1 0.4529166666666667 0.3775 0.03916666666666667 0.0675
0 0.4691666666666667 0.51 0.12166666666666667 0.3375
1 0.42125 0.376875 0.034166666666666665 0.06125
0 0.4325 0.47875 0.10833333333333334 0.2775
1 0.39375 0.351875 0.029166666666666667 0.05375
0 0.3975 0.449375 0.09166666666666666 0.25875
1 0.3825 0.338125 0.025 0.05125
0 0.3745833333333333 0.4325 0.0725 0.2575
1 0.59375 0.385 0.034166666666666665 0.0575
0 0.5845833333333333 0.49625 0.09416666666666666 0.29
1 0.5266666666666666 0.368125 0.028333333333333332 0.05125
0 0.5258333333333334 0.484375 0.09 0.28875
1 0.51125 0.35375 0.0275 0.0525
0 0.52 0.435625 0.08666666666666667 0.22625
1 0.47333333333333333 0.329375 0.02666666666666667 0.04625
0 0.4683333333333333 0.408125 0.08166666666666667 0.21125
1 0.7670833333333333 0.51125 0.05583333333333333 0.0825
0 0.7458333333333333 0.668125 0.19 0.40375
1 0.7466666666666667 0.43375 0.043333333333333335 0.08
0 0.7404166666666666 0.554375 0.14083333333333334 0.32625
1 0.875 0.47625 0.045 0.08
0 0.8558333333333333 0.613125 0.14833333333333334 0.36625
1 0.9341666666666667 0.398125 0.035 0.06625
0 0.9129166666666667 0.519375 0.12416666666666666 0.31625
1 0.8108333333333333 0.426875 0.04 0.06625
0 0.8216666666666667 0.566875 0.105 0.35875
1 0.73625 0.35 0.029166666666666667 0.0475
0 0.7283333333333334 0.44875 0.11333333333333333 0.27
1 0.6575 0.35625 0.03333333333333333 0.0575
0 0.6554166666666666 0.44875 0.11583333333333333 0.24
1 0.65125 0.321875 0.0225 0.03875
0 0.66 0.409375 0.08833333333333333 0.22375
1 0.6020833333333333 0.34 0.025833333333333333 0.045
0 0.6091666666666666 0.42 0.08833333333333333 0.2125
1 0.5758333333333333 0.328125 0.025 0.04375
0 0.57625 0.396875 0.08583333333333333 0.18375
1 0.5475 0.32 0.02 0.04
0 0.5445833333333333 0.378125 0.0725 0.16125
1 0.62375 0.310625 0.020833333333333332 0.03375
0 0.6233333333333333 0.383125 0.06833333333333333 0.18875
1 0.5966666666666667 0.3075 0.021666666666666667 0.0325
0 0.60125 0.373125 0.07083333333333333 0.17375
1 0.56375 0.29875 0.0175 0.035
0 0.56 0.361875 0.065 0.16875
1 0.5441666666666667 0.289375 0.018333333333333333 0.03375
0 0.5441666666666667 0.346875 0.07166666666666667 0.16125
1 0.54625 0.32 0.020833333333333332 0.035
0 0.5220833333333333 0.373125 0.0725 0.15125
1 0.28833333333333333 0.301875 0.018333333333333333 0.02875
0 0.28791666666666665 0.351875 0.049166666666666664 0.14125