1 0.13558201058201058 0.2634698275862069 0.1388888888888889 0.13469827586206898
0 0.16468253968253968 0.5657327586206896 0.32407407407407407 0.7435344827586207
1 0.32671957671957674 0.17025862068965517 0.1164021164021164 0.1271551724137931
0 0.3478835978835979 0.45635775862068967 0.2777777777777778 0.7209051724137931
1 0.44047619047619047 0.375 0.12433862433862433 0.1400862068965517
0 0.4398148148148148 0.6260775862068966 0.2605820105820106 0.6573275862068966
1 0.5767195767195767 0.11745689655172414 0.13227513227513227 0.14439655172413793
0 0.5992063492063492 0.4234913793103448 0.2777777777777778 0.7801724137931034
1 0.701058201058201 0.31950431034482757 0.1402116402116402 0.1476293103448276
0 0.6951058201058201 0.6142241379310345 0.3425925925925926 0.7521551724137931
1 0.8505291005291006 0.09482758620689655 0.13756613756613756 0.14224137931034483
0 0.8406084656084656 0.45905172413793105 0.31613756613756616 0.8879310344827587