1 0.7852941176470588 0.49333333333333335 0.03529411764705882 0.06222222222222222
0 0.8007352941176471 0.6088888888888889 0.11911764705882352 0.3022222222222222
1 0.6955882352941176 0.49666666666666665 0.03529411764705882 0.06444444444444444
0 0.7029411764705882 0.6211111111111111 0.12352941176470589 0.32222222222222224
1 0.6058823529411764 0.49777777777777776 0.03529411764705882 0.06666666666666667
0 0.6154411764705883 0.6288888888888889 0.10147058823529412 0.3333333333333333
1 0.5257352941176471 0.4988888888888889 0.039705882352941174 0.07333333333333333
0 0.5308823529411765 0.6333333333333333 0.11176470588235295 0.3511111111111111
1 0.44926470588235295 0.5144444444444445 0.03676470588235294 0.07777777777777778
0 0.4485294117647059 0.6511111111111111 0.07941176470588235 0.36444444444444446
1 0.3816176470588235 0.49333333333333335 0.039705882352941174 0.07111111111111111
0 0.37279411764705883 0.6388888888888888 0.09558823529411764 0.36666666666666664
1 0.2911764705882353 0.5155555555555555 0.03823529411764706 0.06666666666666667
0 0.28161764705882353 0.6611111111111111 0.12205882352941176 0.36666666666666664
1 0.19558823529411765 0.5055555555555555 0.03529411764705882 0.06888888888888889
0 0.19852941176470587 0.65 0.08823529411764706 0.36666666666666664
1 0.13308823529411765 0.5144444444444445 0.039705882352941174 0.07777777777777778
0 0.13455882352941176 0.6488888888888888 0.11029411764705882 0.35555555555555557
1 0.04485294117647059 0.5211111111111111 0.04264705882352941 0.07333333333333333
0 0.05955882352941176 0.6644444444444444 0.11911764705882352 0.3688888888888889
1 0.020588235294117647 0.2911111111111111 0.03823529411764706 0.06666666666666667
0 0.04044117647058824 0.43555555555555553 0.08088235294117647 0.36444444444444446
1 0.04191176470588235 0.26666666666666666 0.030882352941176472 0.05333333333333334
0 0.0375 0.40555555555555556 0.075 0.34
1 0.09044117647058823 0.2688888888888889 0.030882352941176472 0.05333333333333334
0 0.08088235294117647 0.41888888888888887 0.08235294117647059 0.3711111111111111
1 0.13161764705882353 0.2866666666666667 0.033823529411764704 0.06222222222222222
0 0.1338235294117647 0.4255555555555556 0.07058823529411765 0.35333333333333333
1 0.13897058823529412 0.25333333333333335 0.027941176470588237 0.04888888888888889
0 0.13602941176470587 0.4122222222222222 0.075 0.3711111111111111
1 0.18676470588235294 0.27444444444444444 0.03529411764705882 0.05555555555555555
0 0.18529411764705883 0.41 0.07058823529411765 0.34
1 0.22426470588235295 0.2811111111111111 0.033823529411764704 0.06
0 0.22426470588235295 0.4166666666666667 0.0661764705882353 0.33111111111111113
1 0.27058823529411763 0.3011111111111111 0.03235294117647059 0.06444444444444444
0 0.2713235294117647 0.4311111111111111 0.0661764705882353 0.3333333333333333
1 0.2036764705882353 0.25 0.027941176470588237 0.051111111111111114
0 0.2051470588235294 0.39444444444444443 0.06911764705882353 0.34444444444444444
1 0.26029411764705884 0.2577777777777778 0.029411764705882353 0.04888888888888889
0 0.2595588235294118 0.37666666666666665 0.06323529411764706 0.2911111111111111
1 0.29926470588235293 0.27444444444444444 0.033823529411764704 0.05555555555555555
0 0.3014705882352941 0.4122222222222222 0.06764705882352941 0.3488888888888889
1 0.3463235294117647 0.26555555555555554 0.033823529411764704 0.051111111111111114
0 0.34558823529411764 0.4077777777777778 0.08235294117647059 0.3488888888888889
1 0.325 0.26666666666666666 0.026470588235294117 0.04888888888888889
0 0.3264705882352941 0.3977777777777778 0.06470588235294118 0.31555555555555553
1 0.4176470588235294 0.2544444444444444 0.029411764705882353 0.06
0 0.4139705882352941 0.4033333333333333 0.08970588235294118 0.3711111111111111
1 0.4485294117647059 0.28444444444444444 0.029411764705882353 0.057777777777777775
0 0.44779411764705884 0.4122222222222222 0.06911764705882353 0.32222222222222224
1 0.44338235294117645 0.24444444444444444 0.027941176470588237 0.05333333333333334
0 0.4411764705882353 0.37444444444444447 0.07647058823529412 0.33111111111111113
1 0.4919117647058823 0.2722222222222222 0.027941176470588237 0.051111111111111114
0 0.4875 0.41444444444444445 0.07794117647058824 0.34444444444444444
1 0.5139705882352941 0.2577777777777778 0.025 0.05333333333333334
0 0.5147058823529411 0.3977777777777778 0.06764705882352941 0.3422222222222222
1 0.5264705882352941 0.26222222222222225 0.023529411764705882 0.04888888888888889
0 0.5257352941176471 0.4011111111111111 0.057352941176470586 0.33555555555555555
1 0.5617647058823529 0.25 0.03235294117647059 0.06
0 0.5595588235294118 0.4066666666666667 0.10441176470588236 0.38666666666666666
1 0.6522058823529412 0.25333333333333335 0.030882352941176472 0.06222222222222222
0 0.649264705882353 0.40555555555555556 0.09558823529411764 0.37555555555555553
1 0.7205882352941176 0.29777777777777775 0.029411764705882353 0.06666666666666667
0 0.7132352941176471 0.43777777777777777 0.07647058823529412 0.35555555555555557
1 0.7889705882352941 0.3055555555555556 0.03676470588235294 0.05555555555555555
0 0.7867647058823529 0.45222222222222225 0.08529411764705883 0.35777777777777775
1 0.8529411764705882 0.26222222222222225 0.03529411764705882 0.07111111111111111
0 0.8485294117647059 0.44222222222222224 0.10294117647058823 0.4488888888888889
1 0.8897058823529411 0.33444444444444443 0.03529411764705882 0.05555555555555555
0 0.899264705882353 0.48444444444444446 0.15735294117647058 0.36444444444444446
1 0.9154411764705882 0.3433333333333333 0.039705882352941174 0.06444444444444444
0 0.9191176470588235 0.5233333333333333 0.1 0.43333333333333335
1 0.9367647058823529 0.25333333333333335 0.03823529411764706 0.07555555555555556
0 0.9389705882352941 0.43666666666666665 0.10441176470588236 0.45111111111111113
1 0.7492647058823529 0.2822222222222222 0.033823529411764704 0.04888888888888889
0 0.7426470588235294 0.4444444444444444 0.08823529411764706 0.38222222222222224
1 0.7764705882352941 0.2688888888888889 0.029411764705882353 0.057777777777777775
0 0.7794117647058824 0.4222222222222222 0.08235294117647059 0.37333333333333335
1 0.7205882352941176 0.23555555555555555 0.029411764705882353 0.05333333333333334
0 0.7125 0.37666666666666665 0.08088235294117647 0.34
1 0.5985294117647059 0.25333333333333335 0.029411764705882353 0.05333333333333334
0 0.5992647058823529 0.3933333333333333 0.06911764705882353 0.3422222222222222