1 0.14666666666666667 0.3718518518518519 0.057777777777777775 0.10074074074074074
0 0.1622222222222222 0.58 0.1511111111111111 0.5496296296296296
1 0.3894444444444444 0.1037037037037037 0.06777777777777778 0.11851851851851852
0 0.3383333333333333 0.4577777777777778 0.2677777777777778 0.8444444444444444
1 0.44722222222222224 0.35703703703703704 0.05444444444444444 0.09481481481481481
0 0.45111111111111113 0.5785185185185185 0.13111111111111112 0.5496296296296296
1 0.625 0.2674074074074074 0.07 0.12
0 0.5661111111111111 0.5318518518518518 0.2588888888888889 0.6785185185185185
1 0.6677777777777778 0.33555555555555555 0.08 0.12296296296296297
0 0.6627777777777778 0.6355555555555555 0.1922222222222222 0.7288888888888889
1 0.7672222222222222 0.31925925925925924 0.07888888888888888 0.12
0 0.7688888888888888 0.6237037037037036 0.17555555555555555 0.7466666666666667