1 0.9444444444444444 0.7203947368421053 0.009259259259259259 0.01644736842105263
0 0.9449074074074074 0.7631578947368421 0.026851851851851852 0.11513157894736842
1 0.9708333333333333 0.71875 0.008333333333333333 0.01644736842105263
0 0.9708333333333333 0.7615131578947368 0.026851851851851852 0.10855263157894737
1 0.7074074074074074 0.709703947368421 0.012962962962962963 0.02138157894736842
0 0.7138888888888889 0.765625 0.03888888888888889 0.14638157894736842
1 0.687962962962963 0.7129934210526315 0.011111111111111112 0.02138157894736842
0 0.6888888888888889 0.7631578947368421 0.03333333333333333 0.13157894736842105
1 0.5662037037037037 0.7368421052631579 0.008333333333333333 0.013157894736842105
0 0.5689814814814815 0.774671052631579 0.023148148148148147 0.09539473684210527
1 0.5453703703703704 0.7598684210526315 0.005555555555555556 0.009868421052631578
0 0.5458333333333333 0.7861842105263158 0.021296296296296296 0.06907894736842106
1 0.5263888888888889 0.7615131578947368 0.006481481481481481 0.013157894736842105
0 0.5212962962962963 0.7870065789473685 0.018518518518518517 0.07401315789473684
1 0.5023148148148148 0.6973684210526315 0.012037037037037037 0.023026315789473683
0 0.5032407407407408 0.7730263157894737 0.03796296296296296 0.18092105263157895
1 0.49027777777777776 0.7236842105263158 0.008333333333333333 0.01644736842105263
0 0.49074074074074076 0.765625 0.027777777777777776 0.12006578947368421
1 0.4666666666666667 0.727796052631579 0.009259259259259259 0.018092105263157895
0 0.462037037037037 0.7713815789473685 0.027777777777777776 0.11842105263157894
1 0.4166666666666667 0.7261513157894737 0.007407407407407408 0.018092105263157895
0 0.41944444444444445 0.7779605263157895 0.03333333333333333 0.12828947368421054
1 0.3384259259259259 0.6858552631578947 0.013888888888888888 0.02631578947368421
0 0.3375 0.7639802631578947 0.03611111111111111 0.19901315789473684
1 0.3925925925925926 0.40131578947368424 0.040740740740740744 0.0756578947368421
0 0.3453703703703704 0.5748355263157895 0.19074074074074074 0.7976973684210527
1 0.05416666666666667 0.7549342105263158 0.008333333333333333 0.01644736842105263
0 0.06111111111111111 0.7837171052631579 0.046296296296296294 0.07730263157894737
1 0.026851851851851852 0.7393092105263158 0.007407407407407408 0.018092105263157895
0 0.03657407407407407 0.7754934210526315 0.032407407407407406 0.10032894736842106
1 0.022685185185185187 0.7245065789473685 0.010185185185185186 0.018092105263157895
0 0.02175925925925926 0.7705592105263158 0.025 0.11677631578947369
1 0.004629629629629629 0.7368421052631579 0.005555555555555556 0.013157894736842105
0 0.008796296296296297 0.7730263157894737 0.017592592592592594 0.08881578947368421
1 0.03935185185185185 0.7639802631578947 0.006481481481481481 0.011513157894736841
0 0.04259259259259259 0.7886513157894737 0.02962962962962963 0.06743421052631579