1 0.4745 0.38099467140319715 0.015 0.037300177619893425
0 0.4775 0.4715808170515098 0.047 0.2255772646536412
1 0.187 0.40852575488454707 0.018 0.028419182948490232
0 0.178 0.4724689165186501 0.072 0.1669626998223801
1 0.075 0.35346358792184723 0.016 0.028419182948490232
0 0.0765 0.4404973357015986 0.043 0.21314387211367672
1 0.033 0.35701598579040855 0.018 0.028419182948490232
0 0.0285 0.4493783303730018 0.047 0.2202486678507993
1 0.5875 0.37921847246891655 0.011 0.02664298401420959
0 0.5855 0.44582593250444047 0.039 0.16341030195381884
1 0.596 0.4191829484902309 0.012 0.021314387211367674
0 0.5875 0.48845470692717585 0.063 0.17406749555950266
1 0.638 0.4280639431616341 0.014 0.03197158081705151
0 0.638 0.4937833037300178 0.046 0.17406749555950266
1 0.7255 0.42451154529307283 0.009 0.014209591474245116
0 0.7265 0.4635879218472469 0.021 0.10301953818827708
1 0.686 0.41740674955595025 0.008 0.014209591474245116
0 0.687 0.45204262877442275 0.022 0.0905861456483126
1 0.7095 0.4191829484902309 0.007 0.010657193605683837
0 0.7095 0.455595026642984 0.025 0.0905861456483126
1 0.668 0.41740674955595025 0.008 0.014209591474245116
0 0.6685 0.44760213143872113 0.021 0.08880994671403197
1 0.5515 0.42095914742451157 0.011 0.021314387211367674
0 0.55 0.458259325044405 0.03 0.0994671403197158
1 0.512 0.36678507992895204 0.01 0.019538188277087035
0 0.514 0.42539964476021314 0.048 0.15097690941385436
1 0.562 0.4200710479573712 0.01 0.02664298401420959
0 0.5635 0.44760213143872113 0.027 0.09236234458259325
1 0.578 0.42628774422735344 0.014 0.028419182948490232
0 0.5745 0.48312611012433393 0.041 0.14564831261101244