1 0.015666666666666666 0.4514285714285714 0.01 0.011428571428571429
0 0.01633333333333333 0.48653061224489796 0.028666666666666667 0.08489795918367347
1 0.033 0.45714285714285713 0.011333333333333334 0.014693877551020407
0 0.034333333333333334 0.4869387755102041 0.023333333333333334 0.07755102040816327
1 0.04766666666666667 0.45102040816326533 0.011333333333333334 0.012244897959183673
0 0.049 0.4869387755102041 0.03266666666666666 0.08897959183673469
1 0.09433333333333334 0.46285714285714286 0.016666666666666666 0.02122448979591837
0 0.10033333333333333 0.5253061224489796 0.059333333333333335 0.1657142857142857
1 0.14966666666666667 0.4563265306122449 0.019333333333333334 0.022857142857142857
0 0.14866666666666667 0.5269387755102041 0.04933333333333333 0.1689795918367347
1 0.18966666666666668 0.4616326530612245 0.028666666666666667 0.03836734693877551
0 0.19433333333333333 0.5771428571428572 0.09666666666666666 0.2742857142857143
1 0.22066666666666668 0.43510204081632653 0.017333333333333333 0.019591836734693877
0 0.21733333333333332 0.5073469387755102 0.052 0.1689795918367347
1 0.31566666666666665 0.503265306122449 0.012666666666666666 0.017142857142857144
0 0.314 0.5379591836734694 0.028 0.08979591836734693
1 0.3313333333333333 0.513061224489796 0.012 0.012244897959183673
0 0.33466666666666667 0.5457142857142857 0.036 0.08244897959183674
1 0.31433333333333335 0.46040816326530615 0.01 0.0163265306122449
0 0.31233333333333335 0.5061224489795918 0.04066666666666666 0.12244897959183673
1 0.32666666666666666 0.4502040816326531 0.010666666666666666 0.018775510204081632
0 0.3263333333333333 0.4963265306122449 0.03 0.11755102040816326
1 0.352 0.4530612244897959 0.013333333333333334 0.019591836734693877
0 0.35333333333333333 0.5012244897959184 0.032 0.11918367346938775
1 0.373 0.44612244897959186 0.015333333333333332 0.02040816326530612
0 0.37333333333333335 0.5081632653061224 0.05466666666666667 0.1510204081632653
1 0.42866666666666664 0.43918367346938775 0.0026666666666666666 0.0032653061224489797
0 0.42733333333333334 0.4493877551020408 0.008 0.02857142857142857
1 0.437 0.43673469387755104 0.0033333333333333335 0.004897959183673469
0 0.436 0.4493877551020408 0.008 0.03346938775510204
1 0.4493333333333333 0.4412244897959184 0.004 0.004081632653061225
0 0.44966666666666666 0.45183673469387753 0.01 0.02857142857142857
1 0.4563333333333333 0.45346938775510204 0.007333333333333333 0.030204081632653063
0 0.4563333333333333 0.45346938775510204 0.007333333333333333 0.030204081632653063
1 0.462 0.45346938775510204 0.009333333333333334 0.030204081632653063
0 0.462 0.45346938775510204 0.009333333333333334 0.030204081632653063
1 0.4683333333333333 0.44040816326530613 0.004666666666666667 0.005714285714285714
0 0.469 0.45346938775510204 0.008666666666666666 0.03183673469387755
1 0.48133333333333334 0.4416326530612245 0.005333333333333333 0.00816326530612245
0 0.4796666666666667 0.463265306122449 0.018 0.0563265306122449
1 0.49033333333333334 0.44081632653061226 0.004666666666666667 0.006530612244897959
0 0.49066666666666664 0.4559183673469388 0.012 0.04
1 0.5016666666666667 0.43673469387755104 0.004666666666666667 0.004897959183673469
0 0.5016666666666667 0.4546938775510204 0.012666666666666666 0.044081632653061226
1 0.5346666666666666 0.4579591836734694 0.005333333333333333 0.00816326530612245
0 0.5363333333333333 0.4685714285714286 0.019333333333333334 0.031020408163265307
1 0.5523333333333333 0.43673469387755104 0.006 0.00816326530612245
0 0.5506666666666666 0.46040816326530615 0.016 0.05714285714285714
1 0.565 0.4342857142857143 0.006 0.00816326530612245
0 0.566 0.45918367346938777 0.018666666666666668 0.061224489795918366
1 0.576 0.43183673469387757 0.004 0.006530612244897959
0 0.5763333333333334 0.45224489795918366 0.014 0.04897959183673469
1 0.5806666666666667 0.4363265306122449 0.005333333333333333 0.007346938775510204
0 0.5806666666666667 0.45755102040816326 0.014666666666666666 0.054693877551020405
1 0.5856666666666667 0.4383673469387755 0.006 0.00816326530612245
0 0.5853333333333334 0.4648979591836735 0.016 0.06612244897959184
1 0.577 0.46040816326530615 0.012666666666666666 0.0163265306122449
0 0.575 0.5008163265306123 0.019333333333333334 0.10040816326530612
1 0.6016666666666667 0.44612244897959186 0.006 0.008979591836734694
0 0.6023333333333334 0.46816326530612246 0.018 0.05795918367346939
1 0.6173333333333333 0.44 0.008 0.009795918367346938
0 0.617 0.4648979591836735 0.014 0.06285714285714286
1 0.6293333333333333 0.433469387755102 0.005333333333333333 0.006530612244897959
0 0.63 0.45755102040816326 0.016 0.061224489795918366
1 0.7116666666666667 0.43510204081632653 0.015333333333333332 0.017959183673469388
0 0.7123333333333334 0.5024489795918368 0.058 0.15918367346938775
1 0.745 0.46285714285714286 0.006 0.00816326530612245
0 0.739 0.4751020408163265 0.027333333333333334 0.037551020408163265
1 0.7696666666666667 0.4546938775510204 0.012666666666666666 0.02122448979591837
0 0.774 0.4987755102040816 0.036 0.1126530612244898
1 0.7783333333333333 0.493469387755102 0.014 0.018775510204081632
0 0.7853333333333333 0.5265306122448979 0.034666666666666665 0.08816326530612245
1 0.901 0.42244897959183675 0.008666666666666666 0.013877551020408163
0 0.9013333333333333 0.456734693877551 0.032 0.08408163265306122
1 0.857 0.433469387755102 0.024666666666666667 0.03428571428571429
0 0.8683333333333333 0.5395918367346939 0.07133333333333333 0.2546938775510204