1 0.8344056372549019 0.4166666666666667 0.04197303921568627 0.06944444444444445
0 0.8511029411764706 0.5953839869281046 0.10661764705882353 0.42687908496732024
1 0.8060661764705882 0.5308415032679739 0.02144607843137255 0.044526143790849675
0 0.7757352941176471 0.6693218954248366 0.16544117647058823 0.32802287581699346
1 0.6637561274509803 0.4164624183006536 0.02542892156862745 0.042075163398692814
0 0.657015931372549 0.5477941176470589 0.08731617647058823 0.30637254901960786
1 0.5796568627450981 0.49836601307189543 0.03431372549019608 0.049836601307189546
0 0.5840992647058824 0.599468954248366 0.11060049019607843 0.25939542483660133
1 0.5553002450980392 0.5049019607843137 0.021752450980392156 0.031862745098039214
0 0.5660232843137255 0.5945669934640523 0.05177696078431373 0.2136437908496732
1 0.5278799019607843 0.5018382352941176 0.023284313725490197 0.04044117647058824
0 0.5310968137254902 0.5886437908496732 0.05422794117647059 0.21650326797385622
1 0.4963235294117647 0.5130718954248366 0.02389705882352941 0.032679738562091505
0 0.4957107843137255 0.5804738562091504 0.04044117647058824 0.16993464052287582
1 0.3871017156862745 0.4430147058823529 0.026041666666666668 0.03799019607843137
0 0.3932291666666667 0.5416666666666666 0.07199754901960784 0.24509803921568626
1 0.3235294117647059 0.4618055555555556 0.022058823529411766 0.03390522875816993
0 0.3193933823529412 0.5104166666666666 0.05606617647058824 0.13684640522875818
1 0.29151348039215685 0.4493464052287582 0.02971813725490196 0.04493464052287582
0 0.3020833333333333 0.5508578431372549 0.08026960784313726 0.25612745098039214
1 0.20940563725490197 0.42401960784313725 0.04503676470588235 0.05228758169934641
0 0.2181372549019608 0.565359477124183 0.09375 0.33986928104575165
1 0.13893995098039216 0.46691176470588236 0.046262254901960786 0.06290849673202614
0 0.14675245098039216 0.6115196078431373 0.1053921568627451 0.3668300653594771
1 0.07521446078431372 0.48447712418300654 0.05545343137254902 0.06862745098039216
0 0.07276348039215687 0.6497140522875817 0.12898284313725492 0.40645424836601307
1 0.053462009803921566 0.5980392156862745 0.08363970588235294 0.10294117647058823
0 0.07858455882352941 0.7361111111111112 0.15716911764705882 0.3880718954248366
1 0.1133578431372549 0.5992647058823529 0.061274509803921566 0.08415032679738563
0 0.16191789215686275 0.7254901960784313 0.1871936274509804 0.3415032679738562
1 0.25137867647058826 0.5853758169934641 0.06158088235294118 0.06699346405228758
0 0.2737438725490196 0.7013888888888888 0.1326593137254902 0.30310457516339867
1 0.21660539215686275 0.5234885620915033 0.03676470588235294 0.04779411764705882
0 0.21737132352941177 0.627859477124183 0.06832107843137254 0.2581699346405229
1 0.2271752450980392 0.5602532679738562 0.035845588235294115 0.051879084967320264
0 0.22732843137254902 0.653390522875817 0.07720588235294118 0.23897058823529413
1 0.3737745098039216 0.6004901960784313 0.04656862745098039 0.06045751633986928
0 0.37745098039215685 0.702001633986928 0.09375 0.2716503267973856
1 0.42080269607843135 0.5898692810457516 0.04503676470588235 0.06454248366013073
0 0.4241727941176471 0.684640522875817 0.08057598039215687 0.2581699346405229
1 0.38357843137254904 0.5334967320261438 0.028186274509803922 0.04656862745098039
0 0.38526348039215685 0.6131535947712419 0.06219362745098039 0.2099673202614379