1 0.8026041666666667 0.6408450704225352 0.053125 0.09577464788732394
0 0.6994791666666667 0.7584507042253521 0.32395833333333335 0.3619718309859155
1 0.578125 0.6345070422535212 0.052083333333333336 0.09436619718309859
0 0.5947916666666667 0.752112676056338 0.18958333333333333 0.3464788732394366
1 0.2953125 0.6591549295774648 0.06354166666666666 0.10985915492957747
0 0.3723958333333333 0.7746478873239436 0.34479166666666666 0.352112676056338
1 0.23177083333333334 0.4471830985915493 0.057291666666666664 0.09154929577464789
0 0.22239583333333332 0.6183098591549295 0.19270833333333334 0.447887323943662
1 0.33541666666666664 0.43802816901408453 0.04791666666666667 0.09577464788732394
0 0.34010416666666665 0.6014084507042253 0.140625 0.43661971830985913
1 0.45260416666666664 0.4387323943661972 0.04479166666666667 0.08591549295774648
0 0.4515625 0.6105633802816901 0.13020833333333334 0.43802816901408453
1 0.5552083333333333 0.4267605633802817 0.04375 0.08450704225352113
0 0.5557291666666667 0.6035211267605634 0.140625 0.45492957746478874
1 0.659375 0.4267605633802817 0.05416666666666667 0.09577464788732394
0 0.6557291666666667 0.6 0.140625 0.4676056338028169
1 0.7765625 0.4323943661971831 0.059375 0.09577464788732394
0 0.7885416666666667 0.6056338028169014 0.17083333333333334 0.447887323943662
1 0.6020833333333333 0.19507042253521126 0.05625 0.09718309859154929
0 0.6151041666666667 0.4352112676056338 0.16770833333333332 0.5859154929577465
1 0.509375 0.2063380281690141 0.04791666666666667 0.08591549295774648
0 0.5046875 0.44084507042253523 0.13020833333333334 0.571830985915493
1 0.43645833333333334 0.20704225352112676 0.05 0.08450704225352113
0 0.4666666666666667 0.4535211267605634 0.2 0.5943661971830986
1 0.34739583333333335 0.19295774647887323 0.051041666666666666 0.09577464788732394
0 0.3359375 0.43309859154929575 0.134375 0.5901408450704225
1 0.825 0.2823943661971831 0.027083333333333334 0.038028169014084505
0 0.8255208333333334 0.3704225352112676 0.071875 0.22253521126760564
1 0.9958333333333333 0.15352112676056337 0.008333333333333333 0.028169014084507043
0 0.9723958333333333 0.22253521126760564 0.05520833333333333 0.17183098591549295
1 0.21145833333333333 0.19436619718309858 0.016666666666666666 0.02535211267605634
0 0.21302083333333333 0.2535211267605634 0.05520833333333333 0.15211267605633802
1 0.5536458333333333 0.20985915492957746 0.019791666666666666 0.022535211267605635
0 0.5473958333333333 0.25704225352112675 0.040625 0.12535211267605634
1 0.48489583333333336 0.18098591549295776 0.019791666666666666 0.035211267605633804
0 0.47604166666666664 0.24929577464788732 0.03958333333333333 0.17746478873239438
1 0.4609375 0.18732394366197183 0.028125 0.04788732394366197
0 0.45677083333333335 0.28450704225352114 0.059375 0.2507042253521127
1 0.375 0.17253521126760563 0.022916666666666665 0.04366197183098591
0 0.375 0.29788732394366196 0.0625 0.3
1 0.39375 0.18873239436619718 0.029166666666666667 0.04225352112676056
0 0.39114583333333336 0.3028169014084507 0.059375 0.27887323943661974
1 0.30520833333333336 0.19154929577464788 0.025 0.036619718309859155
0 0.31979166666666664 0.3330985915492958 0.08125 0.32253521126760565
1 0.31927083333333334 0.2 0.023958333333333335 0.04225352112676056
0 0.3109375 0.3183098591549296 0.06354166666666666 0.3154929577464789
1 0.2890625 0.1619718309859155 0.026041666666666668 0.04507042253521127
0 0.29270833333333335 0.30985915492957744 0.07916666666666666 0.3492957746478873
1 0.23333333333333334 0.1964788732394366 0.025 0.04366197183098591
0 0.23645833333333333 0.3246478873239437 0.06875 0.3056338028169014
1 0.24739583333333334 0.2352112676056338 0.036458333333333336 0.05070422535211268
0 0.2520833333333333 0.3767605633802817 0.08541666666666667 0.34788732394366195
1 0.1484375 0.2084507042253521 0.034375 0.04507042253521127
0 0.14375 0.3373239436619718 0.06875 0.3112676056338028
1 0.1015625 0.19718309859154928 0.036458333333333336 0.05352112676056338
0 0.0703125 0.3542253521126761 0.140625 0.3704225352112676
1 0.06666666666666667 0.2007042253521127 0.035416666666666666 0.054929577464788736
0 0.058854166666666666 0.3492957746478873 0.08229166666666667 0.36338028169014086
1 0.675 0.16830985915492958 0.01875 0.0323943661971831
0 0.6776041666666667 0.2556338028169014 0.059375 0.21549295774647886
1 0.684375 0.24084507042253522 0.025 0.03380281690140845
0 0.6947916666666667 0.33380281690140845 0.07916666666666666 0.22535211267605634