1 0.8323076923076923 0.4108079748163694 0.038461538461538464 0.053515215110178385
0 0.8473076923076923 0.612277019937041 0.12538461538461537 0.46065057712486884
1 0.7707692307692308 0.5005246589716684 0.026153846153846153 0.04407135362014691
0 0.7680769230769231 0.6605456453305352 0.0823076923076923 0.3809024134312697
1 0.6765384615384615 0.48478488982161594 0.022307692307692306 0.033578174186778595
0 0.678076923076923 0.6500524658971668 0.08846153846153847 0.37670514165792235
1 0.6407692307692308 0.5057712486883525 0.021538461538461538 0.03987408184679958
0 0.6292307692307693 0.5975865687303253 0.06153846153846154 0.229800629590766
1 0.6003846153846154 0.48163693599160545 0.02076923076923077 0.03147953830010493
0 0.6034615384615385 0.580797481636936 0.06076923076923077 0.23189926547743966
1 0.6169230769230769 0.4695697796432319 0.016923076923076923 0.026232948583420776
0 0.6146153846153846 0.5377754459601259 0.038461538461538464 0.1689401888772298
1 0.5815384615384616 0.472193074501574 0.012307692307692308 0.02098635886673662
0 0.5796153846153846 0.5351521511017838 0.031538461538461536 0.161594963273872
1 0.558076923076923 0.4669464847848898 0.02076923076923077 0.03147953830010493
0 0.5607692307692308 0.5640083945435467 0.047692307692307694 0.229800629590766
1 0.5453846153846154 0.48478488982161594 0.023076923076923078 0.033578174186778595
0 0.5388461538461539 0.5797481636935992 0.05153846153846154 0.229800629590766
1 0.5215384615384615 0.4732423924449108 0.013846153846153847 0.02098635886673662
0 0.5161538461538462 0.5393494228751312 0.03076923076923077 0.155299055613851
1 0.46615384615384614 0.45750262329485836 0.03230769230769231 0.048268625393494226
0 0.4757692307692308 0.6311647429171039 0.11307692307692307 0.39979013641133265
1 0.38576923076923075 0.5089192025183631 0.03 0.046169989506820566
0 0.3707692307692308 0.6594963273871983 0.1276923076923077 0.35571878279118574
1 0.37884615384615383 0.4832109129066107 0.02076923076923077 0.03252885624344176
0 0.3903846153846154 0.561909758656873 0.07153846153846154 0.19412381951731375
1 0.39884615384615385 0.47796432318992654 0.014615384615384615 0.02833158447009444
0 0.39576923076923076 0.5461699895068206 0.03769230769230769 0.1689401888772298
1 0.26653846153846156 0.4653725078698846 0.016153846153846154 0.02833158447009444
0 0.26384615384615384 0.5435466946484785 0.06307692307692307 0.1888772298006296
1 0.325 0.47166841552990557 0.01 0.015739769150052464
0 0.3203846153846154 0.525183630640084 0.031538461538461536 0.12906610703043023
1 0.31576923076923075 0.4727177334732424 0.01 0.013641133263378805
0 0.3096153846153846 0.5173137460650578 0.025384615384615384 0.10703043022035677
1 0.3223076923076923 0.4863588667366212 0.013846153846153847 0.024134312696747113
0 0.32653846153846156 0.5257082896117523 0.026923076923076925 0.10703043022035677
1 0.21653846153846154 0.4931794333683106 0.01 0.016789087093389297
0 0.2169230769230769 0.5346274921301154 0.027692307692307693 0.1080797481636936
1 0.23038461538461538 0.4774396642182581 0.01 0.014690451206715634
0 0.23 0.521511017838405 0.024615384615384615 0.10703043022035677
1 0.18076923076923077 0.4769150052465897 0.009230769230769232 0.015739769150052464
0 0.17576923076923076 0.5157397691500525 0.025384615384615384 0.09758656873032528
1 0.1346153846153846 0.4737670514165792 0.007692307692307693 0.011542497376705142
0 0.13576923076923078 0.5141657922350472 0.02076923076923077 0.09863588667366212
1 0.14076923076923076 0.47166841552990557 0.009230769230769232 0.013641133263378805
0 0.1426923076923077 0.5083945435466947 0.025384615384615384 0.09758656873032528
1 0.16884615384615384 0.47848898216159497 0.008461538461538461 0.012591815320041973
0 0.16653846153846155 0.5131164742917104 0.01769230769230769 0.08604407135362015
1 0.6484615384615384 0.49422875131164745 0.018461538461538463 0.03147953830010493
0 0.6476923076923077 0.5545645330535152 0.036923076923076927 0.1584470094438615
1 0.7184615384615385 0.4879328436516264 0.009230769230769232 0.014690451206715634
0 0.7176923076923077 0.5351521511017838 0.02923076923076923 0.11332633788037776
1 0.7419230769230769 0.4832109129066107 0.01 0.013641133263378805
0 0.7403846153846154 0.5230849947534103 0.025384615384615384 0.09968520461699895
1 0.6953846153846154 0.4758656873032529 0.010769230769230769 0.015739769150052464
0 0.6903846153846154 0.5204616998950682 0.026923076923076925 0.10703043022035677
1 0.6615384615384615 0.4821615949632739 0.007692307692307693 0.011542497376705142
0 0.6596153846153846 0.5125918153200419 0.023846153846153847 0.08709338929695698
1 0.9023076923076923 0.5288562434417629 0.021538461538461538 0.035676810073452254
0 0.8923076923076924 0.6002098635886673 0.07076923076923076 0.18467995802728226
1 0.9173076923076923 0.525183630640084 0.01769230769230769 0.03252885624344176
0 0.9007692307692308 0.5960125918153201 0.06923076923076923 0.18467995802728226