1 0.1953125 0.6502242152466368 0.015625 0.02242152466367713
0 0.184375 0.7130044843049327 0.05 0.15246636771300448
1 0.16953125 0.6233183856502242 0.0171875 0.03139013452914798
0 0.14375 0.7051569506726457 0.075 0.19955156950672645
1 0.07734375 0.6177130044843049 0.0109375 0.01569506726457399
0 0.065625 0.6569506726457399 0.034375 0.09865470852017937
1 0.04609375 0.6087443946188341 0.0109375 0.01569506726457399
0 0.0375 0.6468609865470852 0.040625 0.10538116591928251
1 0.0609375 0.6087443946188341 0.009375 0.01569506726457399
0 0.0515625 0.6356502242152466 0.028125 0.07847533632286996
1 0.05234375 0.6345291479820628 0.0140625 0.06726457399103139
0 0.05234375 0.6345291479820628 0.0140625 0.06726457399103139
1 0.01328125 0.6356502242152466 0.0265625 0.07847533632286996
0 0.01328125 0.6356502242152466 0.0265625 0.07847533632286996
1 0.01484375 0.6367713004484304 0.0296875 0.08968609865470852
0 0.01484375 0.6367713004484304 0.0296875 0.08968609865470852
1 0.56328125 0.7376681614349776 0.0109375 0.017937219730941704
0 0.559375 0.8015695067264574 0.03125 0.1547085201793722
1 0.7328125 0.7881165919282511 0.0125 0.020179372197309416
0 0.72578125 0.8609865470852018 0.0390625 0.17488789237668162