1 0.10965391621129326 0.21534800713860797 0.06484517304189436 0.12968471148126115
0 0.08597449908925318 0.5719809637120762 0.1471766848816029 0.8560380725758477
1 0.19380692167577412 0.27513384889946463 0.05683060109289618 0.10886377156454491
0 0.16885245901639345 0.6049970255800119 0.10965391621129326 0.7900059488399762
1 0.2604735883424408 0.27989292088042833 0.051730418943533696 0.10172516359309934
0 0.246448087431694 0.6017251635930994 0.11839708561020036 0.7572873289708507
1 0.3477231329690346 0.2908982748364069 0.046994535519125684 0.1023200475907198
0 0.3366120218579235 0.5990481856038072 0.10564663023679417 0.7328970850684117
1 0.42987249544626593 0.2891136228435455 0.04663023679417122 0.09399167162403331
0 0.4169398907103825 0.5812016656751934 0.11912568306010929 0.7079119571683522
1 0.518943533697632 0.3087447947650208 0.04553734061930783 0.09280190362879238
0 0.5204007285974499 0.6041046995835812 0.10673952641165756 0.685901249256395
1 0.6036429872495446 0.2965496728138013 0.04517304189435337 0.08982748364069007
0 0.6034608378870674 0.5865556216537775 0.10746812386156648 0.6888756692444973
1 0.6652094717668489 0.2694824509220702 0.04517304189435337 0.09875074360499703
0 0.6832422586520948 0.5657346817370613 0.0965391621129326 0.7340868530636526
1 0.7555555555555555 0.2498512790005949 0.04663023679417122 0.10945865556216537
0 0.7712204007285974 0.565437239738251 0.14499089253187614 0.7501487209994051
1 0.8823315118397086 0.24419988102320048 0.05027322404371585 0.10053539559785842
0 0.8958105646630237 0.5657346817370613 0.15956284153005465 0.7721594289113622
1 0.40200364298724955 0.5187388459250446 0.057194899817850635 0.12373587150505651
0 0.363752276867031 0.7236763831052945 0.16867030965391622 0.552647233789411
1 0.5065573770491804 0.47144556811421773 0.05136612021857923 0.10648423557406306
0 0.4848816029143898 0.701368233194527 0.1377049180327869 0.5972635336109459
1 0.6111111111111112 0.47917906008328376 0.05500910746812386 0.10886377156454491
0 0.5865209471766849 0.707614515169542 0.14426229508196722 0.5847709696609161
1 0.7123861566484517 0.45776323616894704 0.05573770491803279 0.1255205234979179
0 0.6947176684881603 0.6942296252230815 0.13989071038251366 0.611540749553837