1 0.040625 0.851875 0.02625 0.03875
0 0.050625 0.91375 0.09375 0.1725
1 0.053125 0.774375 0.02625 0.03875
0 0.06 0.865625 0.0825 0.22375
1 0.380625 0.8475 0.02875 0.04
0 0.36125 0.910625 0.1125 0.17875
1 0.3725 0.78 0.0275 0.0375
0 0.360625 0.86125 0.10125 0.2275
1 0.063125 0.559375 0.02375 0.03375
0 0.066875 0.6525 0.07875 0.2225
1 0.1325 0.56875 0.0225 0.035
0 0.128125 0.649375 0.07625 0.22125
1 0.19 0.5525 0.025 0.0325
0 0.194375 0.64875 0.08625 0.23
1 0.255625 0.5575 0.02625 0.035
0 0.256875 0.65125 0.07625 0.23
1 0.32375 0.55375 0.0225 0.0375
0 0.32125 0.64625 0.095 0.2325
1 0.394375 0.5475 0.02375 0.035
0 0.393125 0.64625 0.08625 0.2375
1 0.47125 0.538125 0.025 0.03375
0 0.47125 0.631875 0.1075 0.25625
1 0.546875 0.539375 0.02125 0.03625
0 0.54125 0.634375 0.075 0.24625
1 0.6125 0.558125 0.0225 0.03375
0 0.609375 0.643125 0.09875 0.22375
1 0.683125 0.539375 0.02375 0.03625
0 0.67875 0.638125 0.085 0.23875
1 0.756875 0.55 0.02375 0.0325
0 0.7475 0.645 0.0925 0.2325
1 0.82375 0.556875 0.025 0.03375
0 0.819375 0.645625 0.08625 0.22875
1 0.889375 0.5575 0.02375 0.0325
0 0.885 0.646875 0.0875 0.23375
1 0.96375 0.57375 0.0225 0.035
0 0.953125 0.65875 0.08625 0.2175