1 0.5208333333333334 0.8815002300966406 0.011666666666666667 0.01058444546709618
0 0.5258333333333334 0.917395306028532 0.028333333333333332 0.08513575701794754
1 0.4975 0.8762080073630925 0.013888888888888888 0.013805798435342844
0 0.5005555555555555 0.9153244362632306 0.03222222222222222 0.09479981592268753
1 0.5822222222222222 0.8840312931431201 0.005555555555555556 0.005522319374137137
0 0.5794444444444444 0.8978370915784629 0.021111111111111112 0.035895075931891396
1 0.42944444444444446 0.8856419696272434 0.006666666666666667 0.006902899217671422
0 0.435 0.9070409572020248 0.03111111111111111 0.05154164749194662
1 0.4086111111111111 0.8842613897837092 0.009444444444444445 0.008743672342383801
0 0.41083333333333333 0.9072710538426139 0.021666666666666667 0.05752416014726185
1 0.39805555555555555 0.8810400368154625 0.009444444444444445 0.006902899217671422
0 0.39361111111111113 0.9058904739990796 0.020555555555555556 0.05936493327197423
1 0.3475 0.8870225494707777 0.008333333333333333 0.008743672342383801
0 0.35305555555555557 0.9160147261849977 0.02722222222222222 0.06948918545789232
1 0.34 0.8881730326737229 0.01 0.010124252185918085
0 0.3402777777777778 0.9171652093879429 0.03611111111111111 0.0708697653014266
1 0.30583333333333335 0.8861021629084216 0.010555555555555556 0.008743672342383801
0 0.30694444444444446 0.9169351127473538 0.028333333333333332 0.07225034514496088
1 0.2811111111111111 0.8817303267372296 0.01 0.009203865623561895
0 0.2811111111111111 0.9150943396226415 0.027777777777777776 0.07777266451909802
1 0.22138888888888889 0.8888633225954901 0.006111111111111111 0.0050621260929590425
0 0.22305555555555556 0.9070409572020248 0.021666666666666667 0.04325816843074091
1 0.17166666666666666 0.8934652554072711 0.006666666666666667 0.0050621260929590425
0 0.1711111111111111 0.9109526000920387 0.022222222222222223 0.0446387482742752