1 0.009 0.20037926675094817 0.016666666666666666 0.03666245259165613
0 0.015333333333333332 0.2838179519595449 0.030666666666666665 0.2111251580278129
1 0.06266666666666666 0.1706700379266751 0.017333333333333333 0.035398230088495575
0 0.06066666666666667 0.28255372945638435 0.04533333333333334 0.26169405815423513
1 0.394 0.2054361567635904 0.008 0.021491782553729456
0 0.3973333333333333 0.25916561314791403 0.029333333333333333 0.13400758533501897
1 0.7 0.23640960809102401 0.005333333333333333 0.010113780025284451
0 0.6996666666666667 0.2553729456384324 0.01 0.05309734513274336
1 0.705 0.23261694058154236 0.0033333333333333335 0.007585335018963337
0 0.704 0.252212389380531 0.008 0.051833122629582805
1 0.7206666666666667 0.23324905183312264 0.004 0.008849557522123894
0 0.72 0.25410872313527183 0.010666666666666666 0.05562579013906448
1 0.7286666666666667 0.23640960809102401 0.004 0.007585335018963337
0 0.7273333333333334 0.2553729456384324 0.009333333333333334 0.04804045512010114
1 0.9696666666666667 0.213653603034134 0.014 0.02781289506953224
0 0.9643333333333334 0.28128950695322374 0.054 0.1731984829329962