1 0.15771484375 0.32408759124087594 0.0458984375 0.08175182481751825
0 0.1435546875 0.5963503649635037 0.12109375 0.6437956204379562
1 0.248046875 0.33065693430656934 0.04296875 0.07737226277372262
0 0.2421875 0.6014598540145986 0.115234375 0.6335766423357664
1 0.3466796875 0.3883211678832117 0.0390625 0.07591240875912408
0 0.33740234375 0.6306569343065693 0.1162109375 0.583941605839416
1 0.42724609375 0.3452554744525547 0.0419921875 0.07737226277372262
0 0.42333984375 0.6043795620437956 0.1123046875 0.6364963503649635
1 0.53564453125 0.33795620437956203 0.0419921875 0.07445255474452554
0 0.53466796875 0.6124087591240875 0.1240234375 0.637956204379562
1 0.63623046875 0.35474452554744523 0.0419921875 0.08175182481751825
0 0.64111328125 0.6175182481751825 0.1123046875 0.6452554744525547
1 0.7294921875 0.354014598540146 0.044921875 0.07445255474452554
0 0.73388671875 0.6277372262773723 0.1435546875 0.6306569343065693
1 0.75341796875 0.5306569343065694 0.0478515625 0.08613138686131387
0 0.76708984375 0.7204379562043796 0.1240234375 0.48613138686131385
1 0.662109375 0.5145985401459854 0.046875 0.08321167883211679
0 0.66357421875 0.7124087591240876 0.1123046875 0.49343065693430654
1 0.5537109375 0.5131386861313869 0.046875 0.08613138686131387
0 0.55322265625 0.7007299270072993 0.1279296875 0.5109489051094891
1 0.45068359375 0.5058394160583941 0.0498046875 0.08613138686131387
0 0.4462890625 0.7036496350364964 0.10546875 0.4905109489051095
1 0.35205078125 0.5138686131386861 0.0458984375 0.0905109489051095
0 0.34814453125 0.7043795620437956 0.1083984375 0.48613138686131385
1 0.24365234375 0.48686131386861314 0.0498046875 0.09197080291970802
0 0.24560546875 0.6824817518248175 0.1240234375 0.5357664233576642