1 0.0890625 0.13125 0.030208333333333334 0.0625
0 0.07083333333333333 0.25703125 0.14166666666666666 0.3171875
1 0.121875 0.53125 0.0125 0.021875
0 0.125 0.59140625 0.03125 0.1484375
1 0.14791666666666667 0.59296875 0.0125 0.0203125
0 0.1640625 0.61328125 0.06354166666666666 0.0671875
1 0.1828125 0.57109375 0.013541666666666667 0.0234375
0 0.17916666666666667 0.6484375 0.04375 0.184375
1 0.21927083333333333 0.64765625 0.028125 0.0453125
0 0.23385416666666667 0.80234375 0.084375 0.3609375
1 0.23645833333333333 0.51328125 0.008333333333333333 0.0140625
0 0.23385416666666667 0.54921875 0.036458333333333336 0.0921875
1 0.2484375 0.60078125 0.017708333333333333 0.0296875
0 0.25364583333333335 0.6921875 0.059375 0.221875
1 0.2942708333333333 0.55546875 0.011458333333333333 0.0203125
0 0.2869791666666667 0.61953125 0.040625 0.1609375
1 0.3072916666666667 0.6109375 0.014583333333333334 0.028125
0 0.30104166666666665 0.6828125 0.04791666666666667 0.178125
1 0.33541666666666664 0.603125 0.03125 0.040625
0 0.3578125 0.70390625 0.121875 0.2453125
1 0.3776041666666667 0.59296875 0.015625 0.0328125
0 0.378125 0.66171875 0.03333333333333333 0.1734375
1 0.42552083333333335 0.634375 0.017708333333333333 0.028125
0 0.4239583333333333 0.7171875 0.03958333333333333 0.196875
1 0.49583333333333335 0.703125 0.025 0.046875
0 0.4666666666666667 0.77890625 0.08541666666666667 0.2078125
1 0.5088541666666667 0.68203125 0.026041666666666668 0.0484375
0 0.5026041666666666 0.75703125 0.08020833333333334 0.2109375
1 0.4630208333333333 0.64921875 0.017708333333333333 0.0328125
0 0.459375 0.728125 0.05 0.19375
1 0.44635416666666666 0.61640625 0.015625 0.0265625
0 0.446875 0.671875 0.035416666666666666 0.14375
1 0.453125 0.55625 0.0125 0.021875
0 0.453125 0.61640625 0.04375 0.1484375
1 0.43333333333333335 0.5578125 0.014583333333333334 0.025
0 0.42552083333333335 0.62109375 0.030208333333333334 0.1640625
1 0.5765625 0.628125 0.021875 0.0375
0 0.5796875 0.7390625 0.071875 0.265625
1 0.5755208333333334 0.60625 0.015625 0.021875
0 0.5786458333333333 0.67890625 0.040625 0.1734375
1 0.6947916666666667 0.6421875 0.027083333333333334 0.046875
0 0.6697916666666667 0.78359375 0.09166666666666666 0.3328125
1 0.6963541666666667 0.61015625 0.021875 0.0359375
0 0.6963541666666667 0.75703125 0.071875 0.3421875
1 0.8182291666666667 0.69140625 0.026041666666666668 0.0390625
0 0.8020833333333334 0.8046875 0.08541666666666667 0.278125
1 0.7911458333333333 0.64140625 0.017708333333333333 0.0296875
0 0.7895833333333333 0.728125 0.04583333333333333 0.209375
1 0.8536458333333333 0.45078125 0.028125 0.0453125
0 0.8505208333333333 0.5578125 0.09479166666666666 0.415625
1 0.8895833333333333 0.65078125 0.01875 0.0359375
0 0.8828125 0.696875 0.053125 0.134375
1 0.9296875 0.64609375 0.019791666666666666 0.0328125
0 0.9223958333333333 0.70546875 0.05520833333333333 0.1546875
1 0.9567708333333333 0.6125 0.021875 0.040625
0 0.9578125 0.72734375 0.06354166666666666 0.2765625
1 0.7942708333333334 0.52265625 0.007291666666666667 0.0109375
0 0.7979166666666667 0.54765625 0.025 0.0671875
1 0.7666666666666667 0.50703125 0.00625 0.0109375
0 0.765625 0.53203125 0.016666666666666666 0.0671875
1 0.7572916666666667 0.51015625 0.00625 0.0109375
0 0.75625 0.53515625 0.016666666666666666 0.0703125
1 0.7916666666666666 0.49921875 0.00625 0.0078125
0 0.7932291666666667 0.51484375 0.015625 0.0421875
1 0.8135416666666667 0.5265625 0.014583333333333334 0.04375
0 0.8135416666666667 0.5265625 0.014583333333333334 0.04375
1 0.7109375 0.51875 0.005208333333333333 0.009375
0 0.7135416666666666 0.53046875 0.016666666666666666 0.0359375
1 0.7010416666666667 0.53046875 0.016666666666666666 0.0359375
0 0.7010416666666667 0.53046875 0.016666666666666666 0.0359375
1 0.6901041666666666 0.52421875 0.005208333333333333 0.0078125
0 0.6901041666666666 0.534375 0.015625 0.034375
1 0.6463541666666667 0.5140625 0.005208333333333333 0.009375
0 0.6432291666666666 0.53046875 0.023958333333333335 0.0515625
1 0.6109375 0.51640625 0.005208333333333333 0.0078125
0 0.6104166666666667 0.5375 0.016666666666666666 0.059375
1 0.93125 0.5890625 0.008333333333333333 0.0125
0 0.9270833333333334 0.603125 0.020833333333333332 0.046875
1 0.440625 0.49296875 0.00625 0.0109375
0 0.43645833333333334 0.5203125 0.016666666666666666 0.071875
1 0.4005208333333333 0.50390625 0.007291666666666667 0.0140625
0 0.4 0.52734375 0.022916666666666665 0.0671875
1 0.3885416666666667 0.50390625 0.00625 0.0109375
0 0.384375 0.53125 0.01875 0.075
1 0.35052083333333334 0.49453125 0.005208333333333333 0.0078125
0 0.3489583333333333 0.51796875 0.016666666666666666 0.0640625
1 0.2984375 0.50859375 0.005208333333333333 0.0078125
0 0.30104166666666665 0.53359375 0.01875 0.0640625
1 0.29322916666666665 0.49375 0.007291666666666667 0.009375
0 0.2947916666666667 0.51015625 0.016666666666666666 0.0453125
1 0.28177083333333336 0.51171875 0.007291666666666667 0.0109375
0 0.2838541666666667 0.53203125 0.015625 0.0578125
1 0.259375 0.50390625 0.00625 0.0109375
0 0.2625 0.52734375 0.01875 0.0703125
1 0.246875 0.509375 0.008333333333333333 0.0125
0 0.24583333333333332 0.53515625 0.022916666666666665 0.0703125
1 0.17239583333333333 0.5390625 0.005208333333333333 0.009375
0 0.16822916666666668 0.55390625 0.015625 0.0484375
1 0.14739583333333334 0.51640625 0.005208333333333333 0.0078125
0 0.14947916666666666 0.5359375 0.013541666666666667 0.05625