1 0.037516170763260026 0.5922413793103448 0.031047865459249677 0.039655172413793106
0 0.037516170763260026 0.5922413793103448 0.031047865459249677 0.039655172413793106
1 0.11966364812419146 0.5991379310344828 0.01164294954721863 0.056896551724137934
0 0.11966364812419146 0.5991379310344828 0.01164294954721863 0.056896551724137934
1 0.4553686934023286 0.5448275862068965 0.0129366106080207 0.020689655172413793
0 0.4573091849935317 0.5655172413793104 0.029754204398447608 0.06206896551724138
1 0.14747736093143596 0.5793103448275863 0.007761966364812419 0.010344827586206896
0 0.14553686934023286 0.6017241379310345 0.014230271668822769 0.06206896551724138
1 0.16041397153945666 0.571551724137931 0.007761966364812419 0.008620689655172414
0 0.15782664941785252 0.5939655172413794 0.0129366106080207 0.056896551724137934
1 0.18564036222509703 0.5732758620689655 0.00646830530401035 0.008620689655172414
0 0.18564036222509703 0.5922413793103448 0.016817593790426907 0.05344827586206897
1 0.18305304010349288 0.5767241379310345 0.00646830530401035 0.008620689655172414
0 0.18369987063389392 0.5974137931034482 0.015523932729624839 0.05
1 0.17658473479948253 0.5767241379310345 0.00646830530401035 0.008620689655172414
0 0.17270375161707632 0.5974137931034482 0.014230271668822769 0.05344827586206897
1 0.2056921086675291 0.5741379310344827 0.00517464424320828 0.006896551724137931
0 0.2056921086675291 0.593103448275862 0.015523932729624839 0.05172413793103448
1 0.221862871927555 0.575 0.00646830530401035 0.008620689655172414
0 0.21927554980595085 0.5956896551724138 0.014230271668822769 0.056896551724137934
1 0.23415265200517466 0.5836206896551724 0.007761966364812419 0.01206896551724138
0 0.23609314359637776 0.5982758620689655 0.016817593790426907 0.04482758620689655
1 0.25485122897800777 0.5844827586206897 0.007761966364812419 0.010344827586206896
0 0.25291073738680464 0.5956896551724138 0.016817593790426907 0.03620689655172414
1 0.2684346701164295 0.5870689655172414 0.00646830530401035 0.008620689655172414
0 0.2690815006468305 0.6 0.02069857697283312 0.041379310344827586
1 0.3027166882276843 0.5836206896551724 0.00517464424320828 0.008620689655172414
0 0.3027166882276843 0.6068965517241379 0.018111254851228976 0.06206896551724138
1 0.3208279430789133 0.5775862068965517 0.00517464424320828 0.006896551724137931
0 0.31953428201811124 0.596551724137931 0.0129366106080207 0.04827586206896552
1 0.333117723156533 0.5982758620689655 0.01164294954721863 0.041379310344827586
0 0.333117723156533 0.5982758620689655 0.01164294954721863 0.041379310344827586
1 0.6526520051746443 0.6120689655172413 0.040103492884864166 0.06206896551724138
0 0.6507115135834411 0.7801724137931034 0.08020698576972833 0.4017241379310345
1 0.5860284605433377 0.6241379310344828 0.03880983182406209 0.06896551724137931
0 0.5873221216041398 0.7913793103448276 0.09055627425614489 0.41724137931034483
1 0.8053040103492884 0.618103448275862 0.03234152652005175 0.04655172413793104
0 0.8078913324708926 0.7620689655172413 0.05304010349288486 0.32413793103448274
1 0.8357050452781372 0.6112068965517241 0.028460543337645538 0.04310344827586207
0 0.8350582147477361 0.7379310344827587 0.047865459249676584 0.30344827586206896
1 0.7276843467011643 0.5491379310344827 0.07891332470892626 0.08103448275862069
0 0.7503234152652005 0.7525862068965518 0.23803363518758086 0.49482758620689654
1 0.9094437257438551 0.6112068965517241 0.056921086675291076 0.09137931034482759
0 0.8919793014230272 0.7732758620689655 0.18240620957309184 0.453448275862069