1 0.8826923076923077 0.2476439790575916 0.09615384615384616 0.14554973821989528
0 0.8107692307692308 0.5853403141361256 0.37846153846153846 0.8293193717277487
1 0.9642307692307692 0.2764397905759162 0.07153846153846154 0.1319371727748691
0 0.8919230769230769 0.5916230366492147 0.21615384615384614 0.7811518324607329
1 0.5526923076923077 0.25759162303664923 0.0823076923076923 0.09633507853403141
0 0.5476923076923077 0.5476439790575917 0.2076923076923077 0.6973821989528796
1 0.3576923076923077 0.40785340314136126 0.03538461538461538 0.05759162303664921
0 0.36538461538461536 0.5345549738219896 0.1076923076923077 0.3172774869109948
1 0.2996153846153846 0.41518324607329843 0.031538461538461536 0.05549738219895288
0 0.30115384615384616 0.5146596858638743 0.07153846153846154 0.25863874345549737
1 0.20423076923076924 0.32722513089005234 0.06230769230769231 0.08900523560209424
0 0.17923076923076922 0.5947643979057592 0.2846153846153846 0.6261780104712041
1 0.10192307692307692 0.3104712041884817 0.036153846153846154 0.05549738219895288
0 0.10961538461538461 0.4738219895287958 0.09615384615384616 0.3947643979057592
1 0.10538461538461538 0.2916230366492147 0.033846153846153845 0.05759162303664921
0 0.11576923076923076 0.4570680628272251 0.07615384615384616 0.39895287958115183
1 0.02 0.30523560209424083 0.04 0.06806282722513089
0 0.07961538461538462 0.5643979057591623 0.15923076923076923 0.6073298429319371