1 0.006298449612403101 0.5025839793281653 0.012596899224806201 0.024978466838931956
0 0.015988372093023256 0.5370370370370371 0.03197674418604651 0.09905254091300603
1 0.007994186046511628 0.4780361757105943 0.015988372093023256 0.031007751937984496
0 0.016472868217054265 0.5137812230835487 0.03294573643410853 0.1111111111111111
1 0.011143410852713179 0.32385874246339363 0.01065891472868217 0.024117140396210164
0 0.014050387596899225 0.39104220499569337 0.02810077519379845 0.16020671834625322
1 0.020106589147286823 0.3376399655469423 0.009205426356589148 0.017226528854435832
0 0.022044573643410854 0.3880275624461671 0.020833333333333332 0.11972437553832903
1 0.03464147286821705 0.3363479758828596 0.009205426356589148 0.019810508182601206
0 0.03827519379844961 0.3807062876830319 0.018410852713178296 0.11024978466838932
1 0.05499031007751938 0.3152454780361757 0.010174418604651164 0.018949181739879414
0 0.052083333333333336 0.3742463393626184 0.029554263565891473 0.14039621016365203
1 0.062257751937984496 0.3462532299741602 0.008236434108527133 0.013781223083548665
0 0.06492248062015504 0.3807062876830319 0.02131782945736434 0.08440999138673558
1 0.07122093023255814 0.3281653746770026 0.01065891472868217 0.018949181739879414
0 0.07243217054263566 0.36261843238587427 0.020833333333333332 0.08957795004306632
1 0.0872093023255814 0.34280792420327305 0.00872093023255814 0.02239448751076658
0 0.0874515503875969 0.375968992248062 0.031492248062015504 0.09388458225667529
1 0.09060077519379844 0.33118001722652884 0.00872093023255814 0.01808785529715762
0 0.09229651162790697 0.36261843238587427 0.020833333333333332 0.0913006029285099
1 0.10247093023255814 0.3423772609819121 0.009205426356589148 0.014642549526270457
0 0.10392441860465117 0.37467700258397935 0.0188953488372093 0.08785529715762273
1 0.12160852713178294 0.33161068044788977 0.009689922480620155 0.018949181739879414
0 0.12330426356589147 0.36477174849267874 0.024709302325581394 0.0921619293712317
1 0.1380813953488372 0.33462532299741604 0.007751937984496124 0.01636520241171404
0 0.13929263565891473 0.3652024117140396 0.017926356589147287 0.08096468561584841
1 0.14219961240310078 0.35099052540913006 0.008236434108527133 0.01808785529715762
0 0.14437984496124032 0.38242894056847543 0.020348837209302327 0.08440999138673558
1 0.12063953488372094 0.34926787252368646 0.01065891472868217 0.019810508182601206
0 0.12281976744186046 0.384151593453919 0.030523255813953487 0.09474590869939707
1 0.12936046511627908 0.37295434969853575 0.00872093023255814 0.017226528854435832
0 0.13178294573643412 0.39664082687338503 0.01937984496124031 0.06976744186046512
1 0.027131782945736434 0.41946597760551246 0.011627906976744186 0.020671834625323
0 0.023498062015503876 0.4474590869939707 0.031492248062015504 0.08010335917312661
1 0.03948643410852713 0.4168819982773471 0.014050387596899225 0.029285099052540915
0 0.03294573643410853 0.46770025839793283 0.041666666666666664 0.1343669250645995
1 0.07412790697674419 0.39750215331610683 0.018410852713178296 0.03186907838070629
0 0.059593023255813955 0.4560723514211886 0.06589147286821706 0.16106804478897502
1 0.10222868217054264 0.3987941429801895 0.016472868217054265 0.034453057708871665
0 0.09593023255813954 0.4599483204134367 0.05910852713178295 0.16192937123169682
1 0.11579457364341085 0.38931955211024977 0.013565891472868217 0.025839793281653745
0 0.1182170542635659 0.4207579672695952 0.02810077519379845 0.08871662360034453
1 0.13299418604651161 0.3992248062015504 0.015988372093023256 0.030146425495262703
0 0.12063953488372094 0.4573643410852713 0.05232558139534884 0.1636520241171404
1 0.07437015503875968 0.49870801033591733 0.01695736434108527 0.03617571059431524
0 0.06637596899224807 0.5284237726098191 0.05135658914728682 0.10077519379844961
1 0.1305717054263566 0.5137812230835487 0.01695736434108527 0.03186907838070629
0 0.12306201550387597 0.541343669250646 0.0562015503875969 0.1024978466838932
1 0.1569767441860465 0.48148148148148145 0.016472868217054265 0.03273040482342808
0 0.1569767441860465 0.5155038759689923 0.03972868217054264 0.10422049956933678
1 0.1618217054263566 0.40137812230835485 0.012596899224806201 0.025839793281653745
0 0.14728682170542637 0.4582256675279931 0.05426356589147287 0.1515934539190353
1 0.17659883720930233 0.3341946597760551 0.010174418604651164 0.020671834625323
0 0.1739341085271318 0.3725236864771749 0.025193798449612403 0.09905254091300603
1 0.19064922480620156 0.34280792420327305 0.010174418604651164 0.020671834625323
0 0.1933139534883721 0.3798449612403101 0.020348837209302327 0.09646856158484066
1 0.19912790697674418 0.33204134366925064 0.007751937984496124 0.014642549526270457
0 0.2010658914728682 0.3733850129198966 0.01937984496124031 0.1111111111111111
1 0.21438953488372092 0.33462532299741604 0.007267441860465116 0.012919896640826873
0 0.21632751937984496 0.36175710594315247 0.015988372093023256 0.07235142118863049
1 0.23522286821705427 0.3415159345391904 0.006298449612403101 0.012919896640826873
0 0.23304263565891473 0.3733850129198966 0.016472868217054265 0.08010335917312661
1 0.23934108527131784 0.3397932816537468 0.00872093023255814 0.01808785529715762
0 0.2376453488372093 0.3763996554694229 0.022771317829457363 0.09819121447028424
1 0.24781976744186046 0.3440999138673557 0.007267441860465116 0.01636520241171404
0 0.24733527131782945 0.3725236864771749 0.011143410852713179 0.07665805340223945
1 0.2560562015503876 0.33462532299741604 0.008236434108527133 0.01636520241171404
0 0.2555717054263566 0.36563307493540054 0.01695736434108527 0.08354866494401378
1 0.2601744186046512 0.33936261843238585 0.009689922480620155 0.017226528854435832
0 0.2599321705426357 0.3742463393626184 0.02567829457364341 0.10422049956933678
1 0.2749515503875969 0.3453919035314384 0.007267441860465116 0.015503875968992248
0 0.2756782945736434 0.36477174849267874 0.009689922480620155 0.05770887166236004
1 0.28464147286821706 0.34194659776055125 0.009205426356589148 0.020671834625323
0 0.2824612403100775 0.3690783807062877 0.01744186046511628 0.0818260120585702
1 0.2916666666666667 0.3397932816537468 0.00872093023255814 0.014642549526270457
0 0.2921511627906977 0.3570198105081826 0.01065891472868217 0.050818260120585705
1 0.3015988372093023 0.34280792420327305 0.009205426356589148 0.015503875968992248
0 0.29941860465116277 0.3763996554694229 0.01937984496124031 0.08613264427217916
1 0.3195251937984496 0.3354866494401378 0.009205426356589148 0.01636520241171404
0 0.32049418604651164 0.3652024117140396 0.0188953488372093 0.07924203273040482
1 0.33066860465116277 0.3440999138673557 0.007267441860465116 0.014642549526270457
0 0.3311531007751938 0.37295434969853575 0.022771317829457363 0.07579672695951765
1 0.3478682170542636 0.3496985357450474 0.005813953488372093 0.013781223083548665
0 0.34617248062015504 0.37209302325581395 0.015019379844961241 0.06373815676141258
1 0.3498062015503876 0.3544358311800172 0.006782945736434108 0.014642549526270457
0 0.3498062015503876 0.3708010335917313 0.012596899224806201 0.05254091300602928
1 0.36070736434108525 0.3496985357450474 0.009205426356589148 0.015503875968992248
0 0.35780038759689925 0.38027562446167096 0.01695736434108527 0.08527131782945736
1 0.3699127906976744 0.3682170542635659 0.009205426356589148 0.019810508182601206
0 0.3752422480620155 0.3875968992248062 0.02180232558139535 0.06201550387596899
1 0.37863372093023256 0.3466838931955211 0.007267441860465116 0.01636520241171404
0 0.37790697674418605 0.375968992248062 0.01744186046511628 0.08010335917312661
1 0.38953488372093026 0.3462532299741602 0.007751937984496124 0.018949181739879414
0 0.39026162790697677 0.3776916451335056 0.02374031007751938 0.08699397071490095
1 0.405281007751938 0.3423772609819121 0.009205426356589148 0.01636520241171404
0 0.40625 0.37553832902670115 0.020833333333333332 0.08785529715762273
1 0.42005813953488375 0.3488372093023256 0.00872093023255814 0.017226528854435832
0 0.42005813953488375 0.38113695090439276 0.018410852713178296 0.08871662360034453
1 0.436531007751938 0.3453919035314384 0.00872093023255814 0.015503875968992248
0 0.43435077519379844 0.3815676141257537 0.01695736434108527 0.08957795004306632
1 0.4479166666666667 0.3496985357450474 0.009205426356589148 0.020671834625323
0 0.44646317829457366 0.38027562446167096 0.01986434108527132 0.08699397071490095
1 0.4631782945736434 0.35658914728682173 0.007751937984496124 0.018949181739879414
0 0.4631782945736434 0.3906115417743325 0.018410852713178296 0.0921619293712317
1 0.4811046511627907 0.3479758828596038 0.009689922480620155 0.020671834625323
0 0.48376937984496127 0.3863049095607235 0.020833333333333332 0.10077519379844961
1 0.5 0.347114556416882 0.015503875968992248 0.03789836347975883
0 0.5055717054263565 0.4069767441860465 0.041182170542635656 0.16106804478897502
1 0.5205910852713178 0.34453057708871665 0.006298449612403101 0.013781223083548665
0 0.5213178294573644 0.3699397071490095 0.009689922480620155 0.06632213608957795
1 0.5414244186046512 0.35572782084409993 0.007267441860465116 0.017226528854435832
0 0.5421511627906976 0.38372093023255816 0.018410852713178296 0.07493540051679587
1 0.5482073643410853 0.3432385874246339 0.006298449612403101 0.014642549526270457
0 0.5484496124031008 0.3652024117140396 0.009689922480620155 0.06029285099052541
1 0.5583817829457365 0.338931955211025 0.009205426356589148 0.019810508182601206
0 0.5571705426356589 0.38372093023255816 0.025193798449612403 0.11283376399655469
1 0.5801841085271318 0.35012919896640826 0.009205426356589148 0.01636520241171404
0 0.5809108527131783 0.3875968992248062 0.022286821705426358 0.09991386735572783
1 0.591812015503876 0.3453919035314384 0.005329457364341085 0.012058570198105082
0 0.5906007751937985 0.36132644272179154 0.006782945736434108 0.04909560723514212
1 0.5964147286821705 0.34840654608096466 0.005813953488372093 0.01119724375538329
0 0.595203488372093 0.37381567614125755 0.010174418604651164 0.06373815676141258
1 0.6053779069767442 0.34926787252368646 0.009205426356589148 0.019810508182601206
0 0.6029554263565892 0.3875968992248062 0.015988372093023256 0.10163652024117141
1 0.6150678294573644 0.34366925064599485 0.007267441860465116 0.013781223083548665
0 0.6128875968992248 0.3772609819121447 0.015503875968992248 0.08440999138673558
1 0.6213662790697675 0.355297157622739 0.008236434108527133 0.01636520241171404
0 0.6199127906976745 0.3871662360034453 0.01986434108527132 0.08699397071490095
1 0.6354166666666666 0.35271317829457366 0.008236434108527133 0.019810508182601206
0 0.6361434108527132 0.3867355727820844 0.01744186046511628 0.08957795004306632
1 0.6298449612403101 0.3380706287683032 0.00872093023255814 0.01808785529715762
0 0.6293604651162791 0.35745047372954347 0.014534883720930232 0.05857019810508183
1 0.6380813953488372 0.32558139534883723 0.005813953488372093 0.012058570198105082
0 0.6373546511627907 0.33936261843238585 0.011143410852713179 0.04478897502153316
1 0.6480135658914729 0.3376399655469423 0.008236434108527133 0.015503875968992248
0 0.6475290697674418 0.3742463393626184 0.0188953488372093 0.09732988802756244
1 0.6640019379844961 0.3397932816537468 0.006298449612403101 0.01636520241171404
0 0.6637596899224806 0.3686477174849268 0.01744186046511628 0.08096468561584841
1 0.6746608527131783 0.3496985357450474 0.008236434108527133 0.015503875968992248
0 0.6761143410852714 0.37381567614125755 0.01308139534883721 0.06546080964685616
1 0.6862887596899225 0.3475452196382429 0.008236434108527133 0.01636520241171404
0 0.6901647286821705 0.3772609819121447 0.02567829457364341 0.082687338501292
1 0.7027616279069767 0.3324720068906115 0.006298449612403101 0.013781223083548665
0 0.7022771317829457 0.3561584840654608 0.01695736434108527 0.06459948320413436
1 0.7044573643410853 0.3440999138673557 0.006782945736434108 0.014642549526270457
0 0.7032461240310077 0.37037037037037035 0.015988372093023256 0.07062876830318691
1 0.7189922480620154 0.34022394487510765 0.005813953488372093 0.012058570198105082
0 0.7180232558139535 0.367786391042205 0.015503875968992248 0.07062876830318691
1 0.7303779069767442 0.34840654608096466 0.006298449612403101 0.014642549526270457
0 0.7245639534883721 0.3716623600344531 0.022771317829457363 0.06459948320413436
1 0.7390988372093024 0.37209302325581395 0.006298449612403101 0.012058570198105082
0 0.7400678294573644 0.3875968992248062 0.010174418604651164 0.04823428079242033
1 0.7461240310077519 0.3359173126614987 0.006782945736434108 0.012058570198105082
0 0.7446705426356589 0.3652024117140396 0.01937984496124031 0.07235142118863049
1 0.7458817829457365 0.347114556416882 0.006298449612403101 0.013781223083548665
0 0.7473352713178295 0.3725236864771749 0.017926356589147287 0.06632213608957795
1 0.7664728682170543 0.3385012919896641 0.007751937984496124 0.015503875968992248
0 0.7669573643410853 0.3643410852713178 0.016472868217054265 0.07235142118863049
1 0.7865794573643411 0.3652024117140396 0.008236434108527133 0.017226528854435832
0 0.7824612403100775 0.3832902670111972 0.02616279069767442 0.06373815676141258
1 0.8040213178294574 0.3458225667527993 0.006298449612403101 0.01119724375538329
0 0.8011143410852714 0.37123169681309215 0.015988372093023256 0.06546080964685616
1 0.8161337209302325 0.34108527131782945 0.006298449612403101 0.013781223083548665
0 0.8158914728682171 0.36563307493540054 0.016472868217054265 0.06632213608957795
1 0.8260658914728682 0.3488372093023256 0.005813953488372093 0.0103359173126615
0 0.8255813953488372 0.3695090439276486 0.011627906976744186 0.05857019810508183
1 0.8347868217054264 0.34453057708871665 0.006782945736434108 0.012058570198105082
0 0.8359980620155039 0.3673557278208441 0.012112403100775194 0.06287683031869079
1 0.8873546511627907 0.3385012919896641 0.005329457364341085 0.0103359173126615
0 0.8844476744186046 0.359603789836348 0.01695736434108527 0.05426356589147287
1 0.8989825581395349 0.34453057708871665 0.003391472868217054 0.0068906115417743325
0 0.8972868217054264 0.35357450473729546 0.005813953488372093 0.030146425495262703
1 0.9045542635658915 0.34022394487510765 0.0048449612403100775 0.008613264427217916
0 0.9055232558139535 0.35486649440137813 0.009689922480620155 0.03962101636520241
1 0.9190891472868217 0.3458225667527993 0.00872093023255814 0.014642549526270457
0 0.9188468992248062 0.37123169681309215 0.022771317829457363 0.06718346253229975
1 0.9011627906976745 0.35357450473729546 0.007751937984496124 0.014642549526270457
0 0.9006782945736435 0.3781223083548665 0.016472868217054265 0.06546080964685616
1 0.8812984496124031 0.3751076658053402 0.00872093023255814 0.019810508182601206
0 0.8810562015503876 0.3875968992248062 0.012112403100775194 0.04823428079242033
1 0.9331395348837209 0.34840654608096466 0.003875968992248062 0.007751937984496124
0 0.9307170542635659 0.36089577950043067 0.009689922480620155 0.03617571059431524
1 0.9450096899224806 0.3242894056847545 0.008236434108527133 0.01636520241171404
0 0.9416182170542635 0.3466838931955211 0.02180232558139535 0.06632213608957795
1 0.9430717054263565 0.3432385874246339 0.009205426356589148 0.01808785529715762
0 0.9445251937984496 0.36563307493540054 0.022771317829457363 0.0714900947459087
1 0.9600290697674418 0.35228251507321273 0.003391472868217054 0.0068906115417743325
0 0.9602713178294574 0.36391042204995694 0.00872093023255814 0.03359173126614987
1 0.9728682170542635 0.355297157622739 0.007751937984496124 0.014642549526270457
0 0.968265503875969 0.375968992248062 0.01695736434108527 0.0611541774332472
1 0.9745639534883721 0.3475452196382429 0.008236434108527133 0.014642549526270457
0 0.9757751937984496 0.3669250645994832 0.012596899224806201 0.05857019810508183
1 0.9852228682170543 0.3423772609819121 0.009205426356589148 0.01808785529715762
0 0.9861918604651163 0.37381567614125755 0.015988372093023256 0.082687338501292
1 0.9963662790697675 0.3449612403100775 0.007267441860465116 0.019810508182601206
0 0.9920058139534884 0.3768303186907838 0.015988372093023256 0.08699397071490095
1 0.971656976744186 0.3854435831180017 0.010174418604651164 0.019810508182601206
0 0.9726259689922481 0.40568475452196384 0.015988372093023256 0.06201550387596899
1 0.9656007751937985 0.4082687338501292 0.02422480620155039 0.07751937984496124
0 0.9656007751937985 0.4082687338501292 0.02422480620155039 0.07751937984496124
1 0.9396802325581395 0.37941429801894916 0.011143410852713179 0.023255813953488372
0 0.9401647286821705 0.39664082687338503 0.014050387596899225 0.059431524547803614
1 0.9297480620155039 0.3906115417743325 0.012596899224806201 0.024978466838931956
0 0.9297480620155039 0.4134366925064599 0.015503875968992248 0.07407407407407407
1 0.9188468992248062 0.3962101636520241 0.015019379844961241 0.029285099052540915
0 0.9190891472868217 0.4207579672695952 0.027131782945736434 0.0818260120585702
1 0.9750484496124031 0.43669250645994834 0.024709302325581394 0.04306632213608958
0 0.9609980620155039 0.537467700258398 0.07800387596899225 0.2670111972437554
1 0.9530038759689923 0.42678725236864773 0.01744186046511628 0.04392764857881137
0 0.9503391472868217 0.5021533161068045 0.041182170542635656 0.19810508182601205
1 0.9183624031007752 0.4388458225667528 0.020833333333333332 0.04392764857881137
0 0.9060077519379846 0.5335917312661499 0.06686046511627906 0.24203273040482343
1 0.8955910852713178 0.43410852713178294 0.020833333333333332 0.03962101636520241
0 0.8871124031007752 0.5198105081826012 0.045542635658914726 0.223083548664944
1 0.8524709302325582 0.4315245478036176 0.020833333333333332 0.03962101636520241
0 0.8381782945736435 0.5142118863049095 0.06201550387596899 0.2136089577950043
1 0.8868701550387597 0.39750215331610683 0.01695736434108527 0.03186907838070629
0 0.8829941860465116 0.4418604651162791 0.040213178294573645 0.1326442721791559
1 0.8633720930232558 0.3742463393626184 0.009689922480620155 0.01808785529715762
0 0.8665213178294574 0.39147286821705424 0.0188953488372093 0.05770887166236004
1 0.8565891472868217 0.3695090439276486 0.006782945736434108 0.015503875968992248
0 0.8558624031007752 0.38027562446167096 0.007267441860465116 0.040482342807924204
1 0.8624031007751938 0.39491817398794143 0.014534883720930232 0.030146425495262703
0 0.8624031007751938 0.4142980189491817 0.022286821705426358 0.082687338501292
1 0.8396317829457365 0.3785529715762274 0.007751937984496124 0.01808785529715762
0 0.8376937984496124 0.39362618432385876 0.013565891472868217 0.05167958656330749
1 0.8430232558139535 0.4005167958656331 0.015503875968992248 0.03617571059431524
0 0.8374515503875969 0.44229112833763995 0.03924418604651163 0.1231696813092162
1 0.8255813953488372 0.3888888888888889 0.011627906976744186 0.024978466838931956
0 0.8236434108527132 0.4074074074074074 0.020348837209302327 0.06373815676141258
1 0.8122577519379846 0.3983634797588286 0.01308139534883721 0.024978466838931956
0 0.810562015503876 0.4198966408268734 0.022286821705426358 0.0818260120585702
1 0.812015503875969 0.3970714900947459 0.012596899224806201 0.02239448751076658
0 0.811046511627907 0.42463393626184326 0.02810077519379845 0.07924203273040482
1 0.7957848837209303 0.40482342807924204 0.014050387596899225 0.02756244616709733
0 0.7953003875968992 0.42764857881136953 0.02374031007751938 0.07665805340223945
1 0.7819767441860465 0.39147286821705424 0.014534883720930232 0.028423772609819122
0 0.7766472868217055 0.4160206718346253 0.02810077519379845 0.07579672695951765
1 0.7795542635658915 0.4190353143841516 0.015503875968992248 0.03186907838070629
0 0.7766472868217055 0.48234280792420325 0.0377906976744186 0.16709732988802756
1 0.8088662790697675 0.43281653746770027 0.015019379844961241 0.03359173126614987
0 0.8081395348837209 0.4900947459086994 0.03197674418604651 0.14987080103359174
1 0.7587209302325582 0.40654608096468564 0.015503875968992248 0.03273040482342808
0 0.7589631782945736 0.4362618432385874 0.026647286821705425 0.09043927648578812
1 0.7349806201550387 0.40568475452196384 0.015503875968992248 0.031007751937984496
0 0.7352228682170543 0.43367786391042207 0.029554263565891473 0.0921619293712317
1 0.7279554263565892 0.39319552110249784 0.011143410852713179 0.024978466838931956
0 0.7233527131782945 0.42850990525409133 0.027131782945736434 0.09905254091300603
1 0.717781007751938 0.39319552110249784 0.011143410852713179 0.023255813953488372
0 0.7160852713178295 0.42506459948320413 0.023255813953488372 0.0921619293712317
1 0.7405523255813954 0.4280792420327304 0.020833333333333332 0.03617571059431524
0 0.7323158914728682 0.5142118863049095 0.05281007751937984 0.21705426356589147
1 0.7156007751937985 0.4409991386735573 0.020348837209302327 0.04306632213608958
0 0.7020348837209303 0.5348837209302325 0.06686046511627906 0.23772609819121446
1 0.689922480620155 0.4198966408268734 0.016472868217054265 0.03186907838070629
0 0.6911337209302325 0.45348837209302323 0.03439922480620155 0.11800172265288544
1 0.6785368217054264 0.44487510766580535 0.015988372093023256 0.03186907838070629
0 0.6751453488372093 0.5064599483204134 0.05571705426356589 0.18087855297157623
1 0.6601259689922481 0.40568475452196384 0.012112403100775194 0.02756244616709733
0 0.6596414728682171 0.43669250645994834 0.026647286821705425 0.09819121447028424
1 0.6528585271317829 0.38285960378983636 0.008236434108527133 0.01636520241171404
0 0.6521317829457365 0.400947459086994 0.01065891472868217 0.05770887166236004
1 0.6642441860465116 0.38199827734711456 0.009689922480620155 0.02153316106804479
0 0.6683624031007752 0.4069767441860465 0.01986434108527132 0.07321274763135228
1 0.6218507751937985 0.4095607235142119 0.0188953488372093 0.03359173126614987
0 0.623062015503876 0.4388458225667528 0.02616279069767442 0.09732988802756244
1 0.6063468992248062 0.4177433247200689 0.01695736434108527 0.03617571059431524
0 0.6070736434108527 0.44142980189491815 0.02422480620155039 0.09560723514211886
1 0.592296511627907 0.3875968992248062 0.012112403100775194 0.020671834625323
0 0.5879360465116279 0.4190353143841516 0.02374031007751938 0.08699397071490095
1 0.5678294573643411 0.4078380706287683 0.015503875968992248 0.028423772609819122
0 0.5712209302325582 0.43238587424633934 0.02422480620155039 0.08957795004306632
1 0.5632267441860465 0.39491817398794143 0.011143410852713179 0.02153316106804479
0 0.5651647286821705 0.4186046511627907 0.020833333333333332 0.07407407407407407
1 0.5406976744186046 0.38458225667527995 0.01065891472868217 0.024978466838931956
0 0.5445736434108527 0.4151593453919035 0.022286821705426358 0.08957795004306632
1 0.5314922480620154 0.38845822566752797 0.011627906976744186 0.025839793281653745
0 0.5305232558139535 0.4186046511627907 0.022286821705426358 0.08957795004306632
1 0.5213178294573644 0.4168819982773471 0.014534883720930232 0.03273040482342808
0 0.5147771317829457 0.45348837209302323 0.03343023255813953 0.11283376399655469
1 0.5489341085271318 0.42032730404823426 0.016472868217054265 0.031007751937984496
0 0.5460271317829457 0.46124031007751937 0.03875968992248062 0.12833763996554695
1 0.6378391472868217 0.4384151593453919 0.020833333333333332 0.04478897502153316
0 0.6247577519379846 0.5344530577088716 0.07025193798449612 0.24031007751937986
1 0.592296511627907 0.4315245478036176 0.01986434108527132 0.04823428079242033
0 0.5770348837209303 0.5223944875107666 0.0755813953488372 0.2351421188630491
1 0.5518410852713178 0.43583118001722654 0.02131782945736434 0.041343669250646
0 0.5380329457364341 0.5211024978466839 0.07025193798449612 0.2153316106804479
1 0.5145348837209303 0.4306632213608958 0.01744186046511628 0.03617571059431524
0 0.4934593023255814 0.5142118863049095 0.07800387596899225 0.2136089577950043
1 0.47601744186046513 0.3996554694229113 0.015988372093023256 0.041343669250646
0 0.47601744186046513 0.4496124031007752 0.036337209302325583 0.14470284237726097
1 0.46875 0.41300602928509905 0.01695736434108527 0.030146425495262703
0 0.4629360465116279 0.48578811369509045 0.04699612403100775 0.18949181739879414
1 0.4416182170542636 0.38372093023255816 0.01308139534883721 0.024978466838931956
0 0.43459302325581395 0.41946597760551246 0.035852713178294575 0.10163652024117141
1 0.4440406976744186 0.41472868217054265 0.017926356589147287 0.040482342807924204
0 0.41375968992248063 0.49698535745047373 0.10368217054263566 0.20844099913867356
1 0.41448643410852715 0.4082687338501292 0.014050387596899225 0.025839793281653745
0 0.40310077519379844 0.46683893195521103 0.04844961240310078 0.16192937123169682
1 0.39680232558139533 0.3953488372093023 0.014534883720930232 0.029285099052540915
0 0.3791182170542636 0.458656330749354 0.05862403100775194 0.16795865633074936
1 0.3854166666666667 0.3944875107665805 0.012112403100775194 0.025839793281653745
0 0.38396317829457366 0.4418604651162791 0.02180232558139535 0.12403100775193798
1 0.36700581395348836 0.3987941429801895 0.014050387596899225 0.034453057708871665
0 0.3638565891472868 0.4599483204134367 0.03682170542635659 0.16192937123169682
1 0.3316375968992248 0.3897502153316107 0.014050387596899225 0.024978466838931956
0 0.33018410852713176 0.43367786391042207 0.022771317829457363 0.11627906976744186
1 0.344718992248062 0.3992248062015504 0.014050387596899225 0.028423772609819122
0 0.3396317829457364 0.46425495262704564 0.05232558139534884 0.17226528854435832
1 0.30886627906976744 0.3970714900947459 0.015988372093023256 0.034453057708871665
0 0.312015503875969 0.4625322997416021 0.03875968992248062 0.16881998277347116
1 0.2880329457364341 0.3888888888888889 0.015988372093023256 0.03186907838070629
0 0.2863372093023256 0.43367786391042207 0.02616279069767442 0.1231696813092162
1 0.29045542635658916 0.4134366925064599 0.015988372093023256 0.03273040482342808
0 0.2882751937984496 0.4806201550387597 0.04844961240310078 0.17226528854435832
1 0.2611434108527132 0.4069767441860465 0.016472868217054265 0.03359173126614987
0 0.24806201550387597 0.47329888027562445 0.06492248062015504 0.17657192075796727
1 0.2439437984496124 0.3880275624461671 0.012112403100775194 0.023255813953488372
0 0.24127906976744187 0.42937123169681307 0.030038759689922482 0.11455641688199827
1 0.2194767441860465 0.4052540913006029 0.015503875968992248 0.03186907838070629
0 0.20881782945736435 0.46597760551248923 0.0562015503875969 0.165374677002584
1 0.19186046511627908 0.40353143841515937 0.015503875968992248 0.024978466838931956
0 0.17369186046511628 0.46511627906976744 0.07315891472868218 0.16709732988802756
1 0.1610949612403101 0.3996554694229113 0.01308139534883721 0.029285099052540915
0 0.14777131782945738 0.46124031007751937 0.055232558139534885 0.15934539190353145
1 0.13275193798449614 0.40137812230835485 0.015503875968992248 0.031007751937984496
0 0.12088178294573644 0.4569336778639104 0.05281007751937984 0.16279069767441862
1 0.07243217054263566 0.3983634797588286 0.015988372093023256 0.030146425495262703
0 0.05983527131782946 0.4595176571920758 0.06443798449612403 0.15590008613264428
1 0.03924418604651163 0.4168819982773471 0.013565891472868217 0.02756244616709733
0 0.03391472868217054 0.46597760551248923 0.03972868217054264 0.12919896640826872
1 0.026647286821705425 0.41946597760551246 0.01065891472868217 0.020671834625323
0 0.0249515503875969 0.46683893195521103 0.036337209302325583 0.12058570198105081
1 0.19428294573643412 0.4888027562446167 0.016472868217054265 0.03186907838070629
0 0.19186046511627908 0.5189491817398794 0.05135658914728682 0.1024978466838932
1 0.19646317829457363 0.5146425495262704 0.0188953488372093 0.03531438415159346
0 0.20397286821705427 0.5417743324720069 0.05717054263565891 0.09646856158484066
1 0.22868217054263565 0.5008613264427217 0.01937984496124031 0.03875968992248062
0 0.20809108527131784 0.545650301464255 0.09447674418604651 0.13178294573643412
1 0.24806201550387597 0.49698535745047373 0.016472868217054265 0.034453057708871665
0 0.24806201550387597 0.5267011197243755 0.03875968992248062 0.09732988802756244
1 0.28512596899224807 0.4844961240310077 0.015988372093023256 0.037037037037037035
0 0.280281007751938 0.5211024978466839 0.04312015503875969 0.1119724375538329
1 0.5746124031007752 0.7588285960378983 0.031007751937984496 0.07062876830318691
0 0.5845445736434108 0.8574504737295435 0.0750968992248062 0.25925925925925924
1 0.5879360465116279 0.7239448751076658 0.04408914728682171 0.09732988802756244
0 0.5811531007751938 0.835055986218777 0.1564922480620155 0.3298880275624462
1 0.7579941860465116 0.867786391042205 0.0692829457364341 0.12489233419465978
0 0.7487887596899225 0.9018087855297158 0.1690891472868217 0.19638242894056848
1 0.7093023255813954 0.8290267011197244 0.05232558139534884 0.11800172265288544
0 0.6901647286821705 0.8807062876830318 0.14583333333333334 0.23858742463393626
1 0.7214147286821705 0.6434108527131783 0.04941860465116279 0.08096468561584841
0 0.7281976744186046 0.7795004306632214 0.06782945736434108 0.36003445305770887
1 0.6676356589147286 0.7067183462532299 0.040697674418604654 0.0818260120585702
0 0.6763565891472868 0.7820844099913867 0.0998062015503876 0.2463393626184324