1 0.063671875 0.3173611111111111 0.12734375 0.29305555555555557
0 0.181640625 0.5819444444444445 0.36328125 0.8361111111111111
1 0.2078125 0.41388888888888886 0.046875 0.10277777777777777
0 0.192578125 0.6736111111111112 0.13671875 0.6527777777777778
1 0.25 0.4173611111111111 0.05625 0.12916666666666668
0 0.24140625 0.6722222222222223 0.15 0.6555555555555556
1 0.2984375 0.3451388888888889 0.046875 0.09583333333333334
0 0.294140625 0.6423611111111112 0.10390625 0.7097222222222223
1 0.391796875 0.46041666666666664 0.08203125 0.20416666666666666
0 0.387890625 0.6666666666666666 0.26171875 0.6666666666666666
1 0.4828125 0.5506944444444445 0.1546875 0.32916666666666666
0 0.465234375 0.6909722222222222 0.41171875 0.6180555555555556
1 0.553515625 0.4513888888888889 0.06171875 0.1527777777777778
0 0.571484375 0.68125 0.16328125 0.6375
1 0.68984375 0.3875 0.090625 0.20833333333333334
0 0.68671875 0.6402777777777777 0.2640625 0.7194444444444444
1 0.795703125 0.3590277777777778 0.08046875 0.15694444444444444
0 0.80078125 0.6326388888888889 0.2203125 0.7347222222222223
1 0.79609375 0.7055555555555556 0.36875 0.5888888888888889
0 0.794921875 0.70625 0.38671875 0.5875
1 0.962109375 0.40069444444444446 0.07578125 0.19027777777777777
0 0.943359375 0.63125 0.11328125 0.7375
1 0.48984375 0.32569444444444445 0.0359375 0.06805555555555555
0 0.473046875 0.5395833333333333 0.08046875 0.5125