1 0.4508333333333333 0.5701001430615165 0.05333333333333334 0.1044349070100143
0 0.4220833333333333 0.746065808297568 0.15916666666666668 0.5078683834048641
1 0.6104166666666667 0.5386266094420601 0.05416666666666667 0.12732474964234622
0 0.6129166666666667 0.7331902718168812 0.17083333333333334 0.5336194563662375
1 0.7279166666666667 0.542203147353362 0.060833333333333336 0.13733905579399142
0 0.7454166666666666 0.7360515021459227 0.17916666666666667 0.5278969957081545
1 0.5025 0.4792560801144492 0.055 0.12303290414878398
0 0.515 0.6967095851216023 0.26166666666666666 0.6065808297567954
1 0.33458333333333334 0.4814020028612303 0.04583333333333333 0.10157367668097282
0 0.3416666666666667 0.703862660944206 0.16166666666666665 0.5665236051502146
1 0.375 0.5350500715307582 0.051666666666666666 0.11158798283261803
0 0.37916666666666665 0.7367668097281831 0.165 0.5264663805436338