1 0.05859375 0.6455399061032864 0.0703125 0.10328638497652583
0 0.071875 0.7910798122065728 0.14375 0.41784037558685444
1 0.1859375 0.5563380281690141 0.065625 0.12206572769953052
0 0.175 0.7453051643192489 0.1625 0.5093896713615024
1 0.31171875 0.5950704225352113 0.0609375 0.11971830985915492
0 0.30703125 0.7617370892018779 0.1515625 0.4765258215962441
1 0.43515625 0.5586854460093896 0.0609375 0.1267605633802817
0 0.42421875 0.7429577464788732 0.1546875 0.5140845070422535
1 0.5515625 0.545774647887324 0.059375 0.11502347417840375
0 0.56015625 0.7359154929577465 0.1703125 0.528169014084507
1 0.671875 0.5762910798122066 0.05625 0.11032863849765258
0 0.68125 0.7546948356807511 0.13125 0.49061032863849763
1 0.80546875 0.6631455399061033 0.0546875 0.12441314553990611
0 0.8171875 0.7946009389671361 0.203125 0.4107981220657277
1 0.91875 0.607981220657277 0.0625 0.11737089201877934
0 0.928125 0.7746478873239436 0.14375 0.4507042253521127
1 0.059375 0.5176056338028169 0.071875 0.12441314553990611
0 0.0765625 0.721830985915493 0.153125 0.5563380281690141
1 0.2296875 0.5117370892018779 0.05 0.09859154929577464
0 0.22265625 0.7288732394366197 0.1421875 0.5422535211267606
1 0.3609375 0.45774647887323944 0.05625 0.09389671361502347
0 0.34453125 0.7018779342723005 0.1609375 0.596244131455399
1 0.4953125 0.4671361502347418 0.05625 0.107981220657277
0 0.50859375 0.7030516431924883 0.1390625 0.5938967136150235
1 0.6265625 0.45774647887323944 0.059375 0.107981220657277
0 0.6203125 0.6960093896713615 0.146875 0.607981220657277
1 0.7453125 0.5234741784037559 0.05 0.10328638497652583
0 0.7578125 0.7276995305164319 0.140625 0.5446009389671361
1 0.83125 0.49178403755868544 0.05625 0.1056338028169014
0 0.834375 0.7136150234741784 0.140625 0.5727699530516432
1 0.134375 0.4014084507042254 0.046875 0.07511737089201878
0 0.13984375 0.6208920187793427 0.1265625 0.5234741784037559
1 0.19375 0.4424882629107981 0.046875 0.09624413145539906
0 0.2015625 0.6913145539906104 0.159375 0.6173708920187794
1 0.246875 0.36032863849765256 0.046875 0.09154929577464789
0 0.265625 0.5833333333333334 0.140625 0.5516431924882629
1 0.3234375 0.3826291079812207 0.05 0.0892018779342723
0 0.3234375 0.6068075117370892 0.14375 0.5469483568075117
1 0.434375 0.3403755868544601 0.05 0.09389671361502347
0 0.44375 0.6009389671361502 0.14375 0.6384976525821596
1 0.53671875 0.3591549295774648 0.0484375 0.107981220657277
0 0.55 0.6185446009389671 0.14375 0.636150234741784
1 0.59765625 0.3779342723004695 0.0484375 0.07511737089201878
0 0.60546875 0.5845070422535211 0.1140625 0.5023474178403756
1 0.6671875 0.37910798122065725 0.04375 0.08685446009389672
0 0.6765625 0.5845070422535211 0.1125 0.5023474178403756
1 0.7046875 0.4154929577464789 0.040625 0.09389671361502347
0 0.7109375 0.6126760563380281 0.140625 0.5070422535211268
1 0.79375 0.43661971830985913 0.04375 0.06572769953051644
0 0.80234375 0.6314553990610329 0.1078125 0.4788732394366197
1 0.4875 0.3591549295774648 0.04375 0.07042253521126761
0 0.4921875 0.539906103286385 0.096875 0.4460093896713615
1 0.5984375 0.38028169014084506 0.046875 0.08450704225352113
0 0.60390625 0.568075117370892 0.1046875 0.49295774647887325