1 0.09533333333333334 0.8609300947867299 0.008333333333333333 0.01688388625592417
0 0.09583333333333334 0.9078791469194313 0.02033333333333333 0.12322274881516587
1 0.10916666666666666 0.884478672985782 0.005333333333333333 0.011255924170616114
0 0.11408333333333333 0.9124703791469194 0.015166666666666667 0.06783175355450237
1 0.10333333333333333 0.8828495260663507 0.005666666666666667 0.01273696682464455
0 0.10166666666666667 0.9103969194312796 0.011666666666666667 0.07197867298578199
1 0.13958333333333334 0.8593009478672986 0.007833333333333333 0.013033175355450236
0 0.13891666666666666 0.9098045023696683 0.025833333333333333 0.11640995260663507
1 0.16341666666666665 0.8804798578199052 0.005166666666666667 0.013921800947867298
0 0.16033333333333333 0.9161729857819905 0.023 0.08886255924170616
1 0.16783333333333333 0.8649289099526066 0.007 0.013625592417061612
0 0.16666666666666666 0.9037322274881516 0.018666666666666668 0.0947867298578199
1 0.18733333333333332 0.8640402843601895 0.009333333333333334 0.015995260663507108
0 0.187 0.911877962085308 0.028666666666666667 0.11463270142180094
1 0.26666666666666666 0.8681872037914692 0.008 0.015402843601895734
0 0.2618333333333333 0.9132109004739336 0.030333333333333334 0.10900473933649289
1 0.3248333333333333 0.8637440758293838 0.008 0.015995260663507108
0 0.3255 0.9136552132701422 0.030666666666666665 0.11640995260663507
1 0.3368333333333333 0.8871445497630331 0.007666666666666666 0.015402843601895734
0 0.3348333333333333 0.9238744075829384 0.01633333333333333 0.09123222748815166
1 0.34208333333333335 0.8721860189573459 0.007166666666666667 0.013921800947867298
0 0.34158333333333335 0.9172097156398105 0.017166666666666667 0.1063388625592417
1 0.3705 0.8542654028436019 0.007 0.01481042654028436
0 0.3670833333333333 0.908175355450237 0.020833333333333332 0.12381516587677725
1 0.44558333333333333 0.8566350710900474 0.0085 0.01481042654028436
0 0.44216666666666665 0.9061018957345972 0.03166666666666667 0.11433649289099526
1 0.5133333333333333 0.9068424170616114 0.005 0.009774881516587678
0 0.513 0.9296504739336493 0.011333333333333334 0.05716824644549763
1 0.5050833333333333 0.8681872037914692 0.0085 0.015995260663507108
0 0.5071666666666667 0.9096563981042654 0.027666666666666666 0.0995260663507109
1 0.5351666666666667 0.8696682464454977 0.004333333333333333 0.009478672985781991
0 0.5353333333333333 0.902547393364929 0.018 0.07582938388625593
1 0.584 0.8714454976303317 0.008 0.016587677725118485
0 0.5820833333333333 0.9123222748815166 0.026833333333333334 0.0995260663507109
1 0.5971666666666666 0.8827014218009479 0.007333333333333333 0.01481042654028436
0 0.5993333333333334 0.9201718009478673 0.014333333333333333 0.09093601895734597
1 0.602 0.8733708530805687 0.006 0.01273696682464455
0 0.6021666666666666 0.909952606635071 0.02 0.09063981042654029
1 0.6195 0.8615225118483413 0.006333333333333333 0.01273696682464455
0 0.61825 0.9058056872037915 0.015833333333333335 0.10248815165876778
1 0.6164166666666666 0.8829976303317536 0.0075 0.01481042654028436
0 0.6195 0.9207642180094787 0.019 0.09152843601895734
1 0.6285833333333334 0.8958827014218009 0.005833333333333334 0.010959715639810427
0 0.6290833333333333 0.9269845971563981 0.015166666666666667 0.07612559241706161
1 0.6415 0.8704087677725119 0.005666666666666667 0.010959715639810427
0 0.6420833333333333 0.9026954976303317 0.019833333333333335 0.07494075829383887
1 0.6574166666666666 0.8518957345971564 0.004833333333333334 0.009478672985781991
0 0.65975 0.8664099526066351 0.0175 0.03850710900473934
1 0.6604166666666667 0.8634478672985783 0.003833333333333333 0.007701421800947867
0 0.6593333333333333 0.8997334123222749 0.015 0.08501184834123222
1 0.6715833333333333 0.8898104265402843 0.005166666666666667 0.009478672985781991
0 0.6731666666666667 0.9135071090047393 0.012666666666666666 0.05864928909952607
1 0.7038333333333333 0.8831457345971564 0.0033333333333333335 0.006220379146919431
0 0.7038333333333333 0.8978080568720379 0.008666666666666666 0.039691943127962086
1 0.72725 0.8595971563981043 0.007833333333333333 0.016587677725118485
0 0.7324166666666667 0.9117298578199052 0.025166666666666667 0.12203791469194313
1 0.7475 0.8727784360189573 0.01 0.02103080568720379
0 0.7493333333333333 0.9198755924170616 0.021333333333333333 0.11640995260663507
1 0.7761666666666667 0.8638921800947867 0.005333333333333333 0.010367298578199052
0 0.7760833333333333 0.9000296208530806 0.0175 0.08441943127962086
1 0.7854166666666667 0.8643364928909952 0.005833333333333334 0.013033175355450236
0 0.78625 0.8997334123222749 0.012833333333333334 0.0856042654028436