1 0.15696465696465697 0.40342679127725856 0.04781704781704782 0.059190031152647975
0 0.1813929313929314 0.5950155763239875 0.14241164241164242 0.4517133956386293
1 0.21673596673596673 0.6713395638629284 0.034303534303534305 0.04361370716510903
0 0.20738045738045738 0.7928348909657321 0.1340956340956341 0.29595015576323985
1 0.35446985446985446 0.6643302180685359 0.035343035343035345 0.05451713395638629
0 0.3814968814968815 0.7749221183800623 0.16632016632016633 0.2881619937694704
1 0.2915800415800416 0.5397196261682243 0.01975051975051975 0.03582554517133956
0 0.29521829521829523 0.6121495327102804 0.058212058212058215 0.19314641744548286
1 0.3695426195426195 0.6105919003115264 0.030145530145530147 0.04361370716510903
0 0.38565488565488565 0.6651090342679128 0.07484407484407485 0.16199376947040497
1 0.39345114345114346 0.5755451713395638 0.02182952182952183 0.045171339563862926
0 0.39501039501039503 0.6230529595015576 0.06652806652806653 0.1526479750778816
1 0.4656964656964657 0.6230529595015576 0.035343035343035345 0.06230529595015576
0 0.4698544698544699 0.677570093457944 0.11642411642411643 0.19314641744548286
1 0.5072765072765073 0.6098130841121495 0.04158004158004158 0.07320872274143302
0 0.5254677754677755 0.7048286604361371 0.14656964656964658 0.26947040498442365
1 0.7307692307692307 0.5132398753894081 0.02079002079002079 0.03582554517133956
0 0.7338877338877339 0.5934579439252337 0.0395010395010395 0.20249221183800623
1 0.7655925155925156 0.5062305295950156 0.01975051975051975 0.03426791277258567
0 0.751039501039501 0.6074766355140186 0.06340956340956341 0.24922118380062305
1 0.7796257796257796 0.5015576323987538 0.016632016632016633 0.03115264797507788
0 0.7806652806652806 0.5950155763239875 0.04781704781704782 0.23052959501557632
1 0.7972972972972973 0.5 0.018711018711018712 0.03115264797507788
0 0.8061330561330561 0.5778816199376947 0.05093555093555094 0.19937694704049844
1 0.8316008316008316 0.5054517133956387 0.033264033264033266 0.05451713395638629
0 0.8425155925155925 0.6690031152647975 0.10914760914760915 0.3940809968847352
1 0.9116424116424117 0.48598130841121495 0.02702702702702703 0.04361370716510903
0 0.9048856548856549 0.6152647975077882 0.07380457380457381 0.3146417445482866