1 0.01875 0.4395973154362416 0.021875 0.03355704697986577
0 0.02421875 0.5246085011185683 0.0484375 0.2080536912751678
1 0.06875 0.4541387024608501 0.0125 0.02237136465324385
0 0.06953125 0.5223713646532439 0.0453125 0.16778523489932887
1 0.03671875 0.4552572706935123 0.0140625 0.024608501118568233
0 0.0390625 0.5156599552572707 0.040625 0.15436241610738255
1 0.0859375 0.42841163310961966 0.01875 0.03355704697986577
0 0.08984375 0.5268456375838926 0.0609375 0.23937360178970918
1 0.10703125 0.4217002237136465 0.0234375 0.029082774049217
0 0.10859375 0.5123042505592841 0.0390625 0.21923937360178972
1 0.13984375 0.4306487695749441 0.0296875 0.05592841163310962
0 0.14921875 0.6051454138702461 0.1328125 0.41834451901565994
1 0.17890625 0.4161073825503356 0.0296875 0.058165548098434
0 0.1859375 0.5525727069351231 0.0875 0.3400447427293065
1 0.2171875 0.4015659955257271 0.034375 0.06487695749440715
0 0.234375 0.5917225950782998 0.10625 0.44966442953020136
1 0.27109375 0.4742729306487696 0.0453125 0.08501118568232663
0 0.26796875 0.6912751677852349 0.1078125 0.5279642058165548
1 0.2875 0.40268456375838924 0.01875 0.035794183445190156
0 0.29765625 0.5302013422818792 0.0671875 0.3131991051454139
1 0.32421875 0.4082774049217002 0.0171875 0.029082774049217
0 0.3234375 0.48210290827740493 0.0375 0.18568232662192394
1 0.3375 0.41834451901565994 0.01875 0.035794183445190156
0 0.33828125 0.5111856823266219 0.0421875 0.23042505592841164
1 0.3625 0.44407158836689037 0.0375 0.06487695749440715
0 0.35546875 0.62751677852349 0.0703125 0.4407158836689038
1 0.4078125 0.465324384787472 0.046875 0.08501118568232663
0 0.43203125 0.6879194630872483 0.1359375 0.5391498881431768
1 0.3328125 0.5134228187919463 0.065625 0.11409395973154363
0 0.34140625 0.7281879194630873 0.2140625 0.5436241610738255
1 0.425 0.39485458612975394 0.025 0.042505592841163314
0 0.428125 0.5391498881431768 0.078125 0.34451901565995524
1 0.48984375 0.4217002237136465 0.0265625 0.05145413870246085
0 0.5015625 0.5436241610738255 0.071875 0.2953020134228188
1 0.37421875 0.36129753914988816 0.0046875 0.006711409395973154
0 0.3765625 0.378076062639821 0.01875 0.0447427293064877
1 0.55703125 0.36465324384787473 0.0234375 0.040268456375838924
0 0.559375 0.49440715883668906 0.059375 0.3042505592841163
1 0.596875 0.40604026845637586 0.040625 0.06040268456375839
0 0.58515625 0.6073825503355704 0.1015625 0.5078299776286354
1 0.64765625 0.48769574944071586 0.0515625 0.09395973154362416
0 0.6171875 0.7203579418344519 0.165625 0.5592841163310962
1 0.6046875 0.27069351230425054 0.06875 0.22818791946308725
0 0.6046875 0.27069351230425054 0.06875 0.22818791946308725
1 0.64453125 0.39149888143176736 0.0078125 0.008948545861297539
0 0.64375 0.4250559284116331 0.025 0.08053691275167785
1 0.69375 0.39373601789709173 0.009375 0.013422818791946308
0 0.6953125 0.4272930648769575 0.021875 0.0894854586129754
1 0.715625 0.39038031319910516 0.009375 0.015659955257270694
0 0.71484375 0.4250559284116331 0.0234375 0.09395973154362416
1 0.73203125 0.39373601789709173 0.0078125 0.013422818791946308
0 0.7296875 0.4228187919463087 0.01875 0.08053691275167785
1 0.73984375 0.38926174496644295 0.0078125 0.013422818791946308
0 0.74375 0.41834451901565994 0.021875 0.07606263982102908
1 0.7484375 0.36465324384787473 0.00625 0.008948545861297539
0 0.74921875 0.3926174496644295 0.0171875 0.0738255033557047
1 0.7609375 0.40268456375838924 0.021875 0.06711409395973154
0 0.7609375 0.40268456375838924 0.021875 0.06711409395973154
1 0.77578125 0.38814317673378074 0.0078125 0.011185682326621925
0 0.77734375 0.41946308724832215 0.0234375 0.08277404921700224
1 0.84140625 0.203579418344519 0.1421875 0.19686800894854586
0 0.84140625 0.203579418344519 0.1421875 0.19686800894854586
1 0.953125 0.3713646532438479 0.08125 0.5369127516778524
0 0.953125 0.3713646532438479 0.08125 0.5369127516778524
1 0.7953125 0.38814317673378074 0.028125 0.05145413870246085
0 0.8078125 0.5559284116331096 0.0875 0.3959731543624161
1 0.809375 0.4541387024608501 0.04375 0.07606263982102908
0 0.8203125 0.668903803131991 0.140625 0.5190156599552572
1 0.90390625 0.4172259507829978 0.0359375 0.06040268456375839
0 0.90859375 0.6085011185682326 0.1359375 0.44742729306487694
1 0.94921875 0.40380313199105144 0.0390625 0.05592841163310962
0 0.95703125 0.5671140939597316 0.0859375 0.39149888143176736
1 0.96171875 0.3378076062639821 0.0328125 0.053691275167785234
0 0.9703125 0.5234899328859061 0.059375 0.43400447427293065