1 0.07037996545768567 0.16718266253869968 0.054404145077720206 0.12074303405572756
0 0.08549222797927461 0.4914860681114551 0.16753022452504318 0.7848297213622291
1 0.18696027633851467 0.07894736842105263 0.047495682210708115 0.11455108359133127
0 0.20293609671848015 0.42879256965944273 0.16062176165803108 0.8235294117647058
1 0.28842832469775476 0.07662538699690402 0.05181347150259067 0.12538699690402477
0 0.29490500863557856 0.4179566563467492 0.15457685664939552 0.8142414860681114
1 0.40716753022452506 0.12074303405572756 0.04922279792746114 0.11145510835913312
0 0.40716753022452506 0.4434984520123839 0.14421416234887738 0.760061919504644
1 0.5064766839378239 0.08978328173374613 0.05267702936096719 0.11455108359133127
0 0.5138169257340242 0.4295665634674923 0.14162348877374784 0.8095975232198143
1 0.5971502590673575 0.08746130030959752 0.05094991364421416 0.11609907120743033
0 0.6036269430051814 0.40092879256965946 0.12953367875647667 0.7585139318885449
1 0.6394645941278065 0.14086687306501547 0.054404145077720206 0.11455108359133127
0 0.6208981001727115 0.4651702786377709 0.13298791018998274 0.7755417956656346
1 0.7301381692573402 0.14396284829721362 0.05267702936096719 0.11455108359133127
0 0.7223661485319517 0.47213622291021673 0.12176165803108809 0.7801857585139319
1 0.7828151986183074 0.141640866873065 0.054404145077720206 0.12229102167182662
0 0.7910189982728842 0.49613003095975233 0.15198618307426598 0.8343653250773994
1 0.8916234887737479 0.13854489164086686 0.05785837651122625 0.1346749226006192
0 0.9175302245250432 0.5131578947368421 0.16493955094991364 0.8931888544891641
1 0.23791018998272884 0.38080495356037153 0.0613126079447323 0.12693498452012383
0 0.2659758203799655 0.6246130030959752 0.17789291882556132 0.6486068111455109
1 0.3898963730569948 0.3877708978328173 0.05785837651122625 0.12229102167182662
0 0.38816925734024177 0.6509287925696594 0.14766839378238342 0.6702786377708978
1 0.5116580310880829 0.3475232198142415 0.05785837651122625 0.1346749226006192
0 0.5168393782383419 0.6153250773993808 0.14075993091537134 0.695046439628483
1 0.636873920552677 0.3715170278637771 0.05613126079447323 0.13622291021671826
0 0.6299654576856649 0.628482972136223 0.13730569948186527 0.6563467492260062
1 0.731433506044905 0.3831269349845201 0.05699481865284974 0.13777089783281735
0 0.7366148531951641 0.6462848297213623 0.16407599309153714 0.6671826625386997