1 0.53173828125 0.706408345752608 0.0458984375 0.07153502235469449
0 0.50927734375 0.8032786885245902 0.0966796875 0.27421758569299554
1 0.84228515625 0.46795827123695977 0.0556640625 0.08643815201192251
0 0.8369140625 0.702682563338301 0.111328125 0.5618479880774963
1 0.69921875 0.40238450074515647 0.046875 0.09239940387481371
0 0.70703125 0.6549925484351714 0.1328125 0.6095380029806259
1 0.6142578125 0.5216095380029806 0.048828125 0.07451564828614009
0 0.62060546875 0.7168405365126677 0.0869140625 0.47093889716840537
1 0.96240234375 0.3591654247391952 0.0263671875 0.04769001490312966
0 0.95361328125 0.5089418777943369 0.0927734375 0.3442622950819672
1 0.85107421875 0.4083457526080477 0.0361328125 0.05365126676602087
0 0.896484375 0.5447093889716841 0.12890625 0.3293591654247392
1 0.8095703125 0.38226527570789864 0.037109375 0.08196721311475409
0 0.8056640625 0.5774962742175856 0.103515625 0.4783904619970194
1 0.755859375 0.3830104321907601 0.01953125 0.038748137108792845
0 0.7548828125 0.5067064083457526 0.0546875 0.29806259314456035
1 0.6240234375 0.3710879284649776 0.0234375 0.041728763040238454
0 0.62890625 0.46870342771982115 0.0703125 0.2459016393442623
1 0.59326171875 0.353204172876304 0.0341796875 0.06855439642324888
0 0.59619140625 0.5678092399403875 0.1123046875 0.503725782414307
1 0.53271484375 0.33383010432190763 0.0185546875 0.03576751117734724
0 0.53857421875 0.46348733233979134 0.0712890625 0.32786885245901637
1 0.51904296875 0.37779433681073027 0.0478515625 0.09388971684053651
0 0.5126953125 0.6475409836065574 0.130859375 0.639344262295082
1 0.42236328125 0.37928464977645304 0.0419921875 0.07004470938897168
0 0.416015625 0.5834575260804769 0.095703125 0.4932935916542474
1 0.4384765625 0.33084947839046197 0.03125 0.05663189269746647
0 0.439453125 0.5387481371087929 0.091796875 0.5022354694485842
1 0.3837890625 0.3554396423248882 0.015625 0.022354694485842028
0 0.38330078125 0.4038748137108793 0.0341796875 0.12816691505216096
1 0.3212890625 0.349478390461997 0.04296875 0.07600596125186289
0 0.3271484375 0.5849478390461997 0.1171875 0.5827123695976155
1 0.322265625 0.3375558867362146 0.0390625 0.06706408345752608
0 0.3359375 0.5499254843517138 0.140625 0.503725782414307
1 0.2265625 0.3830104321907601 0.037109375 0.06855439642324888
0 0.22021484375 0.6095380029806259 0.1162109375 0.5305514157973175
1 0.25390625 0.38002980625931443 0.03125 0.05663189269746647
0 0.2509765625 0.5700447093889717 0.09765625 0.4456035767511177
1 0.26708984375 0.3301043219076006 0.0244140625 0.043219076005961254
0 0.2685546875 0.481371087928465 0.068359375 0.35767511177347244
1 0.14892578125 0.37481371087928467 0.0322265625 0.06110283159463487
0 0.15283203125 0.5417287630402384 0.0908203125 0.4068554396423249
1 0.171875 0.36438152011922503 0.0234375 0.040238450074515646
0 0.1708984375 0.481371087928465 0.056640625 0.28315946348733234
1 0.1181640625 0.37257824143070045 0.025390625 0.044709388971684055
0 0.11962890625 0.5014903129657228 0.0771484375 0.3114754098360656
1 0.06982421875 0.4135618479880775 0.0400390625 0.06408345752608048
0 0.04931640625 0.5864381520119225 0.0966796875 0.4187779433681073
1 0.05712890625 0.36289120715350226 0.0341796875 0.05514157973174367
0 0.0576171875 0.53725782414307 0.083984375 0.4098360655737705
1 0.02783203125 0.37257824143070045 0.0244140625 0.04769001490312966
0 0.03271484375 0.5067064083457526 0.0517578125 0.32190760059612517