1 0.9406099518459069 0.39069767441860465 0.048154093097913325 0.07441860465116279
0 0.9454253611556982 0.5895348837209302 0.10914927768860354 0.49534883720930234
1 0.8723916532905297 0.42441860465116277 0.04012841091492777 0.08139534883720931
0 0.8900481540930979 0.6174418604651163 0.13001605136436598 0.4813953488372093
1 0.797752808988764 0.3941860465116279 0.0449438202247191 0.07674418604651163
0 0.7857142857142857 0.5965116279069768 0.10112359550561797 0.5046511627906977
1 0.8017656500802568 0.3058139534883721 0.04012841091492777 0.06744186046511629
0 0.7969502407704655 0.536046511627907 0.11717495987158909 0.5372093023255814
1 0.7126805778491172 0.4313953488372093 0.04173354735152488 0.08139534883720931
0 0.7134831460674157 0.6209302325581395 0.1043338683788122 0.4744186046511628
1 0.709470304975923 0.33372093023255817 0.03210272873194221 0.06279069767441861
0 0.7046548956661316 0.49883720930232556 0.08025682182985554 0.4116279069767442
1 0.6565008025682183 0.36046511627906974 0.04173354735152488 0.07441860465116279
0 0.6524879614767255 0.5476744186046512 0.1043338683788122 0.45348837209302323
1 0.6203852327447833 0.41511627906976745 0.04333868378812199 0.07209302325581396
0 0.6219903691813804 0.6023255813953489 0.09149277688603531 0.4511627906976744
1 0.5553772070626003 0.43488372093023253 0.04173354735152488 0.07441860465116279
0 0.550561797752809 0.6046511627906976 0.08667736757624397 0.4325581395348837
1 0.5746388443017657 0.3430232558139535 0.03531300160513644 0.05813953488372093
0 0.5762439807383628 0.46511627906976744 0.07704654895666131 0.6139534883720931
1 0.5088282504012841 0.35232558139534886 0.03531300160513644 0.05813953488372093
0 0.5032102728731942 0.4790697674418605 0.09149277688603531 0.5906976744186047
1 0.47351524879614765 0.43488372093023253 0.038523274478330656 0.07441860465116279
0 0.471107544141252 0.622093023255814 0.09470304975922954 0.46744186046511627
1 0.39486356340288925 0.4197674418604651 0.04173354735152488 0.07674418604651163
0 0.3900481540930979 0.6174418604651163 0.09951845906902086 0.4813953488372093
1 0.41492776886035315 0.35232558139534886 0.033707865168539325 0.06279069767441861
0 0.4245585874799358 0.47790697674418603 0.08186195826645265 0.5790697674418605
1 0.31219903691813805 0.4174418604651163 0.04333868378812199 0.08139534883720931
0 0.3057784911717496 0.6046511627906976 0.10112359550561797 0.4744186046511628
1 0.35313001605136435 0.39069767441860465 0.03531300160513644 0.07906976744186046
0 0.35152487961476725 0.5906976744186047 0.09951845906902086 0.5069767441860465
1 0.28330658105939005 0.3372093023255814 0.03691813804173355 0.07441860465116279
0 0.2897271268057785 0.46162790697674416 0.09791332263242375 0.6209302325581395
1 0.19823434991974317 0.44302325581395346 0.04012841091492777 0.06744186046511629
0 0.22231139646869985 0.6186046511627907 0.11075441412520064 0.46511627906976744
1 0.2319422150882825 0.3697674418604651 0.033707865168539325 0.06976744186046512
0 0.23354735152487963 0.5593023255813954 0.09149277688603531 0.4627906976744186
1 0.15329052969502407 0.43488372093023253 0.04012841091492777 0.07906976744186046
0 0.12921348314606743 0.5837209302325581 0.11396468699839486 0.627906976744186
1 0.16131621187800962 0.35232558139534886 0.04012841091492777 0.05813953488372093
0 0.11958266452648475 0.5186046511627908 0.16853932584269662 0.5116279069767442
1 0.07945425361155699 0.386046511627907 0.04333868378812199 0.07441860465116279
0 0.07062600321027288 0.5313953488372093 0.14125200642054575 0.7