1 0.03215020576131687 0.6356528537920251 0.00874485596707819 0.012509773260359656
0 0.027777777777777776 0.6630179827990618 0.026748971193415638 0.0688037529319781
1 0.05632716049382716 0.6293979671618452 0.00565843621399177 0.007818608287724784
0 0.053497942386831275 0.6485535574667709 0.013374485596707819 0.04769351055512119
1 0.0720164609053498 0.6262705238467553 0.00411522633744856 0.007818608287724784
0 0.06867283950617284 0.6450351837372947 0.01286008230452675 0.04691164972634871
1 0.1507201646090535 0.6442533229085223 0.0051440329218107 0.009382329945269743
0 0.1476337448559671 0.6637998436278343 0.012345679012345678 0.05003909304143862
1 0.16229423868312756 0.645426114151681 0.006687242798353909 0.010164190774042221
0 0.16280864197530864 0.6665363565285379 0.010802469135802469 0.05551211884284597
1 0.1772119341563786 0.6098514464425332 0.004629629629629629 0.009382329945269743
0 0.17541152263374485 0.6356528537920251 0.01440329218106996 0.06411258795934324
1 0.19161522633744857 0.6211884284597342 0.006687242798353909 0.010164190774042221
0 0.1867283950617284 0.6403440187646599 0.0205761316872428 0.05003909304143862
1 0.2008744855967078 0.616106333072713 0.006687242798353909 0.0109460516028147
0 0.19958847736625515 0.645426114151681 0.013374485596707819 0.0727130570758405
1 0.205761316872428 0.6211884284597342 0.006172839506172839 0.008600469116497263
0 0.20627572016460904 0.6411258795934324 0.013374485596707819 0.05003909304143862
1 0.15817901234567902 0.6708365910867865 0.013888888888888888 0.023455824863174355
0 0.165380658436214 0.7064112587959344 0.042695473251028807 0.09773260359655982
1 0.18724279835390947 0.6657544956997654 0.013374485596707819 0.017982799061767005
0 0.18647119341563786 0.7048475371383893 0.028292181069958847 0.09773260359655982
1 0.22325102880658437 0.6219702892885066 0.006172839506172839 0.010164190774042221
0 0.21965020576131689 0.6387802971071149 0.01646090534979424 0.04534792806880375
1 0.24871399176954734 0.6051602814698983 0.004629629629629629 0.007818608287724784
0 0.2515432098765432 0.6231430805316653 0.013374485596707819 0.04691164972634871
1 0.27829218106995884 0.6399530883502736 0.00411522633744856 0.00547302580140735
0 0.2772633744855967 0.6489444878811571 0.01131687242798354 0.028146989835809225
1 0.3096707818930041 0.6399530883502736 0.0102880658436214 0.024237685691946835
0 0.3096707818930041 0.6399530883502736 0.0102880658436214 0.024237685691946835
1 0.319701646090535 0.6231430805316653 0.00360082304526749 0.006254886630179828
0 0.3191872427983539 0.6293979671618452 0.010802469135802469 0.020328381548084442
1 0.3299897119341564 0.6184519155590305 0.004629629629629629 0.006254886630179828
0 0.32587448559670784 0.6333072713057076 0.02109053497942387 0.03752931978107897
1 0.33359053497942387 0.6301798279906177 0.011831275720164609 0.029710711493354185
0 0.33359053497942387 0.6301798279906177 0.011831275720164609 0.029710711493354185
1 0.34079218106995884 0.6278342455043002 0.00977366255144033 0.01563721657544957
0 0.33564814814814814 0.6571540265832682 0.030349794238683128 0.07584050039093042
1 0.3533950617283951 0.6321344800625489 0.009259259259259259 0.01641907740422205
0 0.3582818930041152 0.6602814698983581 0.02726337448559671 0.08209538702111024
1 0.3559670781893004 0.596559812353401 0.00411522633744856 0.006254886630179828
0 0.35648148148148145 0.6133698201720094 0.00823045267489712 0.04143862392494136
1 0.3557098765432099 0.6055512118842846 0.004629629629629629 0.008600469116497263
0 0.35288065843621397 0.6247068021892104 0.01748971193415638 0.04847537138389367
1 0.3706275720164609 0.5985144644253323 0.004629629629629629 0.008600469116497263
0 0.37011316872427985 0.6204065676309617 0.010802469135802469 0.05394839718530102
1 0.3765432098765432 0.5946051602814699 0.0030864197530864196 0.007036747458952306
0 0.37602880658436216 0.6133698201720094 0.00823045267489712 0.04769351055512119
1 0.37988683127572015 0.6012509773260359 0.004629629629629629 0.007818608287724784
0 0.3809156378600823 0.6180609851446442 0.00874485596707819 0.04300234558248632
1 0.3863168724279835 0.5973416731821736 0.00411522633744856 0.007818608287724784
0 0.38837448559670784 0.619233776387803 0.01440329218106996 0.053166536356528536
1 0.4058641975308642 0.5961688819390148 0.00411522633744856 0.007036747458952306
0 0.4027777777777778 0.6168881939014855 0.01131687242798354 0.05003909304143862
1 0.4074074074074074 0.606333072713057 0.0051440329218107 0.008600469116497263
0 0.408179012345679 0.6204065676309617 0.011831275720164609 0.03674745895230649
1 0.4210390946502058 0.6059421422986708 0.007716049382716049 0.012509773260359656
0 0.41872427983539096 0.6430805316653636 0.01748971193415638 0.08991399530883502
1 0.43930041152263377 0.609460516028147 0.00720164609053498 0.013291634089132134
0 0.43878600823045266 0.6430805316653636 0.01646090534979424 0.0836591086786552
1 0.45524691358024694 0.5989053948397185 0.009259259259259259 0.01563721657544957
0 0.4663065843621399 0.6395621579358874 0.03960905349794239 0.0985144644253323
1 0.4691358024691358 0.5824863174354965 0.00823045267489712 0.014073494917904612
0 0.4732510288065844 0.6211884284597342 0.018518518518518517 0.09304143862392494
1 0.4876543209876543 0.5891321344800625 0.00823045267489712 0.013291634089132134
0 0.488940329218107 0.6309616888193902 0.01903292181069959 0.10007818608287725
1 0.49537037037037035 0.6250977326035966 0.00823045267489712 0.013291634089132134
0 0.49254115226337447 0.646989835809226 0.01800411522633745 0.058639562157935886
1 0.49948559670781895 0.6188428459734168 0.00823045267489712 0.013291634089132134
0 0.5046296296296297 0.6430805316653636 0.021604938271604937 0.06489444878811572
1 0.5375514403292181 0.6000781860828772 0.012345679012345678 0.03831118060985145
0 0.5375514403292181 0.6000781860828772 0.012345679012345678 0.03831118060985145
1 0.5408950617283951 0.6106333072713057 0.007716049382716049 0.012509773260359656
0 0.5362654320987654 0.6286161063330727 0.030349794238683128 0.05160281469898358
1 0.5524691358024691 0.6102423768569195 0.00720164609053498 0.011727912431587178
0 0.5606995884773662 0.6317435496481626 0.02880658436213992 0.05629397967161845
1 0.5666152263374485 0.6075058639562158 0.00565843621399177 0.009382329945269743
0 0.5715020576131687 0.6266614542611415 0.026748971193415638 0.0508209538702111
1 0.57690329218107 0.5789679437060203 0.00360082304526749 0.00547302580140735
0 0.5776748971193416 0.5977326035965598 0.013374485596707819 0.046129788897576234
1 0.5712448559670782 0.6090695856137608 0.006687242798353909 0.012509773260359656
0 0.5722736625514403 0.6200156372165755 0.016975308641975308 0.03596559812353401
1 0.5761316872427984 0.6278342455043002 0.021604938271604937 0.03752931978107897
0 0.5761316872427984 0.6278342455043002 0.021604938271604937 0.03752931978107897
1 0.5941358024691358 0.6184519155590305 0.0051440329218107 0.009382329945269743
0 0.5967078189300411 0.6282251759186864 0.018518518518518517 0.03205629397967162
1 0.6167695473251029 0.5793588741204065 0.00411522633744856 0.007818608287724784
0 0.6154835390946503 0.6008600469116497 0.011831275720164609 0.05238467552775606
1 0.6064814814814815 0.5992963252541048 0.006172839506172839 0.010164190774042221
0 0.6005658436213992 0.619233776387803 0.02417695473251029 0.053166536356528536
1 0.606224279835391 0.5989053948397185 0.006687242798353909 0.0109460516028147
0 0.6054526748971193 0.6184519155590305 0.01954732510288066 0.05003909304143862
1 0.6108539094650206 0.6008600469116497 0.00565843621399177 0.008600469116497263
0 0.6082818930041153 0.6172791243158717 0.02109053497942387 0.04300234558248632
1 0.6141975308641975 0.6008600469116497 0.0051440329218107 0.008600469116497263
0 0.614454732510288 0.6141516810007819 0.023148148148148147 0.03674745895230649
1 0.6141975308641975 0.6012509773260359 0.006172839506172839 0.009382329945269743
0 0.6175411522633745 0.6090695856137608 0.01800411522633745 0.029710711493354185
1 0.6568930041152263 0.5969507427677874 0.0030864197530864196 0.003909304143862392
0 0.6481481481481481 0.6004691164972635 0.021604938271604937 0.0109460516028147
1 0.6620370370370371 0.5754495699765442 0.00411522633744856 0.006254886630179828
0 0.6622942386831275 0.5891321344800625 0.006687242798353909 0.035183737294761534
1 0.6499485596707819 0.6055512118842846 0.004629629629629629 0.008600469116497263
0 0.6432613168724279 0.6157154026583268 0.02417695473251029 0.027365129007036748
1 0.661522633744856 0.6032056293979672 0.0051440329218107 0.007036747458952306
0 0.658179012345679 0.6106333072713057 0.014917695473251029 0.02501954652071931
1 0.6820987654320988 0.5731039874902267 0.0030864197530864196 0.004691164972634871
0 0.6833847736625515 0.5891321344800625 0.01286008230452675 0.03831118060985145
1 0.7073045267489712 0.5727130570758405 0.0030864197530864196 0.003909304143862392
0 0.7065329218106996 0.5883502736512901 0.007716049382716049 0.03674745895230649
1 0.7932098765432098 0.5707584050039093 0.00720164609053498 0.0109460516028147
0 0.7926954732510288 0.5961688819390148 0.01646090534979424 0.06489444878811572
1 0.8037551440329218 0.5723221266614542 0.00565843621399177 0.009382329945269743
0 0.8009259259259259 0.5957779515246286 0.01131687242798354 0.05629397967161845
1 0.8106995884773662 0.5676309616888194 0.006172839506172839 0.009382329945269743
0 0.8114711934156379 0.5938232994526974 0.013888888888888888 0.06333072713057075
1 0.8096707818930041 0.6133698201720094 0.0102880658436214 0.017982799061767005
0 0.8130144032921811 0.6379984362783424 0.030349794238683128 0.07036747458952307
1 0.856224279835391 0.5961688819390148 0.007716049382716049 0.011727912431587178
0 0.8546810699588477 0.616106333072713 0.02109053497942387 0.053166536356528536
1 0.8420781893004116 0.6305707584050039 0.01131687242798354 0.017982799061767005
0 0.8341049382716049 0.6559812353401094 0.055041152263374485 0.07036747458952307
1 0.845679012345679 0.6426896012509773 0.01131687242798354 0.01563721657544957
0 0.8245884773662552 0.6594996090695856 0.06378600823045268 0.04925723221266615
1 0.948045267489712 0.5488663017982799 0.00720164609053498 0.0109460516028147
0 0.9465020576131687 0.5770132916340891 0.01131687242798354 0.0688037529319781
1 0.9537037037037037 0.5496481626270524 0.006172839506172839 0.009382329945269743
0 0.9521604938271605 0.5777951524628616 0.01748971193415638 0.0688037529319781
1 0.963477366255144 0.5527756059421423 0.006172839506172839 0.0109460516028147
0 0.9647633744855967 0.5734949179046129 0.014917695473251029 0.05707584050039093
1 0.8207304526748971 0.7720875684128226 0.028292181069958847 0.05394839718530102
0 0.8024691358024691 0.8565285379202502 0.12242798353909465 0.22283033620015638
1 0.36136831275720166 0.6145426114151681 0.004629629629629629 0.009382329945269743
0 0.360082304526749 0.63408913213448 0.013374485596707819 0.05003909304143862
1 0.5529835390946503 0.6098514464425332 0.00720164609053498 0.0109460516028147
0 0.5522119341563786 0.6266614542611415 0.016975308641975308 0.046129788897576234