1 0.08730769230769231 0.6131879543094496 0.02076923076923077 0.02596053997923157
0 0.11115384615384616 0.6365524402907581 0.11153846153846154 0.09345794392523364
1 0.3973076923076923 0.5571131879543094 0.026923076923076925 0.05088265835929388
0 0.4034615384615385 0.7076843198338525 0.08538461538461538 0.3582554517133956
1 0.40923076923076923 0.5514018691588785 0.02 0.03946002076843198
0 0.405 0.6640706126687436 0.04846153846153846 0.26895119418483904
1 0.44576923076923075 0.5342679127725857 0.014615384615384615 0.028037383177570093
0 0.43615384615384617 0.6022845275181724 0.026153846153846153 0.16822429906542055
1 0.485 0.5430944963655244 0.022307692307692306 0.03946002076843198
0 0.48384615384615387 0.6381100726895119 0.055384615384615386 0.2336448598130841
1 0.5053846153846154 0.6220145379023884 0.023076923076923078 0.04569055036344756
0 0.5030769230769231 0.7082035306334372 0.055384615384615386 0.2201453790238837
1 0.5430769230769231 0.5545171339563862 0.02 0.035306334371754934
0 0.5423076923076923 0.6313603322949117 0.06 0.205607476635514
1 0.6030769230769231 0.5482866043613707 0.012307692307692308 0.020768431983385256
0 0.6053846153846154 0.5856697819314641 0.043076923076923075 0.10176531671858775
1 0.6238461538461538 0.5420560747663551 0.012307692307692308 0.020768431983385256
0 0.6261538461538462 0.5835929387331257 0.055384615384615386 0.11214953271028037
1 0.6892307692307692 0.5446521287642783 0.04 0.05088265835929388
0 0.6773076923076923 0.6993769470404985 0.10076923076923076 0.3644859813084112
1 0.7719230769230769 0.5882658359293873 0.023846153846153847 0.03426791277258567
0 0.7796153846153846 0.6313603322949117 0.09307692307692307 0.1308411214953271
1 0.8238461538461539 0.6079958463136034 0.04461538461538461 0.04880581516095535
0 0.7911538461538462 0.7082035306334372 0.1423076923076923 0.2533748701973001
1 0.9323076923076923 0.4657320872274143 0.016923076923076923 0.01973001038421599
0 0.9403846153846154 0.5145379023883697 0.06076923076923077 0.12149532710280374