1 0.08375 0.6230307576894224 0.0355 0.056264066016504126
0 0.0975 0.7963240810202551 0.142 0.40735183795948987
1 0.26025 0.5712678169542386 0.0375 0.05926481620405101
0 0.24825 0.7689422355588897 0.0955 0.46211552888222057
1 0.288 0.6170292573143286 0.029 0.05326331582895724
0 0.29 0.7895723930982745 0.08 0.404351087771943
1 0.4115 0.6560390097524381 0.019 0.04126031507876969
0 0.41625 0.7708177044261065 0.0535 0.2768192048012003
1 0.45425 0.627906976744186 0.0275 0.046511627906976744
0 0.46825 0.7771942985746436 0.1245 0.35408852213053266
1 0.46825 0.6740435108777194 0.0285 0.051762940735183796
0 0.47375 0.8064516129032258 0.0815 0.3210802700675169
1 0.5995 0.5176294073518379 0.043 0.0795198799699925
0 0.6375 0.7370592648162041 0.19 0.5258814703675919
1 0.678 0.4609902475618905 0.076 0.13578394598649662
0 0.755 0.6935483870967742 0.362 0.6129032258064516
1 0.86775 0.5708927231807952 0.0245 0.042010502625656414
0 0.903 0.6957989497374344 0.121 0.3278319579894974
1 0.868 0.48874718679669915 0.046 0.07876969242310577
0 0.909 0.7220555138784697 0.133 0.5543885971492873
1 0.98875 0.47861965491372843 0.0225 0.05101275318829707
0 0.9725 0.6526631657914479 0.055 0.40660165041260315
1 0.3305 0.1159039759939985 0.065 0.231807951987997
0 0.3305 0.12153038259564891 0.065 0.24306076519129782