1 0.05859375 0.5479166666666667 0.0703125 0.11458333333333333
0 0.124609375 0.734375 0.24921875 0.4979166666666667
1 0.162109375 0.5098958333333333 0.06015625 0.09479166666666666
0 0.173828125 0.659375 0.19140625 0.41041666666666665
1 0.273828125 0.5177083333333333 0.04140625 0.075
0 0.265234375 0.6223958333333334 0.18671875 0.30520833333333336
1 0.3140625 0.4864583333333333 0.040625 0.0625
0 0.27734375 0.5776041666666667 0.1265625 0.259375
1 0.19609375 0.3609375 0.05 0.08229166666666667
0 0.1453125 0.5223958333333333 0.159375 0.41354166666666664
1 0.244140625 0.3734375 0.04296875 0.06770833333333333
0 0.225390625 0.5145833333333333 0.11953125 0.36666666666666664
1 0.334765625 0.4348958333333333 0.03828125 0.06770833333333333
0 0.341015625 0.5380208333333333 0.12734375 0.2864583333333333
1 0.350390625 0.3932291666666667 0.03515625 0.057291666666666664
0 0.341015625 0.4890625 0.11484375 0.26145833333333335
1 0.40859375 0.4114583333333333 0.03125 0.05625
0 0.4109375 0.5067708333333333 0.1015625 0.2552083333333333
1 0.50859375 0.4390625 0.0328125 0.057291666666666664
0 0.51015625 0.51875 0.121875 0.23125
1 0.594140625 0.3697916666666667 0.03515625 0.052083333333333336
0 0.59453125 0.4796875 0.10625 0.2864583333333333
1 0.662109375 0.41041666666666665 0.03515625 0.05625
0 0.671875 0.4973958333333333 0.1 0.24270833333333333
1 0.70546875 0.39427083333333335 0.040625 0.06354166666666666
0 0.74765625 0.5036458333333333 0.1703125 0.2947916666666667
1 0.787890625 0.3828125 0.04921875 0.071875
0 0.805078125 0.5140625 0.13671875 0.346875
1 0.72109375 0.4817708333333333 0.04375 0.07604166666666666
0 0.76640625 0.5927083333333333 0.1546875 0.3145833333333333
1 0.7765625 0.49947916666666664 0.0546875 0.08854166666666667
0 0.80234375 0.64375 0.165625 0.39375
1 0.840234375 0.4942708333333333 0.06953125 0.109375
0 0.8265625 0.6796875 0.25 0.4864583333333333