1 0.5103846153846154 0.5135983263598326 0.01 0.01882845188284519
0 0.5119230769230769 0.5528242677824268 0.036153846153846154 0.10774058577405858
1 0.42538461538461536 0.5177824267782427 0.02 0.03347280334728033
0 0.41807692307692307 0.5580543933054394 0.06230769230769231 0.11820083682008369
1 0.2980769230769231 0.38389121338912136 0.025384615384615384 0.0397489539748954
0 0.31153846153846154 0.4963389121338912 0.08615384615384615 0.29602510460251047
1 0.3180769230769231 0.5345188284518828 0.03461538461538462 0.04811715481171548
0 0.28307692307692306 0.6072175732217573 0.16615384615384615 0.22071129707112971
1 0.245 0.4916317991631799 0.057692307692307696 0.08577405857740586
0 0.19653846153846155 0.6406903765690377 0.31 0.39435146443514646
1 0.145 0.3310669456066946 0.054615384615384614 0.08054393305439331
0 0.10346153846153847 0.5360878661087866 0.20692307692307693 0.5073221757322176