1 0.13616071428571427 0.2996031746031746 0.03422619047619048 0.05555555555555555
0 0.13169642857142858 0.46825396825396826 0.10267857142857142 0.3968253968253968
1 0.17633928571428573 0.4375 0.04017857142857143 0.07341269841269842
0 0.18303571428571427 0.5674603174603174 0.10416666666666667 0.3373015873015873
1 0.21502976190476192 0.3055555555555556 0.03422619047619048 0.051587301587301584
0 0.20535714285714285 0.4642857142857143 0.08928571428571429 0.38492063492063494
1 0.2693452380952381 0.3343253968253968 0.03571428571428571 0.057539682539682536
0 0.2619047619047619 0.4851190476190476 0.06845238095238096 0.375
1 0.25744047619047616 0.30158730158730157 0.03273809523809524 0.05555555555555555
0 0.25297619047619047 0.4593253968253968 0.08630952380952381 0.38293650793650796
1 0.2961309523809524 0.4642857142857143 0.03869047619047619 0.06746031746031746
0 0.29538690476190477 0.5793650793650794 0.11755952380952381 0.3134920634920635
1 0.3117559523809524 0.3194444444444444 0.028273809523809524 0.05555555555555555
0 0.31919642857142855 0.46726190476190477 0.09672619047619048 0.3551587301587302
1 0.34226190476190477 0.2847222222222222 0.03571428571428571 0.05357142857142857
0 0.33482142857142855 0.43253968253968256 0.09523809523809523 0.35714285714285715
1 0.3705357142857143 0.310515873015873 0.03571428571428571 0.05357142857142857
0 0.3712797619047619 0.46825396825396826 0.10267857142857142 0.4087301587301587
1 0.40327380952380953 0.435515873015873 0.03869047619047619 0.061507936507936505
0 0.40476190476190477 0.5615079365079365 0.09821428571428571 0.3373015873015873
1 0.4107142857142857 0.28273809523809523 0.02976190476190476 0.0496031746031746
0 0.40922619047619047 0.4236111111111111 0.07738095238095238 0.3392857142857143
1 0.4181547619047619 0.3343253968253968 0.02976190476190476 0.05357142857142857
0 0.41517857142857145 0.44146825396825395 0.0744047619047619 0.2757936507936508
1 0.4635416666666667 0.32043650793650796 0.03422619047619048 0.05357142857142857
0 0.45461309523809523 0.4861111111111111 0.07886904761904762 0.39285714285714285
1 0.5089285714285714 0.34523809523809523 0.03273809523809524 0.05555555555555555
0 0.49330357142857145 0.4930555555555556 0.10863095238095238 0.36706349206349204
1 0.5461309523809523 0.44246031746031744 0.03869047619047619 0.06349206349206349
0 0.5319940476190477 0.5575396825396826 0.15327380952380953 0.3055555555555556
1 0.5870535714285714 0.3194444444444444 0.03720238095238095 0.06349206349206349
0 0.5796130952380952 0.4781746031746032 0.09672619047619048 0.38492063492063494
1 0.6488095238095238 0.3333333333333333 0.03571428571428571 0.06349206349206349
0 0.6584821428571429 0.5049603174603174 0.09970238095238096 0.4146825396825397
1 0.5022321428571429 0.2896825396825397 0.028273809523809524 0.047619047619047616
0 0.49851190476190477 0.40575396825396826 0.13392857142857142 0.43452380952380953
1 0.5513392857142857 0.2857142857142857 0.03422619047619048 0.05555555555555555
0 0.5424107142857143 0.42757936507936506 0.12053571428571429 0.3472222222222222
1 0.5818452380952381 0.2728174603174603 0.03273809523809524 0.061507936507936505
0 0.5758928571428571 0.42956349206349204 0.09821428571428571 0.37896825396825395
1 0.6584821428571429 0.25992063492063494 0.03720238095238095 0.05952380952380952
0 0.65625 0.4523809523809524 0.09821428571428571 0.4523809523809524
1 0.7135416666666666 0.32043650793650796 0.03422619047619048 0.057539682539682536
0 0.7105654761904762 0.4791666666666667 0.10267857142857142 0.38293650793650796
1 0.7931547619047619 0.2638888888888889 0.041666666666666664 0.06746031746031746
0 0.7998511904761905 0.4513888888888889 0.13839285714285715 0.4662698412698413
1 0.8861607142857143 0.31547619047619047 0.043154761904761904 0.06349206349206349
0 0.8742559523809523 0.5089285714285714 0.11755952380952381 0.4662698412698413
1 0.984375 0.3323412698412698 0.010416666666666666 0.017857142857142856
0 0.9761904761904762 0.38095238095238093 0.044642857142857144 0.12698412698412698