1 0.03828125 0.5277777777777778 0.0203125 0.040740740740740744
0 0.03958333333333333 0.6097222222222223 0.07916666666666666 0.2175925925925926
1 0.058854166666666666 0.6134259259259259 0.008333333333333333 0.019444444444444445
0 0.05677083333333333 0.6611111111111111 0.030208333333333334 0.12222222222222222
1 0.1 0.6027777777777777 0.009375 0.020370370370370372
0 0.1015625 0.6578703703703703 0.030208333333333334 0.13425925925925927
1 0.12369791666666667 0.5916666666666667 0.009895833333333333 0.022222222222222223
0 0.12604166666666666 0.6537037037037037 0.03958333333333333 0.14629629629629629
1 0.1640625 0.600462962962963 0.009375 0.017592592592592594
0 0.15963541666666667 0.6587962962962963 0.028645833333333332 0.13796296296296295
1 0.2716145833333333 0.4625 0.0265625 0.05277777777777778
0 0.24947916666666667 0.5847222222222223 0.096875 0.30648148148148147
1 0.2734375 0.6175925925925926 0.008333333333333333 0.018518518518518517
0 0.27057291666666666 0.6717592592592593 0.0234375 0.1287037037037037
1 0.49557291666666664 0.5569444444444445 0.0140625 0.032407407407407406
0 0.48203125 0.6375 0.05364583333333333 0.20092592592592592
1 0.5427083333333333 0.5208333333333334 0.021875 0.04537037037037037
0 0.5145833333333333 0.6152777777777778 0.09791666666666667 0.23796296296296296
1 0.5828125 0.5060185185185185 0.017708333333333333 0.04351851851851852
0 0.5822916666666667 0.6074074074074074 0.09791666666666667 0.2537037037037037
1 0.6270833333333333 0.5541666666666667 0.015625 0.032407407407407406
0 0.6338541666666667 0.6361111111111111 0.07395833333333333 0.2
1 0.6734375 0.5666666666666667 0.0125 0.027777777777777776
0 0.6744791666666666 0.6458333333333334 0.07395833333333333 0.18981481481481483
1 0.721875 0.549537037037037 0.0125 0.028703703703703703
0 0.72421875 0.6375 0.05572916666666667 0.21203703703703702
1 0.8182291666666667 0.6439814814814815 0.008333333333333333 0.013888888888888888
0 0.8138020833333334 0.6902777777777778 0.024479166666666666 0.10833333333333334
1 0.8223958333333333 0.6476851851851851 0.00625 0.012037037037037037
0 0.8223958333333333 0.6837962962962963 0.0125 0.08425925925925926
1 0.8440104166666667 0.6060185185185185 0.011979166666666667 0.023148148148148147
0 0.85546875 0.6680555555555555 0.0765625 0.15092592592592594
1 0.8533854166666667 0.5921296296296297 0.0109375 0.026851851851851852
0 0.865625 0.6620370370370371 0.05 0.17037037037037037
1 0.8739583333333333 0.5675925925925925 0.013541666666666667 0.024074074074074074
0 0.8703125 0.65 0.059375 0.1925925925925926
1 0.8903645833333333 0.6347222222222222 0.008854166666666666 0.017592592592592594
0 0.8919270833333334 0.6847222222222222 0.0234375 0.12129629629629629
1 0.9200520833333333 0.5861111111111111 0.013020833333333334 0.03148148148148148
0 0.925 0.6578703703703703 0.052083333333333336 0.1787037037037037