1 0.06801470588235294 0.29677287581699346 0.04656862745098039 0.06985294117647059
0 0.07352941176470588 0.5320669934640523 0.14705882352941177 0.5518790849673203
1 0.12775735294117646 0.4401552287581699 0.05698529411764706 0.08047385620915033
0 0.11014093137254902 0.6407271241830066 0.14368872549019607 0.4987745098039216
1 0.18504901960784315 0.3255718954248366 0.044730392156862746 0.059640522875817
0 0.18091299019607843 0.542687908496732 0.10508578431372549 0.5093954248366013
1 0.2522977941176471 0.4791666666666667 0.04993872549019608 0.07516339869281045
0 0.24540441176470587 0.6558415032679739 0.12622549019607843 0.43586601307189543
1 0.3005514705882353 0.32598039215686275 0.041666666666666664 0.05800653594771242
0 0.29886642156862747 0.5463643790849673 0.10876225490196079 0.5126633986928104
1 0.38955269607843135 0.45812908496732024 0.050551470588235295 0.0763888888888889
0 0.39169730392156865 0.6601307189542484 0.12408088235294118 0.4910130718954248
1 0.42922794117647056 0.33374183006535946 0.03982843137254902 0.06454248366013073
0 0.42984068627450983 0.5508578431372549 0.10784313725490197 0.5044934640522876
1 0.5059742647058824 0.49325980392156865 0.04932598039215686 0.08455882352941177
0 0.5199142156862745 0.678921568627451 0.13357843137254902 0.4665032679738562
1 0.5545343137254902 0.3645833333333333 0.04044117647058824 0.05923202614379085
0 0.5536151960784313 0.5712826797385621 0.09681372549019608 0.4930555555555556
1 0.6551776960784313 0.3502859477124183 0.04136029411764706 0.06658496732026144
0 0.6580882352941176 0.5674019607843137 0.1133578431372549 0.5081699346405228
1 0.6557904411764706 0.49244281045751637 0.05116421568627451 0.07802287581699346
0 0.6521139705882353 0.6699346405228758 0.1246936274509804 0.4411764705882353
1 0.7760416666666666 0.4985702614379085 0.05330882352941176 0.08782679738562091
0 0.7738970588235294 0.6774918300653595 0.13051470588235295 0.4505718954248366
1 0.764859068627451 0.35641339869281047 0.04136029411764706 0.06004901960784314
0 0.7624080882352942 0.5729166666666666 0.12285539215686274 0.502859477124183
1 0.8890931372549019 0.33169934640522875 0.04963235294117647 0.07516339869281045
0 0.8909313725490197 0.5526960784313726 0.13602941176470587 0.5383986928104575
1 0.8883272058823529 0.5524918300653595 0.05606617647058824 0.08619281045751634
0 0.8866421568627451 0.7007761437908496 0.15134803921568626 0.39828431372549017