1 0.0908695652173913 0.5915411355735806 0.1817391304347826 0.32329084588644263
0 0.2526086956521739 0.7085747392815759 0.5052173913043478 0.5828505214368482
1 0.23652173913043478 0.48088064889918886 0.12 0.21089223638470453
0 0.25173913043478263 0.6772885283893395 0.4026086956521739 0.645422943221321
1 0.3356521739130435 0.34183082271147164 0.10608695652173913 0.17844727694090382
0 0.3834782608695652 0.6106604866743917 0.32 0.7531865585168018
1 0.38304347826086954 0.2572421784472769 0.07043478260869565 0.11819235225955968
0 0.3843478260869565 0.45944380069524915 0.27304347826086955 0.5619930475086906
1 0.4708695652173913 0.2369640787949015 0.06 0.1100811123986095
0 0.44782608695652176 0.414252607184241 0.20173913043478262 0.4901506373117034
1 0.9173913043478261 0.604287369640788 0.16521739130434782 0.28389339513325607
0 0.7613043478260869 0.7271147161066048 0.47739130434782606 0.5457705677867902
1 0.7973913043478261 0.4698725376593279 0.12695652173913044 0.1981460023174971
0 0.7395652173913043 0.668018539976825 0.3869565217391304 0.6639629200463499
1 0.73 0.4044032444959444 0.08782608695652173 0.14600231749710313
0 0.6947826086956522 0.5903823870220162 0.40347826086956523 0.5457705677867902
1 0.6978260869565217 0.2827346465816918 0.0808695652173913 0.14831981460023175
0 0.6521739130434783 0.43511008111239863 0.26956521739130435 0.4623406720741599
1 0.64 0.2578215527230591 0.057391304347826085 0.1100811123986095
0 0.6182608695652174 0.37717265353418306 0.23478260869565218 0.36732329084588644