1 0.1096813725490196 0.5876225490196079 0.04044117647058824 0.05269607843137255
0 0.10891544117647059 0.7346813725490197 0.07322303921568628 0.34763071895424835
1 0.20036764705882354 0.4074754901960784 0.022058823529411766 0.03227124183006536
0 0.18627450980392157 0.4867238562091503 0.06985294117647059 0.19730392156862744
1 0.40609681372549017 0.45179738562091504 0.02849264705882353 0.04084967320261438
0 0.3993566176470588 0.5396241830065359 0.08731617647058823 0.22058823529411764
1 0.43014705882352944 0.4875408496732026 0.02144607843137255 0.03799019607843137
0 0.4397977941176471 0.5886437908496732 0.057291666666666664 0.25
1 0.5514705882352942 0.4540441176470588 0.03125 0.03308823529411765
0 0.5359987745098039 0.5386029411764706 0.09528186274509803 0.2062908496732026
1 0.41099877450980393 0.3519199346405229 0.014399509803921568 0.026552287581699346
0 0.4103860294117647 0.4035947712418301 0.03952205882352941 0.13398692810457516
1 0.49433210784313725 0.3257761437908497 0.012561274509803922 0.020833333333333332
0 0.49417892156862747 0.3762254901960784 0.0392156862745098 0.12336601307189543
1 0.5215992647058824 0.2890114379084967 0.010723039215686275 0.016748366013071895
0 0.5193014705882353 0.3423202614379085 0.032475490196078434 0.13071895424836602
1 0.5893075980392157 0.32659313725490197 0.01133578431372549 0.017565359477124183
0 0.5840992647058824 0.3713235294117647 0.048100490196078434 0.10866013071895425
1 0.5954350490196079 0.28880718954248363 0.008884803921568627 0.014705882352941176
0 0.5926776960784313 0.32516339869281047 0.021139705882352942 0.08986928104575163
1 0.6001838235294118 0.275531045751634 0.007965686274509803 0.013480392156862746
0 0.6009497549019608 0.3112745098039216 0.026041666666666668 0.08823529411764706
1 0.6420036764705882 0.2708333333333333 0.0070465686274509805 0.00980392156862745
0 0.6430759803921569 0.2988153594771242 0.015931372549019607 0.06658496732026144
1 0.7181372549019608 0.28125 0.006740196078431373 0.01184640522875817
0 0.7164522058823529 0.31086601307189543 0.019301470588235295 0.0727124183006536
1 0.8604473039215687 0.30718954248366015 0.01011029411764706 0.016339869281045753
0 0.8587622549019608 0.35498366013071897 0.03002450980392157 0.11437908496732026
1 0.8602941176470589 0.36764705882352944 0.018995098039215685 0.03104575163398693
0 0.8584558823529411 0.45751633986928103 0.06678921568627451 0.21405228758169934
1 0.9975490196078431 0.3292483660130719 0.004901960784313725 0.01715686274509804
0 0.9898897058823529 0.37193627450980393 0.02022058823529412 0.10334967320261437
1 0.7333026960784313 0.4483251633986928 0.02297794117647059 0.03390522875816993
0 0.7225796568627451 0.5502450980392157 0.05974264705882353 0.2508169934640523
1 0.9584865196078431 0.6399101307189542 0.04381127450980392 0.05841503267973856
0 0.9342830882352942 0.7928921568627451 0.13143382352941177 0.36356209150326796
1 0.9986213235294118 0.5138888888888888 0.0027573529411764708 0.031862745098039214
0 0.9791666666666666 0.639501633986928 0.041666666666666664 0.2986111111111111
1 0.5557598039215687 0.25939542483660133 0.014705882352941176 0.021241830065359478
0 0.5557598039215687 0.25939542483660133 0.014705882352941176 0.021241830065359478
1 0.5268075980392157 0.2406045751633987 0.002144607843137255 0.0032679738562091504
0 0.5263480392156863 0.2536764705882353 0.007965686274509803 0.03349673202614379