1 0.05046728971962617 0.10437430786267995 0.06043613707165109 0.10908084163898117
0 0.06853582554517133 0.4781284606866002 0.13707165109034267 0.8610188261351052
1 0.07445482866043614 0.15005537098560354 0.041121495327102804 0.10299003322259136
0 0.09065420560747664 0.44518272425249167 0.11775700934579439 0.7021040974529347
1 0.13551401869158877 0.18300110741971207 0.044859813084112146 0.08693244739756367
0 0.13271028037383178 0.4321705426356589 0.08473520249221184 0.5941306755260244
1 0.14828660436137073 0.2261904761904762 0.024922118380062305 0.0592469545957918
0 0.1576323987538941 0.4227574750830565 0.06355140186915888 0.4568106312292359
1 0.16417445482866044 0.18133997785160577 0.03551401869158879 0.07585825027685493
0 0.17445482866043613 0.37236987818383166 0.06978193146417445 0.4988925802879291
1 0.24361370716510902 0.13482834994462903 0.05046728971962617 0.10465116279069768
0 0.24641744548286604 0.4706533776301218 0.1426791277258567 0.7940199335548173
1 0.30233644859813086 0.18410852713178294 0.02336448598130841 0.05149501661129568
0 0.30233644859813086 0.3399778516057586 0.06261682242990654 0.3743078626799557
1 0.35965732087227414 0.10908084163898117 0.045171339563862926 0.09966777408637874
0 0.36105919003115267 0.4321705426356589 0.14890965732087227 0.7657807308970099
1 0.45685358255451713 0.16196013289036545 0.05327102803738318 0.10243632336655592
0 0.4485981308411215 0.48892580287929127 0.18006230529595016 0.7718715393133998
1 0.43722741433021806 0.2826688815060908 0.04953271028037383 0.11572535991140642
0 0.4392523364485981 0.5689368770764119 0.14828660436137073 0.6960132890365448
1 0.570404984423676 0.18743078626799556 0.05669781931464175 0.10908084163898117
0 0.5694704049844237 0.4731450719822813 0.16199376947040497 0.8588039867109635
1 0.6428348909657321 0.2469545957918051 0.059501557632398755 0.13399778516057587
0 0.641588785046729 0.5830564784053156 0.1722741433021807 0.8338870431893688
1 0.7137071651090343 0.08748615725359911 0.058566978193146414 0.1362126245847176
0 0.7218068535825545 0.49667774086378735 0.18317757009345795 0.9590254706533776
1 0.8269470404984424 0.16777408637873753 0.06822429906542056 0.16168327796234774
0 0.8306853582554518 0.5429125138427464 0.19595015576323987 0.9141749723145072