1 0.2634032634032634 0.07478991596638655 0.06526806526806526 0.12605042016806722
0 0.16724941724941725 0.44789915966386556 0.3298368298368298 0.8957983193277311
1 0.25990675990675993 0.07142857142857142 0.06060606060606061 0.12605042016806722
0 0.22144522144522144 0.42100840336134454 0.22377622377622378 0.8319327731092437
1 0.38403263403263405 0.09747899159663866 0.05244755244755245 0.09747899159663866
0 0.3764568764568765 0.43109243697478994 0.1794871794871795 0.7747899159663866
1 0.42832167832167833 0.09411764705882353 0.045454545454545456 0.0773109243697479
0 0.4324009324009324 0.253781512605042 0.1282051282051282 0.4134453781512605
1 0.4959207459207459 0.0957983193277311 0.05944055944055944 0.10756302521008404
0 0.4726107226107226 0.426890756302521 0.17365967365967366 0.7899159663865546
1 0.6025641025641025 0.09915966386554621 0.06293706293706294 0.11092436974789915
0 0.6182983682983683 0.43025210084033616 0.2948717948717949 0.7865546218487395
1 0.6917249417249417 0.15714285714285714 0.05244755244755245 0.11596638655462185
0 0.6993006993006993 0.4613445378151261 0.14918414918414918 0.7378151260504202
1 0.8245920745920746 0.14369747899159663 0.06177156177156177 0.09915966386554621
0 0.8158508158508159 0.4672268907563025 0.20745920745920746 0.773109243697479
1 0.9254079254079254 0.21764705882352942 0.06060606060606061 0.11596638655462185
0 0.914918414918415 0.5302521008403361 0.17016317016317017 0.761344537815126
1 0.7412587412587412 0.48823529411764705 0.06993006993006994 0.1361344537815126
0 0.7278554778554779 0.6949579831932773 0.17132867132867133 0.6100840336134454
1 0.5903263403263403 0.4756302521008403 0.0641025641025641 0.12100840336134454
0 0.5844988344988346 0.6941176470588235 0.15734265734265734 0.584873949579832
1 0.44522144522144524 0.4361344537815126 0.06526806526806526 0.11596638655462185
0 0.43356643356643354 0.6747899159663866 0.17249417249417248 0.5899159663865546
1 0.2966200466200466 0.44537815126050423 0.0641025641025641 0.13109243697478992
0 0.28263403263403264 0.6823529411764706 0.18065268065268064 0.6352941176470588