1 0.031571061643835614 0.5636275773195877 0.021618150684931507 0.038337628865979384
0 0.03007277397260274 0.6799291237113402 0.06014554794520548 0.27222938144329895
1 0.09300085616438356 0.5483247422680413 0.022902397260273974 0.03865979381443299
0 0.08946917808219178 0.6631765463917526 0.08690068493150685 0.27351804123711343
1 0.207298801369863 0.5602448453608248 0.00877568493150685 0.013530927835051547
0 0.20986729452054795 0.6063144329896907 0.02889554794520548 0.1056701030927835
1 0.2127568493150685 0.560889175257732 0.008561643835616438 0.015463917525773196
0 0.21414811643835616 0.6024484536082474 0.028039383561643837 0.09858247422680412
1 0.24315068493150685 0.49355670103092786 0.018835616438356163 0.037371134020618556
0 0.2478595890410959 0.5848904639175257 0.046232876712328765 0.2857603092783505
1 0.3136772260273973 0.5587951030927835 0.007919520547945206 0.013853092783505154
0 0.3123929794520548 0.6030927835051546 0.023758561643835618 0.10502577319587629
1 0.3237371575342466 0.5563788659793815 0.007919520547945206 0.01288659793814433
0 0.3219178082191781 0.5989046391752577 0.01797945205479452 0.10309278350515463
1 0.3393621575342466 0.5504188144329897 0.015196917808219178 0.022873711340206184
0 0.3386130136986301 0.6275773195876289 0.046232876712328765 0.1791237113402062
1 0.3378638698630137 0.5628221649484536 0.017337328767123288 0.03221649484536082
0 0.3329409246575342 0.6417525773195877 0.06228595890410959 0.19394329896907217
1 0.3754280821917808 0.5600837628865979 0.007277397260273972 0.013853092783505154
0 0.3728595890410959 0.5982603092783505 0.026113013698630137 0.0979381443298969
1 0.3828125 0.5571842783505154 0.012200342465753425 0.01836340206185567
0 0.3893407534246575 0.6185567010309279 0.036815068493150686 0.14755154639175258
1 0.3994006849315068 0.5483247422680413 0.017123287671232876 0.020618556701030927
0 0.4076412671232877 0.6129188144329897 0.04045376712328767 0.15431701030927836
1 0.4007919520547945 0.5655605670103093 0.015625 0.02931701030927835
0 0.394798801369863 0.633215206185567 0.07512842465753425 0.16913659793814434
1 0.5075984589041096 0.7023195876288659 0.02204623287671233 0.03414948453608247
0 0.5059931506849316 0.757409793814433 0.05565068493150685 0.14432989690721648
1 0.5221532534246576 0.5504188144329897 0.011344178082191781 0.01836340206185567
0 0.516695205479452 0.6053479381443299 0.04238013698630137 0.14497422680412372
1 0.5188356164383562 0.545264175257732 0.02011986301369863 0.026739690721649483
0 0.5196917808219178 0.626610824742268 0.0351027397260274 0.19136597938144329
1 0.5974957191780822 0.5286726804123711 0.019049657534246575 0.028350515463917526
0 0.5980308219178082 0.6171069587628866 0.05008561643835616 0.21295103092783504
1 0.614619006849315 0.5428479381443299 0.012628424657534247 0.019329896907216496
0 0.623929794520548 0.6069587628865979 0.0410958904109589 0.15206185567010308
1 0.7035530821917808 0.5451030927835051 0.0136986301369863 0.02190721649484536
0 0.7022688356164384 0.6051868556701031 0.0488013698630137 0.14980670103092783
1 0.8247003424657534 0.5470360824742269 0.011558219178082191 0.021262886597938145
0 0.8198844178082192 0.5992268041237113 0.030179794520547944 0.12951030927835053
1 0.7964469178082192 0.6908827319587629 0.025684931506849314 0.04542525773195876
0 0.796339897260274 0.7416237113402062 0.09225171232876712 0.15528350515463918
1 0.871361301369863 0.5960051546391752 0.011558219178082191 0.020618556701030927
0 0.8663313356164384 0.6293492268041238 0.03403253424657534 0.08795103092783506
1 0.8868792808219178 0.6132409793814433 0.014768835616438356 0.01836340206185567
0 0.876605308219178 0.6383698453608248 0.0545804794520548 0.07635309278350516