1 0.7817610062893082 0.22084548104956267 0.1421383647798742 0.20845481049562684
0 0.7704402515723271 0.5575801749271136 0.3886792452830189 0.8848396501457726
1 0.6559748427672956 0.24708454810495628 0.05660377358490566 0.07725947521865889
0 0.6729559748427673 0.45408163265306123 0.11069182389937107 0.5087463556851312
1 0.6295597484276729 0.40233236151603496 0.0440251572327044 0.04956268221574344
0 0.5748427672955975 0.5575801749271136 0.18364779874213835 0.3104956268221574
1 0.5490566037735849 0.24635568513119532 0.05660377358490566 0.07580174927113703
0 0.5421383647798742 0.4110787172011662 0.12075471698113208 0.40524781341107874
1 0.35471698113207545 0.26457725947521865 0.09559748427672957 0.10349854227405247
0 0.32955974842767294 0.565597667638484 0.2088050314465409 0.717201166180758
1 0.3635220125786163 0.2784256559766764 0.052830188679245285 0.06997084548104957
0 0.370440251572327 0.49416909620991256 0.13459119496855346 0.5072886297376094
1 0.18805031446540882 0.23177842565597667 0.06666666666666667 0.09912536443148688
0 0.17358490566037735 0.48542274052478135 0.1710691823899371 0.6151603498542274
1 0.038364779874213835 0.22230320699708456 0.07672955974842767 0.1151603498542274
0 0.1220125786163522 0.5284256559766763 0.2440251572327044 0.739067055393586
1 0.021383647798742137 0.2368804664723032 0.042767295597484274 0.06268221574344024
0 0.06855345911949685 0.4205539358600583 0.1371069182389937 0.48833819241982507
1 0.33459119496855344 0.3389212827988338 0.027672955974842768 0.033527696793002916
0 0.29371069182389936 0.47667638483965014 0.1320754716981132 0.33527696793002915