1 0.250625 0.3058161350844278 0.18375 0.3227016885553471
0 0.249375 0.5534709193245778 0.40375 0.8930581613508443
1 0.716875 0.34896810506566606 0.20375 0.3677298311444653
0 0.7225 0.5666041275797373 0.555 0.8667917448405253
1 0.5125 0.424953095684803 0.1325 0.2795497185741088
0 0.5125 0.6378986866791745 0.3375 0.724202626641651
1 0.173125 0.2654784240150094 0.10375 0.2270168855534709
0 0.18 0.5600375234521576 0.1725 0.8799249530956847
1 0.36 0.3076923076923077 0.0775 0.1425891181988743
0 0.36375 0.6125703564727955 0.1925 0.774859287054409
1 0.88 0.275797373358349 0.135 0.21388367729831145
0 0.88125 0.5816135084427767 0.195 0.8367729831144465
1 0.718125 0.18574108818011256 0.10625 0.1801125703564728
0 0.68375 0.5422138836772983 0.26 0.9155722326454033