1 0.90875 0.105 0.09083333333333334 0.16111111111111112
0 0.8966666666666666 0.5005555555555555 0.20666666666666667 0.9566666666666667
1 0.8941666666666667 0.1688888888888889 0.04 0.06666666666666667
0 0.87875 0.34944444444444445 0.10416666666666667 0.42777777777777776
1 0.8141666666666667 0.11833333333333333 0.04 0.06555555555555556
0 0.8291666666666667 0.2966666666666667 0.10166666666666667 0.42
1 0.785 0.22333333333333333 0.055 0.08444444444444445
0 0.7866666666666666 0.44333333333333336 0.19833333333333333 0.5244444444444445
1 0.6920833333333334 0.15055555555555555 0.04416666666666667 0.08555555555555555
0 0.6941666666666667 0.36444444444444446 0.115 0.5177777777777778
1 0.6179166666666667 0.14166666666666666 0.059166666666666666 0.09444444444444444
0 0.6279166666666667 0.4272222222222222 0.1675 0.7144444444444444
1 0.5358333333333334 0.1111111111111111 0.04 0.06666666666666667
0 0.5441666666666667 0.30777777777777776 0.08333333333333333 0.4666666666666667
1 0.5108333333333334 0.15388888888888888 0.03833333333333333 0.08555555555555555
0 0.4979166666666667 0.3661111111111111 0.10916666666666666 0.5166666666666667
1 0.5354166666666667 0.24555555555555555 0.0825 0.10444444444444445
0 0.4608333333333333 0.5666666666666667 0.24 0.7644444444444445
1 0.3625 0.12944444444444445 0.06166666666666667 0.11888888888888889
0 0.34125 0.42277777777777775 0.1675 0.7122222222222222
1 0.27 0.16666666666666666 0.045 0.08444444444444445
0 0.24333333333333335 0.37777777777777777 0.13333333333333333 0.5133333333333333
1 0.18666666666666668 0.18222222222222223 0.01 0.013333333333333334
0 0.18916666666666668 0.22333333333333333 0.021666666666666667 0.09777777777777778
1 0.20875 0.20944444444444443 0.009166666666666667 0.012222222222222223
0 0.205 0.23722222222222222 0.023333333333333334 0.07
1 0.225 0.19666666666666666 0.011666666666666667 0.013333333333333334
0 0.22875 0.2311111111111111 0.0225 0.08444444444444445
1 0.11708333333333333 0.22777777777777777 0.07083333333333333 0.12444444444444444
0 0.12291666666666666 0.4905555555555556 0.18416666666666667 0.6655555555555556
1 0.041666666666666664 0.21222222222222223 0.08333333333333333 0.1511111111111111
0 0.08333333333333333 0.5627777777777778 0.16666666666666666 0.8588888888888889
1 0.0375 0.08333333333333333 0.075 0.1288888888888889
0 0.09791666666666667 0.3933333333333333 0.19583333333333333 0.7511111111111111