1 0.02375 0.5489335006273526 0.0475 0.08406524466750313
0 0.10958333333333334 0.7521957340025094 0.21916666666666668 0.49560853199498117
1 0.17041666666666666 0.555207026348808 0.0525 0.08155583437892096
0 0.1775 0.7553324968632371 0.24833333333333332 0.4893350062735257
1 0.16083333333333333 0.533249686323714 0.03833333333333333 0.06524466750313676
0 0.15916666666666668 0.7327478042659975 0.10166666666666667 0.4767879548306148
1 0.30791666666666667 0.39021329987452946 0.04083333333333333 0.07277289836888332
0 0.3433333333333333 0.513801756587202 0.175 0.33500627352572143
1 0.6183333333333333 0.560853199498118 0.041666666666666664 0.05520702634880803
0 0.6475 0.6819322459222082 0.14333333333333334 0.2998745294855709
1 0.5166666666666667 0.5056461731493099 0.04833333333333333 0.07277289836888332
0 0.485 0.7308657465495608 0.19166666666666668 0.5382685069008782
1 0.7079166666666666 0.48055207026348806 0.035833333333333335 0.06524466750313676
0 0.7175 0.6530740276035132 0.125 0.4328732747804266
1 0.80875 0.45294855708908405 0.05583333333333333 0.08782936010037641
0 0.795 0.7007528230865746 0.19166666666666668 0.5984943538268507
1 0.9179166666666667 0.451693851944793 0.0375 0.06775407779171895
0 0.9079166666666667 0.6223337515683814 0.1225 0.4341279799247177
1 0.9454166666666667 0.46925972396486826 0.0525 0.08030112923462986
0 0.9158333333333334 0.7051442910915935 0.16833333333333333 0.5646173149309912