1 0.071 0.6574212893553223 0.086 0.06746626686656672
0 0.09 0.8088455772113943 0.144 0.3823088455772114
1 0.123 0.603448275862069 0.082 0.05547226386806597
0 0.163 0.7796101949025487 0.254 0.4107946026986507
1 0.239 0.5727136431784108 0.078 0.05997001499250375
0 0.262 0.7706146926536732 0.156 0.4587706146926537
1 0.323 0.5727136431784108 0.054 0.044977511244377814
0 0.338 0.7316341829085458 0.168 0.3658170914542729
1 0.384 0.595952023988006 0.044 0.04047976011994003
0 0.383 0.7181409295352323 0.182 0.2908545727136432
1 0.455 0.5659670164917541 0.03 0.031484257871064465
0 0.446 0.6574212893553223 0.088 0.22338830584707647
1 0.466 0.7226386806596702 0.04 0.041979010494752625
0 0.475 0.8065967016491754 0.154 0.239880059970015
1 0.497 0.5614692653673163 0.034 0.031484257871064465
0 0.498 0.643928035982009 0.08 0.20239880059970014
1 0.554 0.5952023988005997 0.044 0.047976011994003
0 0.566 0.7481259370314842 0.136 0.3598200899550225
1 0.582 0.5659670164917541 0.028 0.025487256371814093
0 0.581 0.6529235382308846 0.09 0.20539730134932535
1 0.65 0.5584707646176912 0.06 0.05247376311844078
0 0.663 0.7451274362818591 0.162 0.43478260869565216
1 0.697 0.5884557721139431 0.042 0.04047976011994003
0 0.722 0.7241379310344828 0.172 0.32983508245877063
1 0.706 0.553223388305847 0.036 0.035982008995502246
0 0.705 0.6574212893553223 0.098 0.25037481259370314
1 0.767 0.5464767616191905 0.022 0.022488755622188907
0 0.764 0.6026986506746627 0.064 0.1409295352323838
1 0.735 0.5472263868065967 0.026 0.020989505247376312
0 0.746 0.6116941529235382 0.096 0.15892053973013492
1 0.949 0.5442278860569715 0.026 0.020989505247376312
0 0.953 0.6146926536731634 0.07 0.1679160419790105
1 0.871 0.5397301349325337 0.026 0.020989505247376312
0 0.878 0.6086956521739131 0.072 0.16491754122938532
1 0.851 0.5419790104947526 0.022 0.01649175412293853
0 0.86 0.5989505247376312 0.076 0.13343328335832083
1 0.811 0.5449775112443778 0.018 0.010494752623688156
0 0.81 0.5877061469265368 0.044 0.10194902548725637
1 0.915 0.532983508245877 0.014 0.013493253373313344
0 0.916 0.5614692653673163 0.04 0.07946026986506746
1 0.817 0.5982008995502249 0.038 0.07796101949025487
0 0.817 0.5982008995502249 0.038 0.07796101949025487
1 0.598 0.5494752623688156 0.016 0.01649175412293853
0 0.601 0.6004497751124438 0.058 0.12443778110944528