1 0.93359375 0.7013020833333333 0.00859375 0.013020833333333334
0 0.9365234375 0.7432291666666667 0.030859375 0.1
1 0.9462890625 0.7044270833333334 0.006640625 0.009895833333333333
0 0.9490234375 0.7359375 0.022265625 0.07083333333333333
1 0.9669921875 0.7015625 0.013671875 0.01875
0 0.9703125 0.7567708333333333 0.03984375 0.128125
1 0.9662109375 0.7018229166666666 0.014453125 0.019270833333333334
0 0.9775390625 0.8013020833333333 0.044921875 0.2203125
1 0.980859375 0.7244791666666667 0.0140625 0.023958333333333335
0 0.981640625 0.7966145833333333 0.03671875 0.17135416666666667
1 0.6958984375 0.7325520833333333 0.012109375 0.0171875
0 0.6966796875 0.7770833333333333 0.032421875 0.11041666666666666
1 0.198828125 0.7697916666666667 0.0078125 0.009375
0 0.1970703125 0.8005208333333333 0.018359375 0.07291666666666667
1 0.214453125 0.8052083333333333 0.0140625 0.07291666666666667
0 0.214453125 0.8052083333333333 0.0140625 0.07291666666666667
1 0.4013671875 0.7520833333333333 0.004296875 0.008333333333333333
0 0.398828125 0.7697916666666667 0.02109375 0.046875
1 0.587109375 0.7315104166666667 0.00390625 0.005729166666666666
0 0.5875 0.7463541666666667 0.01171875 0.036458333333333336
1 0.7880859375 0.7153645833333333 0.002734375 0.0036458333333333334
0 0.788671875 0.72890625 0.00859375 0.0359375