1 0.8529166666666667 0.7972222222222223 0.009166666666666667 0.012222222222222223
0 0.8558333333333333 0.8211111111111111 0.025 0.06222222222222222
1 0.7379166666666667 0.7922222222222223 0.009166666666666667 0.013333333333333334
0 0.7345833333333334 0.8294444444444444 0.025833333333333333 0.09222222222222222
1 0.92 0.7688888888888888 0.011666666666666667 0.015555555555555555
0 0.9179166666666667 0.7933333333333333 0.015833333333333335 0.06888888888888889
1 0.8816666666666667 0.8227777777777778 0.03 0.058888888888888886
0 0.8816666666666667 0.8227777777777778 0.03 0.058888888888888886
1 0.58 0.8044444444444444 0.008333333333333333 0.011111111111111112
0 0.5770833333333333 0.83 0.0225 0.06888888888888889
1 0.55 0.7977777777777778 0.008333333333333333 0.011111111111111112
0 0.55125 0.8316666666666667 0.0225 0.08333333333333333
1 0.5316666666666666 0.8127777777777778 0.008333333333333333 0.01
0 0.5308333333333334 0.84 0.025 0.06888888888888889
1 0.5058333333333334 0.8055555555555556 0.006666666666666667 0.011111111111111112
0 0.5075 0.8372222222222222 0.021666666666666667 0.07888888888888888
1 0.48791666666666667 0.8077777777777778 0.0075 0.011111111111111112
0 0.48625 0.8394444444444444 0.025833333333333333 0.07888888888888888
1 0.4825 0.8038888888888889 0.006666666666666667 0.01
0 0.48541666666666666 0.8344444444444444 0.020833333333333332 0.07555555555555556
1 0.47208333333333335 0.8072222222222222 0.0075 0.01
0 0.4708333333333333 0.835 0.018333333333333333 0.07222222222222222
1 0.44958333333333333 0.8061111111111111 0.0075 0.01
0 0.4483333333333333 0.8344444444444444 0.023333333333333334 0.07333333333333333
1 0.41541666666666666 0.8116666666666666 0.009166666666666667 0.012222222222222223
0 0.4170833333333333 0.8333333333333334 0.020833333333333332 0.06
1 0.3925 0.8138888888888889 0.006666666666666667 0.0077777777777777776
0 0.3929166666666667 0.8344444444444444 0.014166666666666666 0.051111111111111114
1 0.3829166666666667 0.8105555555555556 0.005833333333333334 0.01
0 0.38083333333333336 0.8316666666666667 0.016666666666666666 0.05444444444444444
1 0.37375 0.8111111111111111 0.005833333333333334 0.008888888888888889
0 0.3725 0.8277777777777777 0.015 0.04888888888888889
1 0.3129166666666667 0.8116666666666666 0.005833333333333334 0.0077777777777777776
0 0.3129166666666667 0.83 0.015833333333333335 0.04888888888888889