1 0.24846153846153846 0.6050156739811913 0.033846153846153845 0.0438871473354232
0 0.24615384615384617 0.7445141065830722 0.11384615384615385 0.335423197492163
1 0.7930769230769231 0.6050156739811913 0.015384615384615385 0.022988505747126436
0 0.7892307692307692 0.6724137931034483 0.046153846153846156 0.16405433646812956
1 0.8257692307692308 0.609717868338558 0.013076923076923076 0.019853709508881923
0 0.8238461538461539 0.664576802507837 0.038461538461538464 0.13584117032392895
1 0.8719230769230769 0.6144200626959248 0.013076923076923076 0.02089864158829676
0 0.8773076923076923 0.6666666666666666 0.045384615384615384 0.13166144200626959
1 0.895 0.6107628004179728 0.011538461538461539 0.017763845350052248
0 0.8957692307692308 0.6567398119122257 0.03461538461538462 0.11389759665621735
1 0.9065384615384615 0.6170323928944619 0.01 0.013584117032392894
0 0.9111538461538462 0.6525600835945663 0.036153846153846154 0.08881922675026123
1 0.9534615384615385 0.6128526645768025 0.005384615384615384 0.009404388714733543
0 0.9546153846153846 0.6353187042842215 0.02 0.06060606060606061
1 0.9715384615384616 0.6154649947753396 0.004615384615384616 0.006269592476489028
0 0.9715384615384616 0.6337513061650992 0.015384615384615385 0.047021943573667714
1 0.9953846153846154 0.6165099268547545 0.003076923076923077 0.0041797283176593526
0 0.9961538461538462 0.6332288401253918 0.007692307692307693 0.054336468129571575