1 0.9975 0.7032640949554896 0.005 0.01543026706231454
0 0.9951666666666666 0.743620178041543 0.009666666666666667 0.10207715133531158
1 0.989 0.7065281899109792 0.01 0.019584569732937686
0 0.9856666666666667 0.7623145400593472 0.028666666666666667 0.13827893175074185
1 0.8845 0.7204747774480712 0.014333333333333333 0.02967359050445104
0 0.8783333333333333 0.8008902077151335 0.06 0.19762611275964392
1 0.8571666666666666 0.7270029673590505 0.015 0.034421364985163204
0 0.8555 0.8041543026706232 0.060333333333333336 0.19584569732937684
1 0.8318333333333333 0.7106824925816023 0.014333333333333333 0.0314540059347181
0 0.8273333333333334 0.7893175074183977 0.05733333333333333 0.19821958456973293
1 0.8686666666666667 0.6988130563798219 0.006666666666666667 0.012462908011869436
0 0.8661666666666666 0.7332344213649852 0.024333333333333332 0.08724035608308606
1 0.7891666666666667 0.6964391691394659 0.005 0.011275964391691394
0 0.7891666666666667 0.7258160237388724 0.01633333333333333 0.07596439169139466
1 0.7528333333333334 0.7065281899109792 0.010333333333333333 0.020771513353115726
0 0.7518333333333334 0.7655786350148368 0.04833333333333333 0.14955489614243322
1 0.755 0.7100890207715134 0.011333333333333334 0.02314540059347181
0 0.7521666666666667 0.7810089020771513 0.051666666666666666 0.16735905044510385
1 0.68 0.6976261127596439 0.012666666666666666 0.029080118694362018
0 0.6723333333333333 0.771513353115727 0.03266666666666666 0.17804154302670624
1 0.5368333333333334 0.6830860534124629 0.017 0.03679525222551929
0 0.5435 0.7824925816023739 0.071 0.2427299703264095
1 0.303 0.6813056379821959 0.004666666666666667 0.00830860534124629
0 0.30216666666666664 0.7041543026706232 0.013 0.05637982195845697
1 0.31416666666666665 0.6762611275964392 0.004333333333333333 0.008902077151335312
0 0.31366666666666665 0.7020771513353116 0.013333333333333334 0.06409495548961425
1 0.32 0.6824925816023739 0.0033333333333333335 0.005934718100890208
0 0.32083333333333336 0.6976261127596439 0.009 0.037388724035608306
1 0.16166666666666665 0.6676557863501483 0.008 0.01543026706231454
0 0.15816666666666668 0.7163204747774481 0.024333333333333332 0.11513353115727003
1 0.09316666666666666 0.6608308605341247 0.007 0.013649851632047478
0 0.09283333333333334 0.7053412462908012 0.019666666666666666 0.1086053412462908
1 0.08766666666666667 0.6664688427299703 0.006666666666666667 0.013056379821958458
0 0.08483333333333333 0.712166172106825 0.029 0.11038575667655787
1 0.065 0.6694362017804154 0.008 0.014243323442136498
0 0.06533333333333333 0.7074183976261128 0.017333333333333333 0.09376854599406528
1 0.04016666666666667 0.673887240356083 0.015 0.030267062314540058
0 0.03966666666666667 0.7611275964391692 0.044 0.21068249258160238
1 0.0045 0.6691394658753709 0.007 0.017210682492581602
0 0.0115 0.713946587537092 0.023 0.11038575667655787
1 0.36683333333333334 0.6919881305637983 0.0036666666666666666 0.007121661721068249
0 0.369 0.7086053412462908 0.010666666666666666 0.04154302670623145
1 0.385 0.6857566765578635 0.002 0.004154302670623145
0 0.3845 0.6943620178041543 0.005666666666666667 0.022551928783382788
1 0.475 0.6893175074183976 0.002 0.004154302670623145
0 0.4745 0.6970326409495549 0.006333333333333333 0.02195845697329377
1 0.4836666666666667 0.6881305637982196 0.002 0.004154302670623145
0 0.484 0.6976261127596439 0.006666666666666667 0.025519287833827894
1 0.5058333333333334 0.6893175074183976 0.0023333333333333335 0.004154302670623145
0 0.5065 0.699406528189911 0.005 0.026706231454005934
1 0.5146666666666667 0.6893175074183976 0.002 0.004154302670623145
0 0.5151666666666667 0.6985163204747774 0.005666666666666667 0.024925816023738872
1 0.6933333333333334 0.6937685459940652 0.004 0.00830860534124629
0 0.6925 0.713946587537092 0.011 0.05103857566765579
1 0.7061666666666667 0.6970326409495549 0.0036666666666666666 0.00771513353115727
0 0.7051666666666667 0.714540059347181 0.009666666666666667 0.04629080118694362
1 0.7116666666666667 0.6931750741839763 0.004 0.00830860534124629
0 0.7105 0.7100890207715134 0.009666666666666667 0.04451038575667656
1 0.7178333333333333 0.6946587537091988 0.005 0.011275964391691394
0 0.718 0.7172106824925816 0.012666666666666666 0.06112759643916914
1 0.7301666666666666 0.6943620178041543 0.004333333333333333 0.00830860534124629
0 0.7303333333333333 0.7189910979228487 0.013333333333333334 0.05875370919881306
1 0.735 0.6952522255192878 0.004 0.00771513353115727
0 0.7356666666666667 0.7151335311572701 0.009333333333333334 0.0486646884272997