1 0.21419753086419754 0.4309210526315789 0.11481481481481481 0.19736842105263158
0 0.2802469135802469 0.6504934210526315 0.4222222222222222 0.6990131578947368
1 0.4141975308641975 0.3412828947368421 0.06049382716049383 0.08717105263157894
0 0.43703703703703706 0.6480263157894737 0.24444444444444444 0.7039473684210527
1 0.5006172839506173 0.4284539473684211 0.05555555555555555 0.09375
0 0.5172839506172839 0.6677631578947368 0.2222222222222222 0.5789473684210527
1 0.6253086419753087 0.38569078947368424 0.04567901234567901 0.0805921052631579
0 0.6339506172839506 0.6101973684210527 0.17901234567901234 0.5328947368421053
1 0.6320987654320988 0.3659539473684211 0.04691358024691358 0.07072368421052631
0 0.6160493827160494 0.5633223684210527 0.13333333333333333 0.4786184210526316
1 0.8185185185185185 0.3371710526315789 0.04691358024691358 0.08223684210526316
0 0.8419753086419753 0.5049342105263158 0.11604938271604938 0.4342105263157895