1 0.06328125 0.05138888888888889 0.015625 0.027777777777777776
0 0.06875 0.09513888888888888 0.0484375 0.12083333333333333
1 0.1484375 0.03958333333333333 0.028125 0.06805555555555555
0 0.15703125 0.23680555555555555 0.1 0.4736111111111111
1 0.175390625 0.05138888888888889 0.03359375 0.07222222222222222
0 0.1890625 0.21388888888888888 0.0796875 0.4083333333333333
1 0.236328125 0.07291666666666667 0.02890625 0.04861111111111111
0 0.2375 0.19444444444444445 0.05625 0.3111111111111111
1 0.27265625 0.06111111111111111 0.0265625 0.06388888888888888
0 0.275 0.2388888888888889 0.0921875 0.44166666666666665
1 0.353125 0.06875 0.03125 0.05416666666666667
0 0.359375 0.24375 0.0984375 0.45416666666666666
1 0.380078125 0.04652777777777778 0.02734375 0.05416666666666667
0 0.38515625 0.23055555555555557 0.09375 0.45
1 0.51796875 0.10347222222222222 0.025 0.043055555555555555
0 0.52265625 0.2548611111111111 0.0703125 0.3736111111111111
1 0.5796875 0.09583333333333334 0.0296875 0.06111111111111111
0 0.58359375 0.2513888888888889 0.078125 0.3972222222222222
1 0.6375 0.10277777777777777 0.025 0.04722222222222222
0 0.64296875 0.25555555555555554 0.0671875 0.375
1 0.7484375 0.11527777777777778 0.0234375 0.06111111111111111
0 0.74296875 0.2708333333333333 0.0875 0.3888888888888889
1 0.76015625 0.12083333333333333 0.0203125 0.03611111111111111
0 0.76953125 0.26180555555555557 0.0546875 0.3402777777777778
1 0.828125 0.09027777777777778 0.0234375 0.05555555555555555
0 0.833984375 0.25833333333333336 0.09453125 0.4222222222222222
1 0.8859375 0.12986111111111112 0.0203125 0.0375
0 0.89296875 0.27708333333333335 0.053125 0.3597222222222222
1 0.976953125 0.16944444444444445 0.01796875 0.027777777777777776
0 0.9734375 0.26875 0.034375 0.24861111111111112
1 0.930078125 0.1673611111111111 0.01796875 0.034722222222222224
0 0.936328125 0.27152777777777776 0.03828125 0.2569444444444444
1 0.916796875 0.15625 0.01953125 0.04583333333333333
0 0.918359375 0.2701388888888889 0.03984375 0.2875
1 0.900390625 0.13472222222222222 0.02265625 0.05
0 0.901171875 0.26875 0.04453125 0.3236111111111111
1 0.460546875 0.15347222222222223 0.06328125 0.13194444444444445
0 0.454296875 0.5409722222222222 0.51484375 0.9180555555555555
1 0.185546875 0.059027777777777776 0.02109375 0.04861111111111111
0 0.19921875 0.18333333333333332 0.0609375 0.3111111111111111