1 0.08172673931265717 0.17142857142857143 0.16345347862531434 0.32285714285714284
0 0.20368818105616093 0.505 0.40737636211232187 0.99
1 0.3495389773679799 0.4228571428571429 0.0586756077116513 0.13428571428571429
0 0.3202011735121542 0.6707142857142857 0.1978206202849958 0.6585714285714286
1 0.4538977367979883 0.42214285714285715 0.03604358759430008 0.07
0 0.43755238893545684 0.68 0.13411567476948869 0.5942857142857143
1 0.3273260687342833 0.295 0.04777870913663034 0.09571428571428571
0 0.2996647108130763 0.6171428571428571 0.1768650461022632 0.76
1 0.1953059513830679 0.32571428571428573 0.036881810561609385 0.07142857142857142
0 0.183151718357083 0.5592857142857143 0.12824811399832356 0.5614285714285714
1 0.5662196144174351 0.4257142857142857 0.03604358759430008 0.06857142857142857
0 0.5486169321039397 0.6 0.11148365465213747 0.4228571428571429
1 0.622799664710813 0.4542857142857143 0.020117351215423303 0.037142857142857144
0 0.6186085498742665 0.5778571428571428 0.08214585079631181 0.31285714285714283
1 0.6697401508801342 0.4357142857142857 0.016764459346186086 0.03142857142857143
0 0.6697401508801342 0.5414285714285715 0.053646269907795474 0.23714285714285716
1 0.7233864207879296 0.43714285714285717 0.01173512154233026 0.022857142857142857
0 0.7225481978206203 0.5035714285714286 0.038558256496227995 0.16142857142857142
1 0.702430846605197 0.4407142857142857 0.008382229673093043 0.015714285714285715
0 0.702430846605197 0.495 0.030176026823134954 0.13
1 0.7761944677284157 0.4521428571428571 0.006705783738474434 0.012857142857142857
0 0.7707460184409053 0.48928571428571427 0.027661357921207042 0.09285714285714286
1 0.5381391450125733 0.44 0.02347024308466052 0.045714285714285714
0 0.5343671416596815 0.585 0.09136630343671416 0.3414285714285714
1 0.22967309304274938 0.3842857142857143 0.030176026823134954 0.05714285714285714
0 0.2259010896898575 0.5392857142857143 0.07795473595976529 0.37857142857142856
1 0.42330259849119867 0.4007142857142857 0.03185247275775356 0.06428571428571428
0 0.4115674769488684 0.5835714285714285 0.10393964794635373 0.4328571428571429
1 0.47569153394803015 0.42428571428571427 0.025984911986588432 0.06
0 0.4639564124056999 0.6164285714285714 0.08801341156747695 0.45571428571428574
1 0.5008382229673093 0.40714285714285714 0.012573344509639563 0.025714285714285714
0 0.4979044425817267 0.4714285714285714 0.03185247275775356 0.16285714285714287
1 0.5293378038558256 0.4092857142857143 0.020955574182732608 0.041428571428571426
0 0.5230511316010059 0.525 0.053646269907795474 0.2757142857142857
1 0.537300922045264 0.4407142857142857 0.025146689019279127 0.05
0 0.528918692372171 0.5828571428571429 0.06873428331936295 0.34
1 0.7502095557418273 0.4328571428571429 0.006705783738474434 0.014285714285714285
0 0.7506286672254819 0.4757142857142857 0.024308466051969825 0.10571428571428572
1 0.7896060352053647 0.4407142857142857 0.008382229673093043 0.012857142857142857
0 0.7870913663034367 0.47785714285714287 0.020117351215423303 0.09
1 0.8021793797150042 0.44 0.005029337803855826 0.011428571428571429
0 0.7984073763621123 0.4735714285714286 0.025984911986588432 0.08714285714285715
1 0.8294216261525565 0.47785714285714287 0.014249790444258172 0.06142857142857143
0 0.8294216261525565 0.47785714285714287 0.014249790444258172 0.06142857142857143
1 0.730092204526404 0.42214285714285715 0.008382229673093043 0.012857142857142857
0 0.7279966471081307 0.47785714285714287 0.025984911986588432 0.12428571428571429
1 0.8491198658843252 0.4707142857142857 0.020117351215423303 0.07857142857142857
0 0.8491198658843252 0.4707142857142857 0.020117351215423303 0.07857142857142857
1 0.8595976529756916 0.4692857142857143 0.01592623637887678 0.07285714285714286
0 0.8595976529756916 0.4692857142857143 0.01592623637887678 0.07285714285714286
1 0.8880972338642079 0.44571428571428573 0.004191114836546521 0.008571428571428572
0 0.8868398994132439 0.4707142857142857 0.016764459346186086 0.06428571428571428
1 0.8948030176026823 0.44 0.004191114836546521 0.008571428571428572
0 0.893964794635373 0.4664285714285714 0.01760268231349539 0.06428571428571428
1 0.606035205364627 0.395 0.010058675607711651 0.018571428571428572
0 0.6064543168482817 0.46285714285714286 0.04442581726739313 0.1657142857142857
1 0.8202011735121543 0.4421428571428571 0.004191114836546521 0.007142857142857143
0 0.818105616093881 0.4707142857142857 0.016764459346186086 0.07
1 0.9316848281642917 0.465 0.01592623637887678 0.047142857142857146
0 0.9316848281642917 0.465 0.01592623637887678 0.047142857142857146
1 0.9492875104777871 0.45 0.004191114836546521 0.008571428571428572
0 0.9471919530595139 0.4635714285714286 0.013411567476948869 0.041428571428571426