1 0.1174713787954206 0.38208333333333333 0.06968641114982578 0.13916666666666666
0 0.12195121951219512 0.6558333333333334 0.17421602787456447 0.6883333333333334
1 0.16202090592334495 0.25958333333333333 0.06620209059233449 0.1425
0 0.1493280238924838 0.5870833333333333 0.2578397212543554 0.8258333333333333
1 0.3446988551518168 0.33875 0.07914385266301642 0.1375
0 0.29741164758586364 0.6320833333333333 0.19960179193628672 0.7358333333333333
1 0.3175709308113489 0.20083333333333334 0.06869089099054256 0.13833333333333334
0 0.313588850174216 0.5429166666666667 0.18914883026381285 0.9141666666666667
1 0.4024390243902439 0.5325 0.06620209059233449 0.13
0 0.39596814335490294 0.7254166666666667 0.1528123444499751 0.5491666666666667
1 0.3974614235938278 0.27458333333333335 0.06421105027376804 0.1475
0 0.3678446988551518 0.595 0.2986560477849676 0.81
1 0.5383275261324042 0.38916666666666666 0.057242409158785465 0.135
0 0.5403185664509706 0.6566666666666666 0.1647585863613738 0.6866666666666666
1 0.49427575908412147 0.16583333333333333 0.07267297162767546 0.15833333333333333
0 0.4848183175709308 0.5366666666666666 0.19412643106022898 0.9266666666666666
1 0.605276256844201 0.2791666666666667 0.06968641114982578 0.15333333333333332
0 0.5846192135390742 0.5970833333333333 0.2065704330512693 0.8058333333333333
1 0.7215032354405176 0.44333333333333336 0.07317073170731707 0.13333333333333333
0 0.7167745146839224 0.6866666666666666 0.15331010452961671 0.6266666666666667
1 0.7409158785465406 0.2708333333333333 0.06520657043305127 0.14166666666666666
0 0.7391737182677949 0.5954166666666667 0.20408163265306123 0.8091666666666667
1 0.9380288700846192 0.25958333333333333 0.07317073170731707 0.10583333333333333
0 0.9069188651070185 0.4583333333333333 0.15729218516674962 0.51
1 0.8424589347934296 0.21916666666666668 0.06918865107018417 0.15333333333333332
0 0.8511697361871577 0.56875 0.18616226978596317 0.8625