1 0.3280769230769231 0.2944560669456067 0.07153846153846154 0.1412133891213389
0 0.29846153846153844 0.6093096234309623 0.2953846153846154 0.7813807531380753
1 0.49846153846153846 0.3054393305439331 0.06461538461538462 0.1192468619246862
0 0.4938461538461538 0.6155857740585774 0.18153846153846154 0.7688284518828452
1 0.6180769230769231 0.34048117154811713 0.05307692307692308 0.10146443514644352
0 0.6034615384615385 0.6344142259414226 0.17615384615384616 0.6997907949790795
1 0.745 0.3310669456066946 0.07461538461538461 0.12447698744769875
0 0.7223076923076923 0.62918410041841 0.2246153846153846 0.7416317991631799
1 0.933076923076923 0.3368200836820084 0.06769230769230769 0.1087866108786611
0 0.9080769230769231 0.6380753138075314 0.18384615384615385 0.7238493723849372
1 0.9646153846153847 0.28661087866108786 0.05692307692307692 0.100418410041841
0 0.946923076923077 0.5596234309623431 0.10615384615384615 0.6631799163179917
1 0.11269230769230769 0.29236401673640167 0.04384615384615385 0.06799163179916318
0 0.1076923076923077 0.5366108786610879 0.1276923076923077 0.5627615062761506
1 0.1626923076923077 0.3540794979079498 0.045384615384615384 0.07426778242677824
0 0.17192307692307693 0.5857740585774058 0.13615384615384615 0.5523012552301255
1 0.2026923076923077 0.35669456066945604 0.05923076923076923 0.09414225941422594
0 0.19653846153846155 0.5925732217573222 0.14076923076923076 0.5889121338912134
1 0.27076923076923076 0.2907949790794979 0.047692307692307694 0.08158995815899582
0 0.28807692307692306 0.5460251046025104 0.14076923076923076 0.608786610878661
1 0.40307692307692305 0.3713389121338912 0.055384615384615386 0.100418410041841
0 0.39076923076923076 0.6182008368200836 0.13230769230769232 0.608786610878661
1 0.7823076923076923 0.3059623430962343 0.047692307692307694 0.09100418410041841
0 0.8115384615384615 0.5156903765690377 0.14615384615384616 0.5251046025104602
1 0.6753846153846154 0.34414225941422594 0.04153846153846154 0.06903765690376569
0 0.6711538461538461 0.555439330543933 0.10076923076923076 0.5083682008368201
1 0.22615384615384615 0.3436192468619247 0.05692307692307692 0.10146443514644352
0 0.24384615384615385 0.6187238493723849 0.16307692307692306 0.6537656903765691
1 0.7861538461538462 0.3059623430962343 0.04 0.07845188284518828
0 0.7957692307692308 0.5669456066945606 0.14692307692307693 0.606694560669456
1 0.9061538461538462 0.36297071129707115 0.055384615384615386 0.09832635983263599
0 0.8984615384615384 0.5413179916317992 0.1076923076923077 0.4696652719665272