1 0.15714285714285714 0.5730464326160816 0.050793650793650794 0.04077010192525481
0 0.1373015873015873 0.7072480181200453 0.14126984126984127 0.3159682899207248
1 0.2714285714285714 0.5690826727066818 0.044444444444444446 0.039637599093997736
0 0.26031746031746034 0.70158550396376 0.15873015873015872 0.31370328425821065
1 0.35873015873015873 0.5520951302378256 0.04126984126984127 0.035107587768969425
0 0.3484126984126984 0.6687429218573047 0.11904761904761904 0.27746319365798416
1 0.4373015873015873 0.5560588901472253 0.04285714285714286 0.03850509626274066
0 0.4238095238095238 0.6676104190260476 0.10793650793650794 0.26613816534541335
1 0.49206349206349204 0.5503963759909399 0.04126984126984127 0.04077010192525481
0 0.48174603174603176 0.6704416761041903 0.14761904761904762 0.2944507361268403
1 0.5714285714285714 0.549263873159683 0.0380952380952381 0.03397508493771234
0 0.5785714285714286 0.6421291053227633 0.08412698412698413 0.22423556058890148
1 0.6182539682539683 0.5424688561721405 0.05238095238095238 0.045300113250283124
0 0.6293650793650793 0.6862967157417894 0.16666666666666666 0.33975084937712347
1 0.6857142857142857 0.5475651189127972 0.0380952380952381 0.035107587768969425
0 0.7055555555555556 0.6630804077010193 0.13174603174603175 0.2729331823329558
1 0.8111111111111111 0.5662514156285391 0.031746031746031744 0.031710079275198186
0 0.8103174603174603 0.6715741789354474 0.11587301587301588 0.25141562853907135
1 0.9063492063492063 0.557757644394111 0.03492063492063492 0.035107587768969425
0 0.9198412698412698 0.6693091732729332 0.13174603174603175 0.26727066817667045
1 0.8523809523809524 0.5334088335220838 0.03492063492063492 0.03397508493771234
0 0.8587301587301587 0.636466591166478 0.08888888888888889 0.24462061155152887
1 0.7880952380952381 0.5419026047565119 0.03333333333333333 0.030577576443941108
0 0.7904761904761904 0.6381653454133636 0.08253968253968254 0.22989807474518686
1 0.7158730158730159 0.5339750849377124 0.03492063492063492 0.035107587768969425
0 0.7277777777777777 0.637599093997735 0.09047619047619047 0.24462061155152887
1 0.796031746031746 0.5050962627406569 0.03650793650793651 0.02944507361268403
0 0.8 0.5951302378255946 0.08253968253968254 0.22083805209513024
1 0.7476190476190476 0.5 0.031746031746031744 0.028312570781426953
0 0.7515873015873016 0.5645526613816535 0.06190476190476191 0.1664779161947905
1 0.7063492063492064 0.49377123442808607 0.0380952380952381 0.031710079275198186
0 0.719047619047619 0.5707814269535674 0.10476190476190476 0.19479048697621745
1 0.6333333333333333 0.49773499433748586 0.02857142857142857 0.028312570781426953
0 0.6373015873015873 0.5634201585503964 0.08412698412698413 0.16421291053227632
1 0.5753968253968254 0.5101925254813137 0.026984126984126985 0.02378255945639864
0 0.5738095238095238 0.5821064552661381 0.06507936507936508 0.17667044167610418
1 0.5571428571428572 0.5334088335220838 0.0380952380952381 0.031710079275198186
0 0.5531746031746032 0.6183465458663646 0.09047619047619047 0.2129105322763307
1 0.5404761904761904 0.5079275198187996 0.03650793650793651 0.028312570781426953
0 0.5396825396825397 0.6132502831257078 0.05396825396825397 0.2434881087202718
1 0.503968253968254 0.4971687429218573 0.026984126984126985 0.027180067950169876
0 0.5031746031746032 0.5764439411098528 0.06031746031746032 0.19252548131370328
1 0.4626984126984127 0.5045300113250283 0.03333333333333333 0.030577576443941108
0 0.46746031746031746 0.5838052095130238 0.05873015873015873 0.19365798414496035
1 0.44761904761904764 0.529445073612684 0.03492063492063492 0.030577576443941108
0 0.44285714285714284 0.609286523216308 0.0761904761904762 0.19932049830124576
1 0.423015873015873 0.4988674971687429 0.03333333333333333 0.02378255945639864
0 0.42142857142857143 0.572480181200453 0.049206349206349205 0.18459796149490373
1 0.39285714285714285 0.5079275198187996 0.03015873015873016 0.028312570781426953
0 0.3888888888888889 0.5968289920724802 0.05714285714285714 0.21064552661381652
1 0.34365079365079365 0.5254813137032842 0.03650793650793651 0.031710079275198186
0 0.3341269841269841 0.6019252548131371 0.0873015873015873 0.18912797281993204
1 0.3119047619047619 0.5164212910532276 0.03650793650793651 0.02944507361268403
0 0.3111111111111111 0.5922989807474519 0.06031746031746032 0.18799546998867497
1 0.29365079365079366 0.5 0.03492063492063492 0.028312570781426953
0 0.2873015873015873 0.5685164212910532 0.06031746031746032 0.16761041902604756
1 0.26666666666666666 0.49773499433748586 0.02857142857142857 0.026047565118912798
0 0.26666666666666666 0.5690826727066818 0.050793650793650794 0.17327293318233294
1 0.2642857142857143 0.535673839184598 0.026984126984126985 0.027180067950169876
0 0.26825396825396824 0.5939977349943375 0.07301587301587302 0.159682899207248
1 0.23809523809523808 0.5181200453001132 0.03492063492063492 0.030577576443941108
0 0.2357142857142857 0.5855039637599094 0.05555555555555555 0.16987542468856173
1 0.23015873015873015 0.5503963759909399 0.0380952380952381 0.0362400906002265
0 0.2150793650793651 0.6653454133635334 0.1 0.2729331823329558
1 0.18253968253968253 0.5379388448471121 0.0380952380952381 0.03397508493771234
0 0.1523809523809524 0.6409966024915063 0.10793650793650794 0.24688561721404303
1 0.20238095238095238 0.49546998867497166 0.03333333333333333 0.028312570781426953
0 0.19206349206349208 0.5973952434881087 0.09206349206349207 0.24122310305775765