1 0.7296875 0.265695067264574 0.05 0.07847533632286996
0 0.7046875 0.5459641255605381 0.18125 0.8228699551569507
1 0.67421875 0.2937219730941704 0.0453125 0.07174887892376682
0 0.66015625 0.515695067264574 0.1234375 0.5336322869955157
1 0.578125 0.2914798206278027 0.046875 0.06726457399103139
0 0.56875 0.5369955156950673 0.16875 0.7152466367713004
1 0.6078125 0.29932735426008966 0.040625 0.07399103139013453
0 0.58984375 0.5056053811659192 0.1171875 0.49551569506726456
1 0.52109375 0.3665919282511211 0.0234375 0.042600896860986545
0 0.51328125 0.47757847533632286 0.0734375 0.2825112107623318
1 0.46484375 0.31390134529147984 0.0453125 0.08071748878923767
0 0.45078125 0.5134529147982063 0.0953125 0.49327354260089684
1 0.39765625 0.312780269058296 0.0453125 0.08744394618834081
0 0.4046875 0.5145739910313901 0.15 0.5
1 0.340625 0.5224215246636771 0.0625 0.1031390134529148
0 0.36484375 0.6883408071748879 0.1859375 0.452914798206278
1 0.3453125 0.2802690582959641 0.046875 0.08071748878923767
0 0.32890625 0.48318385650224216 0.1203125 0.5
1 0.2109375 0.4943946188340807 0.04375 0.07847533632286996
0 0.2265625 0.6109865470852018 0.1625 0.31614349775784756
1 0.321875 0.2914798206278027 0.03125 0.05829596412556054
0 0.2984375 0.4405829596412556 0.09375 0.4551569506726457
1 0.21875 0.3531390134529148 0.0375 0.06053811659192825
0 0.18671875 0.48094170403587444 0.1296875 0.3295964125560538
1 0.19921875 0.32623318385650224 0.0328125 0.04708520179372197
0 0.17734375 0.45403587443946186 0.1015625 0.3116591928251121
1 0.24921875 0.3419282511210762 0.0203125 0.02466367713004484
0 0.2484375 0.42152466367713004 0.04375 0.19282511210762332
1 0.09140625 0.40022421524663676 0.0390625 0.05605381165919283
0 0.06875 0.547085201793722 0.1375 0.35874439461883406
1 0.01875 0.4069506726457399 0.03125 0.0515695067264574
0 0.0328125 0.4854260089686099 0.065625 0.2219730941704036