1 0.008680555555555556 0.5589856670341786 0.007638888888888889 0.011025358324145534
0 0.011458333333333333 0.5948180815876516 0.022916666666666665 0.08710033076074973
1 0.08194444444444444 0.4310915104740904 0.043055555555555555 0.06174200661521499
0 0.07256944444444445 0.6185226019845645 0.10486111111111111 0.4388092613009923
1 0.22569444444444445 0.412348401323043 0.034722222222222224 0.050716648291069456
0 0.20347222222222222 0.5854465270121278 0.10694444444444444 0.40352811466372657
1 0.27118055555555554 0.3875413450937156 0.03958333333333333 0.06284454244762955
0 0.24618055555555557 0.6008820286659317 0.20902777777777778 0.49393605292171994
1 0.36909722222222224 0.3395810363836825 0.04097222222222222 0.07497243660418963
0 0.3371527777777778 0.603638368246968 0.21041666666666667 0.6119073869900772
1 0.48541666666666666 0.4178610804851158 0.03333333333333333 0.07056229327453142
0 0.4739583333333333 0.6108048511576626 0.11319444444444444 0.46306504961411243
1 0.6618055555555555 0.3710033076074972 0.034722222222222224 0.06945975744211687
0 0.684375 0.6030871003307607 0.15763888888888888 0.5424476295479603
1 0.7774305555555555 0.2160970231532525 0.06458333333333334 0.09481808158765159
0 0.7854166666666667 0.5407938257993384 0.2263888888888889 0.7816979051819184