1 0.70703125 0.24496644295302014 0.0328125 0.04697986577181208
0 0.71328125 0.33221476510067116 0.0765625 0.23042505592841164
1 0.64140625 0.2941834451901566 0.0265625 0.04697986577181208
0 0.64609375 0.36577181208053694 0.0921875 0.19910514541387025
1 0.59609375 0.29977628635346754 0.0203125 0.03131991051454139
0 0.6109375 0.3680089485458613 0.08125 0.18120805369127516
1 0.553125 0.3366890380313199 0.021875 0.042505592841163314
0 0.55859375 0.3870246085011186 0.0640625 0.15659955257270694
1 0.50546875 0.37024608501118567 0.0296875 0.04697986577181208
0 0.50703125 0.40492170022371365 0.0546875 0.12080536912751678
1 0.47421875 0.39038031319910516 0.0234375 0.03803131991051454
0 0.47578125 0.41946308724832215 0.0453125 0.10514541387024609
1 0.43671875 0.4015659955257271 0.0203125 0.03355704697986577
0 0.4421875 0.4306487695749441 0.046875 0.10961968680089486
1 0.4015625 0.41498881431767337 0.01875 0.03355704697986577
0 0.4046875 0.44742729306487694 0.05 0.10738255033557047
1 0.3765625 0.4250559284116331 0.01875 0.035794183445190156
0 0.3796875 0.4541387024608501 0.04375 0.09395973154362416
1 0.35703125 0.42841163310961966 0.0234375 0.03803131991051454
0 0.35390625 0.4541387024608501 0.0515625 0.09843400447427293
1 0.3234375 0.44854586129753915 0.0125 0.020134228187919462
0 0.32265625 0.46868008948545864 0.0328125 0.07829977628635347
1 0.303125 0.46420581655480986 0.01875 0.029082774049217
0 0.30546875 0.48322147651006714 0.0453125 0.07606263982102908
1 0.28359375 0.49217002237136465 0.0421875 0.07606263982102908
0 0.28359375 0.49217002237136465 0.0421875 0.07606263982102908
1 0.0171875 0.7606263982102909 0.009375 0.013422818791946308
0 0.0203125 0.79082774049217 0.03125 0.08277404921700224
1 0.8984375 0.6476510067114094 0.028125 0.04697986577181208
0 0.91015625 0.7170022371364653 0.1171875 0.2080536912751678
1 0.60625 0.6700223713646533 0.021875 0.03355704697986577
0 0.6203125 0.7158836689038032 0.059375 0.14317673378076062