1 0.051846032992930086 0.3405373831775701 0.05027494108405342 0.08060747663551401
0 0.05263157894736842 0.5905373831775701 0.10369206598586017 0.5876168224299065
1 0.11626080125687353 0.3639018691588785 0.04713275726630008 0.07593457943925233
0 0.0997643362136685 0.584696261682243 0.09897879025923016 0.5268691588785047
1 0.15239591516103693 0.3557242990654206 0.032992930086410056 0.06425233644859812
0 0.1406127258444619 0.5572429906542056 0.06598586017282011 0.48364485981308414
1 0.20227808326787117 0.3639018691588785 0.03220738413197172 0.06658878504672897
0 0.19324430479183033 0.5852803738317757 0.09583660644147683 0.514018691588785
1 0.17517674783974863 0.3294392523364486 0.032992930086410056 0.06775700934579439
0 0.1661429693637078 0.5245327102803738 0.07148468185388845 0.4649532710280374
1 0.2246661429693637 0.34345794392523366 0.032992930086410056 0.0630841121495327
0 0.21681068342498036 0.5432242990654206 0.06598586017282011 0.4696261682242991
1 0.26983503534956793 0.33352803738317754 0.03534956794972506 0.06658878504672897
0 0.2631578947368421 0.5420560747663551 0.09426551453260015 0.4953271028037383
1 0.23644933228593873 0.3066588785046729 0.03456402199528672 0.05957943925233645
0 0.23841319717203457 0.5110981308411215 0.08091123330714847 0.47313084112149534
1 0.3479968578161822 0.3533878504672897 0.03456402199528672 0.06658878504672897
0 0.3472113118617439 0.5502336448598131 0.10054988216810684 0.45794392523364486
1 0.32560879811468973 0.3130841121495327 0.03534956794972506 0.05841121495327103
0 0.3267871170463472 0.5134345794392523 0.09426551453260015 0.4661214953271028
1 0.4277297721916732 0.33119158878504673 0.024351924587588374 0.05957943925233645
0 0.422623723487824 0.5216121495327103 0.08641005498821681 0.463785046728972
1 0.5043205027494109 0.34404205607476634 0.032992930086410056 0.06425233644859812
0 0.5058915946582875 0.5280373831775701 0.08798114689709348 0.4392523364485981
1 0.4721131186174391 0.3300233644859813 0.02670856245090338 0.04789719626168224
0 0.46975648075412413 0.49240654205607476 0.061272584446190104 0.38434579439252337
1 0.5856245090337785 0.34988317757009346 0.029065200314218383 0.054906542056074766
0 0.5836606441476826 0.5379672897196262 0.08483896307934014 0.433411214953271
1 0.5447761194029851 0.33761682242990654 0.029065200314218383 0.053738317757009345
0 0.5487038491751768 0.4935747663551402 0.07148468185388845 0.375
1 0.6186174391201885 0.36039719626168226 0.025923016496465043 0.0455607476635514
0 0.5970149253731343 0.5070093457943925 0.1021209740769835 0.35514018691588783
1 0.6614296936370778 0.3662383177570093 0.03456402199528672 0.06425233644859812
0 0.6590730557737627 0.5356308411214953 0.10054988216810684 0.433411214953271
1 0.730164964650432 0.33703271028037385 0.030636292223095052 0.06658878504672897
0 0.7289866457187746 0.5245327102803738 0.0816967792615868 0.4462616822429907
1 0.7937941869599372 0.3142523364485981 0.03534956794972506 0.06074766355140187
0 0.7937941869599372 0.5204439252336449 0.09505106048703849 0.4824766355140187
1 0.8421052631578947 0.2844626168224299 0.03456402199528672 0.06191588785046729
0 0.8476040848389631 0.49707943925233644 0.09897879025923016 0.5035046728971962
1 0.8715632364493323 0.33761682242990654 0.03220738413197172 0.06775700934579439
0 0.8774548311076198 0.5356308411214953 0.10840534171249018 0.477803738317757
1 0.934406912804399 0.3101635514018692 0.04477611940298507 0.07593457943925233
0 0.9489395129615082 0.540303738317757 0.1021209740769835 0.5408878504672897