1 0.015384615384615385 0.4907692307692308 0.010769230769230769 0.011282051282051283
0 0.01653846153846154 0.5302564102564102 0.03 0.09230769230769231
1 0.03230769230769231 0.49846153846153846 0.010769230769230769 0.01641025641025641
0 0.03653846153846154 0.5297435897435897 0.023846153846153847 0.08307692307692308
1 0.04730769230769231 0.4917948717948718 0.011538461538461539 0.013333333333333334
0 0.04807692307692308 0.5317948717948718 0.03461538461538462 0.09333333333333334
1 0.09423076923076923 0.5051282051282051 0.014615384615384615 0.019487179487179488
0 0.10076923076923076 0.5784615384615385 0.05846153846153846 0.17025641025641025
1 0.15 0.4979487179487179 0.02 0.02564102564102564
0 0.145 0.5748717948717949 0.04846153846153846 0.1835897435897436
1 0.19038461538461537 0.5035897435897436 0.03 0.041025641025641026
0 0.19423076923076923 0.6276923076923077 0.09769230769230769 0.29743589743589743
1 0.22076923076923077 0.4748717948717949 0.015384615384615385 0.022564102564102566
0 0.2230769230769231 0.5512820512820513 0.047692307692307694 0.18153846153846154
1 0.31423076923076926 0.5 0.013076923076923076 0.021538461538461538
0 0.3161538461538462 0.5538461538461539 0.046153846153846156 0.13333333333333333
1 0.31423076923076926 0.5466666666666666 0.011538461538461539 0.01641025641025641
0 0.31346153846153846 0.5861538461538461 0.031538461538461536 0.09948717948717949
1 0.3323076923076923 0.558974358974359 0.012307692307692308 0.014358974358974359
0 0.3342307692307692 0.5917948717948718 0.03769230769230769 0.0882051282051282
1 0.3269230769230769 0.48923076923076925 0.010769230769230769 0.020512820512820513
0 0.3280769230769231 0.5338461538461539 0.03 0.11384615384615385
1 0.3515384615384615 0.49333333333333335 0.012307692307692308 0.020512820512820513
0 0.3557692307692308 0.5461538461538461 0.025384615384615384 0.13435897435897437
1 0.4803846153846154 0.48256410256410254 0.006923076923076923 0.011282051282051283
0 0.48 0.5046153846153846 0.016923076923076923 0.059487179487179485
1 0.49038461538461536 0.47846153846153844 0.0038461538461538464 0.005128205128205128
0 0.4896153846153846 0.49538461538461537 0.011538461538461539 0.043076923076923075
1 0.535 0.4979487179487179 0.005384615384615384 0.009230769230769232
0 0.5365384615384615 0.5087179487179487 0.019230769230769232 0.03487179487179487
1 0.51 0.5030769230769231 0.006153846153846154 0.021538461538461538
0 0.51 0.5030769230769231 0.006153846153846154 0.021538461538461538
1 0.5269230769230769 0.47384615384615386 0.004615384615384616 0.006153846153846154
0 0.5280769230769231 0.4897435897435897 0.011538461538461539 0.035897435897435895
1 0.5526923076923077 0.4758974358974359 0.006923076923076923 0.008205128205128205
0 0.5496153846153846 0.502051282051282 0.016153846153846154 0.06256410256410257
1 0.565 0.4728205128205128 0.006923076923076923 0.010256410256410256
0 0.5676923076923077 0.5015384615384615 0.018461538461538463 0.06769230769230769
1 0.585 0.4774358974358974 0.006923076923076923 0.009230769230769232
0 0.5857692307692308 0.5056410256410256 0.016153846153846154 0.06974358974358974
1 0.6011538461538461 0.48615384615384616 0.006923076923076923 0.010256410256410256
0 0.6023076923076923 0.5102564102564102 0.016923076923076923 0.06256410256410257
1 0.6173076923076923 0.48 0.008461538461538461 0.010256410256410256
0 0.6169230769230769 0.5071794871794871 0.015384615384615385 0.06666666666666667
1 0.6292307692307693 0.4712820512820513 0.006153846153846154 0.009230769230769232
0 0.6307692307692307 0.49743589743589745 0.018461538461538463 0.06769230769230769
1 0.5773076923076923 0.502051282051282 0.011538461538461539 0.017435897435897435
0 0.5742307692307692 0.5446153846153846 0.01769230769230769 0.10871794871794872
1 0.6515384615384615 0.48205128205128206 0.003076923076923077 0.0041025641025641026
0 0.6507692307692308 0.4958974358974359 0.010769230769230769 0.04205128205128205
1 0.6623076923076923 0.49128205128205127 0.004615384615384616 0.006153846153846154
0 0.6638461538461539 0.498974358974359 0.013846153846153847 0.02564102564102564
1 0.745 0.5030769230769231 0.006923076923076923 0.009230769230769232
0 0.7380769230769231 0.517948717948718 0.03 0.041025641025641026
1 0.7119230769230769 0.47333333333333333 0.016153846153846154 0.021538461538461538
0 0.713076923076923 0.5482051282051282 0.055384615384615386 0.1753846153846154
1 0.7688461538461538 0.49641025641025643 0.013076923076923076 0.020512820512820513
0 0.7746153846153846 0.5476923076923077 0.038461538461538464 0.13128205128205128
1 0.7792307692307693 0.536923076923077 0.012307692307692308 0.017435897435897435
0 0.7811538461538462 0.5743589743589743 0.03461538461538462 0.09641025641025641
1 0.9011538461538462 0.46 0.008461538461538461 0.013333333333333334
0 0.9026923076923077 0.4969230769230769 0.03 0.08923076923076922
1 0.8576923076923076 0.47435897435897434 0.026153846153846153 0.033846153846153845
0 0.8688461538461538 0.5897435897435898 0.07 0.27487179487179486
1 0.9384615384615385 0.4594871794871795 0.007692307692307693 0.012307692307692308
0 0.9415384615384615 0.4882051282051282 0.018461538461538463 0.07179487179487179
1 0.45615384615384613 0.49435897435897436 0.006153846153846154 0.03282051282051282
0 0.45615384615384613 0.49435897435897436 0.006153846153846154 0.03282051282051282
1 0.46192307692307694 0.48205128205128206 0.0038461538461538464 0.006153846153846154
0 0.4623076923076923 0.49435897435897436 0.009230769230769232 0.03282051282051282
1 0.46807692307692306 0.48 0.0038461538461538464 0.0041025641025641026
0 0.4684615384615385 0.4928205128205128 0.009230769230769232 0.033846153846153845
1 0.5007692307692307 0.4758974358974359 0.004615384615384616 0.006153846153846154
0 0.5 0.49538461538461537 0.012307692307692308 0.04717948717948718
1 0.36230769230769233 0.48307692307692307 0.012307692307692308 0.020512820512820513
0 0.36153846153846153 0.5364102564102564 0.021538461538461538 0.13128205128205128
1 0.375 0.4846153846153846 0.014615384615384615 0.021538461538461538
0 0.3730769230769231 0.5533333333333333 0.055384615384615386 0.16307692307692306
1 0.6730769230769231 0.47025641025641024 0.003076923076923077 0.005128205128205128
0 0.675 0.48512820512820515 0.011538461538461539 0.038974358974358976
1 0.6765384615384615 0.47846153846153844 0.0038461538461538464 0.005128205128205128
0 0.6753846153846154 0.4897435897435897 0.009230769230769232 0.035897435897435895