1 0.278125 0.3260416666666667 0.05625 0.09375
0 0.26796875 0.55625 0.1578125 0.5666666666666667
1 0.321875 0.2 0.046875 0.06666666666666667
0 0.32109375 0.43854166666666666 0.1328125 0.5604166666666667
1 0.51171875 0.28854166666666664 0.0421875 0.05625
0 0.48359375 0.46770833333333334 0.1328125 0.43125
1 0.6234375 0.290625 0.034375 0.04791666666666667
0 0.6375 0.4197916666666667 0.08125 0.3145833333333333
1 0.79921875 0.3302083333333333 0.0515625 0.06875
0 0.79296875 0.478125 0.0828125 0.3729166666666667
1 0.9046875 0.2864583333333333 0.04375 0.052083333333333336
0 0.8859375 0.40729166666666666 0.103125 0.30625