1 0.15333333333333332 0.174375 0.04833333333333333 0.08125
0 0.14625 0.45 0.1325 0.6375
1 0.19583333333333333 0.143125 0.058333333333333334 0.10125
0 0.19125 0.4775 0.1425 0.78
1 0.27375 0.188125 0.04416666666666667 0.07875
0 0.27 0.459375 0.11833333333333333 0.63375
1 0.32958333333333334 0.17625 0.060833333333333336 0.1025
0 0.3204166666666667 0.525625 0.15083333333333335 0.81125
1 0.4625 0.194375 0.045 0.08875
0 0.46541666666666665 0.455625 0.1225 0.63625
1 0.5325 0.1775 0.065 0.115
0 0.52625 0.535 0.1925 0.8375
1 0.69375 0.181875 0.0625 0.11375
0 0.68625 0.52375 0.15083333333333335 0.8125
1 0.7675 0.2075 0.07166666666666667 0.1
0 0.7645833333333333 0.504375 0.1175 0.71125
1 0.8920833333333333 0.136875 0.06416666666666666 0.10125
0 0.87625 0.455 0.11916666666666667 0.755