1 0.81125 0.391875 0.014166666666666666 0.02375
0 0.8054166666666667 0.425625 0.034166666666666665 0.09875
1 0.825 0.368125 0.006666666666666667 0.01125
0 0.82375 0.395625 0.020833333333333332 0.07125
1 0.8379166666666666 0.369375 0.0075 0.01125
0 0.8345833333333333 0.4 0.015833333333333335 0.075
1 0.8416666666666667 0.374375 0.008333333333333333 0.01125
0 0.8425 0.401875 0.02 0.07875
1 0.8654166666666666 0.3575 0.009166666666666667 0.015
0 0.86125 0.394375 0.025833333333333333 0.09625
1 0.8795833333333334 0.358125 0.0075 0.01375
0 0.8770833333333333 0.39375 0.019166666666666665 0.0925
1 0.5008333333333334 0.433125 0.02666666666666667 0.05125
0 0.50125 0.513125 0.060833333333333336 0.22875
1 0.25625 0.35375 0.0525 0.1075
0 0.2579166666666667 0.608125 0.1125 0.62625
1 0.022083333333333333 0.380625 0.04416666666666667 0.09875
0 0.050416666666666665 0.665625 0.10083333333333333 0.66875
1 0.375 0.50625 0.035 0.0625
0 0.37833333333333335 0.68 0.08 0.43
1 0.425 0.485625 0.03333333333333333 0.06125
0 0.42625 0.624375 0.0925 0.35625
1 0.5641666666666667 0.368125 0.05 0.10125
0 0.5583333333333333 0.6075 0.20333333333333334 0.5925
1 0.34291666666666665 0.531875 0.06416666666666666 0.10375
0 0.35041666666666665 0.734375 0.16416666666666666 0.53125
1 0.53625 0.4925 0.06416666666666666 0.11
0 0.5295833333333333 0.708125 0.1675 0.58375
1 0.565 0.5575 0.07333333333333333 0.15
0 0.5425 0.738125 0.145 0.52375
1 0.5983333333333334 0.589375 0.13 0.19125
0 0.6183333333333333 0.743125 0.205 0.51375
1 0.7245833333333334 0.663125 0.1775 0.26375
0 0.7404166666666666 0.76375 0.25416666666666665 0.4725
1 0.4216666666666667 0.8075 0.15666666666666668 0.2325
0 0.43583333333333335 0.8425 0.34833333333333333 0.315
1 0.9420833333333334 0.31 0.11583333333333333 0.2775
0 0.7929166666666667 0.565 0.4141666666666667 0.87
1 0.1875 0.25375 0.145 0.23
0 0.27208333333333334 0.560625 0.5441666666666667 0.87875
1 0.76 0.381875 0.055 0.09875
0 0.74125 0.61625 0.1575 0.5725
1 0.7183333333333334 0.358125 0.03666666666666667 0.07875
0 0.71375 0.549375 0.0875 0.47125
1 0.81 0.605625 0.09 0.15625
0 0.8166666666666667 0.75125 0.18833333333333332 0.4975