1 0.1142578125 0.22803030303030303 0.0546875 0.09242424242424242
0 0.11279296875 0.5098484848484849 0.1552734375 0.6681818181818182
1 0.23681640625 0.27424242424242423 0.0439453125 0.09696969696969697
0 0.236328125 0.5295454545454545 0.16015625 0.6318181818181818
1 0.35009765625 0.20454545454545456 0.0498046875 0.09090909090909091
0 0.34326171875 0.49166666666666664 0.1474609375 0.6803030303030303
1 0.6826171875 0.2689393939393939 0.041015625 0.0803030303030303
0 0.68115234375 0.5257575757575758 0.1181640625 0.6242424242424243
1 0.72119140625 0.1712121212121212 0.0458984375 0.09393939393939393
0 0.7314453125 0.47424242424242424 0.111328125 0.7151515151515152
1 0.83349609375 0.19242424242424241 0.0576171875 0.11515151515151516
0 0.86328125 0.49393939393939396 0.14453125 0.7242424242424242
1 0.896484375 0.2628787878787879 0.05078125 0.09848484848484848
0 0.89794921875 0.55 0.1396484375 0.6909090909090909