1 0.18555555555555556 0.18660714285714286 0.20444444444444446 0.3732142857142857
0 0.23555555555555555 0.5 0.4711111111111111 1
1 0.2922222222222222 0.24285714285714285 0.14444444444444443 0.33214285714285713
0 0.30722222222222223 0.5321428571428571 0.38555555555555554 0.9357142857142857
1 0.44555555555555554 0.25535714285714284 0.14444444444444443 0.33214285714285713
0 0.4622222222222222 0.5178571428571429 0.3377777777777778 0.9642857142857143
1 0.5838888888888889 0.175 0.1988888888888889 0.35
0 0.6711111111111111 0.5 0.3977777777777778 1
1 0.6516666666666666 0.3026785714285714 0.14555555555555555 0.3982142857142857
0 0.68 0.5473214285714286 0.4866666666666667 0.9053571428571429
1 0.6505555555555556 0.3169642857142857 0.15444444444444444 0.36964285714285716
0 0.7933333333333333 0.5 0.41333333333333333 1