1 0.22216796875 0.349194729136164 0.0986328125 0.17130307467057102
0 0.337890625 0.5 0.375 1
1 0.30810546875 0.3609077598828697 0.0869140625 0.1273792093704246
0 0.33642578125 0.6259150805270863 0.2099609375 0.7481698389458272
1 0.46435546875 0.33382137628111275 0.0966796875 0.15519765739385066
0 0.47119140625 0.6171303074670571 0.2001953125 0.7657393850658858
1 0.6513671875 0.39751098096632503 0.08203125 0.13030746705710103
0 0.62109375 0.6515373352855052 0.24609375 0.6969253294289898
1 0.74267578125 0.43704245973645683 0.0732421875 0.1273792093704246
0 0.7138671875 0.6830161054172768 0.1953125 0.6339677891654466
1 0.85107421875 0.38653001464128844 0.0908203125 0.17569546120058566
0 0.8486328125 0.6478770131771596 0.228515625 0.7042459736456809