1 0.09722222222222222 0.7592592592592593 0.03148148148148148 0.03888888888888889
0 0.09074074074074075 0.8685185185185185 0.10555555555555556 0.26296296296296295
1 0.38981481481481484 0.7805555555555556 0.024074074074074074 0.025925925925925925
0 0.3851851851851852 0.8481481481481481 0.06851851851851852 0.1648148148148148
1 0.4027777777777778 0.7625 0.014814814814814815 0.021296296296296296
0 0.4013888888888889 0.8148148148148148 0.041666666666666664 0.13148148148148148
1 0.4837962962962963 0.7564814814814815 0.012037037037037037 0.012962962962962963
0 0.4837962962962963 0.7916666666666666 0.030555555555555555 0.08888888888888889
1 0.5060185185185185 0.762962962962963 0.019444444444444445 0.020370370370370372
0 0.5046296296296297 0.8356481481481481 0.06851851851851852 0.1712962962962963
1 0.5097222222222222 0.749537037037037 0.012037037037037037 0.013888888888888888
0 0.5148148148148148 0.7851851851851852 0.03888888888888889 0.09074074074074075
1 0.5430555555555555 0.75 0.008333333333333333 0.009259259259259259
0 0.5435185185185185 0.7777777777777778 0.025925925925925925 0.07037037037037037
1 0.5726851851851852 0.7481481481481481 0.010185185185185186 0.009259259259259259
0 0.5731481481481482 0.7768518518518519 0.025925925925925925 0.07037037037037037
1 0.5976851851851852 0.7444444444444445 0.004629629629629629 0.005555555555555556
0 0.5958333333333333 0.7583333333333333 0.013888888888888888 0.03888888888888889
1 0.600925925925926 0.7726851851851851 0.014814814814814815 0.021296296296296296
0 0.6064814814814815 0.8296296296296296 0.05 0.1388888888888889
1 0.6189814814814815 0.7574074074074074 0.013888888888888888 0.020370370370370372
0 0.625 0.8069444444444445 0.040740740740740744 0.125
1 0.6356481481481482 0.7458333333333333 0.008333333333333333 0.008333333333333333
0 0.6356481481481482 0.7666666666666667 0.019444444444444445 0.053703703703703705
1 0.6671296296296296 0.7810185185185186 0.03425925925925926 0.04537037037037037
0 0.687037037037037 0.8777777777777778 0.10925925925925926 0.24444444444444444
1 0.7402777777777778 0.7754629629629629 0.026851851851851852 0.032407407407407406
0 0.7439814814814815 0.8782407407407408 0.08981481481481482 0.24351851851851852