1 0.142 0.3568215892053973 0.044 0.06596701649175413
0 0.1455 0.5689655172413793 0.127 0.5412293853073463
1 0.2575 0.34632683658170915 0.029 0.05697151424287856
0 0.2505 0.5089955022488756 0.073 0.39430284857571213
1 0.291 0.3605697151424288 0.042 0.07646176911544228
0 0.278 0.6139430284857571 0.118 0.5982008995502249
1 0.327 0.3140929535232384 0.052 0.0944527736131934
0 0.313 0.6214392803598201 0.16 0.7391304347826086
1 0.3795 0.36431784107946025 0.029 0.047976011994003
0 0.3765 0.5187406296851574 0.081 0.3868065967016492
1 0.4545 0.4017991004497751 0.039 0.07496251874062969
0 0.4425 0.6326836581709145 0.147 0.5817091454272864
1 0.524 0.3823088455772114 0.036 0.07196401799100449
0 0.5175 0.5779610194902549 0.103 0.4752623688155922
1 0.455 0.3770614692653673 0.032 0.043478260869565216
0 0.455 0.5344827586206896 0.088 0.3553223388305847
1 0.614 0.3808095952023988 0.046 0.095952023988006
0 0.6105 0.618440779610195 0.157 0.5922038980509745