1 0.1395228215767635 0.622257053291536 0.03630705394190872 0.06896551724137931
0 0.11358921161825726 0.7766457680250783 0.12344398340248963 0.3996865203761755
1 0.22510373443983403 0.695141065830721 0.03734439834024896 0.08307210031347963
0 0.21524896265560167 0.8221003134796239 0.1421161825726141 0.3557993730407524
1 0.2821576763485477 0.7429467084639498 0.03941908713692946 0.07210031347962383
0 0.3288381742738589 0.8495297805642633 0.27385892116182575 0.30094043887147337
1 0.3086099585062241 0.6614420062695925 0.03630705394190872 0.05642633228840126
0 0.3049792531120332 0.7719435736677116 0.11825726141078838 0.28996865203761757
1 0.41234439834024894 0.572884012539185 0.04045643153526971 0.0768025078369906
0 0.38381742738589214 0.7476489028213166 0.14937759336099585 0.445141065830721
1 0.4507261410788382 0.6293103448275862 0.038381742738589214 0.061128526645768025
0 0.4538381742738589 0.786833855799373 0.12344398340248963 0.3949843260188088
1 0.5612033195020747 0.6206896551724138 0.03734439834024896 0.05956112852664577
0 0.5575726141078838 0.7899686520376176 0.1421161825726141 0.3793103448275862
1 0.5632780082987552 0.6175548589341693 0.03112033195020747 0.06269592476489028
0 0.5560165975103735 0.7884012539184952 0.1016597510373444 0.4169278996865204
1 0.649896265560166 0.6026645768025078 0.03423236514522822 0.05172413793103448
0 0.6504149377593361 0.7468652037617555 0.08713692946058091 0.3777429467084639
1 0.6950207468879668 0.48746081504702193 0.03941908713692946 0.06583072100313479
0 0.7012448132780082 0.6865203761755486 0.11825726141078838 0.47648902821316613
1 0.7785269709543569 0.7562695924764891 0.03423236514522822 0.07053291536050156
0 0.7754149377593361 0.8526645768025078 0.11099585062240663 0.29153605015673983
1 0.8179460580912863 0.7641065830721003 0.052904564315352696 0.06426332288401254
0 0.8464730290456431 0.8620689655172413 0.2012448132780083 0.27586206896551724