1 0.7962510187449062 0.590689238210399 0.05867970660146699 0.09794437726723096
0 0.8048084759576202 0.7666263603385731 0.14751426242868787 0.4667472793228537
1 0.8528932355338223 0.5090689238210399 0.05623471882640587 0.09915356711003627
0 0.8720456397718012 0.7261185006045949 0.17603911980440098 0.5477629987908101
1 0.721678891605542 0.585247883917775 0.04808475957620212 0.09673518742442563
0 0.728198859005705 0.7629987908101572 0.1393643031784841 0.4740024183796856
1 0.5211898940505297 0.6305925030229746 0.04808475957620212 0.08585247883917775
0 0.5350448247758761 0.7871825876662636 0.13773431132844335 0.42563482466747277
1 0.5982070089649552 0.5761789600967352 0.04726976365118175 0.09068923821039904
0 0.5969845150774246 0.7623941958887546 0.1491442542787286 0.4752116082224909
1 0.4661776691116544 0.533857315598549 0.05541972290138549 0.1003627569528416
0 0.4710676446617767 0.7412333736396615 0.12876935615321924 0.5175332527206772
1 0.3561532192339038 0.5798065296251511 0.044009779951100246 0.08827085852478839
0 0.3553382233088835 0.7611850060459492 0.12224938875305623 0.47762998790810157
1 0.25509372453137735 0.6324062877871826 0.05378973105134474 0.094316807738815
0 0.2665036674816626 0.7877871825876662 0.16299918500407498 0.4244256348246675
1 0.3056234718826406 0.5580411124546554 0.042379788101059496 0.08827085852478839
0 0.29991850040749796 0.7563482466747279 0.12876935615321924 0.4873035066505441
1 0.13895680521597392 0.6094316807738815 0.05134474327628362 0.10157194679564692
0 0.14506927465362673 0.7726723095525998 0.1466992665036675 0.4546553808948005
1 0.0908720456397718 0.6027811366384522 0.04971475142624287 0.09794437726723096
0 0.07416462917685411 0.7744860943168077 0.1271393643031785 0.45102781136638453
1 0.189079054604727 0.6021765417170496 0.04726976365118175 0.08948004836759371
0 0.18541157294213528 0.7744860943168077 0.1263243683781581 0.45102781136638453