1 0.9703125 0.044444444444444446 0.01875 0.044444444444444446
0 0.9703125 0.16527777777777777 0.059375 0.29444444444444445
1 0.74296875 0.12777777777777777 0.0171875 0.03333333333333333
0 0.7421875 0.23055555555555557 0.059375 0.25277777777777777
1 0.344140625 0.2659722222222222 0.01171875 0.03194444444444444
0 0.355078125 0.32430555555555557 0.05234375 0.1625
1 0.31171875 0.25277777777777777 0.0140625 0.030555555555555555
0 0.309375 0.32083333333333336 0.0453125 0.18333333333333332
1 0.26875 0.28680555555555554 0.0125 0.02638888888888889
0 0.27578125 0.34305555555555556 0.040625 0.1527777777777778
1 0.245703125 0.2791666666666667 0.01171875 0.022222222222222223
0 0.2421875 0.3416666666666667 0.034375 0.1527777777777778
1 0.206640625 0.2777777777777778 0.01328125 0.022222222222222223
0 0.198828125 0.34097222222222223 0.05078125 0.16527777777777777
1 0.099609375 0.32013888888888886 0.01015625 0.020833333333333332
0 0.0984375 0.37430555555555556 0.03125 0.14027777777777778
1 0.053125 0.32013888888888886 0.009375 0.020833333333333332
0 0.050390625 0.37916666666666665 0.02734375 0.14444444444444443
1 0.8828125 0.5416666666666666 0.0203125 0.041666666666666664
0 0.8859375 0.6680555555555555 0.053125 0.29444444444444445
1 0.705078125 0.6645833333333333 0.04765625 0.09305555555555556
0 0.702734375 0.8069444444444445 0.14296875 0.3861111111111111
1 0.48515625 0.7326388888888888 0.0734375 0.14583333333333334
0 0.494921875 0.8256944444444444 0.14921875 0.3486111111111111
1 0.41328125 0.7201388888888889 0.0765625 0.11527777777777778
0 0.401171875 0.8298611111111112 0.11171875 0.3402777777777778
1 0.2609375 0.6708333333333333 0.0296875 0.04722222222222222
0 0.267578125 0.8222222222222222 0.08203125 0.35555555555555557
1 0.425390625 0.5777777777777777 0.04765625 0.07777777777777778
0 0.4390625 0.6930555555555555 0.08125 0.6138888888888889
1 0.533984375 0.5673611111111111 0.04140625 0.0625
0 0.52265625 0.7027777777777777 0.175 0.5944444444444444
1 0.5515625 0.6576388888888889 0.021875 0.04583333333333333
0 0.55390625 0.8111111111111111 0.0828125 0.37777777777777777
1 0.393359375 0.6527777777777778 0.01484375 0.030555555555555555
0 0.38984375 0.7076388888888889 0.0515625 0.14583333333333334
1 0.316015625 0.5520833333333334 0.01484375 0.03194444444444444
0 0.319921875 0.6583333333333333 0.05390625 0.2638888888888889
1 0.11484375 0.575 0.0140625 0.027777777777777776
0 0.1171875 0.6618055555555555 0.0484375 0.20416666666666666
1 0.033984375 0.5791666666666667 0.02109375 0.041666666666666664
0 0.03359375 0.7027777777777777 0.0671875 0.29444444444444445
1 0.073046875 0.6493055555555556 0.01171875 0.020833333333333332
0 0.079296875 0.6881944444444444 0.03203125 0.10138888888888889
1 0.11328125 0.5743055555555555 0.015625 0.029166666666666667
0 0.118359375 0.6666666666666666 0.07265625 0.1527777777777778
1 0.066015625 0.6375 0.01015625 0.019444444444444445
0 0.061328125 0.675 0.02421875 0.1
1 0.39453125 0.2798611111111111 0.0125 0.029166666666666667
0 0.394921875 0.32569444444444445 0.02734375 0.12916666666666668