1 0.25537109375 0.8268229166666666 0.0966796875 0.15885416666666666
0 0.224609375 0.8678385416666666 0.193359375 0.2643229166666667
1 0.20263671875 0.7955729166666666 0.0888671875 0.13541666666666666
0 0.18212890625 0.8619791666666666 0.2177734375 0.2760416666666667
1 0.083984375 0.7825520833333334 0.107421875 0.140625
0 0.09033203125 0.853515625 0.1806640625 0.29296875
1 0.12890625 0.6614583333333334 0.041015625 0.0625
0 0.13134765625 0.8046875 0.0908203125 0.390625
1 0.248046875 0.701171875 0.056640625 0.08463541666666667
0 0.244140625 0.8287760416666666 0.146484375 0.3424479166666667
1 0.2724609375 0.65625 0.025390625 0.033854166666666664
0 0.2822265625 0.73828125 0.0703125 0.20052083333333334
1 0.33154296875 0.6516927083333334 0.0185546875 0.024739583333333332
0 0.3388671875 0.73046875 0.056640625 0.1875
1 0.32177734375 0.630859375 0.0087890625 0.01171875
0 0.31884765625 0.6705729166666666 0.0283203125 0.09635416666666667
1 0.35400390625 0.6321614583333334 0.0107421875 0.014322916666666666
0 0.3505859375 0.6803385416666666 0.02734375 0.11588541666666667
1 0.36669921875 0.6341145833333334 0.0087890625 0.015625
0 0.36572265625 0.6712239583333334 0.0263671875 0.09765625
1 0.3916015625 0.6373697916666666 0.009765625 0.01171875
0 0.39208984375 0.6751302083333334 0.0302734375 0.09244791666666667
1 0.42333984375 0.6315104166666666 0.0107421875 0.015625
0 0.4189453125 0.6705729166666666 0.033203125 0.09895833333333333
1 0.3740234375 0.6653645833333334 0.021484375 0.033854166666666664
0 0.38232421875 0.76171875 0.0673828125 0.23177083333333334
1 0.42822265625 0.6614583333333334 0.0263671875 0.041666666666666664
0 0.431640625 0.744140625 0.07421875 0.21744791666666666
1 0.431640625 0.720703125 0.037109375 0.053385416666666664
0 0.43408203125 0.8411458333333334 0.0966796875 0.3177083333333333
1 0.46044921875 0.6959635416666666 0.0302734375 0.05078125
0 0.47216796875 0.830078125 0.0849609375 0.32421875
1 0.50244140625 0.7395833333333334 0.0439453125 0.0625
0 0.51171875 0.8502604166666666 0.125 0.2994791666666667
1 0.45166015625 0.63671875 0.0146484375 0.018229166666666668
0 0.451171875 0.6731770833333334 0.03125 0.09635416666666667
1 0.4765625 0.6484375 0.009765625 0.013020833333333334
0 0.47412109375 0.6803385416666666 0.0283203125 0.08723958333333333
1 0.49853515625 0.646484375 0.0107421875 0.016927083333333332
0 0.49609375 0.6842447916666666 0.029296875 0.09765625
1 0.51513671875 0.634765625 0.0107421875 0.016927083333333332
0 0.5126953125 0.673828125 0.02734375 0.09765625
1 0.52734375 0.6614583333333334 0.01171875 0.018229166666666668
0 0.525390625 0.7063802083333334 0.033203125 0.11328125
1 0.5537109375 0.6419270833333334 0.01171875 0.018229166666666668
0 0.548828125 0.6848958333333334 0.03125 0.109375
1 0.57275390625 0.6451822916666666 0.0126953125 0.016927083333333332
0 0.564453125 0.69921875 0.03515625 0.12760416666666666
1 0.58349609375 0.63671875 0.0126953125 0.018229166666666668
0 0.580078125 0.6953125 0.0390625 0.1484375
1 0.60888671875 0.6920572916666666 0.0283203125 0.04296875
0 0.630859375 0.810546875 0.08203125 0.2825520833333333
1 0.63037109375 0.6510416666666666 0.0166015625 0.0234375
0 0.630859375 0.6920572916666666 0.037109375 0.10807291666666667
1 0.6484375 0.6477864583333334 0.013671875 0.01953125
0 0.64794921875 0.6927083333333334 0.0361328125 0.11458333333333333
1 0.7041015625 0.6477864583333334 0.015625 0.022135416666666668
0 0.69775390625 0.7109375 0.0400390625 0.15625
1 0.728515625 0.6692708333333334 0.015625 0.020833333333333332
0 0.72021484375 0.7265625 0.0498046875 0.14583333333333334
1 0.7275390625 0.6432291666666666 0.015625 0.026041666666666668
0 0.71826171875 0.7063802083333334 0.0556640625 0.16015625
1 0.75146484375 0.646484375 0.0166015625 0.024739583333333332
0 0.74951171875 0.7141927083333334 0.0537109375 0.16276041666666666
1 0.76318359375 0.662109375 0.0146484375 0.022135416666666668
0 0.76171875 0.7161458333333334 0.03125 0.13541666666666666
1 0.7890625 0.6595052083333334 0.013671875 0.01953125
0 0.78271484375 0.7135416666666666 0.0400390625 0.1328125
1 0.80712890625 0.740234375 0.0380859375 0.061197916666666664
0 0.81982421875 0.8522135416666666 0.1240234375 0.2955729166666667
1 0.84912109375 0.7083333333333334 0.0517578125 0.059895833333333336
0 0.86669921875 0.8372395833333334 0.1435546875 0.3255208333333333
1 0.83984375 0.6575520833333334 0.015625 0.0234375
0 0.83642578125 0.7083333333333334 0.0400390625 0.13020833333333334
1 0.87109375 0.6569010416666666 0.017578125 0.024739583333333332
0 0.86865234375 0.7141927083333334 0.0419921875 0.14453125
1 0.91943359375 0.6588541666666666 0.0166015625 0.028645833333333332
0 0.9169921875 0.7317708333333334 0.056640625 0.1796875
1 0.94677734375 0.6477864583333334 0.0205078125 0.029947916666666668
0 0.935546875 0.7278645833333334 0.068359375 0.19791666666666666
1 0.96337890625 0.6588541666666666 0.0224609375 0.028645833333333332
0 0.96044921875 0.7415364583333334 0.0576171875 0.20182291666666666