1 0.6814285714285714 0.3933547695605573 0.03142857142857143 0.04930332261521972
0 0.6903571428571429 0.6264737406216506 0.085 0.5198285101822079
1 0.7964285714285714 0.3408360128617363 0.041428571428571426 0.06216505894962487
0 0.7939285714285714 0.5401929260450161 0.09928571428571428 0.4630225080385852
1 0.5935714285714285 0.42229367631296894 0.03428571428571429 0.0707395498392283
0 0.5932142857142857 0.6511254019292605 0.10357142857142858 0.5412647374062165
1 0.6560714285714285 0.4758842443729904 0.04928571428571429 0.08360128617363344
0 0.6692857142857143 0.7009646302250804 0.14285714285714285 0.5359056806002144
1 0.7357142857142858 0.42015005359056806 0.05 0.07931404072883172
0 0.7460714285714286 0.6516613076098606 0.1392857142857143 0.5401929260450161
1 0.8314285714285714 0.4892818863879957 0.04428571428571428 0.07395498392282958
0 0.8614285714285714 0.7197213290460879 0.18285714285714286 0.5605573419078242
1 0.3217857142857143 0.49732047159699894 0.08357142857142857 0.15005359056806003
0 0.30892857142857144 0.6956055734190782 0.24071428571428571 0.6087888531618435
1 0.5396428571428571 0.4732047159699893 0.08785714285714286 0.1489817792068596
0 0.5807142857142857 0.6864951768488746 0.32 0.6270096463022508