1 0.8427777777777777 0.6210350584307178 0.03888888888888889 0.08013355592654424
0 0.8366666666666667 0.7804674457429048 0.11555555555555555 0.41235392320534225
1 0.9966666666666667 0.5751252086811353 0.006666666666666667 0.038397328881469114
0 0.9777777777777777 0.7103505843071787 0.044444444444444446 0.31886477462437396
1 0.9694444444444444 0.48664440734557596 0.03666666666666667 0.06176961602671119
0 0.9566666666666667 0.6469115191986644 0.08666666666666667 0.3823038397328882
1 0.655 0.662771285475793 0.056666666666666664 0.11686143572621036
0 0.6955555555555556 0.7963272120200334 0.23555555555555555 0.4073455759599332
1 0.7377777777777778 0.6018363939899833 0.03777777777777778 0.07846410684474124
0 0.735 0.7754590984974958 0.12333333333333334 0.43906510851419034
1 0.5238888888888888 0.6736227045075125 0.04555555555555556 0.09181969949916527
0 0.5316666666666666 0.8105175292153589 0.15222222222222223 0.3789649415692821
1 0.4 0.656093489148581 0.051111111111111114 0.11686143572621036
0 0.3794444444444444 0.7979966611018364 0.17444444444444446 0.4040066777963272
1 0.10166666666666667 0.5634390651085142 0.06111111111111111 0.11853088480801335
0 0.12944444444444445 0.7479131886477463 0.23444444444444446 0.5041736227045075
1 0.1661111111111111 0.4657762938230384 0.03 0.04674457429048414
0 0.185 0.5801335559265443 0.0811111111111111 0.27879799666110183
1 0.2111111111111111 0.5258764607679466 0.02 0.03672787979966611
0 0.24722222222222223 0.6143572621035058 0.12333333333333334 0.22370617696160267
1 0.36 0.44657762938230383 0.02 0.035058430717863104
0 0.35944444444444446 0.5642737896494157 0.07 0.2671118530884808
1 0.4077777777777778 0.5567612687813022 0.03333333333333333 0.06176961602671119
0 0.3977777777777778 0.7003338898163606 0.08222222222222222 0.3555926544240401
1 0.49333333333333335 0.5484140233722872 0.02666666666666667 0.05175292153589316
0 0.4938888888888889 0.6853088480801336 0.09444444444444444 0.3555926544240401
1 0.4816666666666667 0.5459098497495827 0.027777777777777776 0.04674457429048414
0 0.4772222222222222 0.6819699499165276 0.09 0.335559265442404
1 0.6383333333333333 0.5742904841402338 0.04111111111111111 0.0667779632721202
0 0.6305555555555555 0.7495826377295493 0.12333333333333334 0.4307178631051753
1 0.7161111111111111 0.5517529215358932 0.021111111111111112 0.041736227045075125
0 0.7188888888888889 0.654424040066778 0.06222222222222222 0.25375626043405675
1 0.8794444444444445 0.48080133555926546 0.025555555555555557 0.03672787979966611
0 0.875 0.6093489148580968 0.0811111111111111 0.29716193656093487
1 0.9238888888888889 0.4782971619365609 0.012222222222222223 0.021702838063439065
0 0.9283333333333333 0.5434056761268782 0.04111111111111111 0.1652754590984975
1 0.9877777777777778 0.4757929883138564 0.011111111111111112 0.01669449081803005
0 0.9838888888888889 0.5300500834724541 0.03222222222222222 0.1352253756260434
1 0.8466666666666667 0.4565943238731219 0.006666666666666667 0.011686143572621035
0 0.845 0.48330550918196996 0.021111111111111112 0.07178631051752922
1 0.8316666666666667 0.4549248747913189 0.005555555555555556 0.008347245409015025
0 0.8294444444444444 0.4791318864774624 0.014444444444444444 0.06010016694490818
1 0.8111111111111111 0.5166944908180301 0.015555555555555555 0.028380634390651086
0 0.8127777777777778 0.5843071786310517 0.043333333333333335 0.17028380634390652
1 0.7761111111111111 0.506677796327212 0.014444444444444444 0.03171953255425709
0 0.78 0.5684474123539232 0.04 0.1652754590984975
1 0.7161111111111111 0.5517529215358932 0.021111111111111112 0.038397328881469114
0 0.7166666666666667 0.6377295492487479 0.05555555555555555 0.2270450751252087
1 0.7494444444444445 0.5217028380634391 0.01888888888888889 0.035058430717863104
0 0.7505555555555555 0.5951585976627712 0.04555555555555556 0.19198664440734559
1 0.6777777777777778 0.4974958263772955 0.017777777777777778 0.0333889816360601
0 0.6727777777777778 0.5676126878130217 0.052222222222222225 0.18363939899833054
1 0.6216666666666667 0.48497495826377296 0.012222222222222223 0.021702838063439065
0 0.6227777777777778 0.5358931552587646 0.04111111111111111 0.1335559265442404
1 0.57 0.4682804674457429 0.015555555555555555 0.021702838063439065
0 0.5627777777777778 0.5358931552587646 0.04555555555555556 0.1636060100166945
1 0.5827777777777777 0.4732888146911519 0.012222222222222223 0.018363939899833055
0 0.5872222222222222 0.5258764607679466 0.03222222222222222 0.1302170283806344
1 0.535 0.44407345575959933 0.012222222222222223 0.02003338898163606
0 0.5416666666666666 0.498330550918197 0.034444444444444444 0.13856427378964942
1 0.5083333333333333 0.4590984974958264 0.016666666666666666 0.02337228714524207
0 0.5005555555555555 0.5058430717863105 0.03222222222222222 0.12687813021702837
1 0.42833333333333334 0.46160267111853087 0.012222222222222223 0.025041736227045076
0 0.41833333333333333 0.5141903171953256 0.04111111111111111 0.14357262103505844
1 0.455 0.44824707846410683 0.014444444444444444 0.021702838063439065
0 0.45 0.5041736227045075 0.03333333333333333 0.14023372287145242
1 0.4738888888888889 0.4691151919866444 0.012222222222222223 0.02337228714524207
0 0.47444444444444445 0.5125208681135225 0.02666666666666667 0.11686143572621036
1 0.48833333333333334 0.4565943238731219 0.014444444444444444 0.025041736227045076
0 0.4855555555555556 0.498330550918197 0.02666666666666667 0.11853088480801335
1 0.49333333333333335 0.4240400667779633 0.006666666666666667 0.01001669449081803
0 0.49 0.4357262103505843 0.013333333333333334 0.04006677796327212
1 0.5105555555555555 0.4348914858096828 0.01 0.015025041736227046
0 0.5044444444444445 0.4716193656093489 0.024444444444444446 0.09515859766277128
1 0.7022222222222222 0.4699499165275459 0.006666666666666667 0.015025041736227046
0 0.7016666666666667 0.505008347245409 0.021111111111111112 0.09515859766277128
1 0.7194444444444444 0.48163606010016696 0.01 0.015025041736227046
0 0.7216666666666667 0.510016694490818 0.025555555555555557 0.09181969949916527
1 0.5427777777777778 0.42320534223706174 0.01 0.018363939899833055
0 0.5383333333333333 0.4524207011686144 0.034444444444444444 0.08347245409015025
1 0.8605555555555555 0.4691151919866444 0.01 0.01669449081803005
0 0.8594444444444445 0.5191986644407346 0.034444444444444444 0.1302170283806344
1 0.9022222222222223 0.5091819699499165 0.02 0.03005008347245409
0 0.8972222222222223 0.5926544240400667 0.04777777777777778 0.20701168614357263
1 0.6411111111111111 0.46160267111853087 0.011111111111111112 0.018363939899833055
0 0.6405555555555555 0.5183639398998331 0.03666666666666667 0.1352253756260434