1 0.020384615384615383 0.22884012539184953 0.040769230769230766 0.07732497387669801
0 0.08384615384615385 0.44932079414838033 0.1676923076923077 0.5308254963427377
1 0.22538461538461538 0.2283176593521421 0.04153846153846154 0.07001044932079414
0 0.21153846153846154 0.44932079414838033 0.20923076923076922 0.5663531870428422
1 0.3923076923076923 0.25287356321839083 0.04461538461538461 0.07732497387669801
0 0.3803846153846154 0.4561128526645768 0.1776923076923077 0.5256008359456635
1 0.536923076923077 0.2607105538140021 0.043076923076923075 0.07836990595611286
0 0.525 0.4535005224660397 0.16076923076923078 0.47648902821316613
1 0.6196153846153846 0.2889237199582027 0.03461538461538462 0.07210031347962383
0 0.6219230769230769 0.46290491118077326 0.10384615384615385 0.43260188087774293
1 0.7369230769230769 0.4070010449320794 0.04153846153846154 0.06583072100313479
0 0.7126923076923077 0.5214211076280042 0.12538461538461537 0.31974921630094044
1 0.8419230769230769 0.41954022988505746 0.03769230769230769 0.055381400208986416
0 0.8253846153846154 0.5198537095088819 0.12461538461538461 0.27063740856844304
1 0.8876923076923077 0.4090909090909091 0.03076923076923077 0.04911180773249739
0 0.8992307692307693 0.5057471264367817 0.07692307692307693 0.2507836990595611
1 0.9315384615384615 0.4482758620689655 0.03076923076923077 0.050156739811912224
0 0.9261538461538461 0.5240334378265413 0.06923076923076923 0.21212121212121213