1 0.6451754385964912 0.9040150564617315 0.05526315789473684 0.0890840652446675
0 0.6622807017543859 0.9209535759096612 0.12105263157894737 0.15809284818067754
1 0.5521929824561403 0.9410288582183187 0.04473684210526316 0.07277289836888332
0 0.5412280701754386 0.946047678795483 0.11052631578947368 0.10790464240903387
1 0.9267543859649123 0.678168130489335 0.013157894736842105 0.02383939774153074
0 0.9083333333333333 0.7471769134253451 0.062280701754385964 0.17440401505646172
1 0.8837719298245614 0.7208281053952321 0.011403508771929825 0.013801756587202008
0 0.881140350877193 0.7672521957340025 0.037719298245614034 0.10664993726474278
1 0.36798245614035086 0.7628607277289837 0.02368421052631579 0.04265997490589712
0 0.3798245614035088 0.8638644918444166 0.09298245614035087 0.2722710163111669
1 0.256140350877193 0.7823086574654956 0.02982456140350877 0.04642409033877039
0 0.23728070175438595 0.8764115432873275 0.09035087719298246 0.24717691342534504
1 0.2864035087719298 0.6417816813048933 0.016666666666666666 0.026348808030112924
0 0.2864035087719298 0.7158092848180677 0.06754385964912281 0.18193224592220827
1 0.6885964912280702 0.6204516938519448 0.012280701754385965 0.018820577164366373
0 0.6921052631578948 0.6606022584692597 0.03684210526315789 0.10664993726474278
1 0.7315789473684211 0.6016311166875784 0.010526315789473684 0.01631116687578419
0 0.7328947368421053 0.6486825595984943 0.02368421052631579 0.11543287327478043
1 0.7460526315789474 0.5928481806775407 0.007894736842105263 0.011292346298619825
0 0.7456140350877193 0.6286072772898369 0.021052631578947368 0.08782936010037641
1 0.8004385964912281 0.5934755332496863 0.007894736842105263 0.012547051442910916
0 0.7995614035087719 0.6298619824341279 0.02894736842105263 0.0903387703889586
1 0.5565789473684211 0.5984943538268507 0.007894736842105263 0.010037641154328732
0 0.5526315789473685 0.6342534504391468 0.03333333333333333 0.09661229611041405
1 0.4881578947368421 0.6185696361355082 0.0061403508771929825 0.010037641154328732
0 0.4885964912280702 0.6442910915934755 0.021052631578947368 0.09661229611041405
1 0.45394736842105265 0.5978670012547052 0.011403508771929825 0.01631116687578419
0 0.4543859649122807 0.6411543287327478 0.028070175438596492 0.11041405269761606
1 0.47017543859649125 0.6085319949811794 0.010526315789473684 0.01756587202007528
0 0.47192982456140353 0.6411543287327478 0.02456140350877193 0.09284818067754078
1 0.3675438596491228 0.595357590966123 0.008771929824561403 0.013801756587202008
0 0.36798245614035086 0.6286072772898369 0.02543859649122807 0.08531994981179424
1 0.3473684210526316 0.5991217063989962 0.008771929824561403 0.011292346298619825
0 0.34868421052631576 0.6317440401505646 0.021929824561403508 0.08406524466750313
1 0.268859649122807 0.6179422835633626 0.021929824561403508 0.08155583437892096
0 0.268859649122807 0.6179422835633626 0.021929824561403508 0.08155583437892096
1 0.2543859649122807 0.5915934755332497 0.007017543859649123 0.011292346298619825
0 0.24912280701754386 0.6179422835633626 0.02631578947368421 0.07151819322459223
1 0.24385964912280703 0.5803011292346298 0.007017543859649123 0.011292346298619825
0 0.24210526315789474 0.6097867001254705 0.021052631578947368 0.08281053952321205
1 0.2162280701754386 0.6166875784190715 0.02543859649122807 0.08657465495608532
0 0.2162280701754386 0.6166875784190715 0.02543859649122807 0.08657465495608532
1 0.16973684210526316 0.609159347553325 0.02368421052631579 0.08155583437892096
0 0.16973684210526316 0.609159347553325 0.02368421052631579 0.08155583437892096
1 0.15789473684210525 0.5746549560853199 0.010526315789473684 0.015056461731493099
0 0.15350877192982457 0.6079046424090339 0.021052631578947368 0.08406524466750313
1 0.1355263157894737 0.5759096612296111 0.007894736842105263 0.012547051442910916
0 0.1324561403508772 0.6072772898368883 0.021052631578947368 0.08531994981179424
1 0.04912280701754386 0.5984943538268507 0.017543859649122806 0.05771643663739021
0 0.04912280701754386 0.5984943538268507 0.017543859649122806 0.05771643663739021
1 0.9447368421052632 0.5972396486825596 0.005263157894736842 0.0075282308657465494
0 0.9438596491228071 0.6148055207026348 0.021052631578947368 0.06775407779171895