1 0.4964929859719439 0.604 0.01903807615230461 0.018666666666666668
0 0.4964929859719439 0.604 0.01903807615230461 0.018666666666666668
1 0.9113226452905812 0.5813333333333334 0.0070140280561122245 0.005333333333333333
0 0.9118236472945892 0.5933333333333334 0.01603206412825651 0.030666666666666665
1 0.9228456913827655 0.5806666666666667 0.008016032064128256 0.005333333333333333
0 0.9238476953907816 0.5943333333333334 0.018036072144288578 0.034
1 0.9433867735470942 0.582 0.0070140280561122245 0.005333333333333333
0 0.9438877755511023 0.5956666666666667 0.01603206412825651 0.035333333333333335
1 0.9534068136272545 0.5816666666666667 0.0070140280561122245 0.004666666666666667
0 0.9599198396793587 0.5943333333333334 0.026052104208416832 0.03266666666666666
1 0.7324649298597194 0.6293333333333333 0.04208416833667335 0.037333333333333336
0 0.7324649298597194 0.6293333333333333 0.04208416833667335 0.037333333333333336
1 0.31763527054108215 0.6093333333333333 0.014028056112224449 0.010666666666666666
0 0.3156312625250501 0.641 0.03807615230460922 0.07133333333333333
1 0.30410821643286573 0.613 0.01503006012024048 0.011333333333333334
0 0.2955911823647295 0.6406666666666667 0.04008016032064128 0.068
1 0.2715430861723447 0.603 0.008016032064128256 0.006
0 0.2710420841683367 0.6223333333333333 0.023046092184368736 0.046
1 0.24649298597194388 0.601 0.008016032064128256 0.006
0 0.24599198396793587 0.6193333333333333 0.023046092184368736 0.04533333333333334
1 0.20641282565130262 0.6123333333333333 0.018036072144288578 0.014
0 0.19939879759519039 0.6416666666666667 0.052104208416833664 0.07133333333333333
1 0.187374749498998 0.6073333333333333 0.012024048096192385 0.010666666666666666
0 0.187875751503006 0.6303333333333333 0.033066132264529056 0.058
1 0.16082164328657314 0.6226666666666667 0.01903807615230461 0.04533333333333334
0 0.16082164328657314 0.6226666666666667 0.01903807615230461 0.04533333333333334
1 0.15080160320641284 0.606 0.011022044088176353 0.006666666666666667
0 0.1497995991983968 0.625 0.025050100200400802 0.04733333333333333
1 0.1377755511022044 0.6106666666666667 0.011022044088176353 0.008
0 0.14228456913827656 0.6316666666666667 0.036072144288577156 0.05266666666666667
1 0.11573146292585171 0.6066666666666667 0.011022044088176353 0.008
0 0.11723446893787576 0.6326666666666667 0.022044088176352707 0.06266666666666666
1 0.10571142284569138 0.6063333333333333 0.013026052104208416 0.01
0 0.10571142284569138 0.633 0.03507014028056112 0.06733333333333333
1 0.06412825651302605 0.616 0.018036072144288578 0.016
0 0.05561122244488978 0.6596666666666666 0.05711422845691383 0.106
1 0.13276553106212424 0.6193333333333333 0.021042084168336674 0.013333333333333334
0 0.1347695390781563 0.6576666666666666 0.033066132264529056 0.09133333333333334
1 0.9759519038076152 0.582 0.008016032064128256 0.005333333333333333
0 0.9779559118236473 0.5943333333333334 0.022044088176352707 0.034
1 0.9869739478957916 0.5786666666666667 0.006012024048096192 0.005333333333333333
0 0.9859719438877755 0.5913333333333334 0.01603206412825651 0.03333333333333333
1 0.9834669338677354 0.5946666666666667 0.01503006012024048 0.03333333333333333
0 0.9834669338677354 0.5946666666666667 0.01503006012024048 0.03333333333333333