1 0.081875 0.5812591508052709 0.01875 0.02635431918008785
0 0.071875 0.6588579795021962 0.06875 0.18740849194729137
1 0.216875 0.5563689604685212 0.02125 0.02635431918008785
0 0.215 0.6566617862371888 0.075 0.232796486090776
1 0.259375 0.6046852122986823 0.01875 0.02635431918008785
0 0.278125 0.6720351390922401 0.07625 0.17276720351390923
1 0.333125 0.6112737920937042 0.01375 0.01903367496339678
0 0.32875 0.671303074670571 0.0375 0.14202049780380674
1 0.269375 0.6185944363103953 0.01375 0.01903367496339678
0 0.26625 0.6661786237188873 0.0375 0.1581259150805271
1 0.23625 0.595900439238653 0.015 0.017569546120058566
0 0.235 0.6603221083455344 0.0425 0.1581259150805271
1 0.510625 0.5497803806734992 0.02875 0.03367496339677892
0 0.5 0.6625183016105417 0.0825 0.26500732064421667
1 0.601875 0.6603221083455344 0.01375 0.020497803806734993
0 0.60125 0.6954612005856515 0.0475 0.09663250366032211
1 0.64375 0.671303074670571 0.0175 0.021961932650073207
0 0.643125 0.7005856515373353 0.03625 0.08931185944363104
1 0.71 0.5790629575402635 0.025 0.027818448023426062
0 0.705625 0.6625183016105417 0.08625 0.2591508052708638
1 0.941875 0.6464128843338214 0.01125 0.01903367496339678
0 0.943125 0.6976573938506588 0.05125 0.1273792093704246