1 0.07689606741573034 0.41307403936269915 0.03160112359550562 0.052014995313964384
0 0.07075140449438203 0.5658388003748829 0.13728932584269662 0.36597938144329895
1 0.17292837078651685 0.4163542642924086 0.033356741573033706 0.05951265229615745
0 0.17257724719101122 0.5641986879100281 0.15133426966292135 0.3561387066541706
1 0.27879213483146065 0.3952671040299906 0.014044943820224719 0.02483598875351453
0 0.27018960674157305 0.46485473289597 0.06776685393258428 0.1668228678537957
1 0.3107443820224719 0.3716026241799438 0.013342696629213483 0.020618556701030927
0 0.3202247191011236 0.4365042174320525 0.0723314606741573 0.1579194001874414
1 0.3393609550561798 0.39901593252108714 0.017907303370786515 0.029522024367385193
0 0.36604634831460675 0.46462043111527646 0.07759831460674158 0.16541705716963448
1 0.48349719101123595 0.3877694470477976 0.019662921348314606 0.03327085285848173
0 0.5140449438202247 0.4739925023430178 0.10182584269662921 0.20759137769447047
1 0.561622191011236 0.3776944704779756 0.02422752808988764 0.041237113402061855
0 0.5860252808988764 0.4906279287722587 0.0877808988764045 0.27085285848172447
1 0.6025280898876404 0.39948453608247425 0.05337078651685393 0.08106841611996252
0 0.645189606741573 0.5937207122774133 0.27844101123595505 0.47797563261480785
1 0.820751404494382 0.3697282099343955 0.04318820224719101 0.07122774133083412
0 0.8583216292134831 0.5541237113402062 0.1660814606741573 0.4475164011246485
1 0.3476123595505618 0.40182755388940955 0.011938202247191011 0.019212746016869727
0 0.3481390449438202 0.43978444236176195 0.02914325842696629 0.09325210871602624
1 0.34480337078651685 0.37910028116213684 0.009831460674157303 0.01499531396438613
0 0.34691011235955055 0.41447985004686033 0.02457865168539326 0.09137769447047797
1 0.37183988764044945 0.3828491096532334 0.009831460674157303 0.01499531396438613
0 0.37429775280898875 0.4196344892221181 0.02457865168539326 0.0895032802249297
1 0.3843047752808989 0.40487347703842547 0.010182584269662922 0.015932521087160263
0 0.386938202247191 0.4386129334582943 0.04353932584269663 0.08903467666354264
1 0.3813202247191011 0.4205716963448922 0.009129213483146067 0.014526710402999063
0 0.38535814606741575 0.43580131208997186 0.033356741573033706 0.04873477038425492
1 0.4176615168539326 0.36855670103092786 0.00877808988764045 0.014526710402999063
0 0.4195926966292135 0.4133083411433927 0.028089887640449437 0.1077788191190253
1 0.42099719101123595 0.3985473289597001 0.010533707865168539 0.018275538894095594
0 0.4236306179775281 0.43369259606373006 0.03195224719101124 0.0923149015932521
1 0.44259129213483145 0.3739456419868791 0.008075842696629214 0.014058106841611996
0 0.4450491573033708 0.4168228678537957 0.026334269662921347 0.10356138706654171
1 0.4729634831460674 0.40042174320524837 0.009831460674157303 0.015463917525773196
0 0.4747191011235955 0.43134957825679476 0.027387640449438203 0.08106841611996252
1 0.6825842696629213 0.3718369259606373 0.010533707865168539 0.01640112464854733
0 0.6827598314606742 0.41940018744142454 0.030547752808988762 0.1134020618556701
1 0.6950491573033708 0.36363636363636365 0.009480337078651686 0.014058106841611996
0 0.6973314606741573 0.41588566073102157 0.03300561797752809 0.12136832239925023
1 0.7192766853932584 0.37371134020618557 0.009480337078651686 0.017338331771321464
0 0.7205056179775281 0.42010309278350516 0.026685393258426966 0.11199625117150891
1 0.7450842696629213 0.3755857544517338 0.009129213483146067 0.015463917525773196
0 0.7457865168539326 0.42033739456419866 0.02598314606741573 0.10871602624179943
1 0.7772120786516854 0.3704311152764761 0.010884831460674158 0.01640112464854733
0 0.772998595505618 0.4154170571696345 0.02282303370786517 0.11387066541705718
1 0.7938904494382022 0.3683223992502343 0.008426966292134831 0.014058106841611996
0 0.7903792134831461 0.41518275538894095 0.03300561797752809 0.11246485473289597
1 0.8096910112359551 0.36808809746954074 0.010533707865168539 0.01640112464854733
0 0.8103932584269663 0.4163542642924086 0.02457865168539326 0.1148078725398313
1 0.8414676966292135 0.36644798500468606 0.010884831460674158 0.01780693533270853
0 0.8439255617977528 0.4104967197750703 0.02282303370786517 0.1077788191190253
1 0.8665730337078652 0.37511715089034675 0.008426966292134831 0.014526710402999063
0 0.8662219101123596 0.415651358950328 0.023174157303370788 0.10121836925960637
1 0.8767556179775281 0.36387066541705715 0.009831460674157303 0.01640112464854733
0 0.8776334269662921 0.4114339268978444 0.02914325842696629 0.1162136832239925
1 0.8967696629213483 0.3732427366447985 0.009129213483146067 0.015463917525773196
0 0.8985252808988764 0.4177600749765698 0.0351123595505618 0.10731021555763824
1 0.9122191011235955 0.3701968134957826 0.009129213483146067 0.01499531396438613
0 0.918188202247191 0.4168228678537957 0.03441011235955056 0.11199625117150891
1 0.9590941011235955 0.3711340206185567 0.008075842696629214 0.015932521087160263
0 0.9599719101123596 0.41447985004686033 0.03089887640449438 0.10918462980318651