1 0.4634615384615385 0.4109947643979058 0.08846153846153847 0.14345549738219895
0 0.3523076923076923 0.6638743455497382 0.3261538461538461 0.6722513089005235
1 0.5976923076923077 0.4356020942408377 0.08 0.1549738219895288
0 0.6257692307692307 0.675392670157068 0.20076923076923076 0.6492146596858639
1 0.7415384615384616 0.3366492146596859 0.07692307692307693 0.13926701570680627
0 0.7711538461538462 0.6329842931937173 0.2023076923076923 0.7340314136125654
1 0.9115384615384615 0.27486910994764396 0.09384615384615384 0.15602094240837697
0 0.9223076923076923 0.5937172774869109 0.15538461538461537 0.812565445026178
1 0.4980769230769231 0.22408376963350785 0.07615384615384616 0.11727748691099477
0 0.44076923076923075 0.5780104712041885 0.25384615384615383 0.8439790575916231
1 0.5753846153846154 0.1481675392670157 0.07538461538461538 0.10366492146596859
0 0.5373076923076923 0.4780104712041885 0.2853846153846154 0.8198952879581152
1 0.6465384615384615 0.21465968586387435 0.07923076923076923 0.13403141361256546
0 0.6492307692307693 0.5235602094240838 0.18153846153846154 0.7539267015706806
1 0.8084615384615385 0.24397905759162303 0.08 0.14450261780104712
0 0.8288461538461539 0.5780104712041885 0.21307692307692308 0.8439790575916231