1 0.032665964172813484 0.5102996254681648 0.029504741833508957 0.054307116104868915
0 0.03371970495258166 0.6750936329588015 0.06743940990516333 0.3913857677902622
1 0.0684931506849315 0.549625468164794 0.0273972602739726 0.05805243445692884
0 0.07270811380400422 0.6872659176029963 0.059009483667017915 0.352059925093633
1 0.10590094836670179 0.5168539325842697 0.026343519494204427 0.052434456928838954
0 0.11116965226554268 0.6694756554307116 0.06006322444678609 0.36891385767790263
1 0.15858798735511065 0.5177902621722846 0.02423603793466807 0.05056179775280899
0 0.14963119072708114 0.6676029962546817 0.059009483667017915 0.3651685393258427
1 0.18756585879873552 0.5046816479400749 0.023182297154899896 0.06179775280898876
0 0.1917808219178082 0.6544943820224719 0.06111696522655427 0.37640449438202245
1 0.23603793466807166 0.5393258426966292 0.02528977871443625 0.052434456928838954
0 0.23445732349841938 0.6732209737827716 0.05795574288724974 0.3352059925093633
1 0.2892518440463646 0.5308988764044944 0.02423603793466807 0.06179775280898876
0 0.2650158061116965 0.6638576779026217 0.12539515279241306 0.34269662921348315
1 0.34141201264488935 0.5234082397003745 0.023182297154899896 0.05056179775280899
0 0.32982086406743943 0.6629213483146067 0.06743940990516333 0.3445692883895131
1 0.37829293993677554 0.5168539325842697 0.023182297154899896 0.056179775280898875
0 0.351422550052687 0.649812734082397 0.10642781875658588 0.352059925093633
1 0.42360379346680715 0.5196629213483146 0.02107481559536354 0.05805243445692884
0 0.4041095890410959 0.6582397003745318 0.0916754478398314 0.350187265917603
1 0.4678609062170706 0.49063670411985016 0.02528977871443625 0.06367041198501873
0 0.464172813487882 0.647003745318352 0.07903055848261328 0.38764044943820225
1 0.49262381454162274 0.5112359550561798 0.020021074815595362 0.056179775280898875
0 0.5010537407797682 0.651685393258427 0.0642781875658588 0.3445692883895131
1 0.5368809272918862 0.5131086142322098 0.02423603793466807 0.0449438202247191
0 0.5421496311907271 0.6563670411985019 0.06006322444678609 0.3464419475655431
1 0.5816649104320337 0.5056179775280899 0.023182297154899896 0.0599250936329588
0 0.589041095890411 0.651685393258427 0.09062170706006323 0.3595505617977528
1 0.6269757639620653 0.5009363295880149 0.023182297154899896 0.05805243445692884
0 0.6174920969441517 0.6526217228464419 0.0737618545837724 0.36891385767790263
1 0.6759747102212855 0.4803370786516854 0.026343519494204427 0.054307116104868915
0 0.6828240252897787 0.6404494382022472 0.08008429926238145 0.38202247191011235
1 0.7291886195995785 0.5074906367041199 0.02528977871443625 0.06741573033707865
0 0.7334035827186512 0.6526217228464419 0.05268703898840885 0.36891385767790263
1 0.7866174920969442 0.5074906367041199 0.026343519494204427 0.0599250936329588
0 0.78609062170706 0.6544943820224719 0.06533192834562697 0.36891385767790263
1 0.8229715489989463 0.49063670411985016 0.0273972602739726 0.0599250936329588
0 0.8345626975763962 0.6526217228464419 0.07586933614330875 0.3951310861423221
1 0.8798735511064278 0.5177902621722846 0.0273972602739726 0.06179775280898876
0 0.8888303477344573 0.6722846441947565 0.07060063224446786 0.3857677902621723
1 0.9251844046364595 0.5374531835205992 0.02528977871443625 0.052434456928838954
0 0.9357218124341412 0.6853932584269663 0.06322444678609063 0.36704119850187267
1 0.9805057955742887 0.5215355805243446 0.026343519494204427 0.06554307116104868
0 0.9783983140147524 0.6853932584269663 0.04320337197049526 0.3970037453183521
1 0.018967334035827187 0.4363295880149813 0.023182297154899896 0.04868913857677903
0 0.02792413066385669 0.5758426966292135 0.05584826132771338 0.36142322097378277
1 0.07481559536354057 0.40730337078651685 0.023182297154899896 0.05056179775280899
0 0.06796628029504742 0.5374531835205992 0.06006322444678609 0.3258426966292135
1 0.12012644889357219 0.4035580524344569 0.02107481559536354 0.05056179775280899
0 0.11222339304531086 0.5383895131086143 0.051633298208640675 0.32771535580524347
1 0.14857744994731295 0.4147940074906367 0.02528977871443625 0.04681647940074907
0 0.15121180189673342 0.5430711610486891 0.04952581664910432 0.3146067415730337
1 0.1880927291886196 0.38764044943820225 0.022128556375131718 0.052434456928838954
0 0.18703898840885141 0.5308988764044944 0.04741833508956796 0.3464419475655431
1 0.23234984193888303 0.38202247191011235 0.022128556375131718 0.056179775280898875
0 0.2297154899894626 0.5243445692883895 0.0547945205479452 0.3595505617977528
1 0.273972602739726 0.4035580524344569 0.023182297154899896 0.05056179775280899
0 0.2692307692307692 0.5402621722846442 0.051633298208640675 0.32771535580524347
1 0.31401475237091675 0.38670411985018727 0.023182297154899896 0.054307116104868915
0 0.3108535300316122 0.5280898876404494 0.0505795574288725 0.3408239700374532
1 0.3493150684931507 0.37734082397003743 0.022128556375131718 0.05056179775280899
0 0.35036880927291886 0.5159176029962547 0.05584826132771338 0.34269662921348315
1 0.40252897787144365 0.3848314606741573 0.023182297154899896 0.05056179775280899
0 0.3993677555321391 0.5177902621722846 0.05690200210748156 0.33146067415730335
1 0.45152792413066384 0.3698501872659176 0.02423603793466807 0.06179775280898876
0 0.45152792413066384 0.5065543071161048 0.05795574288724974 0.34269662921348315
1 0.49736564805057953 0.3960674157303371 0.02107481559536354 0.04681647940074907
0 0.49841938883034775 0.5234082397003745 0.05268703898840885 0.31273408239700373
1 0.5342465753424658 0.3848314606741573 0.018967334035827187 0.05056179775280899
0 0.5389884088514225 0.5159176029962547 0.05584826132771338 0.32397003745318353
1 0.5916754478398314 0.37265917602996257 0.02423603793466807 0.056179775280898875
0 0.5906217070600632 0.5140449438202247 0.0684931506849315 0.34269662921348315
1 0.6390937829293993 0.39325842696629215 0.01791359325605901 0.0449438202247191
0 0.6401475237091675 0.5215355805243446 0.05374077976817703 0.3202247191011236
1 0.678082191780822 0.40074906367041196 0.022128556375131718 0.056179775280898875
0 0.6859852476290832 0.5252808988764045 0.06322444678609063 0.31273408239700373
1 0.7170706006322445 0.40262172284644193 0.02423603793466807 0.052434456928838954
0 0.7233930453108536 0.5262172284644194 0.05795574288724974 0.3146067415730337
1 0.7660695468914647 0.41947565543071164 0.02107481559536354 0.04868913857677903
0 0.7671232876712328 0.5365168539325843 0.0547945205479452 0.2940074906367041
1 0.8061116965226555 0.38202247191011235 0.023182297154899896 0.056179775280898875
0 0.8076923076923077 0.5149812734082397 0.05795574288724974 0.33707865168539325
1 0.8414120126448894 0.399812734082397 0.022128556375131718 0.04681647940074907
0 0.850895679662803 0.5290262172284644 0.0642781875658588 0.31273408239700373
1 0.8925184404636459 0.40730337078651685 0.02528977871443625 0.05805243445692884
0 0.8967334035827187 0.5337078651685393 0.06533192834562697 0.3258426966292135
1 0.9367755532139094 0.4363295880149813 0.02528977871443625 0.04868913857677903
0 0.9378292939936775 0.5599250936329588 0.0547945205479452 0.30711610486891383
1 0.9826132771338251 0.38764044943820225 0.022128556375131718 0.052434456928838954
0 0.9599578503688093 0.5393258426966292 0.08008429926238145 0.36329588014981273
1 0.02845100105374078 0.27153558052434457 0.02107481559536354 0.04868913857677903
0 0.026870389884088516 0.3951310861423221 0.05374077976817703 0.31086142322097376
1 0.06638566912539515 0.2958801498127341 0.02528977871443625 0.056179775280898875
0 0.06480505795574289 0.4101123595505618 0.06006322444678609 0.29213483146067415
1 0.10642781875658588 0.30430711610486894 0.02107481559536354 0.04681647940074907
0 0.09905163329820864 0.4044943820224719 0.0547945205479452 0.2546816479400749
1 0.14383561643835616 0.2883895131086142 0.02423603793466807 0.04119850187265917
0 0.12118018967334036 0.398876404494382 0.09905163329820864 0.27340823970037453
1 0.1791359325605901 0.28558052434456926 0.023182297154899896 0.04681647940074907
0 0.1743940990516333 0.3951310861423221 0.045310853530031614 0.2846441947565543
1 0.2107481559536354 0.3052434456928839 0.02107481559536354 0.0449438202247191
0 0.21338250790305585 0.41385767790262173 0.04952581664910432 0.27715355805243447
1 0.2507903055848261 0.27340823970037453 0.02107481559536354 0.0449438202247191
0 0.25447839831401475 0.3895131086142322 0.05795574288724974 0.29213483146067415
1 0.2934668071654373 0.2687265917602996 0.020021074815595362 0.05056179775280899
0 0.2571127502634352 0.38764044943820225 0.11801896733403583 0.2958801498127341
1 0.3292939936775553 0.2846441947565543 0.022128556375131718 0.0449438202247191
0 0.33456269757639623 0.3970037453183521 0.04952581664910432 0.2846441947565543
1 0.363013698630137 0.27715355805243447 0.020021074815595362 0.04868913857677903
0 0.36880927291886195 0.3960674157303371 0.07165437302423604 0.301498127340824
1 0.410958904109589 0.26779026217228463 0.02107481559536354 0.04868913857677903
0 0.4088514225500527 0.36891385767790263 0.04636459430979979 0.26217228464419473
1 0.458377239199157 0.27715355805243447 0.018967334035827187 0.04119850187265917
0 0.4520547945205479 0.3848314606741573 0.04636459430979979 0.27153558052434457
1 0.48840885142255 0.2846441947565543 0.020021074815595362 0.052434456928838954
0 0.4863013698630137 0.38764044943820225 0.04741833508956796 0.2696629213483146
1 0.5184404636459431 0.27902621722846443 0.02107481559536354 0.0449438202247191
0 0.5279241306638567 0.3913857677902622 0.11380400421496312 0.2883895131086142
1 0.5695468914646997 0.27153558052434457 0.020021074815595362 0.03745318352059925
0 0.5732349841938883 0.38202247191011235 0.05268703898840885 0.27340823970037453
1 0.6253951527924131 0.28651685393258425 0.022128556375131718 0.04868913857677903
0 0.6238145416227608 0.3904494382022472 0.0547945205479452 0.2640449438202247
1 0.6675447839831401 0.24906367041198502 0.022128556375131718 0.04868913857677903
0 0.6612223393045311 0.3642322097378277 0.051633298208640675 0.2940074906367041
1 0.6923076923076923 0.2687265917602996 0.02107481559536354 0.04681647940074907
0 0.6933614330874605 0.37734082397003743 0.05268703898840885 0.2752808988764045
1 0.7376185458377239 0.27340823970037453 0.023182297154899896 0.052434456928838954
0 0.7365648050579557 0.3895131086142322 0.12012644889357219 0.2958801498127341
1 0.7924130663856691 0.26591760299625467 0.023182297154899896 0.052434456928838954
0 0.7908324552160169 0.36891385767790263 0.05584826132771338 0.27715355805243447
1 0.8361433087460485 0.2743445692883895 0.020021074815595362 0.04307116104868914
0 0.8429926238145417 0.40074906367041196 0.0821917808219178 0.30711610486891383
1 0.8814541622760801 0.25187265917602997 0.022128556375131718 0.04681647940074907
0 0.8851422550052687 0.3707865168539326 0.059009483667017915 0.31086142322097376
1 0.9246575342465754 0.25 0.022128556375131718 0.05056179775280899
0 0.9241306638566913 0.3801498127340824 0.06954689146469968 0.3295880149812734
1 0.9673340358271865 0.26779026217228463 0.02107481559536354 0.0449438202247191
0 0.9694415173867229 0.397940074906367 0.059009483667017915 0.32397003745318353