1 0.02531645569620253 0.5551876379690949 0.05063291139240506 0.12582781456953643
0 0.08227848101265822 0.7439293598233996 0.16455696202531644 0.5121412803532008
1 0.02341772151898734 0.45805739514348787 0.04683544303797468 0.09933774834437085
0 0.04810126582278481 0.6467991169977925 0.09620253164556962 0.49448123620309054
1 0.1341772151898734 0.5860927152317881 0.04810126582278481 0.09050772626931568
0 0.13481012658227848 0.7273730684326711 0.07974683544303797 0.3818984547461369
1 0.13354430379746834 0.5849889624724062 0.04683544303797468 0.08830022075055188
0 0.19177215189873417 0.7682119205298014 0.16835443037974684 0.46357615894039733
1 0.27848101265822783 0.5783664459161147 0.05569620253164557 0.1368653421633554
0 0.2607594936708861 0.7505518763796909 0.15949367088607594 0.4988962472406181
1 0.2917721518987342 0.7196467991169978 0.0670886075949367 0.1280353200883002
0 0.31645569620253167 0.82560706401766 0.1240506329113924 0.3487858719646799
1 0.369620253164557 0.6324503311258278 0.08354430379746836 0.16997792494481237
0 0.3613924050632911 0.7693156732891833 0.22658227848101264 0.4613686534216336
1 0.4670886075949367 0.5905077262693157 0.04810126582278481 0.11699779249448124
0 0.46645569620253163 0.7505518763796909 0.1 0.46357615894039733
1 0.46772151898734177 0.5894039735099338 0.0620253164556962 0.11479028697571744
0 0.49683544303797467 0.7582781456953642 0.2240506329113924 0.48344370860927155
1 0.5816455696202532 0.5342163355408388 0.06455696202531645 0.141280353200883
0 0.6018987341772152 0.7273730684326711 0.16329113924050634 0.5452538631346578
1 0.7962025316455696 0.4988962472406181 0.06835443037974684 0.17218543046357615
0 0.7987341772151899 0.7019867549668874 0.19240506329113924 0.5960264900662252