1 0.05362089434111595 0.2675244010647737 0.030470914127423823 0.07187222715173026
0 0.05302730510486743 0.5013309671694764 0.10605461020973486 0.5678793256433008
1 0.10031658092599921 0.28305235137533274 0.026513652552433715 0.07275953859804792
0 0.09477641472101306 0.4986690328305235 0.1594776414721013 0.5093167701863354
1 0.148397309062129 0.30168589174800353 0.020577760189948554 0.062111801242236024
0 0.14384645825089037 0.4964507542147294 0.06529481598733676 0.47293700088731144
1 0.166798575385833 0.5 0.030470914127423823 0.08961845607808341
0 0.17233874159081916 0.6508429458740018 0.10803324099722991 0.39840283939662824
1 0.25643055005935894 0.5944986690328306 0.019786307874950535 0.05146406388642413
0 0.25860704392560346 0.6623779946761313 0.06450336367233875 0.26353149955634425
1 0.27245745943806887 0.45652173913043476 0.022556390977443608 0.061224489795918366
0 0.2698852394143253 0.5789707187222716 0.06331618519984171 0.35581188997338065
1 0.2107241788682232 0.3052351375332742 0.022556390977443608 0.06566104702750665
0 0.20439256034823902 0.481810115350488 0.06687772061733281 0.43478260869565216
1 0.24653739612188366 0.2972493345164153 0.0221606648199446 0.0709849157054126
0 0.24574594380688564 0.484472049689441 0.055401662049861494 0.4489795918367347
1 0.2843292441630392 0.31233362910381546 0.022556390977443608 0.06921029281277728
0 0.2870993272655323 0.49911268855368235 0.06529481598733676 0.45164152617568765
1 0.314404432132964 0.31721384205856257 0.022556390977443608 0.06654835847382432
0 0.31658092599920856 0.4884649511978705 0.037989711119905026 0.4125998225377107
1 0.34349030470914127 0.2976929902395741 0.026117926394934706 0.07542147293700088
0 0.33953304313415117 0.5022182786157942 0.06806489908982984 0.4951197870452529
1 0.3599129402453502 0.3225377107364685 0.020182034032449545 0.06299911268855368
0 0.3624851602690938 0.4800354924578527 0.03403244954491492 0.3744454303460515
1 0.38405223585278986 0.30434782608695654 0.020182034032449545 0.06388642413487133
0 0.3850415512465374 0.46850044365572313 0.045112781954887216 0.4010647737355812
1 0.39157103284527106 0.5084294587400178 0.02176493866244559 0.0709849157054126
0 0.3848436881677879 0.6060337178349601 0.06371191135734072 0.2803904170363798
1 0.4394538979026514 0.5150842945874001 0.02176493866244559 0.07009760425909495
0 0.4400474871388999 0.6104702750665484 0.06252473288484368 0.26796805678793256
1 0.5059358923624852 0.4897959183673469 0.02334784329244163 0.05856255545696539
0 0.501187178472497 0.6011535048802129 0.07004352987732489 0.3114463176574978
1 0.42857142857142855 0.3149955634427684 0.020577760189948554 0.06566104702750665
0 0.4230312623664424 0.49733806566104705 0.07123070834982193 0.4356699201419698
1 0.45765730114760583 0.3216503992901508 0.020973486347447567 0.06299911268855368
0 0.4629996042738425 0.47604259094942325 0.04115552037989711 0.3842058562555457
1 0.4930747922437673 0.26796805678793256 0.02374356944994064 0.06743566992014197
0 0.4928769291650178 0.46938775510204084 0.07558369608231104 0.47914818101153506
1 0.556786703601108 0.5417036379769299 0.0221606648199446 0.06832298136645963
0 0.556786703601108 0.6339840283939663 0.060941828254847646 0.26175687666370895
1 0.6387020182034032 0.5501330967169477 0.021369212504946576 0.06388642413487133
0 0.6337554412346657 0.6446317657497782 0.056588840522358526 0.2528837622005324
1 0.6685793430945786 0.5980479148181012 0.022556390977443608 0.0709849157054126
0 0.6711515631183221 0.6637089618456078 0.04590423426988524 0.2129547471162378
1 0.7026117926394935 0.5736468500443656 0.019390581717451522 0.061224489795918366
0 0.7022160664819944 0.6455190771960958 0.03917688959240206 0.2067435669920142
1 0.7322912544519192 0.3398402839396628 0.024930747922437674 0.06743566992014197
0 0.7413929560743965 0.5314995563442768 0.08112386228729719 0.4649511978704525
1 0.7686980609418282 0.3464951197870453 0.020973486347447567 0.06654835847382432
0 0.7704788286505738 0.5106477373558119 0.03957261574990107 0.4090505767524401
1 0.8015433320142461 0.35847382431233366 0.020182034032449545 0.06388642413487133
0 0.7954095765730115 0.5368234250221828 0.05223585278986941 0.4259094942324756
1 0.8302334784329244 0.3411712511091393 0.02374356944994064 0.07542147293700088
0 0.8229125445191927 0.5359361135758651 0.07241788682231895 0.4755989352262644
1 0.8624851602690938 0.27861579414374443 0.026513652552433715 0.05856255545696539
0 0.8607043925603483 0.41304347826086957 0.0443213296398892 0.3362910381543922
1 0.8757419865453107 0.36379769299023956 0.026117926394934706 0.062111801242236024
0 0.8729719034428176 0.546583850931677 0.04352987732489118 0.43478260869565216
1 0.9018599129402454 0.3385093167701863 0.026909378709932725 0.07187222715173026
0 0.8981005144440047 0.5536823425022183 0.07716660071230709 0.5164152617568767
1 0.9544914918876137 0.3460514640638864 0.026117926394934706 0.07275953859804792
0 0.9467748318163831 0.5634427684117125 0.0779580530273051 0.5217391304347826