1 0.8482704402515723 0.7016509433962265 0.029874213836477988 0.049528301886792456
0 0.8514150943396226 0.7900943396226415 0.10534591194968554 0.23113207547169812
1 0.9268867924528302 0.4492924528301887 0.02358490566037736 0.03537735849056604
0 0.9174528301886793 0.5224056603773585 0.04874213836477988 0.1957547169811321
1 0.9488993710691824 0.4056603773584906 0.02358490566037736 0.0330188679245283
0 0.9394654088050315 0.4882075471698113 0.04559748427672956 0.21226415094339623
1 0.8569182389937107 0.4209905660377358 0.025157232704402517 0.025943396226415096
0 0.8466981132075472 0.49528301886792453 0.04874213836477988 0.18867924528301888
1 0.800314465408805 0.3761792452830189 0.0220125786163522 0.030660377358490566
0 0.7916666666666666 0.455188679245283 0.05817610062893082 0.19811320754716982
1 0.7727987421383647 0.4033018867924528 0.02358490566037736 0.03773584905660377
0 0.7492138364779874 0.4893867924528302 0.07075471698113207 0.21933962264150944
1 0.6517295597484277 0.330188679245283 0.020440251572327043 0.03773584905660377
0 0.6462264150943396 0.4186320754716981 0.059748427672955975 0.2240566037735849
1 0.860062893081761 0.2606132075471698 0.0220125786163522 0.030660377358490566
0 0.8474842767295597 0.32547169811320753 0.06289308176100629 0.1650943396226415
1 0.9465408805031447 0.21933962264150944 0.0220125786163522 0.0330188679245283
0 0.9229559748427673 0.27122641509433965 0.07861635220125786 0.14622641509433962
1 0.8742138364779874 0.21226415094339623 0.015723270440251572 0.02830188679245283
0 0.8765723270440252 0.27358490566037735 0.03930817610062893 0.16037735849056603
1 0.9268867924528302 0.04245283018867924 0.01729559748427673 0.02830188679245283
0 0.914308176100629 0.10966981132075472 0.04874213836477988 0.1721698113207547
1 0.714622641509434 0.19693396226415094 0.020440251572327043 0.030660377358490566
0 0.7099056603773585 0.267688679245283 0.05188679245283019 0.18160377358490565
1 0.6580188679245284 0.1474056603773585 0.01729559748427673 0.030660377358490566
0 0.6336477987421384 0.23231132075471697 0.06918238993710692 0.20518867924528303
1 0.8034591194968553 0.01179245283018868 0.015723270440251572 0.02358490566037736
0 0.7971698113207547 0.07783018867924528 0.04716981132075472 0.15566037735849056
1 0.7869496855345912 0.008254716981132075 0.0110062893081761 0.01650943396226415
0 0.7790880503144654 0.06839622641509434 0.04245283018867924 0.13679245283018868
1 0.6784591194968553 0.012971698113207548 0.01729559748427673 0.025943396226415096
0 0.6745283018867925 0.07311320754716981 0.0440251572327044 0.14622641509433962
1 0.6533018867924528 0.05778301886792453 0.01729559748427673 0.025943396226415096
0 0.6525157232704403 0.12853773584905662 0.040880503144654086 0.1721698113207547
1 0.6305031446540881 0.10141509433962265 0.018867924528301886 0.02830188679245283
0 0.6265723270440252 0.1721698113207547 0.04874213836477988 0.1792452830188679
1 0.6022012578616353 0.06485849056603774 0.012578616352201259 0.01650943396226415
0 0.5966981132075472 0.12735849056603774 0.04245283018867924 0.16037735849056603
1 0.5841194968553459 0.11320754716981132 0.014150943396226415 0.02358490566037736
0 0.5786163522012578 0.17688679245283018 0.040880503144654086 0.16037735849056603
1 0.5573899371069182 0.08372641509433962 0.0110062893081761 0.02122641509433962
0 0.5534591194968553 0.15212264150943397 0.03773584905660377 0.16745283018867924
1 0.5754716981132075 0.5247641509433962 0.0220125786163522 0.03537735849056604
0 0.565251572327044 0.6226415094339622 0.0770440251572327 0.2358490566037736
1 0.559748427672956 0.46462264150943394 0.0220125786163522 0.0330188679245283
0 0.5621069182389937 0.5636792452830188 0.11163522012578617 0.24056603773584906
1 0.5542452830188679 0.4209905660377358 0.020440251572327043 0.030660377358490566
0 0.5683962264150944 0.5165094339622641 0.139937106918239 0.24056603773584906
1 0.5031446540880503 0.3490566037735849 0.0220125786163522 0.03773584905660377
0 0.5023584905660378 0.43042452830188677 0.05817610062893082 0.20518867924528303
1 0.4779874213836478 0.30542452830188677 0.018867924528301886 0.03537735849056604
0 0.47641509433962265 0.3867924528301887 0.05660377358490566 0.21226415094339623
1 0.455188679245283 0.30778301886792453 0.020440251572327043 0.030660377358490566
0 0.45440251572327045 0.3761792452830189 0.04716981132075472 0.18160377358490565
1 0.31839622641509435 0.2794811320754717 0.020440251572327043 0.03537735849056604
0 0.3223270440251572 0.34787735849056606 0.059748427672955975 0.2240566037735849
1 0.34040880503144655 0.46462264150943394 0.02358490566037736 0.0330188679245283
0 0.3356918238993711 0.5424528301886793 0.06761006289308176 0.20754716981132076
1 0.2672955974842767 0.46108490566037735 0.0220125786163522 0.04009433962264151
0 0.27672955974842767 0.5566037735849056 0.07547169811320754 0.2358490566037736
1 0.23113207547169812 0.419811320754717 0.025157232704402517 0.03773584905660377
0 0.235062893081761 0.5129716981132075 0.06446540880503145 0.23349056603773585
1 0.23742138364779874 0.6839622641509434 0.025157232704402517 0.05188679245283019
0 0.24842767295597484 0.7735849056603774 0.07547169811320754 0.24056603773584906
1 0.3058176100628931 0.7535377358490566 0.029874213836477988 0.04481132075471698
0 0.3089622641509434 0.8620283018867925 0.08018867924528301 0.2665094339622642
1 0.31761006289308175 0.7193396226415094 0.02830188679245283 0.04716981132075472
0 0.32625786163522014 0.7959905660377359 0.09905660377358491 0.2240566037735849
1 0.3915094339622642 0.8879716981132075 0.031446540880503145 0.04481132075471698
0 0.3742138364779874 0.9292452830188679 0.10377358490566038 0.14150943396226415
1 0.4748427672955975 0.7948113207547169 0.02830188679245283 0.04716981132075472
0 0.47327044025157233 0.8808962264150944 0.1069182389937107 0.22877358490566038
1 0.4481132075471698 0.7488207547169812 0.02830188679245283 0.054245283018867926
0 0.4418238993710692 0.8384433962264151 0.09748427672955975 0.23820754716981132
1 0.03773584905660377 0.8066037735849056 0.031446540880503145 0.05188679245283019
0 0.07940251572327044 0.8808962264150944 0.13050314465408805 0.22877358490566038