1 0.08333333333333333 0.3402777777777778 0.15 0.1638888888888889
0 0.1527777777777778 0.6256944444444444 0.3055555555555556 0.7486111111111111
1 0.21805555555555556 0.39791666666666664 0.13055555555555556 0.14305555555555555
0 0.26458333333333334 0.6597222222222222 0.43194444444444446 0.6805555555555556
1 0.33055555555555555 0.22430555555555556 0.07777777777777778 0.10138888888888889
0 0.24444444444444444 0.4965277777777778 0.3416666666666667 0.6541666666666667
1 0.4152777777777778 0.2326388888888889 0.075 0.09027777777777778
0 0.3013888888888889 0.4965277777777778 0.3611111111111111 0.6291666666666667
1 0.4465277777777778 0.5472222222222223 0.06805555555555555 0.08611111111111111
0 0.41180555555555554 0.6611111111111111 0.21805555555555556 0.32222222222222224
1 0.49930555555555556 0.25416666666666665 0.06805555555555555 0.07777777777777778
0 0.5069444444444444 0.4618055555555556 0.24166666666666667 0.5125
1 0.5486111111111112 0.34305555555555556 0.07222222222222222 0.10555555555555556
0 0.5076388888888889 0.5486111111111112 0.3763888888888889 0.5305555555555556
1 0.6388888888888888 0.35208333333333336 0.08888888888888889 0.12083333333333333
0 0.6805555555555556 0.6069444444444444 0.24722222222222223 0.6361111111111111
1 0.7777777777777778 0.32708333333333334 0.1 0.12638888888888888
0 0.83125 0.6277777777777778 0.3375 0.7444444444444445
1 0.9409722222222222 0.22708333333333333 0.11805555555555555 0.15416666666666667
0 0.9 0.5729166666666666 0.2 0.8541666666666666
1 0.3090277777777778 0.3416666666666667 0.10138888888888889 0.11944444444444445
0 0.29375 0.5555555555555556 0.32916666666666666 0.5944444444444444