1 0.5663296568627451 0.7064950980392157 0.019301470588235295 0.0298202614379085
0 0.5651041666666666 0.7914624183006536 0.08854166666666667 0.2013888888888889
1 0.5458026960784313 0.6924019607843137 0.01685049019607843 0.02696078431372549
0 0.5392156862745098 0.7732843137254902 0.0508578431372549 0.19281045751633988
1 0.6124387254901961 0.6889297385620915 0.012867647058823529 0.02165032679738562
0 0.609375 0.7593954248366013 0.04595588235294118 0.16584967320261437
1 0.7959558823529411 0.6787173202614379 0.014093137254901961 0.020833333333333332
0 0.8065257352941176 0.735498366013072 0.05361519607843137 0.14338235294117646
1 0.7847732843137255 0.6803513071895425 0.01133578431372549 0.017565359477124183
0 0.7945772058823529 0.7336601307189542 0.04197303921568627 0.12990196078431374
1 0.9290747549019608 0.6656454248366013 0.0070465686274509805 0.009395424836601307
0 0.9307598039215687 0.6940359477124183 0.015931372549019607 0.06535947712418301
1 0.921109068627451 0.6601307189542484 0.005208333333333333 0.00980392156862745
0 0.9212622549019608 0.6897467320261438 0.018995098039215685 0.07475490196078431
1 0.3788296568627451 0.6860702614379085 0.013786764705882353 0.024918300653594773
0 0.37454044117647056 0.7608251633986928 0.0548406862745098 0.17769607843137256
1 0.33057598039215685 0.6870915032679739 0.013480392156862746 0.021241830065359478
0 0.32950367647058826 0.7446895424836601 0.04136029411764706 0.14297385620915032
1 0.3121936274509804 0.6858660130718954 0.011642156862745098 0.016339869281045753
0 0.31357230392156865 0.7291666666666666 0.03155637254901961 0.10947712418300654
1 0.39108455882352944 0.6813725490196079 0.008884803921568627 0.014705882352941176
0 0.39537377450980393 0.735702614379085 0.03952205882352941 0.12581699346405228
1 0.4309129901960784 0.670547385620915 0.005821078431372549 0.00857843137254902
0 0.43137254901960786 0.6936274509803921 0.014705882352941176 0.058823529411764705
1 0.3708639705882353 0.6738153594771242 0.0070465686274509805 0.01184640522875817
0 0.36856617647058826 0.7099673202614379 0.023284313725490197 0.08660130718954248
1 0.3477328431372549 0.6715686274509803 0.006740196078431373 0.00980392156862745
0 0.34681372549019607 0.7015931372549019 0.018995098039215685 0.07066993464052287
1 0.3678002450980392 0.6695261437908496 0.005821078431372549 0.008986928104575163
0 0.36504289215686275 0.6997549019607843 0.023590686274509803 0.07026143790849673
1 0.23345588235294118 0.6683006535947712 0.011029411764705883 0.013071895424836602
0 0.23192401960784315 0.7169117647058824 0.03676470588235294 0.11519607843137254
1 0.32107843137254904 0.667687908496732 0.00428921568627451 0.007761437908496732
0 0.3203125 0.690359477124183 0.014399509803921568 0.05392156862745098
1 0.33318014705882354 0.6666666666666666 0.004595588235294118 0.007352941176470588
0 0.3333333333333333 0.6895424836601307 0.015318627450980392 0.05718954248366013
1 0.33318014705882354 0.6670751633986928 0.004595588235294118 0.008986928104575163
0 0.33486519607843135 0.6850490196078431 0.010416666666666666 0.04738562091503268
1 0.34191176470588236 0.6642156862745098 0.00428921568627451 0.008169934640522876
0 0.34191176470588236 0.6819852941176471 0.012254901960784314 0.046977124183006536
1 0.3512561274509804 0.6638071895424836 0.0033700980392156864 0.006535947712418301
0 0.35079656862745096 0.6825980392156863 0.012254901960784314 0.04656862745098039
1 0.39598651960784315 0.6689133986928104 0.005821078431372549 0.00857843137254902
0 0.3952205882352941 0.6970996732026143 0.01715686274509804 0.07066993464052287
1 0.37392769607843135 0.6660539215686274 0.004595588235294118 0.006127450980392157
0 0.3737745098039216 0.6850490196078431 0.011642156862745098 0.04493464052287582
1 0.39077818627450983 0.6674836601307189 0.0033700980392156864 0.004901960784313725
0 0.3880208333333333 0.6813725490196079 0.007659313725490196 0.035130718954248366
1 0.39047181372549017 0.6805555555555556 0.0070465686274509805 0.03594771241830065
0 0.39047181372549017 0.6805555555555556 0.0070465686274509805 0.03594771241830065
1 0.3825061274509804 0.6658496732026143 0.0027573529411764708 0.004084967320261438
0 0.38204656862745096 0.6813725490196079 0.00980392156862745 0.03758169934640523
1 0.3772977941176471 0.6646241830065359 0.0033700980392156864 0.004901960784313725
0 0.3776041666666667 0.6797385620915033 0.006433823529411764 0.03594771241830065
1 0.36182598039215685 0.6670751633986928 0.003676470588235294 0.004901960784313725
0 0.36121323529411764 0.6850490196078431 0.011029411764705883 0.042483660130718956
1 0.3616727941176471 0.6668709150326797 0.003982843137254902 0.0053104575163398695
0 0.3616727941176471 0.6766748366013072 0.008272058823529412 0.0363562091503268