1 0.9537401574803149 0.2635933806146572 0.0610236220472441 0.08747044917257683
0 0.9242125984251969 0.5035460992907801 0.14763779527559054 0.6193853427895981
1 0.7637795275590551 0.30141843971631205 0.09055118110236221 0.12529550827423167
0 0.7696850393700787 0.599290780141844 0.29133858267716534 0.8014184397163121
1 0.5866141732283464 0.32742316784869974 0.09055118110236221 0.14420803782505912
0 0.6181102362204725 0.6205673758865248 0.23622047244094488 0.7588652482269503
1 0.5088582677165354 0.24231678486997635 0.08858267716535433 0.13002364066193853
0 0.5334645669291339 0.5307328605200946 0.2637795275590551 0.8014184397163121
1 0.406496062992126 0.34397163120567376 0.08464566929133858 0.1347517730496454
0 0.4153543307086614 0.6264775413711584 0.2204724409448819 0.7470449172576832
1 0.2263779527559055 0.2801418439716312 0.08267716535433071 0.12056737588652482
0 0.2106299212598425 0.5921985815602837 0.2795275590551181 0.8156028368794326
1 0.2903543307086614 0.5023640661938534 0.10433070866141732 0.14893617021276595
0 0.2933070866141732 0.7033096926713948 0.3110236220472441 0.5933806146572104
1 0.5482283464566929 0.49645390070921985 0.11220472440944881 0.16548463356973994
0 0.5452755905511811 0.693853427895981 0.31496062992125984 0.6122931442080378