1 0.83125 0.431875 0.030833333333333334 0.04875
0 0.8354166666666667 0.589375 0.08583333333333333 0.37875
1 0.8666666666666667 0.439375 0.03833333333333333 0.07125
0 0.8679166666666667 0.626875 0.10083333333333333 0.45375
1 0.7308333333333333 0.505 0.035 0.06
0 0.73 0.650625 0.08833333333333333 0.35125
1 0.8395833333333333 0.591875 0.0625 0.12125
0 0.8458333333333333 0.754375 0.18833333333333332 0.49125
1 0.9291666666666667 0.438125 0.05 0.07125
0 0.93625 0.674375 0.1125 0.55875
1 0.6458333333333334 0.485625 0.03666666666666667 0.06375
0 0.645 0.67625 0.08833333333333333 0.4575
1 0.6883333333333334 0.68875 0.08833333333333333 0.1725
0 0.7095833333333333 0.78875 0.24083333333333334 0.4225
1 0.55125 0.6725 0.1025 0.195
0 0.5525 0.780625 0.2683333333333333 0.43875
1 0.55125 0.490625 0.030833333333333334 0.06625
0 0.5475 0.665 0.08 0.4275
1 0.4708333333333333 0.52625 0.025 0.0475
0 0.47541666666666665 0.659375 0.0725 0.32375
1 0.30041666666666667 0.529375 0.034166666666666665 0.06375
0 0.3145833333333333 0.72375 0.08416666666666667 0.4575
1 0.3958333333333333 0.566875 0.028333333333333332 0.06125
0 0.4008333333333333 0.7 0.08166666666666667 0.3375
1 0.34541666666666665 0.580625 0.059166666666666666 0.10625
0 0.37583333333333335 0.75625 0.15333333333333332 0.4875
1 0.13791666666666666 0.639375 0.05583333333333333 0.09375
0 0.17166666666666666 0.789375 0.13166666666666665 0.42125
1 0.17416666666666666 0.565625 0.025 0.04625
0 0.19708333333333333 0.715625 0.0975 0.34625
1 0.08458333333333333 0.623125 0.035833333333333335 0.05625
0 0.11208333333333333 0.79625 0.11416666666666667 0.4075