1 0.04296875 0.1712403951701427 0.0625 0.08781558726673985
0 0.06298828125 0.37102085620197583 0.1259765625 0.49176728869374314
1 0.0234375 0.18990120746432493 0.04296875 0.07244785949506037
0 0.07861328125 0.3814489571899012 0.1572265625 0.46871569703622395
1 0.24169921875 0.34906695938529086 0.0791015625 0.09440175631174534
0 0.21875 0.615257958287596 0.224609375 0.6597145993413831
1 0.33935546875 0.4407244785949506 0.0712890625 0.0889132821075741
0 0.3203125 0.6536772777167947 0.17578125 0.5279912184412733
1 0.42041015625 0.07683863885839737 0.0869140625 0.11855104281009879
0 0.44091796875 0.4747530186608123 0.2626953125 0.9363336992316136
1 0.59130859375 0.44017563117453345 0.0810546875 0.10976948408342481
0 0.61181640625 0.6344676180021954 0.1865234375 0.5093304061470911
1 0.77197265625 0.34796926454445665 0.0791015625 0.1141602634467618
0 0.75439453125 0.5872667398463227 0.2119140625 0.6586169045005489
1 0.927734375 0.19538968166849616 0.0234375 0.02854006586169045
0 0.93310546875 0.2683863885839737 0.0732421875 0.17892425905598244
1 0.9580078125 0.24039517014270034 0.01171875 0.015367727771679473
0 0.95458984375 0.27771679473106475 0.0361328125 0.10098792535675083
1 0.994140625 0.19813391877058179 0.01171875 0.018660812294182216
0 0.984375 0.25905598243688255 0.03125 0.14489571899012074
1 0.93994140625 0.20856201975850713 0.0166015625 0.021953896816684963
0 0.93359375 0.2738748627881449 0.06640625 0.15916575192096596