1 0.9623076923076923 0.4680170575692964 0.03076923076923077 0.046908315565031986
0 0.9573076923076923 0.6023454157782516 0.08538461538461538 0.32409381663113007
1 0.8896153846153846 0.44136460554371004 0.05153846153846154 0.0767590618336887
0 0.8834615384615384 0.7041577825159915 0.15153846153846154 0.591684434968017
1 0.7826923076923077 0.4445628997867804 0.03769230769230769 0.06183368869936034
0 0.7753846153846153 0.6236673773987207 0.09230769230769231 0.44136460554371004
1 0.7 0.45149253731343286 0.013846153846153847 0.022388059701492536
0 0.708076923076923 0.5063965884861408 0.03769230769230769 0.14072494669509594
1 0.7057692307692308 0.5 0.016153846153846154 0.03411513859275053
0 0.7119230769230769 0.5367803837953091 0.036153846153846154 0.11194029850746269
1 0.5876923076923077 0.47547974413646055 0.04461538461538461 0.06823027718550106
0 0.5823076923076923 0.6417910447761194 0.08307692307692308 0.40298507462686567
1 0.49846153846153846 0.4877398720682303 0.03538461538461538 0.054371002132196165
0 0.49538461538461537 0.6385927505330491 0.08615384615384615 0.37100213219616207
1 0.6419230769230769 0.4722814498933902 0.026923076923076925 0.04051172707889126
0 0.6326923076923077 0.5751599147121536 0.05307692307692308 0.2697228144989339
1 0.4176923076923077 0.4653518123667377 0.021538461538461538 0.03731343283582089
0 0.42115384615384616 0.5991471215351812 0.05307692307692308 0.3091684434968017
1 0.3526923076923077 0.47174840085287845 0.02846153846153846 0.04584221748400853
0 0.37038461538461537 0.6311300639658849 0.10692307692307693 0.36886993603411516
1 0.295 0.4994669509594883 0.03923076923076923 0.060767590618336885
0 0.29307692307692307 0.6727078891257996 0.1 0.4136460554371002
1 0.27 0.48294243070362475 0.024615384615384615 0.04477611940298507
0 0.26576923076923076 0.6012793176972282 0.054615384615384614 0.31982942430703626
1 0.195 0.4642857142857143 0.03769230769230769 0.05863539445628998
0 0.18423076923076923 0.6551172707889126 0.1176923076923077 0.4466950959488273
1 0.05153846153846154 0.6279317697228145 0.10307692307692308 0.3880597014925373
0 0.05153846153846154 0.6279317697228145 0.10307692307692308 0.3880597014925373
1 0.09 0.447228144989339 0.023076923076923078 0.03304904051172708
0 0.0876923076923077 0.5415778251599147 0.047692307692307694 0.22388059701492538
1 0.11846153846153847 0.47761194029850745 0.04 0.05543710021321962
0 0.12461538461538461 0.6289978678038379 0.06615384615384616 0.373134328358209
1 0.21153846153846154 0.48294243070362475 0.016923076923076923 0.031982942430703626
0 0.2153846153846154 0.5613006396588486 0.04 0.20575692963752665
1 0.15730769230769232 0.4573560767590618 0.019230769230769232 0.031982942430703626
0 0.16038461538461538 0.5143923240938166 0.03 0.15245202558635396
1 0.6926923076923077 0.5261194029850746 0.016153846153846154 0.028784648187633263
0 0.6934615384615385 0.5756929637526652 0.04846153846153846 0.14498933901918976
1 0.03346153846153846 0.5074626865671642 0.016153846153846154 0.023454157782515993
0 0.03653846153846154 0.5810234541577826 0.036153846153846154 0.17697228144989338
1 0.43423076923076925 0.46748400852878463 0.03 0.04371002132196162
0 0.4288461538461538 0.6082089552238806 0.07153846153846154 0.3294243070362473
1 0.13346153846153846 0.5426439232409381 0.025384615384615384 0.22388059701492538
0 0.13346153846153846 0.5426439232409381 0.025384615384615384 0.22388059701492538