1 0.0234375 0.4383408071748879 0.040625 0.06502242152466367
0 0.05859375 0.6311659192825112 0.1171875 0.45964125560538116
1 0.09765625 0.4327354260089686 0.0140625 0.026905829596412557
0 0.09921875 0.49551569506726456 0.0421875 0.16591928251121077
1 0.165625 0.5392376681614349 0.046875 0.07399103139013453
0 0.1796875 0.6760089686098655 0.159375 0.35650224215246634
1 0.2796875 0.3845291479820628 0.025 0.042600896860986545
0 0.2859375 0.47197309417040356 0.046875 0.2219730941704036
1 0.31015625 0.5044843049327354 0.0328125 0.053811659192825115
0 0.28359375 0.5997757847533632 0.1234375 0.2713004484304933
1 0.34921875 0.4910313901345291 0.0359375 0.05829596412556054
0 0.31328125 0.6188340807174888 0.1390625 0.33183856502242154
1 0.41015625 0.45964125560538116 0.0328125 0.06726457399103139
0 0.4015625 0.6300448430493274 0.140625 0.4170403587443946
1 0.48671875 0.49327354260089684 0.0359375 0.06726457399103139
0 0.471875 0.6547085201793722 0.128125 0.40358744394618834
1 0.55234375 0.523542600896861 0.0453125 0.07847533632286996
0 0.5109375 0.7096412556053812 0.15 0.4641255605381166
1 0.6203125 0.5347533632286996 0.046875 0.06950672645739911
0 0.60390625 0.7477578475336323 0.1890625 0.5
1 0.803125 0.5448430493273543 0.053125 0.08520179372197309
0 0.7875 0.7455156950672646 0.153125 0.5089686098654709
1 0.93125 0.554932735426009 0.0875 0.11434977578475336
0 0.8890625 0.7432735426008968 0.221875 0.5134529147982063
1 0.934375 0.4282511210762332 0.040625 0.06278026905829596
0 0.93515625 0.5336322869955157 0.0921875 0.2914798206278027
1 0.5921875 0.4327354260089686 0.0375 0.06726457399103139
0 0.58984375 0.5302690582959642 0.0890625 0.2802690582959641