1 0.9014084507042254 0.12857142857142856 0.014084507042253521 0.014285714285714285
0 0.902112676056338 0.16857142857142857 0.035211267605633804 0.10571428571428572
1 0.8605633802816901 0.13071428571428573 0.01971830985915493 0.018571428571428572
0 0.8633802816901408 0.18857142857142858 0.03943661971830986 0.14
1 0.8359154929577465 0.14285714285714285 0.023943661971830985 0.022857142857142857
0 0.8436619718309859 0.20714285714285716 0.05352112676056338 0.15714285714285714
1 0.7676056338028169 0.15214285714285714 0.02535211267605634 0.032857142857142856
0 0.7838028169014084 0.23785714285714285 0.08028169014084507 0.22428571428571428
1 0.7302816901408451 0.155 0.023943661971830985 0.027142857142857142
0 0.7366197183098592 0.25357142857142856 0.07323943661971831 0.23
1 0.7471830985915493 0.18142857142857144 0.029577464788732393 0.03428571428571429
0 0.754225352112676 0.2757142857142857 0.07464788732394366 0.22857142857142856
1 0.6725352112676056 0.16357142857142856 0.023943661971830985 0.032857142857142856
0 0.6746478873239437 0.255 0.0676056338028169 0.22142857142857142
1 0.6514084507042254 0.14357142857142857 0.029577464788732393 0.03
0 0.6507042253521127 0.2571428571428571 0.10422535211267606 0.2714285714285714
1 0.6352112676056338 0.195 0.036619718309859155 0.041428571428571426
0 0.6239436619718309 0.30428571428571427 0.10140845070422536 0.26285714285714284
1 0.5232394366197183 0.17357142857142857 0.04084507042253521 0.05
0 0.5535211267605634 0.3221428571428571 0.10985915492957747 0.35285714285714287
1 0.4253521126760563 0.19142857142857142 0.05352112676056338 0.06571428571428571
0 0.4647887323943662 0.3707142857142857 0.1352112676056338 0.42714285714285716
1 0.3295774647887324 0.195 0.04225352112676056 0.05
0 0.3302816901408451 0.3 0.08309859154929577 0.26571428571428574
1 0.30704225352112674 0.21071428571428572 0.04788732394366197 0.05285714285714286
0 0.3147887323943662 0.33214285714285713 0.09718309859154929 0.30142857142857143
1 0.29014084507042254 0.24428571428571427 0.04788732394366197 0.05714285714285714
0 0.30422535211267604 0.4157142857142857 0.11267605633802817 0.4057142857142857
1 0.22042253521126762 0.22714285714285715 0.04366197183098591 0.045714285714285714
0 0.23661971830985915 0.3557142857142857 0.10985915492957747 0.31142857142857144
1 0.2507042253521127 0.1657142857142857 0.036619718309859155 0.04285714285714286
0 0.252112676056338 0.2814285714285714 0.09859154929577464 0.2742857142857143
1 0.19929577464788734 0.2735714285714286 0.057746478873239436 0.05857142857142857
0 0.21690140845070421 0.4614285714285714 0.16056338028169015 0.44857142857142857
1 0.1471830985915493 0.22 0.04929577464788732 0.05714285714285714
0 0.15704225352112677 0.35214285714285715 0.09718309859154929 0.3271428571428571
1 0.09436619718309859 0.2714285714285714 0.07042253521126761 0.06857142857142857
0 0.15352112676056337 0.44 0.21690140845070421 0.4114285714285714
1 0.045774647887323945 0.21071428571428572 0.09154929577464789 0.10714285714285714
0 0.15352112676056337 0.5514285714285714 0.30704225352112674 0.8085714285714286
1 0.428169014084507 0.2742857142857143 0.0676056338028169 0.08571428571428572
0 0.4 0.4957142857142857 0.2535211267605634 0.5371428571428571