1 0.0302734375 0.6209677419354839 0.037109375 0.06598240469208211
0 0.04931640625 0.7903225806451613 0.0986328125 0.41348973607038125
1 0.12451171875 0.6334310850439883 0.0341796875 0.06158357771260997
0 0.10986328125 0.782991202346041 0.1240234375 0.3782991202346041
1 0.166015625 0.6158357771260997 0.0234375 0.04985337243401759
0 0.17138671875 0.7558651026392962 0.0791015625 0.3387096774193548
1 0.20703125 0.5850439882697948 0.041015625 0.07038123167155426
0 0.20703125 0.7683284457478006 0.1328125 0.44281524926686217
1 0.2275390625 0.5901759530791789 0.033203125 0.060117302052785926
0 0.23291015625 0.7587976539589443 0.0966796875 0.4090909090909091
1 0.39208984375 0.5425219941348973 0.0380859375 0.07624633431085044
0 0.39111328125 0.7478005865102639 0.1416015625 0.5043988269794721
1 0.3515625 0.5762463343108505 0.0390625 0.06744868035190615
0 0.34423828125 0.7382697947214076 0.0908203125 0.4002932551319648
1 0.32421875 0.5813782991202346 0.02734375 0.04838709677419355
0 0.3173828125 0.7426686217008798 0.080078125 0.3885630498533724
1 0.41943359375 0.5740469208211144 0.0380859375 0.0718475073313783
0 0.43798828125 0.748533724340176 0.1025390625 0.43548387096774194
1 0.48046875 0.6121700879765396 0.0234375 0.036656891495601175
0 0.484375 0.7434017595307918 0.0703125 0.3196480938416422
1 0.4912109375 0.6114369501466276 0.025390625 0.03812316715542522
0 0.50830078125 0.7470674486803519 0.0615234375 0.3181818181818182
1 0.56298828125 0.6136363636363636 0.0224609375 0.03372434017595308
0 0.55859375 0.7441348973607038 0.078125 0.3181818181818182
1 0.68359375 0.3152492668621701 0.072265625 0.10850439882697947
0 0.70166015625 0.6173020527859238 0.2763671875 0.7653958944281525
1 0.8388671875 0.3651026392961877 0.072265625 0.12316715542521994
0 0.8330078125 0.6436950146627566 0.21875 0.7126099706744868
1 0.990234375 0.5601173020527859 0.01953125 0.07331378299120235
0 0.9755859375 0.748533724340176 0.048828125 0.4706744868035191
1 0.6025390625 0.6143695014662757 0.021484375 0.03225806451612903
0 0.595703125 0.7434017595307918 0.052734375 0.31378299120234604
1 0.30908203125 0.5960410557184751 0.0302734375 0.051319648093841645
0 0.30224609375 0.7434017595307918 0.0830078125 0.3519061583577713