1 0.2483606557377049 0.6756756756756757 0.04426229508196721 0.07862407862407862
0 0.2573770491803279 0.8132678132678133 0.17049180327868851 0.37346437346437344
1 0.3 0.7051597051597052 0.019672131147540985 0.029484029484029485
0 0.30491803278688523 0.8034398034398035 0.04590163934426229 0.23587223587223588
1 0.2934426229508197 0.6486486486486487 0.013114754098360656 0.019656019656019656
0 0.2959016393442623 0.7063882063882064 0.03114754098360656 0.14496314496314497
1 0.3516393442622951 0.6547911547911548 0.018032786885245903 0.03194103194103194
0 0.34672131147540985 0.7248157248157249 0.05737704918032787 0.18673218673218672
1 0.37459016393442623 0.6511056511056511 0.014754098360655738 0.02457002457002457
0 0.3729508196721312 0.7358722358722358 0.027868852459016394 0.19901719901719903
1 0.38688524590163936 0.6670761670761671 0.01639344262295082 0.02702702702702703
0 0.3844262295081967 0.7358722358722358 0.03114754098360656 0.16461916461916462
1 0.4122950819672131 0.6633906633906634 0.018032786885245903 0.029484029484029485
0 0.41147540983606556 0.7432432432432432 0.04918032786885246 0.20884520884520885
1 0.4237704918032787 0.6474201474201474 0.00819672131147541 0.0171990171990172
0 0.42540983606557375 0.7051597051597052 0.027868852459016394 0.15724815724815724
1 0.44016393442622953 0.6498771498771498 0.018032786885245903 0.036855036855036855
0 0.4459016393442623 0.7444717444717445 0.05245901639344262 0.23095823095823095
1 0.46229508196721314 0.6511056511056511 0.01639344262295082 0.029484029484029485
0 0.46311475409836067 0.726044226044226 0.03442622950819672 0.1941031941031941
1 0.47622950819672133 0.6621621621621622 0.018032786885245903 0.03194103194103194
0 0.4745901639344262 0.7346437346437347 0.03442622950819672 0.18673218673218672
1 0.5065573770491804 0.6363636363636364 0.019672131147540985 0.03931203931203931
0 0.5065573770491804 0.7321867321867321 0.06229508196721312 0.23587223587223588
1 0.5565573770491803 0.6609336609336609 0.018032786885245903 0.029484029484029485
0 0.5467213114754098 0.7444717444717445 0.047540983606557376 0.20147420147420148
1 0.5827868852459016 0.6609336609336609 0.021311475409836064 0.044226044226044224
0 0.578688524590164 0.7800982800982801 0.06557377049180328 0.29238329238329236
1 0.6032786885245902 0.6609336609336609 0.019672131147540985 0.0343980343980344
0 0.6049180327868853 0.7555282555282555 0.04918032786885246 0.2285012285012285
1 0.780327868852459 0.6621621621621622 0.02622950819672131 0.051597051597051594
0 0.7688524590163934 0.8108108108108109 0.06229508196721312 0.3538083538083538
1 0.7549180327868853 0.6117936117936118 0.05737704918032787 0.09828009828009827
0 0.7508196721311475 0.7813267813267813 0.14098360655737704 0.43734643734643736
1 0.910655737704918 0.6326781326781327 0.018032786885245903 0.04176904176904177
0 0.9008196721311476 0.7297297297297297 0.06721311475409836 0.25552825552825553