1 0.2504166666666667 0.26375 0.10083333333333333 0.21
0 0.19 0.5725 0.27 0.855
1 0.3983333333333333 0.1725 0.08666666666666667 0.1625
0 0.2816666666666667 0.5425 0.3516666666666667 0.915
1 0.4008333333333333 0.3825 0.1 0.205
0 0.32625 0.631875 0.2808333333333333 0.73625
1 0.5025 0.243125 0.08 0.18375
0 0.5383333333333333 0.56625 0.20166666666666666 0.8425
1 0.5766666666666667 0.231875 0.08333333333333333 0.16625
0 0.59 0.570625 0.17166666666666666 0.85875
1 0.6679166666666667 0.274375 0.1025 0.17875
0 0.76625 0.5875 0.33916666666666667 0.825
1 0.74375 0.371875 0.10416666666666667 0.19375
0 0.84125 0.63 0.3175 0.74
1 0.5795833333333333 0.440625 0.09583333333333334 0.19875
0 0.66875 0.668125 0.2808333333333333 0.66375
1 0.4741666666666667 0.485 0.09666666666666666 0.18
0 0.4725 0.694375 0.20333333333333334 0.61125