1 0.005813953488372093 0.7411504424778761 0.011627906976744186 0.017699115044247787
0 0.019933554817275746 0.7876106194690266 0.03986710963455149 0.11946902654867257
1 0.11046511627906977 0.7356194690265486 0.014950166112956811 0.024336283185840708
0 0.10215946843853821 0.8019911504424779 0.07475083056478406 0.16592920353982302
1 0.16196013289036545 0.7256637168141593 0.014950166112956811 0.017699115044247787
0 0.1553156146179402 0.7765486725663717 0.03820598006644518 0.12389380530973451
1 0.18272425249169436 0.7356194690265486 0.009966777408637873 0.015486725663716814
0 0.1760797342192691 0.7798672566371682 0.029900332225913623 0.1084070796460177
1 0.20514950166112958 0.7289823008849557 0.011627906976744186 0.015486725663716814
0 0.2026578073089701 0.7798672566371682 0.03986710963455149 0.1261061946902655
1 0.3380398671096346 0.7334070796460177 0.008305647840531562 0.011061946902654867
0 0.3380398671096346 0.7732300884955752 0.02823920265780731 0.09513274336283185
1 0.36129568106312293 0.7732300884955752 0.02823920265780731 0.07743362831858407
0 0.36129568106312293 0.7732300884955752 0.02823920265780731 0.07743362831858407
1 0.31561461794019935 0.7621681415929203 0.019933554817275746 0.07743362831858407
0 0.31561461794019935 0.7621681415929203 0.019933554817275746 0.07743362831858407
1 0.48588039867109634 0.7367256637168141 0.018272425249169437 0.022123893805309734
0 0.4692691029900332 0.7942477876106194 0.05813953488372093 0.1504424778761062
1 0.5232558139534884 0.7477876106194691 0.013289036544850499 0.02654867256637168
0 0.5282392026578073 0.8030973451327433 0.05647840531561462 0.15486725663716813
1 0.5855481727574751 0.7665929203539823 0.02159468438538206 0.033185840707964605
0 0.6071428571428571 0.838495575221239 0.07142857142857142 0.18584070796460178
1 0.6486710963455149 0.7665929203539823 0.02159468438538206 0.028761061946902654
0 0.6395348837209303 0.827433628318584 0.053156146179401995 0.15486725663716813
1 0.7084717607973422 0.7522123893805309 0.011627906976744186 0.01327433628318584
0 0.7101328903654485 0.7964601769911505 0.03488372093023256 0.11061946902654868
1 0.7533222591362126 0.7511061946902655 0.014950166112956811 0.024336283185840708
0 0.7566445182724253 0.8097345132743363 0.03820598006644518 0.15486725663716813
1 0.8820598006644518 0.7334070796460177 0.019933554817275746 0.028761061946902654
0 0.8795681063122923 0.8174778761061947 0.05813953488372093 0.20575221238938052
1 0.8995016611295681 0.7300884955752213 0.011627906976744186 0.017699115044247787
0 0.8970099667774086 0.7831858407079646 0.029900332225913623 0.12831858407079647
1 0.9318936877076412 0.7323008849557522 0.013289036544850499 0.022123893805309734
0 0.9285714285714286 0.7876106194690266 0.03322259136212625 0.1415929203539823
1 0.9651162790697675 0.7411504424778761 0.013289036544850499 0.022123893805309734
0 0.9617940199335548 0.7787610619469026 0.029900332225913623 0.11946902654867257
1 0.9900332225913622 0.7234513274336283 0.013289036544850499 0.017699115044247787
0 0.9883720930232558 0.7688053097345132 0.023255813953488372 0.1172566371681416
1 0.9966777408637874 0.7345132743362832 0.006644518272425249 0.017699115044247787
0 0.9883720930232558 0.8019911504424779 0.023255813953488372 0.17035398230088494