1 0.191 0.3083560399636694 0.13266666666666665 0.18256130790190736
0 0.20933333333333334 0.6067211625794732 0.296 0.7865576748410535
1 0.588 0.22797456857402362 0.11733333333333333 0.21798365122615804
0 0.5286666666666666 0.5554041780199819 0.37066666666666664 0.8891916439600364
1 0.831 0.2829246139872843 0.13266666666666665 0.1880108991825613
0 0.8256666666666667 0.5408719346049047 0.2926666666666667 0.9182561307901907
1 0.14 0.24069028156221617 0.088 0.15622161671207993
0 0.12733333333333333 0.5758401453224341 0.25466666666666665 0.8483197093551317
1 0.393 0.28701180744777477 0.08066666666666666 0.11625794732061762
0 0.39166666666666666 0.5953678474114441 0.254 0.8092643051771117
1 0.6846666666666666 0.2393278837420527 0.096 0.13533151680290645
0 0.702 0.5821980018165305 0.2613333333333333 0.8356039963669392