1 0.1201171875 0.21376281112737922 0.130859375 0.25768667642752563
0 0.25439453125 0.5219619326500732 0.5087890625 0.9560761346998536
1 0.35107421875 0.2525622254758419 0.1162109375 0.24743777452415813
0 0.42041015625 0.5592972181551976 0.6005859375 0.8814055636896047
1 0.5830078125 0.28111273792093705 0.103515625 0.21669106881405564
0 0.5244140625 0.5 0.708984375 1
1 0.4990234375 0.4472913616398243 0.158203125 0.3089311859443631
0 0.419921875 0.637628111273792 0.525390625 0.7247437774524158
1 0.6455078125 0.4663250366032211 0.126953125 0.26500732064421667
0 0.65283203125 0.5 0.6943359375 1
1 0.78515625 0.5168374816983895 0.1328125 0.27232796486090777
0 0.822265625 0.6617862371888726 0.35546875 0.6764275256222547