1 0.02112676056338028 0.4080338266384778 0.04225352112676056 0.07188160676532769
0 0.05985915492957746 0.6342494714587738 0.11971830985915492 0.53276955602537
1 0.01619718309859155 0.3562367864693446 0.023943661971830985 0.04439746300211417
0 0.028873239436619718 0.4915433403805497 0.057746478873239436 0.32346723044397463
1 0.038028169014084505 0.34355179704016914 0.014084507042253521 0.023255813953488372
0 0.03943661971830986 0.43446088794926 0.036619718309859155 0.2219873150105708
1 0.07183098591549296 0.38372093023255816 0.022535211267605635 0.035940803382663845
0 0.07253521126760563 0.5169133192389006 0.08591549295774648 0.32346723044397463
1 0.11901408450704225 0.379492600422833 0.02112676056338028 0.035940803382663845
0 0.12323943661971831 0.49577167019027485 0.07464788732394366 0.28964059196617337
1 0.14788732394366197 0.3361522198731501 0.016901408450704224 0.02959830866807611
0 0.1443661971830986 0.40274841437632136 0.0323943661971831 0.17547568710359407
1 0.1704225352112676 0.34355179704016914 0.02535211267605634 0.040169133192389
0 0.16690140845070423 0.45348837209302323 0.06619718309859154 0.2727272727272727
1 0.18943661971830986 0.3456659619450317 0.015492957746478873 0.023255813953488372
0 0.1908450704225352 0.41014799154334036 0.038028169014084505 0.1733615221987315
1 0.2380281690140845 0.36046511627906974 0.022535211267605635 0.03171247357293869
0 0.23661971830985915 0.45665961945031713 0.056338028169014086 0.23678646934460887
1 0.28169014084507044 0.3181818181818182 0.008450704225352112 0.014799154334038054
0 0.2823943661971831 0.3657505285412262 0.02676056338028169 0.11839323467230443
1 0.28169014084507044 0.38372093023255816 0.04225352112676056 0.07822410147991543
0 0.2774647887323944 0.6025369978858351 0.16338028169014085 0.53276955602537
1 0.31197183098591547 0.3498942917547569 0.01267605633802817 0.023255813953488372
0 0.3077464788732394 0.40063424947145876 0.023943661971830985 0.12896405919661733
1 0.3274647887323944 0.346723044397463 0.01267605633802817 0.021141649048625793
0 0.32535211267605635 0.40169133192389006 0.028169014084507043 0.13107822410147993
1 0.3591549295774648 0.35306553911205074 0.014084507042253521 0.021141649048625793
0 0.35563380281690143 0.42283298097251587 0.04647887323943662 0.1733615221987315
1 0.38309859154929576 0.36046511627906974 0.01971830985915493 0.03171247357293869
0 0.3823943661971831 0.45771670190274844 0.057746478873239436 0.2346723044397463
1 0.4211267605633803 0.3403805496828753 0.005633802816901409 0.008456659619450317
0 0.4204225352112676 0.35517970401691334 0.01267605633802817 0.0507399577167019
1 0.47183098591549294 0.346723044397463 0.016901408450704224 0.02959830866807611
0 0.4676056338028169 0.4408033826638478 0.059154929577464786 0.23890063424947147
1 0.4880281690140845 0.35200845665961944 0.01267605633802817 0.019027484143763214
0 0.4880281690140845 0.39957716701902746 0.02112676056338028 0.1226215644820296
1 0.5091549295774648 0.3456659619450317 0.01267605633802817 0.019027484143763214
0 0.5077464788732394 0.3985200845665962 0.0323943661971831 0.12896405919661733
1 0.5154929577464789 0.35200845665961944 0.011267605633802818 0.019027484143763214
0 0.5211267605633803 0.4059196617336152 0.036619718309859155 0.13530655391120508
1 0.5309859154929577 0.3456659619450317 0.01971830985915493 0.03171247357293869
0 0.5288732394366197 0.4143763213530655 0.04366197183098591 0.1733615221987315
1 0.5556338028169014 0.35200845665961944 0.01267605633802817 0.023255813953488372
0 0.5542253521126761 0.4154334038054968 0.02676056338028169 0.15856236786469344
1 0.6619718309859155 0.313953488372093 0.008450704225352112 0.014799154334038054
0 0.6577464788732394 0.35412262156448204 0.02535211267605634 0.10359408033826638
1 0.6838028169014084 0.3150105708245243 0.009859154929577466 0.012684989429175475
0 0.680281690140845 0.35095137420718814 0.030985915492957747 0.09302325581395349
1 0.673943661971831 0.36257928118393234 0.01267605633802817 0.014799154334038054
0 0.6746478873239437 0.41014799154334036 0.022535211267605635 0.11416490486257928
1 0.6816901408450704 0.3668076109936575 0.008450704225352112 0.014799154334038054
0 0.6830985915492958 0.41226215644820297 0.022535211267605635 0.10993657505285412
1 0.5429577464788733 0.42283298097251587 0.038028169014084505 0.06765327695560254
0 0.5295774647887324 0.6141649048625792 0.15211267605633802 0.48414376321353064
1 0.6260563380281691 0.3953488372093023 0.04084507042253521 0.06765327695560254
0 0.6154929577464788 0.5782241014799154 0.11830985915492957 0.4418604651162791
1 0.7394366197183099 0.4080338266384778 0.03380281690140845 0.06342494714587738
0 0.7387323943661972 0.6025369978858351 0.12253521126760564 0.47357293868921774
1 0.9176056338028169 0.40063424947145876 0.04366197183098591 0.06976744186046512
0 0.9084507042253521 0.5940803382663847 0.1323943661971831 0.46511627906976744
1 0.39859154929577467 0.36046511627906974 0.014084507042253521 0.023255813953488372
0 0.397887323943662 0.4249471458773784 0.023943661971830985 0.160676532769556