1 0.017333333333333333 0.8442932728647015 0.016666666666666666 0.045351473922902494
0 0.021166666666666667 0.91005291005291 0.042333333333333334 0.17989417989417988
1 0.05266666666666667 0.8401360544217688 0.016666666666666666 0.04610733182161754
0 0.05533333333333333 0.9066515495086923 0.05333333333333334 0.18669690098261527
1 0.11666666666666667 0.8359788359788359 0.025333333333333333 0.06349206349206349
0 0.10116666666666667 0.9017384731670446 0.07233333333333333 0.1965230536659108
1 0.12433333333333334 0.825774754346183 0.014 0.04157218442932729
0 0.12683333333333333 0.9009826152683296 0.039 0.1980347694633409
1 0.146 0.7430083144368859 0.006666666666666667 0.016628873771730914
0 0.14516666666666667 0.7955404383975813 0.019666666666666666 0.12320483749055178
1 0.365 0.891156462585034 0.012666666666666666 0.03779289493575208
0 0.36083333333333334 0.9349962207105065 0.034333333333333334 0.13000755857898716
1 0.39466666666666667 0.9089191232048375 0.013333333333333334 0.03552532123960695
0 0.3893333333333333 0.9436885865457294 0.03133333333333333 0.1126228269085412
1 0.41433333333333333 0.8518518518518519 0.011333333333333334 0.03476946334089191
0 0.4176666666666667 0.9164777021919879 0.04 0.1670445956160242
1 0.4078333333333333 0.7887377173091459 0.004333333333333333 0.012849584278155708
0 0.4086666666666667 0.8216175359032502 0.011333333333333334 0.08163265306122448
1 0.42083333333333334 0.7928949357520786 0.004333333333333333 0.012093726379440665
0 0.4205 0.8246409674981103 0.014333333333333333 0.0801209372637944
1 0.6076666666666667 0.7615268329554044 0.007333333333333333 0.02040816326530612
0 0.609 0.8201058201058201 0.022 0.14058956916099774
1 0.685 0.7773998488284203 0.006 0.01436130007558579
0 0.6893333333333334 0.8276643990929705 0.025333333333333333 0.1164021164021164
1 0.7983333333333333 0.8499622071050642 0.007333333333333333 0.015873015873015872
0 0.799 0.8873771730914588 0.027333333333333334 0.09372637944066516
1 0.7933333333333333 0.8522297808012094 0.006 0.017384731670445956
0 0.8033333333333333 0.8839758125472411 0.034666666666666665 0.0854119425547997
1 0.946 0.8337112622826909 0.005333333333333333 0.012093726379440665
0 0.9461666666666667 0.8726379440665155 0.014333333333333333 0.09145880574452003
1 0.9658333333333333 0.8382464096749811 0.005 0.012093726379440665
0 0.969 0.8775510204081632 0.014 0.09221466364323508
1 0.9938333333333333 0.826530612244898 0.0036666666666666666 0.009826152683295541
0 0.9903333333333333 0.8476946334089192 0.012666666666666666 0.05517762660619804