1 0.22666666666666666 0.315 0.09333333333333334 0.16
0 0.20166666666666666 0.56375 0.3433333333333333 0.6775
1 0.17666666666666667 0.2725 0.06333333333333334 0.11
0 0.17416666666666666 0.4575 0.11833333333333333 0.485
1 0.19666666666666666 0.07875 0.06333333333333334 0.1325
0 0.18916666666666668 0.335 0.185 0.665
1 0.2791666666666667 0.42875 0.07166666666666667 0.1225
0 0.29333333333333333 0.56625 0.17333333333333334 0.4225
1 0.36 0.40625 0.06666666666666667 0.1175
0 0.3775 0.51875 0.15166666666666667 0.3525
1 0.38 0.25875 0.05 0.0875
0 0.37583333333333335 0.4225 0.11166666666666666 0.425
1 0.4025 0.1 0.055 0.095
0 0.39666666666666667 0.3425 0.13 0.59
1 0.5591666666666667 0.36125 0.058333333333333334 0.1125
0 0.545 0.47 0.23 0.355
1 0.6866666666666666 0.37375 0.08666666666666667 0.1475
0 0.6575 0.54125 0.34833333333333333 0.4925
1 0.7325 0.23 0.055 0.085
0 0.7425 0.37125 0.10166666666666667 0.3875
1 0.8358333333333333 0.32125 0.058333333333333334 0.1025
0 0.8233333333333334 0.4425 0.14666666666666667 0.375
1 0.905 0.40125 0.07666666666666666 0.0875
0 0.8841666666666667 0.5025 0.21833333333333332 0.32