1 0.7355146557600545 0.3384259259259259 0.0790729379686435 0.11944444444444445
0 0.7695978186775733 0.6375 0.20995228357191548 0.725
1 0.630879345603272 0.38333333333333336 0.05248807089297887 0.09074074074074075
0 0.656441717791411 0.6569444444444444 0.16359918200409 0.6638888888888889
1 0.456373551465576 0.34675925925925927 0.06475800954328562 0.11574074074074074
0 0.4734151329243354 0.625 0.15882753919563736 0.6759259259259259
1 0.36912065439672803 0.35185185185185186 0.05248807089297887 0.07962962962962963
0 0.38002726653033403 0.6101851851851852 0.19427402862985685 0.6148148148148148
1 0.24267211997273347 0.37037037037037035 0.047716428084526245 0.08518518518518518
0 0.2392638036809816 0.6092592592592593 0.17586912065439672 0.5685185185185185
1 0.027266530334014997 0.3726851851851852 0.054533060668029994 0.11944444444444445
0 0.0787321063394683 0.6416666666666667 0.1574642126789366 0.6722222222222223
1 0.07191547375596455 0.3861111111111111 0.04294478527607362 0.07037037037037037
0 0.09850034083162917 0.5824074074074074 0.14246762099522836 0.4666666666666667
1 0.11554192229038855 0.40185185185185185 0.03067484662576687 0.04814814814814815
0 0.13940013633265166 0.5509259259259259 0.11520109066121335 0.35185185185185186
1 0.18029993183367415 0.40046296296296297 0.033401499659168374 0.05462962962962963
0 0.20483980913428765 0.5425925925925926 0.11520109066121335 0.34814814814814815
1 0.16530334014996592 0.4097222222222222 0.025221540558963872 0.041666666666666664
0 0.1741649625085208 0.5300925925925926 0.05930470347648262 0.2898148148148148
1 0.3227675528289025 0.4115740740740741 0.023858214042263123 0.03425925925925926
0 0.321745057941377 0.5652777777777778 0.06952965235173825 0.35462962962962963
1 0.4216087252897069 0.3773148148148148 0.03612815269256987 0.06944444444444445
0 0.42603953646898435 0.5814814814814815 0.08997955010224949 0.49444444444444446
1 0.543626448534424 0.3685185185185185 0.03885480572597137 0.05925925925925926
0 0.5535105657805044 0.549537037037037 0.10361281526925699 0.425
1 0.6141785957736878 0.37916666666666665 0.0408997955010225 0.08055555555555556
0 0.6376959781867757 0.6083333333333333 0.18200408997955012 0.5407407407407407
1 0.8953646898432175 0.37592592592592594 0.04158145875937287 0.06481481481481481
0 0.898091342876619 0.5449074074074074 0.1138377641445126 0.4064814814814815
1 0.9914792092706203 0.37824074074074077 0.017041581458759374 0.07314814814814814
0 0.9628493524199045 0.5648148148148148 0.07430129516019086 0.4666666666666667
1 0.9832992501704159 0.37175925925925923 0.032038173142467624 0.05462962962962963
0 0.961826857532379 0.5541666666666667 0.076346284935242 0.4287037037037037
1 0.9522835719154737 0.37037037037037035 0.03135650988411725 0.05
0 0.950920245398773 0.5 0.07498295841854125 0.31666666666666665
1 0.8394683026584867 0.3814814814814815 0.022494887525562373 0.03518518518518519
0 0.8340149965916837 0.4912037037037037 0.06475800954328562 0.262037037037037
1 0.823790047716428 0.37407407407407406 0.032038173142467624 0.05185185185185185
0 0.8139059304703476 0.5083333333333333 0.06952965235173825 0.32037037037037036
1 0.8643490115882754 0.3939814814814815 0.006816632583503749 0.010185185185185186
0 0.8602590320381731 0.4166666666666667 0.0190865712338105 0.05925925925925926
1 0.6843899113837764 0.40925925925925927 0.029993183367416496 0.04814814814814815
0 0.6843899113837764 0.5703703703703704 0.08043626448534424 0.3851851851851852
1 0.6683708248125426 0.38842592592592595 0.018404907975460124 0.03425925925925926
0 0.6618950238582141 0.49212962962962964 0.0627130197682345 0.24722222222222223
1 0.5705521472392638 0.3912037037037037 0.0190865712338105 0.028703703703703703
0 0.5657805044308112 0.4930555555555556 0.049079754601226995 0.23796296296296296
1 0.5964553510565781 0.37222222222222223 0.03953646898432175 0.07592592592592592
0 0.614519427402863 0.5689814814814815 0.15337423312883436 0.4787037037037037
1 0.4867075664621677 0.37037037037037035 0.03680981595092025 0.06111111111111111
0 0.48500340831629174 0.5324074074074074 0.10702113156100886 0.3851851851851852
1 0.40354464894342196 0.36712962962962964 0.027266530334014997 0.049074074074074076
0 0.39161554192229037 0.5342592592592592 0.07839127471029311 0.40555555555555556
1 0.19972733469665985 0.40046296296296297 0.01772324471710975 0.028703703703703703
0 0.20279481935923654 0.4935185185185185 0.04294478527607362 0.2222222222222222
1 0.803680981595092 0.35138888888888886 0.05725971370143149 0.09166666666666666
0 0.798227675528289 0.5773148148148148 0.16496250852079072 0.5564814814814815
1 0.9038854805725971 0.3685185185185185 0.027266530334014997 0.04814814814814815
0 0.9042263122017723 0.512962962962963 0.08793456032719836 0.34074074074074073