1 0.491 0.5374812593703149 0.086 0.09145427286356822
0 0.498 0.7406296851574213 0.504 0.5187406296851574
1 0.6 0.47976011994003 0.016 0.014992503748125937
0 0.595 0.5209895052473763 0.07 0.10044977511244378
1 0.537 0.5097451274362819 0.014 0.01199400299850075
0 0.536 0.5374812593703149 0.06 0.0734632683658171
1 0.792 0.4700149925037481 0.012 0.010494752623688156
0 0.796 0.49325337331334335 0.028 0.06296851574212893
1 0.82 0.4715142428785607 0.012 0.010494752623688156
0 0.82 0.4955022488755622 0.036 0.06446776611694154
1 0.839 0.4947526236881559 0.03 0.05697151424287856
0 0.839 0.4947526236881559 0.03 0.05697151424287856
1 0.99 0.46326836581709147 0.012 0.008995502248875561
0 0.989 0.48125937031484256 0.022 0.044977511244377814
1 0.865 0.46701649175412296 0.006 0.004497751124437781
0 0.862 0.4790104947526237 0.02 0.031484257871064465
1 0.727 0.4835082458770615 0.01 0.0074962518740629685
0 0.726 0.5 0.044 0.049475262368815595
1 0.732 0.4715142428785607 0.008 0.0074962518740629685
0 0.731 0.48500749625187406 0.026 0.04047976011994003
1 0.632 0.4752623688155922 0.008 0.005997001499250375
0 0.632 0.49775112443778113 0.028 0.053973013493253376
1 0.62 0.46926536731634183 0.008 0.005997001499250375
0 0.622 0.48800599700149927 0.024 0.046476761619190406
1 0.561 0.47226386806596704 0.01 0.008995502248875561
0 0.562 0.4917541229385307 0.04 0.05697151424287856
1 0.481 0.4835082458770615 0.014 0.013493253373313344
0 0.482 0.5149925037481259 0.044 0.08845577211394302
1 0.408 0.46851574212893554 0.012 0.0074962518740629685
0 0.41 0.48875562218890556 0.032 0.050974512743628186
1 0.28 0.4737631184407796 0.016 0.01199400299850075
0 0.273 0.5097451274362819 0.046 0.08995502248875563
1 0.279 0.47301349325337333 0.014 0.010494752623688156
0 0.274 0.4955022488755622 0.032 0.0734632683658171
1 0.299 0.4715142428785607 0.006 0.004497751124437781
0 0.298 0.48875562218890556 0.024 0.050974512743628186
1 0.197 0.4775112443778111 0.018 0.013493253373313344
0 0.198 0.512743628185907 0.048 0.08995502248875563
1 0.226 0.4782608695652174 0.016 0.01199400299850075
0 0.221 0.5089955022488756 0.038 0.07946026986506746
1 0.17 0.46476761619190404 0.008 0.005997001499250375
0 0.167 0.48200899550224885 0.026 0.043478260869565216
1 0.082 0.46926536731634183 0.008 0.005997001499250375
0 0.078 0.4835082458770615 0.028 0.043478260869565216
1 0.056 0.48200899550224885 0.024 0.043478260869565216
0 0.056 0.48200899550224885 0.024 0.043478260869565216