1 0.666875 0.2831215970961887 0.13625 0.23593466424682397
0 0.739375 0.52994555353902 0.42125 0.7513611615245009
1 0.288125 0.2577132486388385 0.13625 0.2613430127041742
0 0.378125 0.515426497277677 0.61875 0.79491833030853
1 0.485625 0.26860254083484575 0.07875 0.14156079854809436
0 0.4375 0.4047186932849365 0.3 0.44646098003629764
1 0.62125 0.3176043557168784 0.09 0.1705989110707804
0 0.646875 0.5009074410163339 0.26375 0.6061705989110708
1 0.230625 0.06805807622504537 0.10375 0.13611615245009073
0 0.20625 0.4519056261343013 0.4125 0.9038112522686026
1 0.4375 0.21052631578947367 0.0525 0.09437386569872959
0 0.446875 0.39473684210526316 0.17875 0.47368421052631576
1 0.75375 0.02722323049001815 0.0375 0.0544464609800363
0 0.748125 0.3058076225045372 0.15125 0.6116152450090744