1 0.12939745508982037 0.6408848968729208 0.10235778443113773 0.15469061876247506
0 0.1377245508982036 0.7782767797737857 0.27432634730538924 0.4434464404524285
1 0.18684505988023953 0.5657019294743846 0.07990269461077844 0.15003326679973386
0 0.23007110778443113 0.7431803060545575 0.21837574850299402 0.5136393878908849
1 0.27647829341317365 0.5291084497671324 0.05108532934131736 0.11942781104457752
0 0.31914296407185627 0.6976047904191617 0.17047155688622753 0.47238855622089154
1 0.30426646706586824 0.48253493013972054 0.03405688622754491 0.0635395874916833
0 0.3346744011976048 0.6101131071190952 0.11994760479041916 0.3300066533599468
1 0.3626497005988024 0.4186626746506986 0.04752994011976048 0.10079840319361277
0 0.4124251497005988 0.5803393213572854 0.17664670658682635 0.4314703925482369
1 0.6703779940119761 0.46041250831669994 0.07017215568862276 0.12109115103127079
0 0.6481100299401198 0.6398868928809048 0.1659805389221557 0.489354624085163
1 0.8174588323353293 0.6302395209580839 0.1031062874251497 0.16067864271457086
0 0.7790044910179641 0.771290751829674 0.27020958083832336 0.457418496340652
1 0.3500187125748503 0.42797737857618096 0.03723802395209581 0.06620093147039255
0 0.39558383233532934 0.5154690618762475 0.1497005988023952 0.2458416500332668