1 0.020895522388059702 0.5795454545454546 0.03582089552238806 0.06363636363636363
0 0.04701492537313433 0.7113636363636363 0.09402985074626866 0.33636363636363636
1 0.09029850746268657 0.6090909090909091 0.03731343283582089 0.06818181818181818
0 0.0962686567164179 0.725 0.11492537313432835 0.35454545454545455
1 0.1843283582089552 0.5636363636363636 0.04029850746268657 0.08181818181818182
0 0.19701492537313434 0.7068181818181818 0.14029850746268657 0.37727272727272726
1 0.2544776119402985 0.6011363636363637 0.03731343283582089 0.075
0 0.25522388059701495 0.7363636363636363 0.10149253731343283 0.35454545454545455
1 0.3291044776119403 0.6056818181818182 0.04029850746268657 0.07045454545454545
0 0.33507462686567163 0.7454545454545455 0.10895522388059702 0.36363636363636365
1 0.4223880597014925 0.6193181818181818 0.03582089552238806 0.0659090909090909
0 0.42686567164179107 0.7454545454545455 0.1044776119402985 0.37272727272727274
1 0.4873134328358209 0.6522727272727272 0.03731343283582089 0.05909090909090909
0 0.47686567164179106 0.7738636363636363 0.10597014925373134 0.3431818181818182
1 0.5597014925373134 0.5806818181818182 0.041791044776119404 0.08409090909090909
0 0.5604477611940298 0.7397727272727272 0.1 0.4159090909090909
1 0.5977611940298507 0.6397727272727273 0.04626865671641791 0.07954545454545454
0 0.6223880597014926 0.7784090909090909 0.15223880597014924 0.3977272727272727
1 0.7544776119402985 0.6329545454545454 0.04328358208955224 0.08863636363636364
0 0.7649253731343284 0.7886363636363637 0.15074626865671642 0.41363636363636364
1 0.8582089552238806 0.6659090909090909 0.050746268656716415 0.08181818181818182
0 0.8761194029850746 0.8 0.16417910447761194 0.4
1 0.06119402985074627 0.4715909090909091 0.029850746268656716 0.056818181818181816
0 0.058208955223880594 0.5943181818181819 0.08358208955223881 0.31136363636363634
1 0.013432835820895522 0.42045454545454547 0.026865671641791045 0.05909090909090909
0 0.03582089552238806 0.5681818181818182 0.07164179104477612 0.36818181818181817
1 0.026119402985074626 0.4125 0.03134328358208955 0.056818181818181816
0 0.03134328358208955 0.55 0.0626865671641791 0.35
1 0.09253731343283582 0.41363636363636364 0.03283582089552239 0.06363636363636363
0 0.0880597014925373 0.5670454545454545 0.06567164179104477 0.3795454545454545
1 0.12164179104477611 0.4465909090909091 0.03731343283582089 0.07045454545454545
0 0.1208955223880597 0.5818181818181818 0.08955223880597014 0.34545454545454546
1 0.16716417910447762 0.4375 0.03582089552238806 0.0659090909090909
0 0.16716417910447762 0.5761363636363637 0.10746268656716418 0.3522727272727273
1 0.19925373134328359 0.4113636363636364 0.034328358208955224 0.05454545454545454
0 0.1962686567164179 0.5545454545454546 0.07014925373134329 0.37272727272727274
1 0.23955223880597015 0.45227272727272727 0.034328358208955224 0.06818181818181818
0 0.23656716417910448 0.5931818181818181 0.07611940298507462 0.35454545454545455
1 0.2507462686567164 0.4102272727272727 0.03283582089552239 0.06136363636363636
0 0.24253731343283583 0.5590909090909091 0.07313432835820896 0.37272727272727274
1 0.2798507462686567 0.42954545454545456 0.034328358208955224 0.06818181818181818
0 0.2738805970149254 0.5931818181818181 0.09402985074626866 0.40454545454545454
1 0.3291044776119403 0.45454545454545453 0.03731343283582089 0.06818181818181818
0 0.32985074626865674 0.6352272727272728 0.10149253731343283 0.4431818181818182
1 0.3447761194029851 0.4056818181818182 0.03582089552238806 0.0659090909090909
0 0.341044776119403 0.5727272727272728 0.07313432835820896 0.4090909090909091
1 0.376865671641791 0.4284090909090909 0.03731343283582089 0.0659090909090909
0 0.376865671641791 0.5875 0.0791044776119403 0.3977272727272727
1 0.42014925373134326 0.4772727272727273 0.03731343283582089 0.06363636363636363
0 0.4126865671641791 0.6272727272727273 0.09701492537313433 0.4
1 0.4552238805970149 0.43522727272727274 0.029850746268656716 0.0659090909090909
0 0.45149253731343286 0.6136363636363636 0.0880597014925373 0.44545454545454544
1 0.4798507462686567 0.4511363636363636 0.034328358208955224 0.056818181818181816
0 0.4783582089552239 0.6181818181818182 0.08208955223880597 0.42272727272727273
1 0.5276119402985074 0.4556818181818182 0.04029850746268657 0.075
0 0.5365671641791044 0.6386363636363637 0.08507462686567165 0.45
1 0.5432835820895522 0.39886363636363636 0.03880597014925373 0.07045454545454545
0 0.5440298507462686 0.6011363636363637 0.08208955223880597 0.48863636363636365
1 0.6014925373134329 0.475 0.03582089552238806 0.06363636363636363
0 0.6059701492537314 0.6545454545454545 0.1044776119402985 0.4590909090909091
1 0.6328358208955224 0.38295454545454544 0.03880597014925373 0.075
0 0.6380597014925373 0.6045454545454545 0.10895522388059702 0.5318181818181819
1 0.6873134328358209 0.4102272727272727 0.04328358208955224 0.08863636363636364
0 0.6895522388059702 0.6102272727272727 0.08059701492537313 0.5022727272727273
1 0.7194029850746269 0.4056818181818182 0.041791044776119404 0.08409090909090909
0 0.7134328358208956 0.6306818181818182 0.11940298507462686 0.5704545454545454
1 0.7992537313432836 0.4715909090909091 0.04029850746268657 0.08409090909090909
0 0.8037313432835821 0.6829545454545455 0.11194029850746269 0.5159090909090909
1 0.8223880597014925 0.38977272727272727 0.04477611940298507 0.08863636363636364
0 0.8291044776119403 0.6238636363636364 0.1328358208955224 0.5613636363636364
1 0.9283582089552239 0.4034090909090909 0.041791044776119404 0.08409090909090909
0 0.9261194029850747 0.6568181818181819 0.12388059701492538 0.6090909090909091
1 0.9761194029850746 0.4238636363636364 0.04776119402985075 0.08863636363636364
0 0.9619402985074627 0.6818181818181818 0.07611940298507462 0.6363636363636364