1 0.031914893617021274 0.1435546875 0.03829787234042553 0.02734375
0 0.03829787234042553 0.22314453125 0.07659574468085106 0.1943359375
1 0.06312056737588652 0.14404296875 0.03546099290780142 0.0302734375
0 0.05319148936170213 0.21923828125 0.08652482269503546 0.1884765625
1 0.1375886524822695 0.15869140625 0.031205673758865248 0.0263671875
0 0.1276595744680851 0.22705078125 0.08226950354609928 0.1708984375
1 0.18865248226950354 0.1650390625 0.031205673758865248 0.029296875
0 0.18156028368794327 0.22900390625 0.08794326241134752 0.1689453125
1 0.26382978723404255 0.1591796875 0.028368794326241134 0.02734375
0 0.26595744680851063 0.224609375 0.09787234042553192 0.17578125
1 0.3843971631205674 0.14697265625 0.03404255319148936 0.0322265625
0 0.39078014184397164 0.2177734375 0.10354609929078014 0.189453125
1 0.451063829787234 0.14404296875 0.03404255319148936 0.0302734375
0 0.4524822695035461 0.2197265625 0.08794326241134752 0.181640625
1 0.5134751773049645 0.140625 0.0425531914893617 0.02734375
0 0.5042553191489362 0.21484375 0.08652482269503546 0.185546875
1 0.5765957446808511 0.146484375 0.032624113475177303 0.029296875
0 0.5723404255319149 0.22119140625 0.06666666666666667 0.1845703125
1 0.6539007092198581 0.15185546875 0.03404255319148936 0.0244140625
0 0.6723404255319149 0.22216796875 0.12482269503546099 0.1806640625
1 0.6957446808510638 0.1396484375 0.032624113475177303 0.02734375
0 0.7304964539007093 0.216796875 0.1702127659574468 0.1875
1 0.7446808510638298 0.1533203125 0.031205673758865248 0.02734375
0 0.7453900709219858 0.22314453125 0.075177304964539 0.1728515625
1 0.7822695035460993 0.14404296875 0.032624113475177303 0.0283203125
0 0.7794326241134751 0.2216796875 0.10354609929078014 0.189453125
1 0.9056737588652483 0.15771484375 0.03546099290780142 0.0302734375
0 0.8978723404255319 0.22802734375 0.06524822695035461 0.1728515625
1 0.9687943262411347 0.1552734375 0.03404255319148936 0.029296875
0 0.9695035460992908 0.22900390625 0.06099290780141844 0.1845703125
1 0.43333333333333335 0.4365234375 0.032624113475177303 0.03125
0 0.44113475177304967 0.52392578125 0.14184397163120568 0.2119140625
1 0.5666666666666667 0.59521484375 0.032624113475177303 0.0244140625
0 0.5546099290780142 0.6416015625 0.08226950354609928 0.123046875
1 0.450354609929078 0.607421875 0.029787234042553193 0.0234375
0 0.44397163120567373 0.64599609375 0.10780141843971631 0.1083984375
1 0.49432624113475176 0.6123046875 0.02695035460992908 0.0234375
0 0.48439716312056735 0.65087890625 0.07234042553191489 0.1044921875
1 0.31631205673758866 0.14453125 0.031205673758865248 0.025390625
0 0.31843971631205675 0.216796875 0.07234042553191489 0.171875