1 0.029043280182232345 0.6423670668953688 0.05580865603644647 0.10120068610634649
0 0.07403189066059225 0.7941680960548885 0.1480637813211845 0.411663807890223
1 0.050683371298405465 0.5514579759862779 0.04441913439635535 0.07032590051457976
0 0.0632118451025057 0.7195540308747856 0.1264236902050114 0.41680960548885077
1 0.22095671981776766 0.5531732418524872 0.05694760820045558 0.09433962264150944
0 0.1788154897494305 0.7495711835334476 0.20045558086560364 0.5008576329331046
1 0.17084282460136674 0.4862778730703259 0.03644646924829157 0.05660377358490566
0 0.16173120728929385 0.7152658662092625 0.1252847380410023 0.5214408233276158
1 0.21127562642369022 0.3027444253859348 0.02619589977220957 0.04974271012006861
0 0.20785876993166286 0.42538593481989706 0.06947608200455581 0.3018867924528302
1 0.2716400911161731 0.34133790737564323 0.02619589977220957 0.03773584905660377
0 0.2591116173120729 0.5051457975986278 0.09908883826879271 0.37221269296740994
1 0.270501138952164 0.25986277873070324 0.017084282460136675 0.029159519725557463
0 0.26765375854214124 0.34133790737564323 0.05694760820045558 0.20240137221269297
1 0.29100227790432803 0.2478559176672384 0.012528473804100227 0.018867924528301886
0 0.2875854214123007 0.3078902229845626 0.04214123006833713 0.1457975986277873
1 0.34111617312072895 0.274442538593482 0.014806378132118452 0.0274442538593482
0 0.3337129840546697 0.3379073756432247 0.04783599088838269 0.16123499142367068
1 0.3542141230068337 0.29588336192109777 0.018223234624145785 0.032590051457975985
0 0.33826879271070615 0.38078902229845624 0.05466970387243736 0.21269296740994853
1 0.38667425968109337 0.2692967409948542 0.014806378132118452 0.024013722126929673
0 0.3775626423690205 0.3319039451114923 0.03758542141230068 0.15608919382504288
1 0.3935079726651481 0.3078902229845626 0.0193621867881549 0.029159519725557463
0 0.39009111617312076 0.38250428816466553 0.04441913439635535 0.18524871355060035
1 0.4123006833712984 0.30102915951972553 0.018223234624145785 0.022298456260720412
0 0.4185649202733485 0.37392795883361923 0.05125284738041002 0.17495711835334476
1 0.37186788154897493 0.33962264150943394 0.023917995444191344 0.0411663807890223
0 0.3678815489749431 0.4794168096054888 0.0683371298405467 0.3276157804459691
1 0.42198177676537585 0.43567753001715265 0.02619589977220957 0.048027444253859346
0 0.40261958997722097 0.565180102915952 0.08314350797266515 0.313893653516295
1 0.4458997722095672 0.5145797598627787 0.04214123006833713 0.07204116638078903
0 0.41173120728929385 0.7358490566037735 0.19020501138952164 0.5283018867924528
1 0.4635535307517084 0.2727272727272727 0.011389521640091117 0.017152658662092625
0 0.45956719817767655 0.33704974271012006 0.03758542141230068 0.15265866209262435
1 0.4715261958997722 0.29416809605488853 0.018223234624145785 0.025728987993138937
0 0.4766514806378132 0.36620926243567753 0.05353075170842825 0.1732418524871355
1 0.48519362186788156 0.3421955403087479 0.015945330296127564 0.029159519725557463
0 0.4772209567198178 0.41680960548885077 0.05239179954441914 0.18524871355060035
1 0.535876993166287 0.2847341337907376 0.010250569476082005 0.0137221269296741
0 0.5296127562642369 0.35591766723842194 0.04328018223234624 0.16295025728987994
1 0.515375854214123 0.2950257289879931 0.014806378132118452 0.017152658662092625
0 0.5176537585421412 0.362778730703259 0.0489749430523918 0.1595197255574614
1 0.5905466970387244 0.35334476843910806 0.0193621867881549 0.030874785591766724
0 0.5968109339407744 0.4468267581475129 0.06378132118451026 0.22126929674099485
1 0.5580865603644647 0.4262435677530017 0.029612756264236904 0.0634648370497427
0 0.5404328018223234 0.6174957118353345 0.1264236902050114 0.4528301886792453
1 0.6531890660592256 0.3833619210977702 0.0193621867881549 0.025728987993138937
0 0.6429384965831435 0.4974271012006861 0.08997722095671981 0.25728987993138935
1 0.7642369020501139 0.4665523156089194 0.04100227790432802 0.0686106346483705
0 0.7630979498861048 0.7144082332761578 0.14578587699316628 0.5711835334476844
1 0.837129840546697 0.48198970840480276 0.03416856492027335 0.0548885077186964
0 0.8399772209567198 0.6775300171526587 0.11958997722095673 0.4528301886792453
1 0.7608200455580866 0.427958833619211 0.022779043280182234 0.03945111492281304
0 0.7613895216400911 0.5308747855917667 0.05580865603644647 0.2555746140651801
1 0.7984054669703873 0.4425385934819897 0.025056947608200455 0.044596912521440824
0 0.7915717539863326 0.5506003430531733 0.05239179954441914 0.26758147512864494
1 0.8917995444191344 0.23413379073756432 0.009111617312072893 0.015437392795883362
0 0.8906605922551253 0.25471698113207547 0.022779043280182234 0.060034305317324184
1 0.9214123006833713 0.20668953687821612 0.01366742596810934 0.018867924528301886
0 0.9179954441913439 0.24614065180102915 0.03644646924829157 0.10463121783876501