1 0.04871323529411765 0.49611928104575165 0.0974264705882353 0.13602941176470587
0 0.09221813725490197 0.713031045751634 0.18443627450980393 0.573937908496732
1 0.17356004901960784 0.4035947712418301 0.05667892156862745 0.09640522875816994
0 0.1560968137254902 0.6754493464052288 0.12285539215686274 0.6491013071895425
1 0.18566176470588236 0.5212418300653595 0.08394607843137254 0.11519607843137254
0 0.16053921568627452 0.7303921568627451 0.14154411764705882 0.5392156862745098
1 0.21384803921568626 0.4542483660130719 0.06433823529411764 0.10457516339869281
0 0.21231617647058823 0.6987336601307189 0.08026960784313726 0.6025326797385621
1 0.27558210784313725 0.5181781045751634 0.09895833333333333 0.15727124183006536
0 0.30392156862745096 0.713031045751634 0.2763480392156863 0.573937908496732
1 0.2981004901960784 0.42340686274509803 0.0545343137254902 0.08782679738562091
0 0.29105392156862747 0.6870915032679739 0.11029411764705882 0.6258169934640523
1 0.2981004901960784 0.42054738562091504 0.05514705882352941 0.08374183006535947
0 0.31525735294117646 0.6842320261437909 0.07659313725490197 0.6299019607843137
1 0.34558823529411764 0.5055147058823529 0.06433823529411764 0.10825163398692811
0 0.34099264705882354 0.7238562091503268 0.10784313725490197 0.5522875816993464
1 0.38786764705882354 0.4936683006535948 0.061887254901960786 0.0959967320261438
0 0.38419117647058826 0.7142565359477124 0.10661764705882353 0.5600490196078431
1 0.45879289215686275 0.4536356209150327 0.040747549019607844 0.05841503267973856
0 0.4508272058823529 0.6174428104575164 0.07261029411764706 0.3966503267973856
1 0.5036764705882353 0.4250408496732026 0.051470588235294115 0.07965686274509803
0 0.4802389705882353 0.6162173202614379 0.12653186274509803 0.46691176470588236
1 0.8920036764705882 0.5040849673202614 0.07138480392156862 0.12745098039215685
0 0.8512561274509803 0.71875 0.25643382352941174 0.5625
1 0.9561887254901961 0.5912990196078431 0.08762254901960784 0.18668300653594772
0 0.8527879901960784 0.7504084967320261 0.29442401960784315 0.4991830065359477