1 0.9582474226804124 0.7948164146868251 0.04020618556701031 0.0367170626349892
0 0.9556701030927836 0.8860691144708424 0.088659793814433 0.22786177105831534
1 0.715979381443299 0.7921166306695464 0.031958762886597936 0.035637149028077755
0 0.7164948453608248 0.8849892008639308 0.10721649484536082 0.23002159827213822
1 0.6144329896907217 0.8002159827213823 0.026804123711340205 0.028077753779697623
0 0.6134020618556701 0.8839092872570194 0.09484536082474226 0.19978401727861772
1 0.5788659793814434 0.8039956803455723 0.013402061855670102 0.016198704103671708
0 0.5731958762886598 0.8623110151187905 0.05154639175257732 0.13930885529157666
1 0.49948453608247423 0.7861771058315334 0.03402061855670103 0.028077753779697623
0 0.5072164948453608 0.8839092872570194 0.12164948453608247 0.23218142548596113
1 0.5257731958762887 0.8191144708423326 0.016494845360824743 0.020518358531317494
0 0.5247422680412371 0.8882289416846653 0.049484536082474224 0.1695464362850972
1 0.4618556701030928 0.8104751619870411 0.010309278350515464 0.014038876889848811
0 0.4634020618556701 0.8552915766738661 0.04020618556701031 0.11663066954643629
1 0.40154639175257734 0.8104751619870411 0.01958762886597938 0.026997840172786176
0 0.39948453608247425 0.8957883369330454 0.0711340206185567 0.20626349892008639
1 0.3731958762886598 0.7985961123110151 0.02268041237113402 0.026997840172786176
0 0.3731958762886598 0.8752699784017278 0.07628865979381444 0.18466522678185746
1 0.23917525773195877 0.7991360691144709 0.020618556701030927 0.023758099352051837
0 0.23762886597938143 0.8736501079913607 0.0731958762886598 0.17926565874730022
1 0.19175257731958764 0.7904967602591793 0.03917525773195876 0.0367170626349892
0 0.1865979381443299 0.8849892008639308 0.13402061855670103 0.23002159827213822
1 0.14690721649484537 0.8158747300215983 0.021649484536082474 0.024838012958963283
0 0.1479381443298969 0.8774298056155507 0.05257731958762887 0.15658747300215983