1 0.015104166666666667 0.4898255813953488 0.030208333333333334 0.046511627906976744
0 0.043229166666666666 0.6671511627906976 0.08645833333333333 0.4127906976744186
1 0.05625 0.5021802325581395 0.04583333333333333 0.06540697674418605
0 0.07864583333333333 0.7318313953488372 0.15729166666666666 0.5363372093023255
1 0.15208333333333332 0.5268895348837209 0.03958333333333333 0.056686046511627904
0 0.15364583333333334 0.721656976744186 0.096875 0.45494186046511625
1 0.2453125 0.5174418604651163 0.053125 0.09302325581395349
0 0.246875 0.7318313953488372 0.17708333333333334 0.5363372093023255
1 0.35885416666666664 0.5625 0.051041666666666666 0.0872093023255814
0 0.3723958333333333 0.7565406976744186 0.159375 0.48691860465116277
1 0.29010416666666666 0.4738372093023256 0.036458333333333336 0.055232558139534885
0 0.30885416666666665 0.6497093023255814 0.090625 0.4127906976744186
1 0.47760416666666666 0.5109011627906976 0.042708333333333334 0.07703488372093023
0 0.4817708333333333 0.7013081395348837 0.134375 0.45494186046511625
1 0.49114583333333334 0.48401162790697677 0.034375 0.04941860465116279
0 0.49635416666666665 0.6598837209302325 0.11770833333333333 0.40988372093023256
1 0.5348958333333333 0.6293604651162791 0.065625 0.11918604651162791
0 0.5114583333333333 0.7754360465116279 0.17708333333333334 0.4491279069767442
1 0.6119791666666666 0.470203488372093 0.046875 0.07122093023255814
0 0.6270833333333333 0.6831395348837209 0.1125 0.5058139534883721
1 0.6822916666666666 0.529796511627907 0.05 0.07122093023255814
0 0.7020833333333333 0.7303779069767442 0.09791666666666667 0.49273255813953487
1 0.6770833333333334 0.4811046511627907 0.03333333333333333 0.05813953488372093
0 0.6921875 0.659156976744186 0.11354166666666667 0.4375
1 0.6484375 0.46075581395348836 0.011458333333333333 0.01744186046511628
0 0.6520833333333333 0.5058139534883721 0.027083333333333334 0.11627906976744186
1 0.7161458333333334 0.4571220930232558 0.007291666666666667 0.010174418604651164
0 0.715625 0.48619186046511625 0.016666666666666666 0.07412790697674419
1 0.7369791666666666 0.4629360465116279 0.007291666666666667 0.010174418604651164
0 0.7348958333333333 0.49781976744186046 0.026041666666666668 0.08866279069767442
1 0.7541666666666667 0.4563953488372093 0.008333333333333333 0.011627906976744186
0 0.7515625 0.49781976744186046 0.023958333333333335 0.1002906976744186
1 0.7739583333333333 0.5 0.052083333333333336 0.09011627906976744
0 0.7713541666666667 0.7245639534883721 0.109375 0.5508720930232558
1 0.8265625 0.5668604651162791 0.08854166666666667 0.14244186046511628
0 0.80625 0.7434593023255814 0.24375 0.5130813953488372
1 0.9713541666666666 0.6213662790697675 0.057291666666666664 0.12354651162790697
0 0.9385416666666667 0.7776162790697675 0.12291666666666666 0.44476744186046513
1 0.9776041666666667 0.5356104651162791 0.04479166666666667 0.09156976744186046
0 0.9479166666666666 0.7420058139534884 0.10416666666666667 0.5159883720930233
1 0.9671875 0.4752906976744186 0.051041666666666666 0.0755813953488372
0 0.9447916666666667 0.7063953488372093 0.11041666666666666 0.5465116279069767
1 0.8947916666666667 0.48691860465116277 0.04375 0.05813953488372093
0 0.8984375 0.6424418604651163 0.08020833333333334 0.38372093023255816
1 0.9401041666666666 0.4316860465116279 0.019791666666666666 0.029069767441860465
0 0.9395833333333333 0.502906976744186 0.0375 0.1744186046511628
1 0.9151041666666667 0.4382267441860465 0.013541666666666667 0.024709302325581394
0 0.9182291666666667 0.49636627906976744 0.034375 0.14970930232558138
1 0.8369791666666667 0.4571220930232558 0.011458333333333333 0.0188953488372093
0 0.8427083333333333 0.5007267441860465 0.0375 0.10901162790697674
1 0.8229166666666666 0.44476744186046513 0.010416666666666666 0.014534883720930232
0 0.825 0.4789244186046512 0.022916666666666665 0.09156976744186046
1 0.8151041666666666 0.4745639534883721 0.015625 0.07994186046511628
0 0.8151041666666666 0.4745639534883721 0.015625 0.07994186046511628
1 0.8067708333333333 0.46511627906976744 0.011458333333333333 0.01744186046511628
0 0.8088541666666667 0.498546511627907 0.021875 0.09011627906976744
1 0.7911458333333333 0.4622093023255814 0.011458333333333333 0.01744186046511628
0 0.7953125 0.49709302325581395 0.026041666666666668 0.09593023255813954