1 0.27001953125 0.599609375 0.0615234375 0.10546875
0 0.27685546875 0.75390625 0.2099609375 0.421875
1 0.42626953125 0.6048177083333334 0.0556640625 0.09765625
0 0.41455078125 0.7565104166666666 0.1962890625 0.4036458333333333
1 0.50830078125 0.6165364583333334 0.0517578125 0.08984375
0 0.51904296875 0.7421875 0.1767578125 0.3489583333333333
1 0.5791015625 0.5826822916666666 0.056640625 0.08984375
0 0.59521484375 0.71484375 0.2763671875 0.3619791666666667
1 0.67626953125 0.6002604166666666 0.0595703125 0.09375
0 0.69677734375 0.7356770833333334 0.1474609375 0.3697916666666667
1 0.8056640625 0.603515625 0.06640625 0.10546875
0 0.828125 0.7630208333333334 0.279296875 0.4322916666666667
1 0.11181640625 0.3391927083333333 0.0595703125 0.08203125
0 0.11328125 0.583984375 0.130859375 0.58203125
1 0.21533203125 0.34765625 0.0517578125 0.078125
0 0.21630859375 0.5891927083333334 0.1220703125 0.5690104166666666
1 0.34130859375 0.298828125 0.0537109375 0.08723958333333333
0 0.32861328125 0.5501302083333334 0.1416015625 0.6002604166666666
1 0.443359375 0.2942708333333333 0.05078125 0.0859375
0 0.447265625 0.548828125 0.146484375 0.6002604166666666
1 0.54296875 0.3359375 0.048828125 0.08333333333333333
0 0.54736328125 0.568359375 0.1201171875 0.55859375
1 0.64990234375 0.3522135416666667 0.0498046875 0.07421875
0 0.642578125 0.5813802083333334 0.12109375 0.53515625
1 0.71435546875 0.34375 0.0478515625 0.078125
0 0.73583984375 0.576171875 0.1083984375 0.5481770833333334
1 0.84033203125 0.3111979166666667 0.0634765625 0.09635416666666667
0 0.80224609375 0.556640625 0.2314453125 0.58984375
1 0.029296875 0.4251302083333333 0.01171875 0.014322916666666666
0 0.0185546875 0.4440104166666667 0.037109375 0.0625