1 0.02707373271889401 0.40081799591002043 0.03571428571428571 0.0736196319018405
0 0.04089861751152074 0.6022494887525562 0.08179723502304148 0.48057259713701433
1 0.08352534562211981 0.4161554192229039 0.03341013824884793 0.06339468302658487
0 0.08179723502304148 0.6053169734151329 0.07834101382488479 0.4458077709611452
1 0.14688940092165897 0.40388548057259716 0.03110599078341014 0.06748466257668712
0 0.1445852534562212 0.588957055214724 0.0771889400921659 0.4498977505112474
1 0.23214285714285715 0.44171779141104295 0.02880184331797235 0.06134969325153374
0 0.23847926267281105 0.6114519427402862 0.06912442396313365 0.4130879345603272
1 0.19815668202764977 0.40797546012269936 0.027649769585253458 0.06339468302658487
0 0.1975806451612903 0.5858895705521472 0.05414746543778802 0.4233128834355828
1 0.10599078341013825 0.37934560327198363 0.027649769585253458 0.05521472392638037
0 0.10023041474654378 0.5777096114519428 0.07142857142857142 0.4601226993865031
1 0.16993087557603687 0.3885480572597137 0.026497695852534562 0.06134969325153374
0 0.18836405529953917 0.5623721881390593 0.07949308755760369 0.4621676891615542
1 0.24193548387096775 0.41411042944785276 0.027649769585253458 0.05930470347648262
0 0.2436635944700461 0.5797546012269938 0.04032258064516129 0.3946830265848671
1 0.2632488479262673 0.40899795501022496 0.021889400921658985 0.049079754601226995
0 0.2638248847926267 0.5787321063394683 0.03225806451612903 0.4049079754601227
1 0.3076036866359447 0.38445807770961143 0.02534562211981567 0.053169734151329244
0 0.2926267281105991 0.5593047034764826 0.07834101382488479 0.4560327198364008
1 0.28744239631336405 0.4171779141104294 0.02880184331797235 0.06134969325153374
0 0.28859447004608296 0.5920245398773006 0.06566820276497695 0.4274028629856851
1 0.33294930875576034 0.4335378323108384 0.027649769585253458 0.065439672801636
0 0.3381336405529954 0.6042944785276073 0.07949308755760369 0.41513292433537835
1 0.40264976958525345 0.4233128834355828 0.02880184331797235 0.05725971370143149
0 0.39400921658986177 0.5961145194274029 0.06451612903225806 0.4110429447852761
1 0.33352534562211983 0.40899795501022496 0.024193548387096774 0.049079754601226995
0 0.33006912442396313 0.5797546012269938 0.0587557603686636 0.3987730061349693
1 0.375 0.39263803680981596 0.026497695852534562 0.06134969325153374
0 0.3726958525345622 0.5725971370143149 0.06566820276497695 0.42535787321063395
1 0.40610599078341014 0.37627811860940696 0.024193548387096774 0.049079754601226995
0 0.38421658986175117 0.5368098159509203 0.0748847926267281 0.41513292433537835
1 0.4274193548387097 0.3936605316973415 0.02534562211981567 0.05521472392638037
0 0.42972350230414746 0.5541922290388548 0.03917050691244239 0.3885480572597137
1 0.4475806451612903 0.40286298568507156 0.02880184331797235 0.06134969325153374
0 0.44815668202764974 0.581799591002045 0.07142857142857142 0.4274028629856851
1 0.49193548387096775 0.41513292433537835 0.02534562211981567 0.06134969325153374
0 0.48963133640552997 0.5961145194274029 0.07142857142857142 0.4274028629856851
1 0.4827188940092166 0.38752556237218816 0.02534562211981567 0.05112474437627812
0 0.4838709677419355 0.558282208588957 0.055299539170506916 0.40899795501022496
1 0.5167050691244239 0.3946830265848671 0.026497695852534562 0.06134969325153374
0 0.5161290322580645 0.5715746421267893 0.04838709677419355 0.4233128834355828
1 0.5460829493087558 0.41513292433537835 0.029953917050691243 0.06134969325153374
0 0.5472350230414746 0.591002044989775 0.06451612903225806 0.4212678936605317
1 0.5961981566820277 0.4294478527607362 0.02880184331797235 0.05725971370143149
0 0.592741935483871 0.5971370143149284 0.056451612903225805 0.4049079754601227
1 0.5552995391705069 0.37525562372188137 0.02304147465437788 0.05112474437627812
0 0.565668202764977 0.5460122699386503 0.059907834101382486 0.4049079754601227
1 0.6440092165898618 0.42535787321063395 0.020737327188940093 0.053169734151329244
0 0.6434331797235023 0.6002044989775052 0.06797235023041474 0.41513292433537835
1 0.6169354838709677 0.4161554192229039 0.026497695852534562 0.05112474437627812
0 0.6215437788018433 0.5848670756646217 0.04723502304147465 0.3967280163599182
1 0.6036866359447005 0.3895705521472393 0.02534562211981567 0.05112474437627812
0 0.6025345622119815 0.5020449897750511 0.029953917050691243 0.2883435582822086
1 0.6232718894009217 0.3824130879345603 0.018433179723502304 0.0408997955010225
0 0.6209677419354839 0.49795501022494887 0.03456221198156682 0.27607361963190186
1 0.6607142857142857 0.3895705521472393 0.024193548387096774 0.05521472392638037
0 0.6664746543778802 0.5685071574642127 0.044930875576036866 0.4171779141104294
1 0.6826036866359447 0.4233128834355828 0.026497695852534562 0.05725971370143149
0 0.6941244239631337 0.598159509202454 0.06566820276497695 0.41922290388548056
1 0.6854838709677419 0.37934560327198363 0.02534562211981567 0.04703476482617587
0 0.6918202764976958 0.5316973415132924 0.044930875576036866 0.36809815950920244
1 0.7465437788018433 0.36298568507157464 0.027649769585253458 0.05930470347648262
0 0.7574884792626728 0.5501022494887525 0.06105990783410138 0.4376278118609407
1 0.7211981566820277 0.40388548057259716 0.02534562211981567 0.05930470347648262
0 0.722926267281106 0.5797546012269938 0.0587557603686636 0.41922290388548056
1 0.7649769585253456 0.40081799591002043 0.027649769585253458 0.06134969325153374
0 0.7805299539170507 0.5858895705521472 0.06797235023041474 0.4396728016359918
1 0.8162442396313364 0.3946830265848671 0.02880184331797235 0.06134969325153374
0 0.8214285714285714 0.5797546012269938 0.07373271889400922 0.4396728016359918
1 0.8450460829493087 0.4069529652351738 0.026497695852534562 0.06134969325153374
0 0.8490783410138248 0.5787321063394683 0.04608294930875576 0.4171779141104294
1 0.886520737327189 0.37321063394683024 0.02880184331797235 0.06339468302658487
0 0.886520737327189 0.558282208588957 0.0748847926267281 0.44171779141104295
1 0.8744239631336406 0.42535787321063395 0.03225806451612903 0.065439672801636
0 0.8790322580645161 0.5961145194274029 0.059907834101382486 0.43149284253578735
1 0.9245391705069125 0.3895705521472393 0.03341013824884793 0.07157464212678936
0 0.9372119815668203 0.5848670756646217 0.0748847926267281 0.4662576687116564
1 0.9815668202764977 0.39161554192229037 0.029953917050691243 0.07157464212678936
0 0.9758064516129032 0.5777096114519428 0.04838709677419355 0.45194274028629855