1 0.07582417582417582 0.6295454545454545 0.05054945054945055 0.06818181818181818
0 0.08351648351648351 0.7488636363636364 0.13186813186813187 0.3159090909090909
1 0.04395604395604396 0.38977272727272727 0.04835164835164835 0.06136363636363636
0 0.06703296703296703 0.571590909090909 0.13406593406593406 0.42954545454545456
1 0.06263736263736264 0.3431818181818182 0.05054945054945055 0.06363636363636363
0 0.09230769230769231 0.5215909090909091 0.18461538461538463 0.425
1 0.17912087912087912 0.42045454545454547 0.054945054945054944 0.06363636363636363
0 0.16593406593406593 0.5829545454545455 0.15164835164835164 0.4068181818181818
1 0.21318681318681318 0.6238636363636364 0.05274725274725275 0.07045454545454545
0 0.21208791208791208 0.7238636363636364 0.1956043956043956 0.2840909090909091
1 0.22527472527472528 0.38181818181818183 0.041758241758241756 0.05454545454545454
0 0.22637362637362637 0.5261363636363636 0.08791208791208792 0.3568181818181818
1 0.27912087912087913 0.4715909090909091 0.04835164835164835 0.07045454545454545
0 0.2857142857142857 0.5920454545454545 0.11868131868131868 0.42954545454545456
1 0.27582417582417584 0.375 0.041758241758241756 0.05454545454545454
0 0.27472527472527475 0.5079545454545454 0.23296703296703297 0.4113636363636364
1 0.3395604395604396 0.39431818181818185 0.041758241758241756 0.05227272727272727
0 0.3384615384615385 0.5318181818181819 0.10989010989010989 0.34545454545454546
1 0.3747252747252747 0.5909090909090909 0.046153846153846156 0.05909090909090909
0 0.3747252747252747 0.7136363636363636 0.16043956043956045 0.31363636363636366
1 0.5010989010989011 0.6102272727272727 0.05274725274725275 0.0659090909090909
0 0.5076923076923077 0.7125 0.1978021978021978 0.29772727272727273
1 0.4747252747252747 0.553409090909091 0.03956043956043956 0.056818181818181816
0 0.5 0.6568181818181819 0.17362637362637362 0.2772727272727273
1 0.43626373626373627 0.4022727272727273 0.041758241758241756 0.05909090909090909
0 0.4197802197802198 0.5340909090909091 0.17142857142857143 0.41363636363636364
1 0.46263736263736266 0.32272727272727275 0.041758241758241756 0.05
0 0.44285714285714284 0.4284090909090909 0.15164835164835164 0.3886363636363636
1 0.49340659340659343 0.31477272727272726 0.03736263736263736 0.056818181818181816
0 0.4703296703296703 0.4022727272727273 0.15384615384615385 0.38636363636363635
1 0.5681318681318681 0.2852272727272727 0.041758241758241756 0.05227272727272727
0 0.5604395604395604 0.3977272727272727 0.1054945054945055 0.38636363636363635
1 0.5340659340659341 0.3613636363636364 0.03956043956043956 0.05
0 0.5406593406593406 0.5102272727272728 0.1010989010989011 0.3568181818181818
1 0.567032967032967 0.38977272727272727 0.04835164835164835 0.06136363636363636
0 0.5758241758241758 0.55 0.16263736263736264 0.39545454545454545
1 0.6395604395604395 0.5772727272727273 0.04835164835164835 0.05909090909090909
0 0.667032967032967 0.6727272727272727 0.23076923076923078 0.34545454545454546
1 0.6230769230769231 0.31136363636363634 0.041758241758241756 0.05454545454545454
0 0.6450549450549451 0.4431818181818182 0.14285714285714285 0.34545454545454546
1 0.667032967032967 0.3488636363636364 0.041758241758241756 0.05227272727272727
0 0.667032967032967 0.48863636363636365 0.14725274725274726 0.38636363636363635
1 0.7549450549450549 0.35909090909090907 0.046153846153846156 0.06363636363636363
0 0.7483516483516484 0.525 0.22197802197802197 0.40454545454545454
1 0.7824175824175824 0.2988636363636364 0.03956043956043956 0.04772727272727273
0 0.7978021978021979 0.4034090909090909 0.18461538461538463 0.42954545454545456
1 0.8395604395604396 0.48068181818181815 0.04835164835164835 0.06136363636363636
0 0.8120879120879121 0.6181818181818182 0.13846153846153847 0.34545454545454546
1 0.954945054945055 0.43977272727272726 0.05054945054945055 0.0659090909090909
0 0.9373626373626374 0.5920454545454545 0.12527472527472527 0.3795454545454545
1 0.8868131868131868 0.3693181818181818 0.041758241758241756 0.05227272727272727
0 0.8813186813186813 0.5068181818181818 0.1054945054945055 0.34545454545454546
1 0.9626373626373627 0.32954545454545453 0.04395604395604396 0.05454545454545454
0 0.9307692307692308 0.4431818181818182 0.13846153846153847 0.4681818181818182
1 0.9725274725274725 0.3886363636363636 0.046153846153846156 0.05454545454545454
0 0.9582417582417583 0.5329545454545455 0.08351648351648351 0.3613636363636364
1 0.3362637362637363 0.35 0.03956043956043956 0.05454545454545454
0 0.3384615384615385 0.45340909090909093 0.13186813186813187 0.27954545454545454
1 0.6802197802197802 0.28863636363636364 0.03736263736263736 0.04090909090909091
0 0.676923076923077 0.36022727272727273 0.13626373626373625 0.3431818181818182
1 0.856043956043956 0.3352272727272727 0.041758241758241756 0.056818181818181816
0 0.856043956043956 0.4511363636363636 0.08131868131868132 0.30227272727272725
1 0.7241758241758242 0.3477272727272727 0.03296703296703297 0.045454545454545456
0 0.7263736263736263 0.4375 0.07692307692307693 0.23863636363636365
1 0.46703296703296704 0.3715909090909091 0.041758241758241756 0.056818181818181816
0 0.43736263736263736 0.48295454545454547 0.14505494505494507 0.28863636363636364