1 0.05648148148148148 0.43333333333333335 0.11296296296296296 0.09012345679012346
0 0.22824074074074074 0.6932098765432099 0.4564814814814815 0.6135802469135803
1 0.48009259259259257 0.33055555555555555 0.11388888888888889 0.07098765432098765
0 0.40185185185185185 0.5246913580246914 0.3388888888888889 0.5654320987654321
1 0.5504629629629629 0.38209876543209875 0.05462962962962963 0.03950617283950617
0 0.5527777777777778 0.5228395061728395 0.1685185185185185 0.32592592592592595
1 0.9467592592592593 0.27685185185185185 0.023148148148148147 0.017901234567901235
0 0.9523148148148148 0.30462962962962964 0.06944444444444445 0.07839506172839507
1 0.8675925925925926 0.2737654320987654 0.022222222222222223 0.019135802469135803
0 0.8851851851851852 0.30401234567901236 0.09259259259259259 0.08209876543209876
1 0.7870370370370371 0.37191358024691357 0.02962962962962963 0.024074074074074074
0 0.7888888888888889 0.4166666666666667 0.07222222222222222 0.11851851851851852
1 0.6662037037037037 0.4166666666666667 0.026851851851851852 0.022222222222222223
0 0.6995370370370371 0.45123456790123456 0.1361111111111111 0.10246913580246914
1 0.5884259259259259 0.41944444444444445 0.030555555555555555 0.025308641975308643
0 0.6111111111111112 0.4561728395061728 0.11666666666666667 0.1
1 0.4810185185185185 0.4444444444444444 0.030555555555555555 0.024691358024691357
0 0.48657407407407405 0.49722222222222223 0.0787037037037037 0.1339506172839506
1 0.4925925925925926 0.4148148148148148 0.027777777777777776 0.022222222222222223
0 0.49537037037037035 0.4558641975308642 0.08703703703703704 0.11666666666666667
1 0.1375 0.275 0.030555555555555555 0.020370370370370372
0 0.14953703703703702 0.3132716049382716 0.10648148148148148 0.10679012345679012
1 0.017592592592592594 0.3080246913580247 0.03518518518518519 0.01728395061728395
0 0.041666666666666664 0.33209876543209876 0.08333333333333333 0.0691358024691358
1 0.046296296296296294 0.3052469135802469 0.02962962962962963 0.019135802469135803
0 0.05277777777777778 0.34074074074074073 0.09444444444444444 0.10123456790123457
1 0.06805555555555555 0.3848765432098765 0.028703703703703703 0.025308641975308643
0 0.07777777777777778 0.42191358024691356 0.08703703703703704 0.10555555555555556
1 0.1412037037037037 0.37839506172839504 0.028703703703703703 0.022222222222222223
0 0.1597222222222222 0.43117283950617286 0.11018518518518519 0.13024691358024693
1 0.14907407407407408 0.36882716049382713 0.025925925925925925 0.022839506172839506
0 0.14953703703703702 0.4154320987654321 0.06388888888888888 0.12098765432098765
1 0.20601851851851852 0.3728395061728395 0.030555555555555555 0.022222222222222223
0 0.21388888888888888 0.41759259259259257 0.07222222222222222 0.11666666666666667
1 0.24583333333333332 0.33796296296296297 0.025 0.019135802469135803
0 0.2537037037037037 0.3824074074074074 0.08703703703703704 0.1191358024691358
1 0.2439814814814815 0.4601851851851852 0.032407407407407406 0.027777777777777776
0 0.26064814814814813 0.5108024691358025 0.10277777777777777 0.1339506172839506
1 0.16712962962962963 0.45925925925925926 0.030555555555555555 0.02345679012345679
0 0.175 0.5145061728395062 0.08703703703703704 0.1388888888888889