1 0.12158203125 0.4583333333333333 0.0341796875 0.0546875
0 0.1201171875 0.609375 0.087890625 0.3645833333333333
1 0.203125 0.4583333333333333 0.03125 0.0546875
0 0.19775390625 0.60546875 0.0791015625 0.3567708333333333
1 0.2744140625 0.4654947916666667 0.03125 0.05078125
0 0.26953125 0.60546875 0.078125 0.3463541666666667
1 0.34423828125 0.44921875 0.0322265625 0.046875
0 0.337890625 0.5989583333333334 0.072265625 0.3515625
1 0.4033203125 0.4694010416666667 0.03125 0.05078125
0 0.39990234375 0.6087239583333334 0.0712890625 0.3346354166666667
1 0.46044921875 0.4251302083333333 0.0322265625 0.055989583333333336
0 0.4609375 0.5859375 0.09765625 0.390625
1 0.537109375 0.4596354166666667 0.029296875 0.052083333333333336
0 0.5341796875 0.603515625 0.072265625 0.3502604166666667
1 0.6015625 0.462890625 0.03125 0.05078125
0 0.6025390625 0.60546875 0.07421875 0.3411458333333333
1 0.66064453125 0.4641927083333333 0.0302734375 0.048177083333333336
0 0.6630859375 0.6041666666666666 0.076171875 0.3385416666666667
1 0.71630859375 0.455078125 0.0322265625 0.048177083333333336
0 0.71630859375 0.5989583333333334 0.0732421875 0.34375
1 0.783203125 0.4563802083333333 0.033203125 0.055989583333333336
0 0.78369140625 0.5963541666666666 0.0849609375 0.3463541666666667
1 0.9453125 0.4459635416666667 0.01171875 0.01953125
0 0.95166015625 0.482421875 0.0322265625 0.10026041666666667
1 0.92431640625 0.443359375 0.0107421875 0.01953125
0 0.92333984375 0.4850260416666667 0.0302734375 0.10807291666666667
1 0.89892578125 0.443359375 0.0126953125 0.01953125
0 0.90380859375 0.4759114583333333 0.0322265625 0.08984375
1 0.87841796875 0.443359375 0.0126953125 0.01953125
0 0.88037109375 0.47265625 0.0302734375 0.0859375
1 0.86279296875 0.4459635416666667 0.0126953125 0.01953125
0 0.86376953125 0.47265625 0.0498046875 0.078125
1 0.8486328125 0.443359375 0.01171875 0.01953125
0 0.8515625 0.4700520833333333 0.04296875 0.07552083333333333
1 0.6435546875 0.4114583333333333 0.013671875 0.020833333333333332
0 0.64306640625 0.451171875 0.0380859375 0.10807291666666667
1 0.50390625 0.404296875 0.01171875 0.016927083333333332
0 0.5048828125 0.4427083333333333 0.03125 0.09895833333333333
1 0.4794921875 0.404296875 0.013671875 0.01953125
0 0.47998046875 0.4368489583333333 0.0302734375 0.09244791666666667
1 0.48583984375 0.3834635416666667 0.0107421875 0.016927083333333332
0 0.48291015625 0.416015625 0.0263671875 0.09244791666666667
1 0.47021484375 0.3821614583333333 0.0107421875 0.016927083333333332
0 0.47314453125 0.4127604166666667 0.0224609375 0.08333333333333333
1 0.45654296875 0.3756510416666667 0.0126953125 0.01953125
0 0.45361328125 0.40625 0.0263671875 0.0859375
1 0.43408203125 0.3971354166666667 0.0107421875 0.015625
0 0.431640625 0.427734375 0.021484375 0.08203125
1 0.3974609375 0.3997395833333333 0.013671875 0.018229166666666668
0 0.40283203125 0.431640625 0.0458984375 0.09765625
1 0.37353515625 0.3997395833333333 0.0087890625 0.015625
0 0.3720703125 0.427734375 0.025390625 0.08203125
1 0.3818359375 0.3977864583333333 0.005859375 0.009114583333333334
0 0.38330078125 0.4231770833333333 0.0224609375 0.0703125
1 0.35498046875 0.3854166666666667 0.0126953125 0.018229166666666668
0 0.35498046875 0.4212239583333333 0.0283203125 0.09765625
1 0.3388671875 0.400390625 0.01171875 0.01953125
0 0.3388671875 0.4309895833333333 0.017578125 0.0859375
1 0.35888671875 0.3782552083333333 0.0107421875 0.016927083333333332
0 0.35693359375 0.4134114583333333 0.0263671875 0.09244791666666667
1 0.32861328125 0.3899739583333333 0.0107421875 0.014322916666666666
0 0.32373046875 0.4348958333333333 0.0322265625 0.11458333333333333
1 0.32958984375 0.42578125 0.0263671875 0.09895833333333333
0 0.32958984375 0.42578125 0.0263671875 0.09895833333333333
1 0.3046875 0.3860677083333333 0.013671875 0.01953125
0 0.30029296875 0.4303385416666667 0.0283203125 0.11848958333333333
1 0.31591796875 0.376953125 0.0126953125 0.01953125
0 0.314453125 0.4205729166666667 0.025390625 0.109375
1 0.3974609375 0.3984375 0.01171875 0.018229166666666668
0 0.3935546875 0.4296875 0.025390625 0.08854166666666667