1 0.2071875 0.3724202626641651 0.058125 0.08630393996247655
0 0.210625 0.6571294559099438 0.17 0.6651031894934334
1 0.209375 0.3780487804878049 0.05125 0.0900562851782364
0 0.2034375 0.625703564727955 0.165625 0.6322701688555347
1 0.4153125 0.3452157598499062 0.026875 0.058161350844277676
0 0.4078125 0.5234521575984991 0.100625 0.4427767354596623
1 0.4259375 0.34849906191369606 0.021875 0.04221388367729831
0 0.42625 0.5075046904315197 0.08 0.36397748592870544
1 0.5365625 0.33818011257035646 0.026875 0.04784240150093809
0 0.5415625 0.4906191369606004 0.094375 0.3677298311444653
1 0.5984375 0.3442776735459662 0.050625 0.09193245778611632
0 0.643125 0.5717636022514071 0.21125 0.5825515947467167
1 0.95 0.2954971857410882 0.0525 0.08442776735459662
0 0.948125 0.5689493433395872 0.10375 0.648217636022514
1 0.8875 0.31613508442776733 0.045 0.0825515947467167
0 0.90375 0.5548780487804879 0.125 0.5581613508442776
1 0.8234375 0.28236397748592873 0.023125 0.04127579737335835
0 0.8453125 0.42354596622889307 0.075625 0.33114446529080677
1 0.7628125 0.29221388367729834 0.028125 0.051594746716697934
0 0.7559375 0.44090056285178236 0.093125 0.3696060037523452
1 0.5628125 0.33677298311444653 0.019375 0.04127579737335835
0 0.5646875 0.45825515947467166 0.060625 0.2898686679174484
1 0.6965625 0.325515947467167 0.020625 0.039399624765478425
0 0.6996875 0.4441838649155722 0.056875 0.2898686679174484
1 0.3734375 0.31191369606003755 0.011875 0.019699812382739212
0 0.3746875 0.3611632270168856 0.030625 0.12195121951219512
1 0.255 0.28236397748592873 0.00875 0.013133208255159476
0 0.2540625 0.31894934333958724 0.026875 0.0975609756097561
1 0.153125 0.2701688555347092 0.01375 0.0225140712945591
0 0.14875 0.32176360225140715 0.04 0.1294559099437148
1 0.1146875 0.2682926829268293 0.010625 0.01876172607879925
0 0.1171875 0.3231707317073171 0.038125 0.13602251407129456
1 0.1409375 0.2668855534709193 0.010625 0.017823639774859287
0 0.1440625 0.31801125703564725 0.034375 0.12570356472795496
1 0.300625 0.3123827392120075 0.0275 0.09568480300187618
0 0.300625 0.3123827392120075 0.0275 0.09568480300187618
1 0.786875 0.2945590994371482 0.02125 0.04127579737335835
0 0.78625 0.42917448405253283 0.05875 0.33677298311444653
1 0.8140625 0.29315196998123827 0.020625 0.036585365853658534
0 0.8190625 0.4366791744840525 0.061875 0.3348968105065666
1 0.7184375 0.299718574108818 0.029375 0.04784240150093809
0 0.7321875 0.42401500938086306 0.065625 0.31144465290806755