1 0.871875 0.3469601677148847 0.13541666666666666 0.17819706498951782
0 0.7635416666666667 0.6268343815513627 0.47291666666666665 0.7463312368972747
1 0.11979166666666667 0.5052410901467506 0.19375 0.1928721174004193
0 0.27708333333333335 0.7044025157232704 0.5541666666666667 0.5911949685534591
1 0.284375 0.44025157232704404 0.09375 0.10482180293501048
0 0.3229166666666667 0.6184486373165619 0.2791666666666667 0.4989517819706499
1 0.540625 0.3710691823899371 0.08541666666666667 0.11320754716981132
0 0.53125 0.5849056603773585 0.25833333333333336 0.5576519916142557
1 0.37604166666666666 0.32075471698113206 0.07708333333333334 0.0880503144654088
0 0.3385416666666667 0.46540880503144655 0.21875 0.4444444444444444
1 0.14583333333333334 0.18134171907756813 0.075 0.09433962264150944
0 0.16354166666666667 0.3951781970649895 0.16458333333333333 0.5681341719077568
1 0.059375 0.1792452830188679 0.10625 0.1111111111111111
0 0.109375 0.480083857442348 0.21875 0.7211740041928721
1 0.5114583333333333 0.1310272536687631 0.052083333333333336 0.07337526205450734
0 0.51875 0.29874213836477986 0.14166666666666666 0.4381551362683438
1 0.48125 0.2914046121593291 0.07083333333333333 0.09643605870020965
0 0.51875 0.4276729559748428 0.19583333333333333 0.37735849056603776
1 0.6489583333333333 0.27358490566037735 0.07708333333333334 0.09433962264150944
0 0.678125 0.42662473794549266 0.16041666666666668 0.4129979035639413
1 0.7072916666666667 0.23689727463312368 0.08125 0.1090146750524109
0 0.7802083333333333 0.3909853249475891 0.23125 0.42557651991614254
1 0.8166666666666667 0.29350104821802936 0.08333333333333333 0.1090146750524109
0 0.821875 0.4989517819706499 0.25625 0.549266247379455
1 0.646875 0.14360587002096437 0.052083333333333336 0.07337526205450734
0 0.6479166666666667 0.29245283018867924 0.14583333333333334 0.3920335429769392
1 0.846875 0.1509433962264151 0.06875 0.08385744234800839
0 0.8302083333333333 0.330188679245283 0.17291666666666666 0.4716981132075472
1 0.5989583333333334 0.25471698113207547 0.06458333333333334 0.07756813417190776
0 0.6375 0.3909853249475891 0.17083333333333334 0.3668763102725367
1 0.06875 0.4716981132075472 0.125 0.15513626834381553
0 0.21770833333333334 0.6750524109014675 0.4354166666666667 0.649895178197065