1 0.9720833333333333 0.4107142857142857 0.015833333333333335 0.03968253968253968
0 0.9758333333333333 0.5376984126984127 0.04833333333333333 0.3253968253968254
1 0.010416666666666666 0.018849206349206348 0.014166666666666666 0.037698412698412696
0 0.013333333333333334 0.07539682539682539 0.02666666666666667 0.15079365079365079
1 0.07625 0.011904761904761904 0.010833333333333334 0.023809523809523808
0 0.07666666666666666 0.07142857142857142 0.03166666666666667 0.14285714285714285
1 0.09208333333333334 0.07043650793650794 0.015833333333333335 0.0496031746031746
0 0.08916666666666667 0.13293650793650794 0.035 0.1865079365079365
1 0.12291666666666666 0.016865079365079364 0.0125 0.03373015873015873
0 0.12333333333333334 0.08630952380952381 0.03833333333333333 0.17261904761904762
1 0.13 0.06349206349206349 0.013333333333333334 0.04365079365079365
0 0.13166666666666665 0.11607142857142858 0.03166666666666667 0.16071428571428573
1 0.16708333333333333 0.00992063492063492 0.009166666666666667 0.01984126984126984
0 0.16458333333333333 0.07043650793650794 0.0325 0.14087301587301587
1 0.1875 0.015873015873015872 0.013333333333333334 0.031746031746031744
0 0.18666666666666668 0.07539682539682539 0.041666666666666664 0.15079365079365079
1 0.23625 0.0248015873015873 0.014166666666666666 0.04563492063492063
0 0.235 0.07341269841269842 0.03333333333333333 0.1349206349206349
1 0.27625 0.012896825396825396 0.010833333333333334 0.025793650793650792
0 0.27541666666666664 0.0763888888888889 0.030833333333333334 0.1527777777777778
1 0.30833333333333335 0.01488095238095238 0.013333333333333334 0.02976190476190476
0 0.30833333333333335 0.09623015873015874 0.041666666666666664 0.19246031746031747
1 0.34958333333333336 0.0882936507936508 0.035833333333333335 0.1765873015873016
0 0.34958333333333336 0.0882936507936508 0.035833333333333335 0.1765873015873016
1 0.3616666666666667 0.09126984126984126 0.011666666666666667 0.031746031746031744
0 0.3570833333333333 0.16071428571428573 0.029166666666666667 0.17857142857142858
1 0.37833333333333335 0.08134920634920635 0.008333333333333333 0.023809523809523808
0 0.3858333333333333 0.13988095238095238 0.02666666666666667 0.1488095238095238
1 0.3883333333333333 0.022817460317460316 0.011666666666666667 0.03373015873015873
0 0.38958333333333334 0.07142857142857142 0.0275 0.14285714285714285
1 0.43875 0.008928571428571428 0.009166666666666667 0.017857142857142856
0 0.435 0.06845238095238096 0.035 0.13690476190476192
1 0.47041666666666665 0.015873015873015872 0.0125 0.031746031746031744
0 0.46875 0.07539682539682539 0.030833333333333334 0.15079365079365079
1 0.5033333333333333 0.008928571428571428 0.008333333333333333 0.017857142857142856
0 0.5029166666666667 0.06646825396825397 0.0325 0.13293650793650794
1 0.5333333333333333 0.011904761904761904 0.01 0.023809523809523808
0 0.5370833333333334 0.06547619047619048 0.035833333333333335 0.13095238095238096
1 0.5741666666666667 0.012896825396825396 0.011666666666666667 0.025793650793650792
0 0.58 0.08531746031746032 0.045 0.17063492063492064
1 0.60375 0.012896825396825396 0.010833333333333334 0.025793650793650792
0 0.6108333333333333 0.07936507936507936 0.04833333333333333 0.15873015873015872
1 0.64125 0.06944444444444445 0.0125 0.03968253968253968
0 0.64125 0.12400793650793651 0.034166666666666665 0.15674603174603174
1 0.65875 0.1626984126984127 0.0125 0.03968253968253968
0 0.6570833333333334 0.20337301587301587 0.030833333333333334 0.12896825396825398
1 0.6333333333333333 0.15178571428571427 0.015 0.041666666666666664
0 0.63125 0.20535714285714285 0.0275 0.1527777777777778
1 0.6158333333333333 0.2748015873015873 0.011666666666666667 0.037698412698412696
0 0.6129166666666667 0.3194444444444444 0.034166666666666665 0.14682539682539683
1 0.6470833333333333 0.25595238095238093 0.014166666666666666 0.03968253968253968
0 0.6516666666666666 0.3115079365079365 0.04 0.16666666666666666
1 0.6991666666666667 0.314484126984127 0.011666666666666667 0.02976190476190476
0 0.7008333333333333 0.3621031746031746 0.03166666666666667 0.1527777777777778
1 0.6766666666666666 0.32242063492063494 0.015 0.037698412698412696
0 0.6779166666666666 0.4156746031746032 0.0525 0.23214285714285715
1 0.7320833333333333 0.40476190476190477 0.014166666666666666 0.04365079365079365
0 0.74375 0.48313492063492064 0.0625 0.20833333333333334
1 0.6895833333333333 0.40773809523809523 0.014166666666666666 0.04563492063492063
0 0.6870833333333334 0.48313492063492064 0.04416666666666667 0.20436507936507936
1 0.71625 0.39186507936507936 0.015833333333333335 0.05357142857142857
0 0.7154166666666667 0.566468253968254 0.050833333333333335 0.41865079365079366
1 0.6291666666666667 0.3273809523809524 0.013333333333333334 0.03968253968253968
0 0.6254166666666666 0.3888888888888889 0.0375 0.17857142857142858
1 0.57 0.24702380952380953 0.013333333333333334 0.03373015873015873
0 0.5666666666666667 0.3134920634920635 0.045 0.1865079365079365
1 0.5783333333333334 0.4007936507936508 0.015 0.03968253968253968
0 0.5783333333333334 0.4781746031746032 0.03833333333333333 0.20238095238095238
1 0.58875 0.37103174603174605 0.014166666666666666 0.03968253968253968
0 0.5895833333333333 0.4503968253968254 0.0375 0.21031746031746032
1 0.54875 0.4027777777777778 0.014166666666666666 0.04365079365079365
0 0.545 0.46924603174603174 0.03333333333333333 0.1884920634920635
1 0.5516666666666666 0.35813492063492064 0.015 0.04563492063492063
0 0.5495833333333333 0.4246031746031746 0.035833333333333335 0.19047619047619047
1 0.5220833333333333 0.28075396825396826 0.014166666666666666 0.041666666666666664
0 0.5241666666666667 0.35714285714285715 0.03666666666666667 0.21031746031746032
1 0.5229166666666667 0.22420634920634921 0.015833333333333335 0.04365079365079365
0 0.52375 0.3055555555555556 0.0425 0.21825396825396826
1 0.48541666666666666 0.14781746031746032 0.014166666666666666 0.037698412698412696
0 0.4845833333333333 0.20734126984126985 0.0425 0.18055555555555555
1 0.4891666666666667 0.06349206349206349 0.013333333333333334 0.03968253968253968
0 0.4870833333333333 0.12003968253968254 0.04083333333333333 0.1527777777777778
1 0.44666666666666666 0.13690476190476192 0.013333333333333334 0.03571428571428571
0 0.44708333333333333 0.19444444444444445 0.0325 0.15476190476190477
1 0.41791666666666666 0.13988095238095238 0.014166666666666666 0.03373015873015873
0 0.41583333333333333 0.19345238095238096 0.03 0.1527777777777778
1 0.39666666666666667 0.17261904761904762 0.018333333333333333 0.051587301587301584
0 0.3929166666666667 0.25496031746031744 0.04416666666666667 0.22817460317460317
1 0.49083333333333334 0.2708333333333333 0.013333333333333334 0.037698412698412696
0 0.49041666666666667 0.3382936507936508 0.034166666666666665 0.18055555555555555
1 0.49583333333333335 0.3611111111111111 0.008333333333333333 0.023809523809523808
0 0.49666666666666665 0.4255952380952381 0.035 0.20436507936507936
1 0.48375 0.4117063492063492 0.014166666666666666 0.0496031746031746
0 0.48791666666666667 0.48908730158730157 0.03916666666666667 0.21626984126984128
1 0.50375 0.4027777777777778 0.020833333333333332 0.06746031746031746
0 0.50125 0.5773809523809523 0.07083333333333333 0.4365079365079365
1 0.45916666666666667 0.3273809523809524 0.011666666666666667 0.04365079365079365
0 0.45916666666666667 0.39087301587301587 0.03 0.1865079365079365
1 0.45375 0.22916666666666666 0.014166666666666666 0.04563492063492063
0 0.45708333333333334 0.2906746031746032 0.0375 0.1765873015873016
1 0.44375 0.2767857142857143 0.014166666666666666 0.041666666666666664
0 0.44125 0.32837301587301587 0.0275 0.1488095238095238
1 0.4241666666666667 0.23313492063492064 0.013333333333333334 0.037698412698412696
0 0.4225 0.2876984126984127 0.03166666666666667 0.15476190476190477
1 0.41291666666666665 0.2718253968253968 0.0125 0.04365079365079365
0 0.41291666666666665 0.31646825396825395 0.034166666666666665 0.1527777777777778
1 0.42041666666666666 0.32043650793650796 0.0125 0.041666666666666664
0 0.42083333333333334 0.373015873015873 0.03 0.15873015873015872
1 0.43333333333333335 0.39285714285714285 0.016666666666666666 0.04365079365079365
0 0.43041666666666667 0.4623015873015873 0.034166666666666665 0.19047619047619047
1 0.3283333333333333 0.36507936507936506 0.015 0.04365079365079365
0 0.32875 0.45436507936507936 0.0475 0.23015873015873015
1 0.31125 0.3273809523809524 0.014166666666666666 0.03571428571428571
0 0.3120833333333333 0.4117063492063492 0.03916666666666667 0.22420634920634921
1 0.3075 0.26884920634920634 0.011666666666666667 0.037698412698412696
0 0.30791666666666667 0.3253968253968254 0.034166666666666665 0.16666666666666666
1 0.28583333333333333 0.15674603174603174 0.015 0.04365079365079365
0 0.2816666666666667 0.22321428571428573 0.04 0.1884920634920635
1 0.28708333333333336 0.12202380952380952 0.0125 0.03373015873015873
0 0.28875 0.1865079365079365 0.04083333333333333 0.17857142857142858
1 0.25708333333333333 0.10813492063492064 0.0125 0.03373015873015873
0 0.255 0.15674603174603174 0.03 0.15079365079365079
1 0.22916666666666666 0.0873015873015873 0.013333333333333334 0.03571428571428571
0 0.22666666666666666 0.14087301587301587 0.03333333333333333 0.15873015873015872
1 0.245 0.15575396825396826 0.015 0.0496031746031746
0 0.24375 0.21626984126984128 0.0375 0.18253968253968253
1 0.2783333333333333 0.3869047619047619 0.013333333333333334 0.03571428571428571
0 0.27708333333333335 0.49404761904761907 0.0575 0.2777777777777778
1 0.35 0.32242063492063494 0.045 0.11706349206349206
0 0.3729166666666667 0.626984126984127 0.14416666666666667 0.746031746031746
1 0.25958333333333333 0.5009920634920635 0.029166666666666667 0.09325396825396826
0 0.2475 0.7103174603174603 0.08666666666666667 0.5396825396825397
1 0.21625 0.3819444444444444 0.0175 0.0496031746031746
0 0.22125 0.46726190476190477 0.0525 0.22817460317460317
1 0.17333333333333334 0.3630952380952381 0.015 0.051587301587301584
0 0.17333333333333334 0.4573412698412698 0.043333333333333335 0.251984126984127
1 0.13458333333333333 0.38095238095238093 0.0125 0.03968253968253968
0 0.13458333333333333 0.4593253968253968 0.034166666666666665 0.20833333333333334
1 0.09958333333333333 0.37996031746031744 0.015833333333333335 0.041666666666666664
0 0.10041666666666667 0.4642857142857143 0.03916666666666667 0.21428571428571427
1 0.0575 0.36904761904761907 0.018333333333333333 0.04365079365079365
0 0.06 0.4573412698412698 0.041666666666666664 0.22817460317460317
1 0.03166666666666667 0.3611111111111111 0.015 0.047619047619047616
0 0.027083333333333334 0.45337301587301587 0.0375 0.23214285714285715
1 0.03666666666666667 0.1974206349206349 0.013333333333333334 0.03373015873015873
0 0.03666666666666667 0.26785714285714285 0.03666666666666667 0.19047619047619047
1 0.07416666666666667 0.25595238095238093 0.013333333333333334 0.03968253968253968
0 0.07041666666666667 0.32242063492063494 0.035833333333333335 0.18055555555555555
1 0.10375 0.30456349206349204 0.0125 0.04563492063492063
0 0.10375 0.3531746031746032 0.034166666666666665 0.15476190476190477
1 0.10791666666666666 0.251984126984127 0.0125 0.03968253968253968
0 0.10708333333333334 0.31746031746031744 0.034166666666666665 0.1865079365079365
1 0.1125 0.23313492063492064 0.015 0.037698412698412696
0 0.10916666666666666 0.30257936507936506 0.03 0.1884920634920635
1 0.11666666666666667 0.10714285714285714 0.015 0.04365079365079365
0 0.11541666666666667 0.17063492063492064 0.04083333333333333 0.18253968253968253
1 0.03 0.09325396825396826 0.015 0.04365079365079365
0 0.032916666666666664 0.15476190476190477 0.03916666666666667 0.17063492063492064
1 0.16416666666666666 0.12103174603174603 0.013333333333333334 0.04365079365079365
0 0.16583333333333333 0.17162698412698413 0.03333333333333333 0.1488095238095238
1 0.17541666666666667 0.22321428571428573 0.014166666666666666 0.041666666666666664
0 0.17583333333333334 0.25396825396825395 0.03833333333333333 0.1111111111111111
1 0.14041666666666666 0.24503968253968253 0.0125 0.037698412698412696
0 0.13833333333333334 0.30456349206349204 0.03166666666666667 0.16468253968253968
1 0.1425 0.21031746031746032 0.011666666666666667 0.03571428571428571
0 0.14166666666666666 0.26785714285714285 0.03333333333333333 0.1626984126984127
1 0.17041666666666666 0.27380952380952384 0.0125 0.03571428571428571
0 0.17 0.3194444444444444 0.03 0.14285714285714285
1 0.18375 0.29365079365079366 0.0175 0.051587301587301584
0 0.18125 0.373015873015873 0.049166666666666664 0.2222222222222222
1 0.22541666666666665 0.29563492063492064 0.014166666666666666 0.03968253968253968
0 0.22708333333333333 0.35615079365079366 0.0325 0.17261904761904762
1 0.23916666666666667 0.2847222222222222 0.015 0.037698412698412696
0 0.23791666666666667 0.3402777777777778 0.029166666666666667 0.1527777777777778
1 0.275 0.25793650793650796 0.015 0.04365079365079365
0 0.2725 0.3392857142857143 0.03666666666666667 0.21428571428571427
1 0.27625 0.3382936507936508 0.014166666666666666 0.04563492063492063
0 0.27458333333333335 0.41369047619047616 0.035833333333333335 0.20436507936507936
1 0.22041666666666668 0.2222222222222222 0.0125 0.03968253968253968
0 0.22083333333333333 0.28174603174603174 0.03166666666666667 0.17063492063492064
1 0.205 0.25793650793650796 0.015 0.03968253968253968
0 0.20375 0.3134920634920635 0.034166666666666665 0.17063492063492064
1 0.2025 0.1111111111111111 0.015 0.03571428571428571
0 0.19875 0.1865079365079365 0.035833333333333335 0.19444444444444445
1 0.16625 0.07043650793650794 0.015833333333333335 0.04563492063492063
0 0.17 0.13690476190476192 0.03833333333333333 0.1865079365079365
1 0.060833333333333336 0.11011904761904762 0.013333333333333334 0.037698412698412696
0 0.06416666666666666 0.17162698412698413 0.041666666666666664 0.19642857142857142
1 0.13958333333333334 0.17261904761904762 0.0125 0.031746031746031744
0 0.12958333333333333 0.22817460317460317 0.04083333333333333 0.15079365079365079
1 0.4425 0.1865079365079365 0.011666666666666667 0.031746031746031744
0 0.44208333333333333 0.23511904761904762 0.034166666666666665 0.1765873015873016
1 0.585 0.125 0.015 0.047619047619047616
0 0.585 0.1775793650793651 0.03333333333333333 0.16468253968253968
1 0.61 0.12698412698412698 0.011666666666666667 0.03571428571428571
0 0.6091666666666666 0.17956349206349206 0.02666666666666667 0.16071428571428573
1 0.63375 0.11607142857142858 0.0125 0.037698412698412696
0 0.6345833333333334 0.17956349206349206 0.030833333333333334 0.1765873015873016
1 0.6708333333333333 0.2261904761904762 0.015 0.04365079365079365
0 0.6666666666666666 0.2757936507936508 0.03 0.15476190476190477
1 0.8079166666666666 0.4513888888888889 0.05583333333333333 0.10515873015873016
0 0.8033333333333333 0.6944444444444444 0.15 0.6111111111111112
1 0.6316666666666667 0.4117063492063492 0.015 0.04563492063492063
0 0.6320833333333333 0.4851190476190476 0.05416666666666667 0.21626984126984128
1 0.45 0.05952380952380952 0.011666666666666667 0.03968253968253968
0 0.44666666666666666 0.11607142857142858 0.035 0.16468253968253968