1 0.899203431372549 0.27798202614379086 0.12990196078431374 0.15155228758169934
0 0.8046875 0.5929330065359477 0.390625 0.8141339869281046
1 0.6596200980392157 0.28717320261437906 0.05821078431372549 0.0988562091503268
0 0.6096813725490197 0.5238970588235294 0.23345588235294118 0.5992647058823529
1 0.44669117647058826 0.34048202614379086 0.05392156862745098 0.10416666666666667
0 0.4053308823529412 0.5494281045751634 0.28737745098039214 0.5473856209150327
1 0.2884497549019608 0.34068627450980393 0.05422794117647059 0.09068627450980392
0 0.23973651960784315 0.5292075163398693 0.24356617647058823 0.47998366013071897
1 0.17478553921568626 0.3617238562091503 0.05545343137254902 0.08047385620915033
0 0.14261642156862744 0.5228758169934641 0.1878063725490196 0.4215686274509804
1 0.03952205882352941 0.3431372549019608 0.05698529411764706 0.0923202614379085
0 0.07107843137254902 0.5024509803921569 0.14215686274509803 0.4215686274509804