1 0.1675 0.19343629343629343 0.042 0.07644787644787644
0 0.22325 0.4023166023166023 0.2535 0.5405405405405406
1 0.44975 0.13243243243243244 0.0365 0.06409266409266409
0 0.448 0.3324324324324324 0.099 0.48725868725868726
1 0.68275 0.2335907335907336 0.0755 0.12432432432432433
0 0.6935 0.5687258687258687 0.418 0.8131274131274131
1 0.5235 0.2084942084942085 0.049 0.09884169884169884
0 0.56675 0.4814671814671815 0.1875 0.654054054054054
1 0.55675 0.13127413127413126 0.0425 0.0694980694980695
0 0.5575 0.3193050193050193 0.097 0.4563706563706564
1 0.656 0.14092664092664092 0.051 0.08725868725868725
0 0.64375 0.3776061776061776 0.1115 0.5667953667953668
1 0.723 0.14324324324324325 0.043 0.07181467181467181
0 0.719 0.34324324324324323 0.087 0.47644787644787645
1 0.78625 0.07181467181467181 0.0435 0.08648648648648649
0 0.7785 0.2953667953667954 0.114 0.5366795366795367
1 0.8125 0.07104247104247104 0.031 0.07258687258687259
0 0.8165 0.27606177606177607 0.091 0.511969111969112