1 0.799375 0.6022632020117351 0.05875 0.09304274937133278
0 0.795 0.7388935456831517 0.1675 0.3696563285834032
1 0.8175 0.567476948868399 0.055 0.08214585079631181
0 0.8578125 0.6902766135792121 0.145625 0.336127409891031
1 0.8340625 0.5314333612740989 0.040625 0.07376362112321877
0 0.85 0.6274098910310143 0.09625 0.2707460184409053
1 0.8515625 0.49371332774518023 0.041875 0.06035205364626991
0 0.880625 0.5871751886001676 0.10125 0.24559932942162616
1 0.671875 0.5649622799664711 0.05375 0.08717518860016764
0 0.6371875 0.670997485331098 0.180625 0.3076278290025147
1 0.765 0.5561609388097234 0.04375 0.06789606035205364
0 0.75875 0.6408214585079631 0.11625 0.24056999161777032
1 0.75625 0.47485331098072087 0.0375 0.056160938809723386
0 0.73875 0.5419111483654652 0.085 0.1953059513830679
1 0.7640625 0.37175188600167647 0.038125 0.06119027661357921
0 0.703125 0.49245599329421624 0.16875 0.3076278290025147
1 0.6996875 0.2950544844928751 0.009375 0.013411567476948869
0 0.7003125 0.336127409891031 0.026875 0.0989103101424979
1 0.5740625 0.29044425817267394 0.024375 0.04107292539815591
0 0.575 0.38935456831517185 0.0875 0.24727577535624476
1 0.189375 0.5272422464375524 0.0375 0.06705783738474434
0 0.2090625 0.6408214585079631 0.124375 0.297569153394803
1 0.2221875 0.5335289186923722 0.034375 0.05951383067896061
0 0.2528125 0.6303436714165969 0.120625 0.26487845766974016
1 0.26875 0.5041911148365466 0.04125 0.06286672254819782
0 0.286875 0.6077116512992456 0.115 0.2766135792120704
1 0.306875 0.49077954735959767 0.0375 0.056160938809723386
0 0.3246875 0.5922045264040234 0.093125 0.26236378876781224
1 0.3546875 0.4941324392288349 0.029375 0.056160938809723386
0 0.3665625 0.5766974015088013 0.085625 0.22632020117351215
1 0.3925 0.4660519698239732 0.0325 0.05699916177703269
0 0.4053125 0.5486169321039397 0.088125 0.22715842414082146
1 0.443125 0.4333612740989103 0.03375 0.055322715842414084
0 0.4515625 0.5377200335289187 0.085625 0.27242246437552387
1 0.489375 0.44425817267393125 0.03125 0.04694048616932104
0 0.5165625 0.5251466890192791 0.094375 0.2338642078792959
1 0.0921875 0.30595138306789604 0.064375 0.11232187761944677
0 0.100625 0.6198658843252305 0.20125 0.760268231349539