1 0.01416015625 0.3033854166666667 0.0283203125 0.053385416666666664
0 0.044921875 0.4944661458333333 0.08984375 0.4381510416666667
1 0.141845703125 0.2991536458333333 0.01611328125 0.022786458333333332
0 0.1455078125 0.3639322916666667 0.044921875 0.15625
1 0.193603515625 0.2747395833333333 0.01806640625 0.029947916666666668
0 0.197509765625 0.3619791666666667 0.05810546875 0.21354166666666666
1 0.159912109375 0.2828776041666667 0.01318359375 0.018880208333333332
0 0.1669921875 0.3346354166666667 0.0302734375 0.13020833333333334
1 0.171630859375 0.2825520833333333 0.01025390625 0.014322916666666666
0 0.1708984375 0.3157552083333333 0.0205078125 0.08723958333333333
1 0.3125 0.3483072916666667 0.0634765625 0.13020833333333334
0 0.27294921875 0.6383463541666666 0.2119140625 0.7233072916666666
1 0.391845703125 0.517578125 0.05615234375 0.09114583333333333
0 0.40380859375 0.6959635416666666 0.1083984375 0.4700520833333333
1 0.3251953125 0.3053385416666667 0.0361328125 0.0625
0 0.328857421875 0.5367838541666666 0.16943359375 0.5279947916666666
1 0.396728515625 0.3225911458333333 0.04052734375 0.057942708333333336
0 0.3935546875 0.3929036458333333 0.109375 0.2571614583333333
1 0.456787109375 0.27734375 0.05126953125 0.08463541666666667
0 0.462890625 0.4840494791666667 0.123046875 0.5188802083333334
1 0.577880859375 0.3030598958333333 0.06591796875 0.09830729166666667
0 0.544189453125 0.5784505208333334 0.15087890625 0.6634114583333334
1 0.670654296875 0.3160807291666667 0.07470703125 0.11653645833333333
0 0.65234375 0.5986328125 0.2275390625 0.6998697916666666
1 0.7470703125 0.2985026041666667 0.0859375 0.15559895833333334
0 0.6943359375 0.6067708333333334 0.216796875 0.7864583333333334
1 0.92578125 0.5478515625 0.1103515625 0.12955729166666666
0 0.866943359375 0.7164713541666666 0.25341796875 0.5084635416666666
1 0.923095703125 0.5452473958333334 0.11474609375 0.14127604166666666
0 0.873779296875 0.7395833333333334 0.25244140625 0.5208333333333334