1 0.3946875 0.3261480787253983 0.060625 0.13120899718837864
0 0.3978125 0.6251171508903468 0.458125 0.7497656982193065
1 0.513125 0.17619493908153702 0.07625 0.1387066541705717
0 0.526875 0.5520149953139644 0.465 0.8959700093720713
1 0.646875 0.3964386129334583 0.0675 0.1218369259606373
0 0.5990625 0.6677600749765699 0.273125 0.6644798500468604
1 0.0665625 0.38612933458294285 0.103125 0.14058106841611998
0 0.149375 0.6265229615745079 0.29875 0.746954076850984
1 0.2625 0.394095595126523 0.0675 0.11715089034676664
0 0.269375 0.6611996251171509 0.18875 0.6776007497656982
1 0.0890625 0.3542642924086223 0.050625 0.11246485473289597
0 0.0940625 0.64058106841612 0.188125 0.7188378631677601
1 0.7875 0.6846298031865042 0.05375 0.07591377694470477
0 0.7365625 0.8092783505154639 0.204375 0.3458294283036551
1 0.963125 0.5857544517338332 0.05625 0.10121836925960637
0 0.9259375 0.7633552014995314 0.148125 0.4732895970009372
1 0.8546875 0.5520149953139644 0.041875 0.07872539831302718
0 0.8775 0.7136832239925024 0.15875 0.41518275538894095
1 0.925 0.5028116213683224 0.03625 0.06279287722586692
0 0.940625 0.6654170571696345 0.11625 0.3917525773195876
1 0.940625 0.44283036551077787 0.035 0.06279287722586692
0 0.935 0.5623242736644799 0.105 0.3055295220243674
1 0.8128125 0.4676663542642924 0.033125 0.061855670103092786
0 0.81 0.5857544517338332 0.0925 0.30927835051546393
1 0.7603125 0.4676663542642924 0.030625 0.061855670103092786
0 0.750625 0.5852858481724461 0.105 0.3139643861293346
1 0.6528125 0.3322399250234302 0.026875 0.05529522024367385
0 0.6459375 0.44095595126522963 0.086875 0.28209934395501407
1 0.33 0.3402061855670103 0.0325 0.056232427366447985
0 0.3390625 0.45735707591377694 0.100625 0.3055295220243674
1 0.2671875 0.3233364573570759 0.029375 0.04498594189315839
0 0.2603125 0.45313964386129335 0.081875 0.3158388003748828
1 0.218125 0.3434864104967198 0.04125 0.07216494845360824
0 0.2103125 0.4854732895970009 0.094375 0.3673851921274602
1 0.1478125 0.443767572633552 0.039375 0.06841611996251172
0 0.1484375 0.60543580131209 0.121875 0.40674789128397376
1 0.1909375 0.3149015932521087 0.031875 0.05248359887535145
0 0.1840625 0.42642924086223055 0.085625 0.2830365510777882
1 0.14375 0.3847235238987816 0.03375 0.05716963448922212
0 0.1440625 0.4784442361761949 0.078125 0.25585754451733833
1 0.1178125 0.31021555763823805 0.029375 0.05060918462980318
0 0.111875 0.3983130271790066 0.08625 0.22867853795688847
1 0.1159375 0.274601686972821 0.029375 0.05060918462980318
0 0.10875 0.373477038425492 0.0925 0.25960637300843487
1 0.1521875 0.24179943767572634 0.024375 0.041237113402061855
0 0.15375 0.3134957825679475 0.055 0.19212746016869728
1 0.2371875 0.27225866916588565 0.026875 0.04592314901593252
0 0.238125 0.3467666354264292 0.06875 0.20243673851921273
1 0.220625 0.23898781630740393 0.025 0.04311152764761012
0 0.219375 0.30599812558575445 0.06 0.1846298031865042
1 0.203125 0.19259606373008434 0.02375 0.03655107778819119
0 0.2003125 0.281630740393627 0.066875 0.22024367385192128
1 0.2471875 0.20618556701030927 0.021875 0.031865042174320526
0 0.2440625 0.2614807872539831 0.050625 0.15370196813495782
1 0.2965625 0.29662605435801315 0.026875 0.04217432052483599
0 0.3015625 0.3570759137769447 0.064375 0.17432052483598875
1 0.3590625 0.27928772258669166 0.028125 0.05060918462980318
0 0.3628125 0.37488284910965325 0.090625 0.24742268041237114
1 0.2975 0.25538894095595127 0.02 0.03655107778819119
0 0.295 0.31208997188378634 0.05 0.15370196813495782
1 0.2965625 0.19400187441424555 0.020625 0.033739456419868794
0 0.29375 0.2647610121836926 0.06625 0.18650421743205248
1 0.3371875 0.2380506091846298 0.020625 0.03561387066541706
0 0.3421875 0.316776007497657 0.056875 0.19681349578256796
1 0.254375 0.1583880037488285 0.0175 0.02999062792877226
0 0.253125 0.21930646672914714 0.045 0.16494845360824742
1 0.28875 0.16588566073102157 0.0175 0.031865042174320526
0 0.2875 0.23477038425492033 0.04375 0.17713214620431114
1 0.29875 0.1790065604498594 0.01875 0.031865042174320526
0 0.2971875 0.253514526710403 0.053125 0.1846298031865042
1 0.340625 0.2099343955014058 0.0225 0.03748828491096532
0 0.3396875 0.2778819119025305 0.061875 0.18088097469540768
1 0.2890625 0.16541705716963448 0.016875 0.029053420805998126
0 0.28875 0.21415182755388942 0.05 0.13214620431115276
1 0.29625 0.14339268978444236 0.01625 0.026241799437675725
0 0.2928125 0.1846298031865042 0.046875 0.1162136832239925
1 0.3425 0.1794751640112465 0.0175 0.03280224929709466
0 0.3375 0.24273664479850046 0.05875 0.1668228678537957
1 0.3240625 0.15979381443298968 0.019375 0.03280224929709466
0 0.3271875 0.2296157450796626 0.045625 0.17994376757263356
1 0.33625 0.13402061855670103 0.015 0.028116213683223992
0 0.335625 0.17291471415182755 0.04375 0.1134020618556701
1 0.3684375 0.1640112464854733 0.019375 0.031865042174320526
0 0.3621875 0.21462043111527648 0.048125 0.14807872539831302
1 0.38375 0.1330834114339269 0.01875 0.028116213683223992
0 0.3790625 0.18322399250234303 0.046875 0.1302717900656045
1 0.373125 0.21602624179943766 0.02625 0.04029990627928772
0 0.383125 0.2769447047797563 0.05625 0.1583880037488285
1 0.38625 0.23570759137769448 0.025 0.04592314901593252
0 0.388125 0.2900656044985942 0.0475 0.1696344892221181
1 0.3896875 0.18275538894095594 0.023125 0.04311152764761012
0 0.3853125 0.2549203373945642 0.060625 0.19119025304592316
1 0.405 0.1635426429240862 0.01875 0.02717900656044986
0 0.4025 0.21883786316776008 0.04875 0.14526710402999063
1 0.4165625 0.14479850046860357 0.015625 0.02717900656044986
0 0.414375 0.2047797563261481 0.0475 0.15089034676663543
1 0.436875 0.2521087160262418 0.0225 0.03936269915651359
0 0.44375 0.31302717900656046 0.05125 0.17057169634489222
1 0.450625 0.20805998125585753 0.025 0.041237113402061855
0 0.4425 0.2685098406747891 0.0725 0.1640112464854733
1 0.4403125 0.1846298031865042 0.020625 0.02999062792877226
0 0.441875 0.2352389878163074 0.04875 0.14245548266166824
1 0.4440625 0.1733833177132146 0.016875 0.02999062792877226
0 0.44125 0.2197750702905342 0.04125 0.13214620431115276
1 0.4559375 0.16166822867853795 0.015625 0.030927835051546393
0 0.4521875 0.21602624179943766 0.043125 0.14526710402999063
1 0.4840625 0.19634489222118087 0.016875 0.03655107778819119
0 0.4853125 0.24039362699156513 0.056875 0.1302717900656045
1 0.4840625 0.17057169634489222 0.016875 0.02999062792877226
0 0.4821875 0.22071227741330834 0.051875 0.1358950328022493
1 0.5421875 0.15229615745079664 0.011875 0.023430178069353328
0 0.5325 0.19634489222118087 0.03625 0.1190253045923149
1 0.553125 0.17432052483598875 0.01875 0.033739456419868794
0 0.5515625 0.22774133083411435 0.051875 0.14995313964386128
1 0.574375 0.16119962511715089 0.01375 0.026241799437675725
0 0.5725 0.20243673851921273 0.035 0.1162136832239925
1 0.6046875 0.1696344892221181 0.018125 0.02999062792877226
0 0.6028125 0.21180880974695407 0.038125 0.1218369259606373
1 0.591875 0.17994376757263356 0.01875 0.031865042174320526
0 0.5903125 0.232427366447985 0.045625 0.14432989690721648
1 0.58625 0.21836925960637302 0.01625 0.031865042174320526
0 0.586875 0.260543580131209 0.05125 0.12371134020618557
1 0.584375 0.23008434864104968 0.02125 0.03467666354264293
0 0.58625 0.274601686972821 0.05 0.1274601686972821
1 0.618125 0.20899718837863168 0.02 0.033739456419868794
0 0.6190625 0.260543580131209 0.043125 0.14995313964386128
1 0.633125 0.18088097469540768 0.01875 0.02999062792877226
0 0.6334375 0.2380506091846298 0.043125 0.14807872539831302
1 0.63625 0.2408622305529522 0.01875 0.03748828491096532
0 0.63375 0.28350515463917525 0.05 0.14339268978444236
1 0.62625 0.267572633552015 0.02375 0.04592314901593252
0 0.6275 0.3158388003748828 0.0625 0.14620431115276475
1 0.666875 0.11152764761012184 0.0175 0.02999062792877226
0 0.6571875 0.20712277413308341 0.049375 0.2268041237113402
1 0.69625 0.17619493908153702 0.0175 0.02999062792877226
0 0.6946875 0.2352389878163074 0.050625 0.15370196813495782
1 0.7396875 0.1696344892221181 0.015625 0.02999062792877226
0 0.7378125 0.23289597000937207 0.054375 0.16776007497656983
1 0.7596875 0.20852858481724462 0.019375 0.03655107778819119
0 0.7659375 0.2760074976569822 0.053125 0.17525773195876287
1 0.7978125 0.18556701030927836 0.021875 0.031865042174320526
0 0.7953125 0.24320524835988752 0.058125 0.15089034676663543
1 0.8325 0.1850984067478913 0.01875 0.03467666354264293
0 0.834375 0.2380506091846298 0.0425 0.14432989690721648
1 0.858125 0.1640112464854733 0.01625 0.028116213683223992
0 0.8584375 0.22024367385192128 0.041875 0.15182755388940955
1 0.895625 0.16729147141518275 0.0225 0.03467666354264293
0 0.895625 0.22399250234301782 0.05 0.15557638238050608
1 0.9584375 0.19540768509840675 0.023125 0.04029990627928772
0 0.950625 0.24414245548266167 0.045 0.14526710402999063
1 0.978125 0.1949390815370197 0.02 0.03561387066541706
0 0.97625 0.246485473289597 0.03875 0.14245548266166824
1 0.7878125 0.21462043111527648 0.020625 0.03561387066541706
0 0.7890625 0.2881911902530459 0.064375 0.18650421743205248
1 0.811875 0.20103092783505155 0.02 0.03655107778819119
0 0.8109375 0.26522961574507964 0.055625 0.1724461105904405
1 0.839375 0.20759137769447047 0.01875 0.03467666354264293
0 0.841875 0.26710402999062793 0.04875 0.15745079662605435
1 0.8621875 0.22305529522024367 0.021875 0.041237113402061855
0 0.8659375 0.2867853795688847 0.063125 0.17619493908153702
1 0.899375 0.20759137769447047 0.0175 0.03467666354264293
0 0.9028125 0.27647610121836924 0.060625 0.17994376757263356
1 0.9184375 0.2211808809746954 0.025625 0.03748828491096532
0 0.91875 0.28537956888472354 0.05375 0.17525773195876287
1 0.92625 0.25585754451733833 0.02375 0.03561387066541706
0 0.916875 0.32427366447985007 0.06 0.18556701030927836
1 0.958125 0.21790065604498593 0.0225 0.03467666354264293
0 0.9540625 0.2769447047797563 0.044375 0.16588566073102157
1 0.95375 0.25960637300843487 0.0225 0.03561387066541706
0 0.96375 0.3149015932521087 0.05375 0.15745079662605435
1 0.9975 0.24179943767572634 0.005 0.033739456419868794
0 0.9809375 0.3069353327085286 0.038125 0.1640112464854733
1 0.998125 0.2914714151827554 0.00375 0.033739456419868794
0 0.981875 0.3406747891283974 0.03625 0.1358950328022493
1 0.9925 0.3364573570759138 0.015 0.05060918462980318
0 0.981875 0.40393626991565135 0.03625 0.19119025304592316
1 0.831875 0.2778819119025305 0.02375 0.04029990627928772
0 0.8246875 0.3570759137769447 0.063125 0.204311152764761
1 0.8528125 0.32052483598875353 0.023125 0.03748828491096532
0 0.849375 0.4062792877225867 0.075 0.21462043111527648
1 0.9025 0.3125585754451734 0.02875 0.04592314901593252
0 0.905 0.3992502343017807 0.0725 0.2211808809746954
1 0.9365625 0.3270852858481724 0.021875 0.04498594189315839
0 0.9334375 0.4076850984067479 0.064375 0.22305529522024367
1 0.946875 0.29896907216494845 0.02125 0.041237113402061855
0 0.948125 0.3631677600749766 0.055 0.1790065604498594
1 0.8821875 0.3711340206185567 0.036875 0.05998125585754452
0 0.871875 0.4765698219306467 0.0925 0.27835051546391754
1 0.959375 0.3650421743205248 0.0325 0.053420805998125584
0 0.961875 0.4723523898781631 0.07625 0.2774133083411434
1 0.885 0.2900656044985942 0.02625 0.038425492033739454
0 0.8896875 0.3570759137769447 0.064375 0.17994376757263356