1 0.01953125 0.4899328859060403 0.0390625 0.06263982102908278
0 0.06484375 0.6644295302013423 0.1296875 0.43847874720357943
1 0.12578125 0.5279642058165548 0.0296875 0.053691275167785234
0 0.1203125 0.685682326621924 0.10625 0.3825503355704698
1 0.16328125 0.5425055928411633 0.0265625 0.05145413870246085
0 0.15625 0.680089485458613 0.090625 0.3579418344519016
1 0.21796875 0.49105145413870244 0.0421875 0.06040268456375839
0 0.20546875 0.6644295302013423 0.0828125 0.42058165548098436
1 0.28671875 0.5156599552572707 0.0359375 0.04697986577181208
0 0.26953125 0.6834451901565995 0.0796875 0.4004474272930649
1 0.3171875 0.5536912751677853 0.034375 0.05145413870246085
0 0.3078125 0.6946308724832215 0.075 0.36017897091722595
1 0.365625 0.5257270693512305 0.028125 0.0447427293064877
0 0.365625 0.680089485458613 0.078125 0.38926174496644295
1 0.39453125 0.5212527964205816 0.0296875 0.049217002237136466
0 0.38828125 0.6778523489932886 0.0765625 0.3713646532438479
1 0.44609375 0.5335570469798657 0.0421875 0.06040268456375839
0 0.46015625 0.6834451901565995 0.1078125 0.37360178970917224
1 0.478125 0.5089485458612976 0.03125 0.06040268456375839
0 0.4890625 0.668903803131991 0.109375 0.38926174496644295
1 0.53359375 0.5391498881431768 0.0265625 0.049217002237136466
0 0.528125 0.6733780760626398 0.0875 0.3400447427293065
1 0.61015625 0.529082774049217 0.0296875 0.04697986577181208
0 0.60859375 0.6711409395973155 0.0953125 0.3534675615212528
1 0.61796875 0.5480984340044742 0.0296875 0.053691275167785234
0 0.628125 0.6812080536912751 0.084375 0.34675615212527966
1 0.70078125 0.5055928411633109 0.0296875 0.053691275167785234
0 0.70859375 0.645413870246085 0.0859375 0.34675615212527966
1 0.71875 0.4988814317673378 0.0375 0.053691275167785234
0 0.7140625 0.6577181208053692 0.08125 0.39373601789709173
1 0.7828125 0.5167785234899329 0.021875 0.040268456375838924
0 0.77578125 0.6387024608501118 0.0703125 0.30201342281879195
1 0.803125 0.5033557046979866 0.034375 0.053691275167785234
0 0.78984375 0.6610738255033557 0.0859375 0.378076062639821
1 0.81640625 0.5212527964205816 0.0296875 0.053691275167785234
0 0.80546875 0.6610738255033557 0.0703125 0.34675615212527966
1 0.8703125 0.5268456375838926 0.025 0.05145413870246085
0 0.8703125 0.6610738255033557 0.084375 0.3288590604026846
1 0.89453125 0.5067114093959731 0.0328125 0.04697986577181208
0 0.89140625 0.6387024608501118 0.0609375 0.3333333333333333
1 0.92890625 0.5413870246085011 0.0265625 0.049217002237136466
0 0.93125 0.6633109619686801 0.065625 0.30201342281879195
1 0.9484375 0.540268456375839 0.021875 0.042505592841163314
0 0.925 0.6554809843400448 0.084375 0.29977628635346754
1 0.9828125 0.5369127516778524 0.021875 0.035794183445190156
0 0.97578125 0.6476510067114094 0.0484375 0.2796420581655481