1 0.048 0.3798245614035088 0.04533333333333334 0.07543859649122807
0 0.052 0.5701754385964912 0.104 0.47368421052631576
1 0.126 0.39824561403508774 0.04666666666666667 0.07017543859649122
0 0.136 0.5912280701754385 0.10933333333333334 0.4631578947368421
1 0.10733333333333334 0.6035087719298246 0.04933333333333333 0.09473684210526316
0 0.09933333333333333 0.7421052631578947 0.148 0.3894736842105263
1 0.16933333333333334 0.362280701754386 0.048 0.07543859649122807
0 0.17266666666666666 0.5421052631578948 0.1 0.4456140350877193
1 0.21533333333333332 0.44473684210526315 0.04133333333333333 0.07192982456140351
0 0.22733333333333333 0.6429824561403509 0.116 0.4789473684210526
1 0.262 0.38596491228070173 0.04133333333333333 0.07719298245614035
0 0.26866666666666666 0.5780701754385965 0.116 0.47543859649122805
1 0.30666666666666664 0.37105263157894736 0.042666666666666665 0.07192982456140351
0 0.308 0.5078947368421053 0.09066666666666667 0.3526315789473684
1 0.37733333333333335 0.37456140350877193 0.048 0.07894736842105263
0 0.37533333333333335 0.5701754385964912 0.124 0.47719298245614034
1 0.33 0.5543859649122806 0.05466666666666667 0.09473684210526316
0 0.34 0.7342105263157894 0.17866666666666667 0.4614035087719298
1 0.426 0.4868421052631579 0.04666666666666667 0.08596491228070176
0 0.426 0.6657894736842105 0.116 0.4614035087719298
1 0.478 0.36578947368421055 0.044 0.06842105263157895
0 0.47533333333333333 0.5456140350877193 0.11333333333333333 0.43508771929824563
1 0.5313333333333333 0.37719298245614036 0.04133333333333333 0.07368421052631578
0 0.5486666666666666 0.5815789473684211 0.124 0.4964912280701754
1 0.518 0.6026315789473684 0.04666666666666667 0.0824561403508772
0 0.5206666666666667 0.7385964912280701 0.16933333333333334 0.3824561403508772
1 0.6706666666666666 0.3684210526315789 0.05333333333333334 0.08421052631578947
0 0.662 0.5754385964912281 0.16666666666666666 0.5087719298245614
1 0.664 0.5947368421052631 0.06133333333333333 0.09824561403508772
0 0.6673333333333333 0.7535087719298246 0.19333333333333333 0.42280701754385963
1 0.7286666666666667 0.3675438596491228 0.04666666666666667 0.0824561403508772
0 0.7253333333333334 0.5464912280701755 0.11466666666666667 0.45087719298245615
1 0.7826666666666666 0.4149122807017544 0.04533333333333334 0.08596491228070176
0 0.7813333333333333 0.6456140350877193 0.14133333333333334 0.5649122807017544
1 0.8826666666666667 0.32105263157894737 0.058666666666666666 0.09824561403508772
0 0.8933333333333333 0.5868421052631579 0.19733333333333333 0.643859649122807
1 0.8746666666666667 0.40964912280701754 0.05333333333333334 0.08947368421052632
0 0.888 0.6333333333333333 0.136 0.5508771929824562