1 0.1205 0.3530734632683658 0.035 0.0704647676161919
0 0.1155 0.5322338830584707 0.119 0.43478260869565216
1 0.2115 0.3523238380809595 0.029 0.05697151424287856
0 0.209 0.5232383808095952 0.096 0.4107946026986507
1 0.275 0.37556221889055474 0.032 0.05247376311844078
0 0.2775 0.5367316341829086 0.099 0.383808095952024
1 0.358 0.3650674662668666 0.032 0.05847076461769116
0 0.3565 0.5337331334332833 0.097 0.4047976011994003
1 0.396 0.34257871064467765 0.028 0.05847076461769116
0 0.3955 0.5104947526236882 0.083 0.4032983508245877
1 0.479 0.34332833583208394 0.028 0.06296851574212893
0 0.4755 0.5097451274362819 0.089 0.4047976011994003
1 0.5645 0.3740629685157421 0.027 0.05547226386806597
0 0.562 0.5239880059970015 0.082 0.36431784107946025
1 0.6505 0.3598200899550225 0.029 0.05697151424287856
0 0.6445 0.525487256371814 0.083 0.39730134932533734
1 0.72 0.3553223388305847 0.028 0.06296851574212893
0 0.7225 0.527736131934033 0.089 0.4107946026986507
1 0.803 0.37106446776611696 0.032 0.06146926536731634
0 0.803 0.5352323838080959 0.084 0.4017991004497751
1 0.841 0.38455772113943026 0.034 0.0704647676161919
0 0.837 0.568215892053973 0.1 0.44677661169415295
1 0.919 0.39730134932533734 0.034 0.06296851574212893
0 0.9215 0.5809595202398801 0.107 0.4362818590704648
1 0.7495 0.4002998500749625 0.033 0.06296851574212893
0 0.7445 0.5652173913043478 0.087 0.3988005997001499
1 0.8455 0.5637181409295352 0.039 0.07196401799100449
0 0.8355 0.6934032983508246 0.129 0.3403298350824588
1 0.7575 0.5419790104947526 0.037 0.0704647676161919
0 0.75 0.6731634182908546 0.114 0.34182908545727136
1 0.3155 0.5292353823088456 0.037 0.06896551724137931
0 0.307 0.6491754122938531 0.124 0.3148425787106447
1 0.257 0.48425787106446777 0.034 0.06296851574212893
0 0.253 0.603448275862069 0.104 0.3103448275862069
1 0.1965 0.553223388305847 0.039 0.07196401799100449
0 0.1975 0.6634182908545727 0.125 0.2983508245877061
1 0.103 0.5119940029985007 0.038 0.07946026986506746
0 0.1105 0.6394302848575713 0.149 0.3403298350824588