1 0.9383333333333334 0.23944444444444443 0.12333333333333334 0.22333333333333333
0 0.82375 0.56 0.3525 0.88
1 0.6341666666666667 0.5255555555555556 0.055 0.1
0 0.6870833333333334 0.7283333333333334 0.2325 0.5144444444444445
1 0.5075 0.5411111111111111 0.06833333333333333 0.11777777777777777
0 0.57875 0.735 0.31583333333333335 0.53
1 0.48291666666666666 0.48388888888888887 0.0475 0.07444444444444444
0 0.46291666666666664 0.6211111111111111 0.19916666666666666 0.3688888888888889
1 0.30541666666666667 0.6222222222222222 0.08583333333333333 0.14222222222222222
0 0.42875 0.7705555555555555 0.4025 0.4588888888888889
1 0.3229166666666667 0.51 0.0625 0.09111111111111111
0 0.32916666666666666 0.7022222222222222 0.16666666666666666 0.48444444444444446
1 0.07083333333333333 0.6322222222222222 0.14166666666666666 0.18222222222222223
0 0.21708333333333332 0.7661111111111111 0.43416666666666665 0.4677777777777778
1 0.17583333333333334 0.5605555555555556 0.08 0.12555555555555556
0 0.17291666666666666 0.7261111111111112 0.16583333333333333 0.5188888888888888
1 0.145 0.5122222222222222 0.058333333333333334 0.10222222222222223
0 0.13875 0.6905555555555556 0.1625 0.5077777777777778