1 0.035319010416666664 0.2211371527777778 0.019856770833333332 0.032552083333333336
0 0.034993489583333336 0.3155381944444444 0.056966145833333336 0.22743055555555555
1 0.08235677083333333 0.2126736111111111 0.0546875 0.0842013888888889
0 0.09342447916666667 0.4008246527777778 0.16666666666666666 0.48046875
1 0.15152994791666666 0.2575954861111111 0.0146484375 0.025607638888888888
0 0.15299479166666666 0.3118489583333333 0.052083333333333336 0.13758680555555555
1 0.14762369791666666 0.2649739583333333 0.015950520833333332 0.016059027777777776
0 0.15201822916666666 0.2836371527777778 0.033203125 0.05772569444444445
1 0.13997395833333334 0.2339409722222222 0.013671875 0.022569444444444444
0 0.140625 0.2873263888888889 0.033854166666666664 0.1345486111111111
1 0.15266927083333334 0.22916666666666666 0.014322916666666666 0.027777777777777776
0 0.15966796875 0.2860243055555556 0.040690104166666664 0.14756944444444445
1 0.18782552083333334 0.2545572916666667 0.016276041666666668 0.025607638888888888
0 0.18619791666666666 0.29296875 0.038411458333333336 0.109375
1 0.22298177083333334 0.21549479166666666 0.043619791666666664 0.08289930555555555
0 0.24462890625 0.3834635416666667 0.1357421875 0.4535590277777778
1 0.2698567708333333 0.1814236111111111 0.034505208333333336 0.07118055555555555
0 0.27294921875 0.3489583333333333 0.09798177083333333 0.4175347222222222
1 0.3269856770833333 0.19618055555555555 0.042643229166666664 0.07291666666666667
0 0.34228515625 0.3678385416666667 0.13118489583333334 0.4318576388888889
1 0.3347981770833333 0.1703559027777778 0.0322265625 0.05078125
0 0.34716796875 0.3142361111111111 0.07845052083333333 0.3515625
1 0.3816731770833333 0.18294270833333334 0.029622395833333332 0.04383680555555555
0 0.38427734375 0.3020833333333333 0.0595703125 0.2907986111111111
1 0.435546875 0.15711805555555555 0.02734375 0.051215277777777776
0 0.4334309895833333 0.2953559027777778 0.09147135416666667 0.3381076388888889
1 0.4886067708333333 0.19270833333333334 0.034505208333333336 0.05295138888888889
0 0.4921875 0.3346354166666667 0.06966145833333333 0.3463541666666667
1 0.56787109375 0.1911892361111111 0.028971354166666668 0.046440972222222224
0 0.5623372395833334 0.3298611111111111 0.08365885416666667 0.3611111111111111
1 0.6103515625 0.2026909722222222 0.037109375 0.05642361111111111
0 0.6121419270833334 0.3422309027777778 0.08561197916666667 0.33984375
1 0.6614583333333334 0.203125 0.031901041666666664 0.058159722222222224
0 0.65771484375 0.3350694444444444 0.08170572916666667 0.3298611111111111
1 0.6866861979166666 0.2013888888888889 0.015950520833333332 0.021701388888888888
0 0.68505859375 0.2918836805555556 0.054361979166666664 0.2183159722222222
1 0.7325846354166666 0.2133246527777778 0.0341796875 0.05164930555555555
0 0.728515625 0.3669704861111111 0.08919270833333333 0.3841145833333333
1 0.734375 0.18489583333333334 0.038411458333333336 0.051215277777777776
0 0.7347005208333334 0.3374565972222222 0.125 0.3615451388888889
1 0.8084309895833334 0.1870659722222222 0.027669270833333332 0.044270833333333336
0 0.81103515625 0.3402777777777778 0.09212239583333333 0.3628472222222222
1 0.8614908854166666 0.2502170138888889 0.009440104166666666 0.017795138888888888
0 0.86181640625 0.2877604166666667 0.034830729166666664 0.09722222222222222
1 0.8894856770833334 0.2209201388888889 0.012044270833333334 0.014756944444444444
0 0.8878580729166666 0.2595486111111111 0.0341796875 0.10503472222222222
1 0.8662109375 0.291015625 0.01953125 0.03428819444444445
0 0.861328125 0.3396267361111111 0.06315104166666667 0.13758680555555555
1 0.8968098958333334 0.3187934027777778 0.013671875 0.022135416666666668
0 0.8961588541666666 0.35546875 0.031901041666666664 0.10503472222222222
1 0.22135416666666666 0.5505642361111112 0.05859375 0.09678819444444445
0 0.244140625 0.6610243055555556 0.2662760416666667 0.3559027777777778
1 0.4265950520833333 0.4459635416666667 0.045247395833333336 0.08203125
0 0.4498697916666667 0.5542534722222222 0.17447916666666666 0.3151041666666667
1 0.5714518229166666 0.4251302083333333 0.041341145833333336 0.07855902777777778
0 0.5929361979166666 0.5149739583333334 0.14811197916666666 0.2756076388888889
1 0.59619140625 0.3637152777777778 0.030924479166666668 0.050347222222222224
0 0.5911458333333334 0.455078125 0.08658854166666667 0.24088541666666666
1 0.77197265625 0.3695746527777778 0.046549479166666664 0.08463541666666667
0 0.7579752604166666 0.4657118055555556 0.15397135416666666 0.2864583333333333
1 0.7626953125 0.5763888888888888 0.068359375 0.09809027777777778
0 0.7517903645833334 0.6944444444444444 0.2470703125 0.3689236111111111
1 0.8831380208333334 0.4544270833333333 0.06315104166666667 0.09375
0 0.8440755208333334 0.5954861111111112 0.23111979166666666 0.4045138888888889
1 0.8087565104166666 0.7424045138888888 0.1240234375 0.19053819444444445
0 0.7503255208333334 0.8209635416666666 0.4967447916666667 0.3580729166666667
1 0.8069661458333334 0.740234375 0.119140625 0.16796875
0 0.8681640625 0.7888454861111112 0.263671875 0.4223090277777778
1 0.7903645833333334 0.1929253472222222 0.026041666666666668 0.04470486111111111
0 0.7928059895833334 0.3118489583333333 0.0498046875 0.2973090277777778