1 0.13875 0.2796934865900383 0.0825 0.16475095785440613
0 0.143125 0.5948275862068966 0.27375 0.8103448275862069
1 0.2425 0.1752873563218391 0.0825 0.17049808429118773
0 0.229375 0.5421455938697318 0.20875 0.9157088122605364
1 0.386875 0.24521072796934865 0.06625 0.12260536398467432
0 0.386875 0.5823754789272031 0.19125 0.8352490421455939
1 0.5025 0.4511494252873563 0.0675 0.11685823754789272
0 0.509375 0.6685823754789272 0.13375 0.5823754789272031
1 0.58 0.19923371647509577 0.075 0.1417624521072797
0 0.6025 0.5613026819923371 0.275 0.8773946360153256
1 0.786875 0.23946360153256704 0.07875 0.1724137931034483
0 0.7975 0.5708812260536399 0.2425 0.8582375478927203
1 0.958125 0.16091954022988506 0.08375 0.1685823754789272
0 0.941875 0.5306513409961686 0.11625 0.9386973180076629