1 0.11383333333333333 0.48475 0.057666666666666665 0.0855
0 0.09366666666666666 0.7115 0.168 0.577
1 0.14783333333333334 0.6025 0.065 0.112
0 0.14983333333333335 0.76475 0.16966666666666666 0.4705
1 0.31766666666666665 0.55425 0.06466666666666666 0.0895
0 0.31016666666666665 0.7475 0.131 0.505
1 0.19483333333333333 0.47175 0.027666666666666666 0.0555
0 0.19433333333333333 0.58375 0.06733333333333333 0.3125
1 0.2871666666666667 0.48725 0.023 0.0465
0 0.2803333333333333 0.59875 0.062 0.2925
1 0.5206666666666667 0.5445 0.035333333333333335 0.061
0 0.5315 0.696 0.10233333333333333 0.38
1 0.586 0.52325 0.03333333333333333 0.0535
0 0.5923333333333334 0.70075 0.11333333333333333 0.4135
1 0.5375 0.51625 0.019666666666666666 0.0355
0 0.5428333333333333 0.60425 0.049666666666666665 0.2225
1 0.694 0.545 0.020666666666666667 0.035
0 0.6808333333333333 0.65325 0.07033333333333333 0.2615
1 0.71 0.52925 0.034666666666666665 0.0605
0 0.7035 0.6975 0.075 0.419
1 0.8143333333333334 0.499 0.04466666666666667 0.074
0 0.8205 0.696 0.095 0.491
1 0.8931666666666667 0.561 0.025 0.037
0 0.899 0.65775 0.08266666666666667 0.2405
1 0.9743333333333334 0.497 0.04666666666666667 0.065
0 0.966 0.69875 0.068 0.4865