1 0.0896875 0.18625 0.009375 0.015833333333333335
0 0.0903125 0.22625 0.029375 0.10083333333333333
1 0.1315625 0.21416666666666667 0.009375 0.013333333333333334
0 0.1315625 0.25416666666666665 0.025625 0.10333333333333333
1 0.1678125 0.22833333333333333 0.009375 0.013333333333333334
0 0.164375 0.26708333333333334 0.05625 0.09416666666666666
1 0.1975 0.24291666666666667 0.01 0.014166666666666666
0 0.20125 0.27958333333333335 0.02375 0.09416666666666666
1 0.2225 0.25958333333333333 0.0075 0.0125
0 0.2271875 0.29541666666666666 0.023125 0.09083333333333334
1 0.2440625 0.2683333333333333 0.009375 0.013333333333333334
0 0.2453125 0.30375 0.018125 0.0875
1 0.3753125 0.23083333333333333 0.066875 0.11333333333333333
0 0.3084375 0.48875 0.275625 0.9475
1 0.455 0.32625 0.08625 0.1325
0 0.3690625 0.6283333333333333 0.328125 0.7433333333333333
1 0.5309375 0.31416666666666665 0.081875 0.14333333333333334
0 0.5353125 0.61875 0.314375 0.7625
1 0.70125 0.34375 0.1025 0.1475
0 0.6503125 0.5520833333333334 0.699375 0.8958333333333334
1 0.810625 0.43666666666666665 0.115 0.215
0 0.7740625 0.6595833333333333 0.451875 0.6808333333333333
1 0.4921875 0.23458333333333334 0.073125 0.1225
0 0.52625 0.46125 0.33125 0.8741666666666666