1 0.98095703125 0.28634361233480177 0.0380859375 0.0763582966226138
0 0.9384765625 0.5044052863436124 0.123046875 0.5330396475770925
1 0.89404296875 0.2878120411160059 0.0400390625 0.0763582966226138
0 0.85888671875 0.5168869309838473 0.1552734375 0.5462555066079295
1 0.826171875 0.3641703377386197 0.013671875 0.023494860499265784
0 0.8212890625 0.4287812041116006 0.046875 0.1644640234948605
1 0.74267578125 0.2709251101321586 0.0712890625 0.1395007342143906
0 0.740234375 0.5961820851688693 0.181640625 0.8076358296622613
1 0.4951171875 0.19236417033773862 0.052734375 0.10866372980910426
0 0.4873046875 0.49632892804698975 0.13671875 0.7224669603524229
1 0.40234375 0.21292217327459617 0.048828125 0.1027900146842878
0 0.3828125 0.5323054331864905 0.123046875 0.7591776798825257
1 0.3515625 0.2775330396475771 0.029296875 0.05873715124816446
0 0.33642578125 0.434654919236417 0.0849609375 0.4052863436123348
1 0.24462890625 0.29515418502202645 0.0595703125 0.12922173274596183
0 0.236328125 0.6101321585903083 0.166015625 0.7797356828193832
1 0.13623046875 0.19162995594713655 0.0576171875 0.1130690161527166
0 0.14501953125 0.5088105726872246 0.1572265625 0.7562408223201175
1 0.0322265625 0.19162995594713655 0.064453125 0.14243759177679882
0 0.1064453125 0.5565345080763583 0.212890625 0.8869309838472834
1 0.576171875 0.13803230543318648 0.125 0.18795888399412627
0 0.46728515625 0.5183553597650514 0.5087890625 0.9632892804698973
1 0.404296875 0.3039647577092511 0.080078125 0.13509544787077826
0 0.4482421875 0.6108663729809104 0.255859375 0.7782672540381792