1 0.02806712962962963 0.5546875 0.041087962962962965 0.07175925925925926
0 0.047839506172839504 0.7527488425925926 0.09567901234567901 0.4945023148148148
1 0.15268132716049382 0.5815972222222222 0.022569444444444444 0.03877314814814815
0 0.14554398148148148 0.6850405092592593 0.05999228395061729 0.24855324074074073
1 0.18547453703703703 0.5956307870370371 0.04456018518518518 0.07146990740740741
0 0.19945987654320987 0.7751736111111112 0.1427469135802469 0.4496527777777778
1 0.2926311728395062 0.5593171296296297 0.03009259259259259 0.05497685185185185
0 0.28896604938271603 0.7203414351851852 0.07445987654320987 0.3793402777777778
1 0.34673996913580246 0.5778356481481481 0.038001543209876545 0.061921296296296294
0 0.34693287037037035 0.7666377314814815 0.11091820987654322 0.4539930555555556
1 0.3773148148148148 0.5826099537037037 0.023919753086419752 0.05063657407407408
0 0.3824266975308642 0.7152777777777778 0.07040895061728394 0.32349537037037035
1 0.49189814814814814 0.5464409722222222 0.029320987654320986 0.051215277777777776
0 0.48427854938271603 0.7236689814814815 0.0931712962962963 0.40335648148148145
1 0.48119212962962965 0.5846354166666666 0.033371913580246916 0.055844907407407406
0 0.4714506172839506 0.7761863425925926 0.11149691358024691 0.4476273148148148
1 0.6069637345679012 0.5525173611111112 0.029128086419753087 0.04832175925925926
0 0.6212384259259259 0.7251157407407407 0.10435956790123457 0.4079861111111111
1 0.6387924382716049 0.6059027777777778 0.03414351851851852 0.06076388888888889
0 0.638695987654321 0.7838541666666666 0.12191358024691358 0.4288194444444444
1 0.7364004629629629 0.5578703703703703 0.029513888888888888 0.045717592592592594
0 0.7487461419753086 0.7274305555555556 0.0943287037037037 0.39467592592592593
1 0.9372106481481481 0.5846354166666666 0.044174382716049385 0.07436342592592593
0 0.9182098765432098 0.7730034722222222 0.14621913580246915 0.4539930555555556
1 0.9586226851851852 0.5601851851851852 0.03452932098765432 0.05555555555555555
0 0.9594907407407407 0.7557870370370371 0.08101851851851852 0.46469907407407407
1 0.2088155864197531 0.5930266203703703 0.019483024691358024 0.03732638888888889
0 0.20862268518518517 0.6792534722222222 0.05381944444444445 0.22019675925925927
1 0.2816358024691358 0.5752314814814815 0.028935185185185185 0.036458333333333336
0 0.27035108024691357 0.6922743055555556 0.07002314814814815 0.28616898148148145