1 0.86375 0.5616666666666666 0.05625 0.12555555555555556
0 0.899375 0.7444444444444445 0.20125 0.5111111111111111
1 0.753125 0.5183333333333333 0.06 0.13
0 0.7546875 0.7233333333333334 0.149375 0.5533333333333333
1 0.6753125 0.45055555555555554 0.048125 0.11444444444444445
0 0.6884375 0.6922222222222222 0.151875 0.6155555555555555
1 0.5915625 0.54 0.040625 0.09555555555555556
0 0.595625 0.7438888888888889 0.1 0.5122222222222222
1 0.64625 0.4738888888888889 0.03875 0.10111111111111111
0 0.6634375 0.7077777777777777 0.108125 0.5844444444444444
1 0.4859375 0.5533333333333333 0.041875 0.09333333333333334
0 0.4934375 0.7488888888888889 0.123125 0.5022222222222222
1 0.55375 0.495 0.045 0.09444444444444444
0 0.5559375 0.7222222222222222 0.108125 0.5555555555555556
1 0.39 0.5216666666666666 0.0425 0.09222222222222222
0 0.3715625 0.735 0.136875 0.53
1 0.4409375 0.49666666666666665 0.040625 0.09111111111111111
0 0.43375 0.7227777777777777 0.1025 0.5544444444444444
1 0.276875 0.5477777777777778 0.04 0.10222222222222223
0 0.2484375 0.7438888888888889 0.128125 0.5122222222222222
1 0.31875 0.5255555555555556 0.03875 0.08888888888888889
0 0.31375 0.7355555555555555 0.0975 0.5288888888888889
1 0.185625 0.5066666666666667 0.03875 0.09111111111111111
0 0.1890625 0.725 0.113125 0.55
1 0.104375 0.5883333333333334 0.04875 0.10555555555555556
0 0.098125 0.765 0.1625 0.47