1 0.15991512345679013 0.5779803240740741 0.08256172839506173 0.13744212962962962
0 0.15306712962962962 0.7450810185185185 0.24440586419753085 0.5098379629629629
1 0.3097993827160494 0.5691550925925926 0.07407407407407407 0.11863425925925926
0 0.3028549382716049 0.7511574074074074 0.2550154320987654 0.4976851851851852
1 0.5321180555555556 0.5303819444444444 0.07310956790123457 0.13136574074074073
0 0.5355902777777778 0.7281539351851852 0.14255401234567902 0.5436921296296297
1 0.6594328703703703 0.5905671296296297 0.05613425925925926 0.0954861111111111
0 0.6482445987654321 0.7664930555555556 0.11516203703703703 0.4670138888888889
1 0.7315779320987654 0.5164930555555556 0.06462191358024691 0.0920138888888889
0 0.7631172839506173 0.7298900462962963 0.19367283950617284 0.5402199074074074
1 0.8618827160493827 0.5434027777777778 0.06905864197530864 0.109375
0 0.8540702160493827 0.7420428240740741 0.14564043209876543 0.5159143518518519
1 0.941358024691358 0.5617766203703703 0.06828703703703703 0.0998263888888889
0 0.9379822530864198 0.7471064814814815 0.12403549382716049 0.5057870370370371
1 0.9056712962962963 0.5251736111111112 0.045910493827160496 0.09490740740740741
0 0.9030671296296297 0.7377025462962963 0.10358796296296297 0.5245949074074074
1 0.6130401234567902 0.5412326388888888 0.03587962962962963 0.058159722222222224
0 0.6135223765432098 0.7472511574074074 0.12943672839506173 0.5054976851851852
1 0.02613811728395062 0.5218460648148148 0.05227623456790124 0.1009837962962963
0 0.08391203703703703 0.7298900462962963 0.16782407407407407 0.5402199074074074