1 0.659375 0.359504132231405 0.06666666666666667 0.10192837465564739
0 0.6859375 0.6067493112947658 0.20104166666666667 0.6129476584022039
1 0.8317708333333333 0.22451790633608815 0.05520833333333333 0.0881542699724518
0 0.8171875 0.49586776859504134 0.215625 0.6528925619834711
1 0.7265625 0.2534435261707989 0.053125 0.08264462809917356
0 0.7369791666666666 0.44834710743801653 0.109375 0.7203856749311295
1 0.6296875 0.26239669421487605 0.04895833333333333 0.08677685950413223
0 0.6385416666666667 0.459366391184573 0.13958333333333334 0.6818181818181818
1 0.5151041666666667 0.21487603305785125 0.051041666666666666 0.07988980716253444
0 0.5119791666666667 0.47520661157024796 0.359375 0.6170798898071626
1 0.5114583333333333 0.3712121212121212 0.05416666666666667 0.09504132231404959
0 0.49166666666666664 0.609504132231405 0.18541666666666667 0.5826446280991735
1 0.3567708333333333 0.37947658402203854 0.051041666666666666 0.08953168044077135
0 0.315625 0.6026170798898072 0.22291666666666668 0.6212121212121212
1 0.41041666666666665 0.20316804407713498 0.05625 0.081267217630854
0 0.4083333333333333 0.4820936639118457 0.15208333333333332 0.6391184573002755
1 0.29635416666666664 0.25757575757575757 0.053125 0.0881542699724518
0 0.26197916666666665 0.5089531680440771 0.178125 0.6267217630853994
1 0.259375 0.1756198347107438 0.05416666666666667 0.07851239669421488
0 0.2578125 0.465564738292011 0.403125 0.6639118457300276
1 0.128125 0.20179063360881544 0.05625 0.08953168044077135
0 0.11979166666666667 0.47796143250688705 0.15833333333333333 0.6556473829201102