1 0.13291666666666666 0.20962962962962964 0.015833333333333335 0.034074074074074076
0 0.13416666666666666 0.3251851851851852 0.06333333333333334 0.277037037037037
1 0.05541666666666667 0.28296296296296297 0.014166666666666666 0.03259259259259259
0 0.05708333333333333 0.34296296296296297 0.0525 0.17037037037037037
1 0.10833333333333334 0.39481481481481484 0.03333333333333333 0.06962962962962962
0 0.10625 0.5111111111111111 0.12083333333333333 0.31407407407407406
1 0.2975 0.3925925925925926 0.041666666666666664 0.07407407407407407
0 0.2975 0.5288888888888889 0.11833333333333333 0.35259259259259257
1 0.27541666666666664 0.35185185185185186 0.024166666666666666 0.05185185185185185
0 0.28041666666666665 0.4444444444444444 0.0875 0.24888888888888888
1 0.3883333333333333 0.3762962962962963 0.02666666666666667 0.047407407407407405
0 0.40875 0.4651851851851852 0.08916666666666667 0.3674074074074074
1 0.39125 0.2288888888888889 0.015833333333333335 0.03111111111111111
0 0.38875 0.3340740740740741 0.04416666666666667 0.2474074074074074
1 0.4245833333333333 0.2733333333333333 0.014166666666666666 0.034074074074074076
0 0.4220833333333333 0.3325925925925926 0.03916666666666667 0.15851851851851853
1 0.44916666666666666 0.33925925925925926 0.025 0.044444444444444446
0 0.46041666666666664 0.4533333333333333 0.0875 0.2874074074074074
1 0.52125 0.34444444444444444 0.020833333333333332 0.04296296296296296
0 0.525 0.43037037037037035 0.07833333333333334 0.22666666666666666
1 0.5754166666666667 0.422962962962963 0.0375 0.0725925925925926
0 0.5670833333333334 0.5814814814814815 0.1275 0.3985185185185185
1 0.6008333333333333 0.2607407407407407 0.013333333333333334 0.02962962962962963
0 0.5995833333333334 0.33925925925925926 0.04416666666666667 0.1985185185185185
1 0.64375 0.2437037037037037 0.014166666666666666 0.03111111111111111
0 0.6404166666666666 0.33111111111111113 0.04416666666666667 0.21481481481481482
1 0.6741666666666667 0.2518518518518518 0.013333333333333334 0.03259259259259259
0 0.6766666666666666 0.33925925925925926 0.041666666666666664 0.21925925925925926
1 0.6245833333333334 0.37703703703703706 0.0275 0.04888888888888889
0 0.6120833333333333 0.4792592592592593 0.08416666666666667 0.2651851851851852
1 0.7125 0.4014814814814815 0.03833333333333333 0.05333333333333334
0 0.6833333333333333 0.5274074074074074 0.115 0.3111111111111111
1 0.7004166666666667 0.30962962962962964 0.015833333333333335 0.02962962962962963
0 0.6966666666666667 0.36962962962962964 0.055 0.15851851851851853
1 0.7370833333333333 0.35259259259259257 0.024166666666666666 0.047407407407407405
0 0.73875 0.4651851851851852 0.0925 0.2814814814814815
1 0.7870833333333334 0.30148148148148146 0.015833333333333335 0.034074074074074076
0 0.78125 0.37925925925925924 0.05583333333333333 0.1985185185185185