1 0.18422067901234568 0.30010330578512395 0.056712962962962965 0.09607438016528926
0 0.18479938271604937 0.6035640495867769 0.1712962962962963 0.7257231404958677
1 0.28510802469135804 0.32231404958677684 0.06018518518518518 0.10743801652892562
0 0.28684413580246915 0.6226756198347108 0.15625 0.7205578512396694
1 0.4357638888888889 0.29364669421487605 0.05594135802469136 0.10485537190082644
0 0.4195601851851852 0.6141528925619835 0.13310185185185186 0.7551652892561983
1 0.3601466049382716 0.24044421487603307 0.058256172839506175 0.09452479338842976
0 0.3570601851851852 0.5322830578512396 0.1570216049382716 0.693698347107438
1 0.5580632716049383 0.2556818181818182 0.0798611111111111 0.1384297520661157
0 0.5565200617283951 0.5916838842975206 0.21489197530864199 0.8166322314049587
1 0.6807484567901234 0.2768595041322314 0.06597222222222222 0.11880165289256199
0 0.7413194444444444 0.5754132231404959 0.30362654320987653 0.737603305785124
1 0.8134645061728395 0.2724690082644628 0.07368827160493827 0.12551652892561985
0 0.7627314814814815 0.577995867768595 0.2770061728395062 0.84400826446281