1 0.01484375 0.265 0.0078125 0.01
0 0.01328125 0.288 0.0140625 0.064
1 0.0328125 0.256 0.009375 0.012
0 0.03203125 0.288 0.0234375 0.08
1 0.06015625 0.253 0.0078125 0.01
0 0.0625 0.284 0.025 0.08
1 0.2609375 0.079 0.0375 0.046
0 0.2578125 0.209 0.1125 0.354
1 0.58125 0.1 0.00625 0.008
0 0.578125 0.115 0.015625 0.046
1 0.6484375 0.09 0.00625 0.008
0 0.646875 0.111 0.01875 0.054
1 0.7015625 0.092 0.00625 0.008
0 0.69921875 0.111 0.0171875 0.05
1 0.73828125 0.237 0.0109375 0.014
0 0.73359375 0.279 0.0359375 0.114
1 0.7609375 0.224 0.0125 0.02
0 0.76171875 0.276 0.0296875 0.132
1 0.76953125 0.222 0.0109375 0.016
0 0.771875 0.248 0.025 0.08
1 0.78984375 0.263 0.0140625 0.018
0 0.775 0.294 0.053125 0.088
1 0.8125 0.264 0.009375 0.016
0 0.8078125 0.28 0.034375 0.056
1 0.834375 0.266 0.0125 0.016
0 0.825 0.295 0.05 0.09
1 0.86015625 0.262 0.0140625 0.016
0 0.85625 0.277 0.0375 0.062
1 0.8875 0.221 0.009375 0.018
0 0.88359375 0.246 0.0390625 0.08
1 0.90390625 0.226 0.0109375 0.016
0 0.903125 0.252 0.04375 0.08
1 0.884375 0.28 0.025 0.04
0 0.87265625 0.374 0.0703125 0.24
1 0.97734375 0.233 0.0140625 0.018
0 0.97890625 0.292 0.0421875 0.14
1 0.9703125 0.244 0.0125 0.016
0 0.95859375 0.292 0.0390625 0.124
1 0.55546875 0.242 0.0546875 0.1
0 0.5453125 0.497 0.31875 0.626
1 0.61875 0.235 0.05625 0.106
0 0.6171875 0.487 0.190625 0.618
1 0.9453125 0.734 0.109375 0.172
0 0.8421875 0.793 0.315625 0.414
1 0.828125 0.108 0.00625 0.008
0 0.828125 0.117 0.01875 0.038
1 0.68671875 0.263 0.0109375 0.018
0 0.68359375 0.274 0.0296875 0.072