1 0.01 0.31659142212189617 0.02 0.034988713318284424
0 0.030357142857142857 0.48250564334085777 0.060714285714285714 0.3329571106094808
1 0.0075 0.29063205417607224 0.015 0.034988713318284424
0 0.018571428571428572 0.38318284424379234 0.037142857142857144 0.22460496613995484
1 0.0325 0.3244920993227991 0.016428571428571428 0.0327313769751693
0 0.03464285714285714 0.40970654627539504 0.045 0.2144469525959368
1 0.05714285714285714 0.309255079006772 0.015714285714285715 0.02708803611738149
0 0.06107142857142857 0.3955981941309255 0.029285714285714286 0.21331828442437922
1 0.08571428571428572 0.30248306997742663 0.015714285714285715 0.03160270880361174
0 0.08142857142857143 0.3803611738148984 0.03428571428571429 0.20993227990970656
1 0.09892857142857144 0.3064334085778781 0.016428571428571428 0.023702031602708805
0 0.09535714285714286 0.41139954853273136 0.039285714285714285 0.24717832957110608
1 0.11214285714285714 0.505079006772009 0.054285714285714284 0.11399548532731377
0 0.17642857142857143 0.7183972911963883 0.18714285714285714 0.5632054176072234
1 0.165 0.42945823927765236 0.06714285714285714 0.1343115124153499
0 0.20142857142857143 0.6512415349887133 0.2357142857142857 0.6975169300225733
1 0.24464285714285713 0.41309255079006774 0.05357142857142857 0.11286681715575621
0 0.22464285714285714 0.6326185101580135 0.17357142857142857 0.7347629796839729
1 0.3221428571428571 0.4401805869074492 0.05142857142857143 0.11512415349887133
0 0.30214285714285716 0.636568848758465 0.15428571428571428 0.7268623024830699
1 0.40714285714285714 0.4187358916478555 0.06 0.11963882618510158
0 0.38857142857142857 0.626410835214447 0.1742857142857143 0.7471783295711061
1 0.4639285714285714 0.3775395033860045 0.05071428571428571 0.10270880361173815
0 0.4417857142857143 0.6021444695259593 0.15071428571428572 0.7957110609480813
1 0.5317857142857143 0.4621896162528217 0.05785714285714286 0.10045146726862303
0 0.52 0.6670428893905191 0.16714285714285715 0.6659142212189616
1 0.5510714285714285 0.37979683972911965 0.04357142857142857 0.06659142212189616
0 0.5685714285714286 0.649548532731377 0.10285714285714286 0.6693002257336343
1 0.6539285714285714 0.3747178329571106 0.060714285714285714 0.10158013544018059
0 0.6607142857142857 0.6224604966139955 0.1442857142857143 0.6918735891647856
1 0.6660714285714285 0.45767494356659144 0.07642857142857143 0.11173814898419865
0 0.6617857142857143 0.6997742663656885 0.14785714285714285 0.600451467268623
1 0.7889285714285714 0.5011286681715575 0.065 0.12189616252821671
0 0.7564285714285715 0.7071106094808126 0.17857142857142858 0.5857787810383747
1 0.9253571428571429 0.23645598194130926 0.03214285714285714 0.046275395033860044
0 0.9260714285714285 0.3278781038374718 0.07357142857142857 0.2516930022573363
1 0.8625 0.24830699774266365 0.020714285714285713 0.04966139954853273
0 0.8614285714285714 0.32900677200902934 0.06571428571428571 0.24266365688487584
1 0.8214285714285714 0.22799097065462753 0.08 0.13769751693002258
0 0.8096428571428571 0.572234762979684 0.15785714285714286 0.8555304740406321
1 0.9103571428571429 0.4345372460496614 0.07071428571428572 0.13318284424379231
0 0.9085714285714286 0.6794582392776524 0.18 0.6410835214446953
1 0.9853571428571428 0.17832957110609482 0.029285714285714286 0.13318284424379231
0 0.96 0.5530474040632054 0.08 0.8939051918735892
1 0.032857142857142856 0.32336343115124155 0.017142857142857144 0.03724604966139955
0 0.044642857142857144 0.4040632054176072 0.04642857142857143 0.2234762979683973