1 0.5317708333333333 0.25859375 0.040625 0.0828125
0 0.5114583333333333 0.38671875 0.20416666666666666 0.3515625
1 0.22395833333333334 0.31640625 0.08125 0.1265625
0 0.15416666666666667 0.60859375 0.30833333333333335 0.7828125
1 0.27708333333333335 0.4 0.06875 0.1
0 0.19322916666666667 0.65703125 0.24479166666666666 0.6265625
1 0.396875 0.3734375 0.0625 0.13125
0 0.3296875 0.60078125 0.203125 0.5953125
1 0.33125 0.5390625 0.07291666666666667 0.11875
0 0.22135416666666666 0.734375 0.3072916666666667 0.53125
1 0.28541666666666665 0.7109375 0.10416666666666667 0.178125
0 0.1765625 0.8 0.34270833333333334 0.4
1 0.375 0.66171875 0.09375 0.1671875
0 0.25625 0.7859375 0.38125 0.428125
1 0.5291666666666667 0.5421875 0.09166666666666666 0.140625
0 0.5770833333333333 0.73125 0.33958333333333335 0.5375
1 0.6515625 0.62421875 0.08229166666666667 0.1453125
0 0.6671875 0.77421875 0.20729166666666668 0.4515625
1 0.690625 0.53359375 0.07291666666666667 0.1421875
0 0.7104166666666667 0.728125 0.16458333333333333 0.54375
1 0.7541666666666667 0.6890625 0.09791666666666667 0.18125
0 0.8333333333333334 0.78984375 0.3333333333333333 0.4203125
1 0.8229166666666666 0.54453125 0.09791666666666667 0.1546875
0 0.8557291666666667 0.728125 0.28854166666666664 0.54375
1 0.8703125 0.45390625 0.084375 0.1140625
0 0.8770833333333333 0.59375 0.24583333333333332 0.8125