1 0.03625 0.8801498127340824 0.0725 0.2397003745318352
0 0.03625 0.8801498127340824 0.0725 0.2397003745318352
1 0.085 0.715980024968789 0.04833333333333333 0.07615480649188515
0 0.06958333333333333 0.8358302122347067 0.0975 0.3283395755305868
1 0.056666666666666664 0.9363295880149812 0.06166666666666667 0.11485642946317104
0 0.052083333333333336 0.9363295880149812 0.10416666666666667 0.12734082397003746
1 0.10416666666666667 0.7590511860174781 0.06666666666666667 0.0898876404494382
0 0.09791666666666667 0.8439450686641697 0.12416666666666666 0.3121098626716604
1 0.20791666666666667 0.7715355805243446 0.0575 0.0898876404494382
0 0.19666666666666666 0.8607990012484394 0.11833333333333333 0.2784019975031211
1 0.2725 0.8813982521847691 0.07833333333333334 0.1198501872659176
0 0.27125 0.9026217228464419 0.13583333333333333 0.1947565543071161
1 0.31125 0.8064918851435705 0.0525 0.09488139825218476
0 0.3125 0.8732833957553059 0.105 0.2534332084893883
1 0.27166666666666667 0.7496878901373284 0.03666666666666667 0.0686641697877653
0 0.27166666666666667 0.8526841448189763 0.06 0.29463171036204744
1 0.2995833333333333 0.7709113607990012 0.0475 0.08114856429463171
0 0.3020833333333333 0.8620474406991261 0.08416666666666667 0.2759051186017478
1 0.39875 0.9132334581772784 0.09916666666666667 0.1735330836454432
0 0.3983333333333333 0.9076154806491885 0.11166666666666666 0.18476903870162298
1 0.43375 0.9013732833957553 0.06583333333333333 0.14481897627965043
0 0.4241666666666667 0.9113607990012484 0.10333333333333333 0.1772784019975031
1 0.45666666666666667 0.7796504369538078 0.03833333333333333 0.07116104868913857
0 0.4583333333333333 0.8289637952559301 0.13666666666666666 0.34207240948813983
1 0.5845833333333333 0.9194756554307116 0.04583333333333333 0.08364544319600499
0 0.5854166666666667 0.9332084893882646 0.11583333333333333 0.13358302122347065
1 0.7408333333333333 0.9469413233458177 0.10833333333333334 0.10611735330836454
0 0.7425 0.9438202247191011 0.12833333333333333 0.11235955056179775
1 0.8816666666666667 0.7203495630461922 0.03333333333333333 0.0599250936329588
0 0.8958333333333334 0.8426966292134831 0.105 0.3146067415730337
1 0.7541666666666667 0.8333333333333334 0.043333333333333335 0.08614232209737828
0 0.7783333333333333 0.8857677902621723 0.12333333333333334 0.22846441947565543
1 0.69 0.8220973782771536 0.06 0.08863920099875156
0 0.6858333333333333 0.8820224719101124 0.1 0.23595505617977527
1 0.5954166666666667 0.7865168539325843 0.049166666666666664 0.08239700374531835
0 0.5808333333333333 0.8470661672908864 0.13666666666666666 0.30586766541822724
1 0.5204166666666666 0.6791510611735331 0.029166666666666667 0.04744069912609238
0 0.515 0.7746566791510612 0.06166666666666667 0.250936329588015
1 0.485 0.6679151061173533 0.02 0.03245942571785269
0 0.4891666666666667 0.7384519350811486 0.05333333333333334 0.18601747815230962
1 0.5666666666666667 0.6966292134831461 0.025 0.0299625468164794
0 0.5691666666666667 0.766541822721598 0.03833333333333333 0.18476903870162298
1 0.8025 0.9275905118601748 0.06666666666666667 0.1198501872659176
0 0.79625 0.9213483146067416 0.10583333333333333 0.15730337078651685
1 0.38083333333333336 0.6972534332084894 0.03666666666666667 0.06367041198501873
0 0.37125 0.8289637952559301 0.06916666666666667 0.34207240948813983
1 0.6404166666666666 0.7134831460674157 0.020833333333333332 0.03870162297128589
0 0.645 0.787765293383271 0.058333333333333334 0.20973782771535582
1 0.7191666666666666 0.714107365792759 0.023333333333333334 0.039950062421972535
0 0.73 0.8058676654182272 0.06666666666666667 0.2484394506866417