1 0.98 0.280359820089955 0.04 0.12893553223388307
0 0.947 0.6056971514242878 0.106 0.7886056971514243
1 0.772 0.34332833583208394 0.084 0.12593703148425786
0 0.7475 0.631184407796102 0.191 0.7376311844077961
1 0.6475 0.36356821589205396 0.069 0.1424287856071964
0 0.6335 0.638680659670165 0.185 0.7226386806596702
1 0.575 0.424287856071964 0.064 0.13793103448275862
0 0.5765 0.6761619190404797 0.131 0.6476761619190404
1 0.5375 0.315592203898051 0.075 0.15742128935532235
0 0.548 0.6176911544227887 0.13 0.7646176911544228
1 0.465 0.3748125937031484 0.074 0.13193403298350825
0 0.4515 0.651424287856072 0.163 0.697151424287856
1 0.276 0.34332833583208394 0.068 0.1409295352323838
0 0.285 0.6251874062968515 0.176 0.7496251874062968
1 0.2355 0.40929535232383807 0.073 0.13493253373313344
0 0.2335 0.6671664167916042 0.165 0.6656671664167916
1 0.0685 0.3770614692653673 0.071 0.1424287856071964
0 0.075 0.6446776611694153 0.15 0.7106446776611695
1 0.0275 0.3575712143928036 0.055 0.1424287856071964
0 0.0895 0.6394302848575713 0.179 0.7211394302848576