1 0.013888888888888888 0.4726851851851852 0.027777777777777776 0.04537037037037037
0 0.03209876543209877 0.6189814814814815 0.06419753086419754 0.3416666666666667
1 0.11635802469135803 0.5046296296296297 0.016666666666666666 0.02962962962962963
0 0.11388888888888889 0.5773148148148148 0.03888888888888889 0.1824074074074074
1 0.1398148148148148 0.4986111111111111 0.016666666666666666 0.025
0 0.14290123456790124 0.5634259259259259 0.03518518518518519 0.1638888888888889
1 0.254320987654321 0.49537037037037035 0.013580246913580247 0.020370370370370372
0 0.25308641975308643 0.5532407407407407 0.030864197530864196 0.14722222222222223
1 0.31234567901234567 0.5356481481481481 0.018518518518518517 0.032407407407407406
0 0.3114197530864197 0.5842592592592593 0.05864197530864197 0.13703703703703704
1 0.3339506172839506 0.49444444444444446 0.016049382716049384 0.022222222222222223
0 0.3391975308641975 0.5527777777777778 0.03148148148148148 0.14629629629629629
1 0.36141975308641977 0.5 0.009259259259259259 0.016666666666666666
0 0.3617283950617284 0.549074074074074 0.025925925925925925 0.11666666666666667
1 0.3441358024691358 0.5458333333333333 0.033950617283950615 0.05092592592592592
0 0.3388888888888889 0.6453703703703704 0.0962962962962963 0.25925925925925924
1 0.37808641975308643 0.5287037037037037 0.017901234567901235 0.03333333333333333
0 0.3771604938271605 0.5712962962962963 0.04691358024691358 0.12222222222222222
1 0.3848765432098765 0.49907407407407406 0.016666666666666666 0.02962962962962963
0 0.38641975308641974 0.575462962962963 0.04197530864197531 0.18796296296296297
1 0.38981481481481484 0.5699074074074074 0.02654320987654321 0.049074074074074076
0 0.38549382716049385 0.6328703703703704 0.06481481481481481 0.1787037037037037
1 0.4049382716049383 0.5560185185185185 0.020987654320987655 0.04351851851851852
0 0.4030864197530864 0.6185185185185185 0.05802469135802469 0.17222222222222222
1 0.4469135802469136 0.5671296296296297 0.0345679012345679 0.049074074074074076
0 0.4506172839506173 0.662962962962963 0.08024691358024691 0.2462962962962963
1 0.49506172839506174 0.5462962962962963 0.019753086419753086 0.03148148148148148
0 0.49506172839506174 0.6217592592592592 0.06790123456790123 0.18796296296296297
1 0.5114197530864197 0.5476851851851852 0.019135802469135803 0.03425925925925926
0 0.5179012345679013 0.6217592592592592 0.056790123456790124 0.18796296296296297
1 0.43425925925925923 0.4847222222222222 0.016666666666666666 0.025
0 0.4330246913580247 0.5615740740740741 0.029012345679012345 0.18055555555555555
1 0.44938271604938274 0.487962962962963 0.012345679012345678 0.022222222222222223
0 0.44907407407407407 0.5518518518518518 0.03148148148148148 0.1537037037037037
1 0.4734567901234568 0.46296296296296297 0.01728395061728395 0.02962962962962963
0 0.4737654320987654 0.5597222222222222 0.05617283950617284 0.225
1 0.4984567901234568 0.48333333333333334 0.012962962962962963 0.024074074074074074
0 0.4959876543209877 0.5393518518518519 0.020370370370370372 0.13796296296296295
1 0.5320987654320988 0.4898148148148148 0.013580246913580247 0.022222222222222223
0 0.5302469135802469 0.5583333333333333 0.02962962962962963 0.16296296296296298
1 0.5743827160493827 0.49398148148148147 0.009259259259259259 0.01574074074074074
0 0.5688271604938272 0.5444444444444444 0.03518518518518519 0.12037037037037036
1 0.5953703703703703 0.4847222222222222 0.029012345679012345 0.05277777777777778
0 0.5910493827160493 0.6208333333333333 0.07592592592592592 0.33055555555555555
1 0.6157407407407407 0.5476851851851852 0.024074074074074074 0.03981481481481482
0 0.6200617283950617 0.6268518518518519 0.07592592592592592 0.2037037037037037
1 0.6444444444444445 0.5486111111111112 0.020987654320987655 0.03981481481481482
0 0.6540123456790123 0.6050925925925926 0.06358024691358025 0.16203703703703703
1 0.7466049382716049 0.5634259259259259 0.03148148148148148 0.049074074074074076
0 0.7540123456790123 0.6412037037037037 0.09444444444444444 0.21388888888888888
1 0.7679012345679013 0.5370370370370371 0.030864197530864196 0.044444444444444446
0 0.762962962962963 0.6055555555555555 0.07654320987654321 0.18888888888888888
1 0.9018518518518519 0.5412037037037037 0.030864197530864196 0.05092592592592592
0 0.8959876543209877 0.6328703703703704 0.0808641975308642 0.23796296296296296
1 0.9583333333333334 0.5597222222222222 0.043827160493827164 0.06944444444444445
0 0.9598765432098766 0.7458333333333333 0.08024691358024691 0.49722222222222223
1 0.937037037037037 0.5745370370370371 0.05555555555555555 0.07685185185185185
0 0.9407407407407408 0.7208333333333333 0.11851851851851852 0.3787037037037037
1 0.9225308641975308 0.5458333333333333 0.029012345679012345 0.049074074074074076
0 0.9135802469135802 0.6425925925925926 0.08641975308641975 0.25