1 0.610107421875 0.3314814814814815 0.03662109375 0.07777777777777778
0 0.6004638671875 0.5983796296296297 0.118896484375 0.6550925925925926
1 0.7254638671875 0.42800925925925926 0.032470703125 0.06898148148148148
0 0.725830078125 0.6157407407407407 0.0732421875 0.45740740740740743
1 0.9171142578125 0.4099537037037037 0.031005859375 0.08009259259259259
0 0.905517578125 0.6166666666666667 0.0673828125 0.5148148148148148
1 0.1241455078125 0.22453703703703703 0.132080078125 0.3731481481481482
0 0.207763671875 0.5152777777777777 0.41552734375 0.9694444444444444
1 0.321533203125 0.2363425925925926 0.1142578125 0.30416666666666664
0 0.330810546875 0.5372685185185185 0.32275390625 0.9254629629629629
1 0.4136962890625 0.33541666666666664 0.052490234375 0.12453703703703704
0 0.4281005859375 0.6224537037037037 0.160888671875 0.7550925925925925
1 0.4671630859375 0.41689814814814813 0.039794921875 0.10416666666666667
0 0.4755859375 0.6650462962962963 0.1435546875 0.6189814814814815
1 0.882080078125 0.41180555555555554 0.02734375 0.05138888888888889
0 0.876953125 0.5988425925925925 0.0595703125 0.4513888888888889
1 0.5435791015625 0.38819444444444445 0.016845703125 0.033796296296296297
0 0.5330810546875 0.49699074074074073 0.053955078125 0.2671296296296296
1 0.6719970703125 0.387037037037037 0.016357421875 0.03148148148148148
0 0.6741943359375 0.4777777777777778 0.039794921875 0.22592592592592592
1 0.72412109375 0.4199074074074074 0.037109375 0.07222222222222222
0 0.7276611328125 0.5872685185185185 0.085693359375 0.4217592592592593
1 0.7091064453125 0.4023148148148148 0.025146484375 0.05185185185185185
0 0.7093505859375 0.5622685185185186 0.114501953125 0.3875
1 0.228271484375 0.2916666666666667 0.09033203125 0.24351851851851852
0 0.231201171875 0.575462962962963 0.2421875 0.8490740740740741
1 0.5218505859375 0.3798611111111111 0.014892578125 0.0412037037037037
0 0.522705078125 0.4861111111111111 0.0400390625 0.26296296296296295
1 0.05224609375 0.1988425925925926 0.1044921875 0.29305555555555557
0 0.1343994140625 0.5120370370370371 0.268798828125 0.975925925925926