1 0.7129166666666666 0.2607407407407407 0.0975 0.1925925925925926
0 0.8133333333333334 0.5711111111111111 0.32666666666666666 0.8577777777777778
1 0.69375 0.43777777777777777 0.1325 0.21481481481481482
0 0.6333333333333333 0.6607407407407407 0.315 0.6785185185185185
1 0.5629166666666666 0.38074074074074077 0.09916666666666667 0.24592592592592594
0 0.5675 0.6244444444444445 0.18666666666666668 0.7511111111111111
1 0.48625 0.34074074074074073 0.09083333333333334 0.22814814814814816
0 0.53875 0.6074074074074074 0.22916666666666666 0.7851851851851852
1 0.40208333333333335 0.2474074074074074 0.09583333333333334 0.19555555555555557
0 0.27375 0.5674074074074074 0.3408333333333333 0.8651851851851852
1 0.265 0.2511111111111111 0.11 0.2474074074074074
0 0.17416666666666666 0.5614814814814815 0.32166666666666666 0.8770370370370371
1 0.027916666666666666 0.21925925925925926 0.05583333333333333 0.11259259259259259
0 0.07083333333333333 0.5733333333333334 0.14166666666666666 0.8533333333333334