1 0.7020833333333333 0.4453125 0.04375 0.071875
0 0.7104166666666667 0.69453125 0.12916666666666668 0.5984375
1 0.7723958333333333 0.471875 0.03229166666666667 0.053125
0 0.7755208333333333 0.6453125 0.090625 0.396875
1 0.815625 0.54375 0.0125 0.01875
0 0.81875 0.6109375 0.0375 0.15625
1 0.8526041666666667 0.58125 0.007291666666666667 0.015625
0 0.8505208333333333 0.61484375 0.023958333333333335 0.0921875
1 0.6994791666666667 0.43671875 0.03229166666666667 0.0578125
0 0.6932291666666667 0.6375 0.12604166666666666 0.4625
1 0.575 0.45703125 0.035416666666666666 0.0484375
0 0.5651041666666666 0.64375 0.096875 0.434375
1 0.615625 0.51796875 0.016666666666666666 0.0296875
0 0.6119791666666666 0.61875 0.05520833333333333 0.24375
1 0.48333333333333334 0.45078125 0.03958333333333333 0.0671875
0 0.4817708333333333 0.671875 0.09270833333333334 0.521875
1 0.4317708333333333 0.53125 0.015625 0.028125
0 0.4317708333333333 0.62890625 0.06770833333333333 0.2390625
1 0.3723958333333333 0.4453125 0.034375 0.0625
0 0.3671875 0.63984375 0.09270833333333334 0.4640625
1 0.29322916666666665 0.52578125 0.023958333333333335 0.0328125
0 0.2921875 0.63515625 0.078125 0.2640625
1 0.25885416666666666 0.52578125 0.019791666666666666 0.0328125
0 0.24895833333333334 0.615625 0.05 0.21875
1 0.22291666666666668 0.52734375 0.01875 0.0296875
0 0.21302083333333333 0.63359375 0.06770833333333333 0.2484375
1 0.1984375 0.53125 0.019791666666666666 0.034375
0 0.17916666666666667 0.6265625 0.07291666666666667 0.234375
1 0.09739583333333333 0.490625 0.028125 0.046875
0 0.08333333333333333 0.6375 0.11458333333333333 0.353125
1 0.033854166666666664 0.52265625 0.028125 0.0453125
0 0.04739583333333333 0.6234375 0.09479166666666666 0.265625
1 0.0171875 0.4828125 0.030208333333333334 0.059375
0 0.04479166666666667 0.62109375 0.08958333333333333 0.3453125
1 0.32760416666666664 0.559375 0.013541666666666667 0.025
0 0.3265625 0.6296875 0.04479166666666667 0.178125
1 0.6463541666666667 0.54609375 0.013541666666666667 0.0203125
0 0.6463541666666667 0.61484375 0.036458333333333336 0.1640625