1 0.04192708333333333 0.6927734375 0.0109375 0.009765625
0 0.038802083333333334 0.7216796875 0.0296875 0.069921875
1 0.06197916666666667 0.703125 0.014583333333333334 0.01171875
0 0.05807291666666667 0.73125 0.03697916666666667 0.06875
1 0.08229166666666667 0.7009765625 0.010416666666666666 0.008984375
0 0.08020833333333334 0.728125 0.025 0.065625
1 0.13046875 0.6955078125 0.0067708333333333336 0.005859375
0 0.13072916666666667 0.711328125 0.01875 0.03828125
1 0.15026041666666667 0.69375 0.0078125 0.00703125
0 0.15052083333333333 0.7111328125 0.019791666666666666 0.043359375
1 0.359375 0.6896484375 0.00625 0.005078125
0 0.3572916666666667 0.702734375 0.013541666666666667 0.0328125
1 0.39791666666666664 0.6947265625 0.004166666666666667 0.003515625
0 0.3971354166666667 0.705078125 0.0109375 0.0265625
1 0.4205729166666667 0.6947265625 0.0046875 0.004296875
0 0.41953125 0.703515625 0.008854166666666666 0.0234375
1 0.42682291666666666 0.69375 0.0046875 0.0046875
0 0.42578125 0.705859375 0.011979166666666667 0.03046875
1 0.43385416666666665 0.694140625 0.005208333333333333 0.00390625
0 0.43359375 0.7025390625 0.008854166666666666 0.022265625
1 0.4432291666666667 0.694921875 0.005208333333333333 0.00390625
0 0.44244791666666666 0.707421875 0.016145833333333335 0.03046875
1 0.45546875 0.6927734375 0.0046875 0.004296875
0 0.45416666666666666 0.7056640625 0.011458333333333333 0.030859375
1 0.4635416666666667 0.7 0.004166666666666667 0.003125
0 0.46380208333333334 0.7103515625 0.016145833333333335 0.025390625
1 0.48046875 0.6939453125 0.0046875 0.004296875
0 0.4783854166666667 0.7046875 0.015104166666666667 0.028125
1 0.48359375 0.694921875 0.005729166666666666 0.00390625
0 0.4822916666666667 0.7078125 0.01875 0.03046875
1 0.5033854166666667 0.69453125 0.005729166666666666 0.0046875
0 0.5041666666666667 0.7078125 0.016666666666666666 0.0328125
1 0.5265625 0.693359375 0.005208333333333333 0.00390625
0 0.5244791666666667 0.70234375 0.011458333333333333 0.02265625
1 0.37473958333333335 0.436328125 0.10677083333333333 0.12109375
0 0.37473958333333335 0.436328125 0.10677083333333333 0.12109375