1 0.04692982456140351 0.10113636363636364 0.062280701754385964 0.19772727272727272
0 0.05789473684210526 0.5 0.11578947368421053 1
1 0.125 0.24204545454545454 0.05 0.16136363636363638
0 0.1280701754385965 0.5806818181818182 0.10175438596491228 0.8386363636363636
1 0.22412280701754386 0.29772727272727273 0.04824561403508772 0.16818181818181818
0 0.21359649122807017 0.6056818181818182 0.09912280701754386 0.7886363636363637
1 0.3074561403508772 0.29545454545454547 0.04824561403508772 0.15
0 0.30350877192982456 0.5863636363636363 0.10526315789473684 0.8272727272727273
1 0.3530701754385965 0.15795454545454546 0.04298245614035088 0.15227272727272728
0 0.3526315789473684 0.5420454545454545 0.10877192982456141 0.9159090909090909
1 0.4144736842105263 0.25795454545454544 0.04824561403508772 0.16136363636363638
0 0.43464912280701756 0.5886363636363636 0.16228070175438597 0.8227272727272728
1 0.5210526315789473 0.26590909090909093 0.0456140350877193 0.16818181818181818
0 0.512280701754386 0.5886363636363636 0.1543859649122807 0.8227272727272728
1 0.6228070175438597 0.14659090909090908 0.04736842105263158 0.16590909090909092
0 0.625438596491228 0.5295454545454545 0.13157894736842105 0.9409090909090909
1 0.7464912280701754 0.1215909090909091 0.04912280701754386 0.15227272727272728
0 0.737280701754386 0.5227272727272727 0.12017543859649123 0.9545454545454546
1 0.8394736842105263 0.2034090909090909 0.04912280701754386 0.16136363636363638
0 0.8421052631578947 0.5602272727272727 0.1368421052631579 0.8795454545454545
1 0.9320175438596491 0.2636363636363636 0.05 0.16363636363636364
0 0.9320175438596491 0.5886363636363636 0.13596491228070176 0.8227272727272728