1 0.13846153846153847 0.24375 0.09538461538461539 0.1975
0 0.10384615384615385 0.5725 0.19230769230769232 0.855
1 0.25769230769230766 0.25375 0.08153846153846153 0.1775
0 0.26153846153846155 0.58 0.19692307692307692 0.84
1 0.43846153846153846 0.2 0.07692307692307693 0.175
0 0.42538461538461536 0.54875 0.18 0.9025
1 0.5292307692307693 0.12875 0.09230769230769231 0.1725
0 0.5361538461538462 0.51125 0.22 0.9775
1 0.6146153846153846 0.23125 0.08153846153846153 0.1625
0 0.6192307692307693 0.56625 0.21384615384615385 0.8675
1 0.7261538461538461 0.31 0.08615384615384615 0.175
0 0.7238461538461538 0.6075 0.20461538461538462 0.785
1 0.8746153846153846 0.225 0.09384615384615384 0.19
0 0.8815384615384615 0.56125 0.20615384615384616 0.8775