1 0.9775 0.624375 0.03166666666666667 0.04375
0 0.9720833333333333 0.7675 0.05583333333333333 0.345
1 0.91125 0.600625 0.029166666666666667 0.04625
0 0.9183333333333333 0.76 0.08666666666666667 0.365
1 0.72125 0.613125 0.024166666666666666 0.04125
0 0.7366666666666667 0.750625 0.09666666666666666 0.32375
1 0.7308333333333333 0.6025 0.016666666666666666 0.03
0 0.73625 0.6925 0.04583333333333333 0.215
1 0.69125 0.61125 0.015833333333333335 0.025
0 0.6925 0.694375 0.04 0.19875
1 0.6654166666666667 0.60625 0.015833333333333335 0.0275
0 0.6625 0.694375 0.05 0.20625
1 0.6045833333333334 0.62 0.0225 0.04
0 0.6004166666666667 0.744375 0.10583333333333333 0.30375
1 0.5604166666666667 0.59 0.024166666666666666 0.04
0 0.5583333333333333 0.71875 0.07 0.3
1 0.53375 0.604375 0.015833333333333335 0.02875
0 0.5304166666666666 0.68875 0.0425 0.2025
1 0.5183333333333333 0.613125 0.01 0.01625
0 0.5175 0.659375 0.021666666666666667 0.11125
1 0.49875 0.605625 0.010833333333333334 0.01625
0 0.5020833333333333 0.659375 0.030833333333333334 0.12625
1 0.47125 0.5975 0.015833333333333335 0.0275
0 0.47333333333333333 0.695 0.045 0.2275
1 0.45208333333333334 0.585 0.0225 0.035
0 0.45875 0.711875 0.06583333333333333 0.29375
1 0.415 0.603125 0.025 0.04125
0 0.4216666666666667 0.740625 0.08833333333333333 0.32375
1 0.40041666666666664 0.601875 0.015833333333333335 0.02625
0 0.4008333333333333 0.693125 0.051666666666666666 0.21375
1 0.38333333333333336 0.610625 0.008333333333333333 0.01375
0 0.38208333333333333 0.64875 0.0175 0.09
1 0.3670833333333333 0.6 0.009166666666666667 0.0175
0 0.36916666666666664 0.65625 0.02666666666666667 0.135
1 0.35875 0.59625 0.0075 0.01
0 0.36 0.635625 0.011666666666666667 0.09375
1 0.3525 0.6225 0.011666666666666667 0.0225
0 0.35375 0.680625 0.035833333333333335 0.14375
1 0.3358333333333333 0.605 0.016666666666666666 0.0375
0 0.3358333333333333 0.7 0.05 0.23
1 0.30666666666666664 0.620625 0.02 0.04125
0 0.3125 0.746875 0.08333333333333333 0.30625
1 0.30541666666666667 0.595625 0.010833333333333334 0.01875
0 0.30333333333333334 0.645625 0.03 0.12625
1 0.27875 0.609375 0.010833333333333334 0.01875
0 0.2808333333333333 0.663125 0.03833333333333333 0.13125
1 0.24791666666666667 0.600625 0.015833333333333335 0.03125
0 0.2475 0.695 0.065 0.2225
1 0.26458333333333334 0.598125 0.010833333333333334 0.01875
0 0.26416666666666666 0.646875 0.021666666666666667 0.11875
1 0.21583333333333332 0.603125 0.01 0.02125
0 0.2125 0.664375 0.04 0.14625
1 0.20083333333333334 0.604375 0.01 0.01625
0 0.19791666666666666 0.655625 0.0275 0.12375
1 0.18291666666666667 0.6075 0.009166666666666667 0.015
0 0.18333333333333332 0.65875 0.03 0.12
1 0.15291666666666667 0.6 0.009166666666666667 0.0125
0 0.15208333333333332 0.658125 0.0325 0.13125
1 0.17125 0.63375 0.0075 0.0125
0 0.17041666666666666 0.66375 0.014166666666666666 0.0775
1 0.1625 0.599375 0.008333333333333333 0.01625
0 0.16166666666666665 0.645 0.023333333333333334 0.11
1 0.13041666666666665 0.605 0.009166666666666667 0.015
0 0.13166666666666665 0.64375 0.021666666666666667 0.0975
1 0.11625 0.60875 0.014166666666666666 0.02
0 0.10916666666666666 0.671875 0.041666666666666664 0.15375
1 0.09333333333333334 0.678125 0.023333333333333334 0.03625
0 0.11166666666666666 0.77625 0.105 0.2475
1 0.16208333333333333 0.73875 0.014166666666666666 0.0225
0 0.14666666666666667 0.766875 0.045 0.09125
1 0.04791666666666667 0.6825 0.029166666666666667 0.055
0 0.06333333333333334 0.78875 0.11333333333333333 0.2725
1 0.0175 0.680625 0.03166666666666667 0.04875
0 0.04666666666666667 0.77625 0.09333333333333334 0.2425
1 0.04416666666666667 0.595625 0.006666666666666667 0.01125
0 0.04625 0.6275 0.029166666666666667 0.08
1 0.04416666666666667 0.591875 0.006666666666666667 0.01125
0 0.043333333333333335 0.62625 0.02666666666666667 0.085
1 0.024166666666666666 0.604375 0.006666666666666667 0.01125
0 0.0225 0.638125 0.028333333333333332 0.08125
1 0.23333333333333334 0.6075 0.013333333333333334 0.0175
0 0.23333333333333334 0.650625 0.028333333333333332 0.10375
1 0.29041666666666666 0.6025 0.005833333333333334 0.01
0 0.28958333333333336 0.629375 0.014166666666666666 0.06125