1 0.219970703125 0.3984375 0.04248046875 0.06901041666666667
0 0.207763671875 0.6461588541666666 0.12646484375 0.5709635416666666
1 0.291259765625 0.4111328125 0.04443359375 0.076171875
0 0.285400390625 0.6373697916666666 0.25146484375 0.5455729166666666
1 0.36572265625 0.4440104166666667 0.041015625 0.0703125
0 0.363037109375 0.6595052083333334 0.12451171875 0.515625
1 0.435791015625 0.427734375 0.04345703125 0.07421875
0 0.4287109375 0.6653645833333334 0.1416015625 0.5533854166666666
1 0.515625 0.4046223958333333 0.048828125 0.08919270833333333
0 0.51953125 0.6468098958333334 0.28515625 0.591796875
1 0.601806640625 0.4498697916666667 0.04150390625 0.07291666666666667
0 0.599853515625 0.6708984375 0.12060546875 0.5266927083333334
1 0.650146484375 0.4098307291666667 0.04541015625 0.080078125
0 0.654541015625 0.6448567708333334 0.13330078125 0.5709635416666666
1 0.7275390625 0.4397786458333333 0.0458984375 0.076171875
0 0.752685546875 0.6741536458333334 0.15771484375 0.5657552083333334
1 0.8525390625 0.4182942708333333 0.05078125 0.08268229166666667
0 0.849365234375 0.6617838541666666 0.16943359375 0.576171875