1 0.2136 0.42908653846153844 0.0592 0.0985576923076923
0 0.1944 0.6790865384615384 0.1776 0.6418269230769231
1 0.2904 0.48677884615384615 0.056 0.10336538461538461
0 0.3016 0.7019230769230769 0.1488 0.5961538461538461
1 0.3984 0.41586538461538464 0.0544 0.10576923076923077
0 0.4032 0.6586538461538461 0.16 0.6826923076923077
1 0.484 0.43028846153846156 0.0528 0.11057692307692307
0 0.4608 0.6706730769230769 0.1856 0.6586538461538461
1 0.5872 0.3942307692307692 0.0608 0.125
0 0.5712 0.6586538461538461 0.1856 0.6826923076923077
1 0.6912 0.39783653846153844 0.0768 0.14182692307692307
0 0.6936 0.6370192307692307 0.1712 0.7259615384615384
1 0.808 0.3762019230769231 0.0768 0.13701923076923078
0 0.8488 0.6201923076923077 0.248 0.7596153846153846