1 0.085625 0.476027397260274 0.07625 0.16666666666666666
0 0.114375 0.6917808219178082 0.22875 0.6164383561643836
1 0.315625 0.541095890410959 0.06375 0.1552511415525114
0 0.315 0.728310502283105 0.1725 0.54337899543379
1 0.468125 0.454337899543379 0.07125 0.1461187214611872
0 0.4575 0.6872146118721462 0.17 0.6255707762557078
1 0.636875 0.4486301369863014 0.07125 0.16666666666666666
0 0.63125 0.6815068493150684 0.175 0.636986301369863
1 0.7575 0.5821917808219178 0.065 0.1506849315068493
0 0.77375 0.747716894977169 0.145 0.5045662100456622
1 0.90125 0.502283105022831 0.0725 0.1598173515981735
0 0.925 0.7077625570776256 0.15 0.5844748858447488
1 0.870625 0.3436073059360731 0.05625 0.11643835616438356
0 0.86875 0.6255707762557078 0.13 0.7488584474885844
1 0.7425 0.2762557077625571 0.065 0.136986301369863
0 0.745 0.6015981735159818 0.1725 0.7968036529680366
1 0.54375 0.3607305936073059 0.0575 0.1461187214611872
0 0.5525 0.636986301369863 0.155 0.726027397260274
1 0.4075 0.4132420091324201 0.0575 0.1415525114155251
0 0.41375 0.6689497716894978 0.1375 0.6621004566210046
1 0.299375 0.430365296803653 0.05625 0.14840182648401826
0 0.293125 0.6735159817351598 0.14875 0.6529680365296804
1 0.214375 0.2968036529680365 0.05875 0.1415525114155251
0 0.213125 0.6118721461187214 0.14625 0.776255707762557
1 0.26375 0.2899543378995434 0.055 0.1415525114155251
0 0.268125 0.6095890410958904 0.11625 0.7808219178082192
1 0.304375 0.22945205479452055 0.05125 0.11643835616438356
0 0.310625 0.5308219178082192 0.09875 0.728310502283105
1 0.33 0.3105022831050228 0.055 0.136986301369863
0 0.335625 0.6198630136986302 0.11125 0.7602739726027398
1 0.3925 0.2968036529680365 0.0475 0.1141552511415525
0 0.3925 0.6164383561643836 0.1075 0.7671232876712328
1 0.37375 0.22488584474885845 0.0525 0.12100456621004566
0 0.38375 0.5753424657534246 0.1175 0.8493150684931506
1 0.46125 0.2454337899543379 0.0525 0.12557077625570776
0 0.468125 0.5878995433789954 0.12625 0.8242009132420092
1 0.524375 0.2694063926940639 0.05625 0.1187214611872146
0 0.528125 0.5833333333333334 0.12125 0.7511415525114156
1 0.59125 0.23858447488584475 0.055 0.11643835616438356
0 0.595625 0.5570776255707762 0.11625 0.771689497716895
1 0.635 0.2899543378995434 0.055 0.1278538812785388
0 0.6325 0.6061643835616438 0.1125 0.7648401826484018
1 0.7 0.2853881278538813 0.0525 0.1415525114155251
0 0.706875 0.6050228310502284 0.13125 0.7899543378995434
1 0.745625 0.16552511415525115 0.05875 0.12557077625570776
0 0.751875 0.5365296803652968 0.13125 0.8812785388127854
1 0.815 0.2819634703196347 0.055 0.13013698630136986
0 0.82125 0.6061643835616438 0.125 0.7876712328767124
1 0.95 0.3013698630136986 0.0575 0.1324200913242009
0 0.934375 0.6118721461187214 0.13125 0.776255707762557