1 0.31048387096774194 0.19032258064516128 0.09838709677419355 0.13548387096774195
0 0.31129032258064515 0.5494623655913978 0.27741935483870966 0.9010752688172043
1 0.5991935483870968 0.0967741935483871 0.09516129032258064 0.17204301075268819
0 0.6459677419354839 0.5010752688172043 0.3370967741935484 0.9978494623655914
1 0.47096774193548385 0.4 0.02903225806451613 0.043010752688172046
0 0.4959677419354839 0.5236559139784946 0.11451612903225807 0.3161290322580645
1 0.7975806451612903 0.3870967741935484 0.027419354838709678 0.043010752688172046
0 0.8241935483870968 0.5032258064516129 0.12258064516129032 0.3053763440860215
1 0.013709677419354839 0.4150537634408602 0.027419354838709678 0.03870967741935484
0 0.03951612903225806 0.5580645161290323 0.07903225806451612 0.3247311827956989
1 0.04435483870967742 0.421505376344086 0.017741935483870968 0.030107526881720432
0 0.042741935483870966 0.5301075268817205 0.06612903225806452 0.2645161290322581