1 0.49583333333333335 0.6916666666666667 0.045 0.07666666666666666
0 0.5 0.8244444444444444 0.39 0.3511111111111111
1 0.8004166666666667 0.5766666666666667 0.0375 0.06
0 0.8266666666666667 0.7727777777777778 0.125 0.45444444444444443
1 0.8354166666666667 0.5455555555555556 0.03916666666666667 0.04888888888888889
0 0.8420833333333333 0.7288888888888889 0.09416666666666666 0.42444444444444446
1 0.7916666666666666 0.5261111111111111 0.03666666666666667 0.056666666666666664
0 0.79875 0.7038888888888889 0.10083333333333333 0.41888888888888887
1 0.7683333333333333 0.5566666666666666 0.03333333333333333 0.05333333333333334
0 0.7716666666666666 0.7405555555555555 0.08166666666666667 0.43666666666666665
1 0.7116666666666667 0.5822222222222222 0.03333333333333333 0.057777777777777775
0 0.7241666666666666 0.7661111111111111 0.105 0.4411111111111111
1 0.69375 0.5294444444444445 0.034166666666666665 0.05
0 0.6991666666666667 0.6988888888888889 0.09 0.3888888888888889
1 0.6516666666666666 0.5772222222222222 0.035 0.06333333333333334
0 0.6491666666666667 0.7533333333333333 0.10666666666666667 0.4288888888888889
1 0.6004166666666667 0.5488888888888889 0.029166666666666667 0.04666666666666667
0 0.6041666666666666 0.7111111111111111 0.08333333333333333 0.37777777777777777
1 0.5791666666666667 0.5244444444444445 0.03 0.044444444444444446
0 0.5858333333333333 0.6844444444444444 0.08166666666666667 0.3711111111111111
1 0.55 0.5783333333333334 0.03 0.04777777777777778
0 0.5508333333333333 0.7477777777777778 0.08166666666666667 0.3933333333333333
1 0.51375 0.5572222222222222 0.0375 0.06333333333333334
0 0.5275 0.7522222222222222 0.125 0.46444444444444444
1 0.43 0.5555555555555556 0.03333333333333333 0.06222222222222222
0 0.42541666666666667 0.7533333333333333 0.08583333333333333 0.46444444444444444
1 0.4691666666666667 0.5572222222222222 0.03166666666666667 0.056666666666666664
0 0.47041666666666665 0.7127777777777777 0.07916666666666666 0.38333333333333336
1 0.4533333333333333 0.5305555555555556 0.02666666666666667 0.043333333333333335
0 0.4529166666666667 0.6727777777777778 0.07583333333333334 0.35
1 0.38125 0.5666666666666667 0.0325 0.05555555555555555
0 0.35625 0.7538888888888889 0.15416666666666667 0.43444444444444447
1 0.2608333333333333 0.5616666666666666 0.03833333333333333 0.056666666666666664
0 0.24875 0.75 0.0825 0.4444444444444444
1 0.22541666666666665 0.5566666666666666 0.035833333333333335 0.057777777777777775
0 0.21875 0.7316666666666667 0.1325 0.41
1 0.2375 0.515 0.03333333333333333 0.05
0 0.21458333333333332 0.6938888888888889 0.10416666666666667 0.40555555555555556
1 0.30291666666666667 0.5494444444444444 0.0275 0.04777777777777778
0 0.2920833333333333 0.6977777777777778 0.0675 0.3511111111111111
1 0.3416666666666667 0.5672222222222222 0.03 0.04777777777777778
0 0.3258333333333333 0.7088888888888889 0.06166666666666667 0.3377777777777778
1 0.3925 0.545 0.025 0.04111111111111111
0 0.38 0.7011111111111111 0.07833333333333334 0.3622222222222222
1 0.4058333333333333 0.5777777777777777 0.03166666666666667 0.05555555555555555
0 0.40625 0.7111111111111111 0.06416666666666666 0.3333333333333333
1 0.32 0.5816666666666667 0.03333333333333333 0.058888888888888886
0 0.3179166666666667 0.7494444444444445 0.09083333333333334 0.3988888888888889