1 0.05517578125 0.568081991215227 0.0341796875 0.06149341142020498
0 0.04931640625 0.7320644216691069 0.0986328125 0.40702781844802344
1 0.1220703125 0.616398243045388 0.029296875 0.04978038067349927
0 0.09716796875 0.7547584187408491 0.1162109375 0.34699853587115664
1 0.20361328125 0.5497803806734992 0.0263671875 0.03953147877013177
0 0.1767578125 0.7210834553440703 0.119140625 0.4084919472913616
1 0.2294921875 0.5351390922401171 0.033203125 0.04538799414348463
0 0.22216796875 0.7232796486090776 0.0771484375 0.43045387994143486
1 0.27392578125 0.42093704245973645 0.0439453125 0.06881405563689605
0 0.275390625 0.6588579795021962 0.169921875 0.568081991215227
1 0.39208984375 0.5600292825768668 0.0244140625 0.048316251830161056
0 0.3681640625 0.7342606149341142 0.099609375 0.4143484626647145
1 0.421875 0.4970717423133236 0.037109375 0.060029282576866766
0 0.4267578125 0.6954612005856515 0.146484375 0.47144948755490484
1 0.57080078125 0.24377745241581258 0.0654296875 0.11859443631039532
0 0.5771484375 0.568081991215227 0.216796875 0.787701317715959
1 0.9521484375 0.5051244509516838 0.0390625 0.07027818448023426
0 0.94384765625 0.6961932650073206 0.0830078125 0.46412884333821375