1 0.11139896373056994 0.5595703125 0.10492227979274611 0.16796875
0 0.14993523316062177 0.7314453125 0.29987046632124353 0.537109375
1 0.15511658031088082 0.57666015625 0.07318652849740932 0.1376953125
0 0.15997409326424872 0.74755859375 0.18523316062176165 0.5048828125
1 0.20595854922279794 0.50732421875 0.06476683937823834 0.1005859375
0 0.19138601036269431 0.728515625 0.12629533678756477 0.54296875
1 0.23866580310880828 0.5478515625 0.04209844559585492 0.080078125
0 0.22117875647668395 0.75 0.1055699481865285 0.5
1 0.35200777202072536 0.5615234375 0.06023316062176166 0.091796875
0 0.33419689119170987 0.75390625 0.10751295336787564 0.4921875
1 0.4167746113989637 0.53515625 0.0705958549222798 0.119140625
0 0.3756476683937824 0.73388671875 0.18134715025906736 0.5322265625
1 0.4533678756476684 0.52978515625 0.10751295336787564 0.2041015625
0 0.4365284974093264 0.69287109375 0.27461139896373055 0.6142578125
1 0.5301165803108808 0.560546875 0.04339378238341969 0.091796875
0 0.5239637305699482 0.75341796875 0.08808290155440414 0.4931640625
1 0.5799870466321243 0.619140625 0.0744818652849741 0.134765625
0 0.5900259067357513 0.77294921875 0.16839378238341968 0.4541015625
1 0.6295336787564767 0.53466796875 0.06994818652849741 0.1259765625
0 0.6207901554404145 0.7314453125 0.12370466321243523 0.537109375
1 0.8196243523316062 0.65673828125 0.2182642487046632 0.3505859375
0 0.8008419689119171 0.736328125 0.31023316062176165 0.52734375
1 0.945919689119171 0.50439453125 0.10816062176165803 0.2021484375
0 0.917098445595855 0.69921875 0.16580310880829016 0.6015625