1 0.66375 0.646875 0.0075 0.01625
0 0.6646875 0.698125 0.021875 0.12625
1 0.649375 0.658125 0.0075 0.01875
0 0.650625 0.701875 0.025 0.11125
1 0.630625 0.655 0.0075 0.0175
0 0.629375 0.696875 0.01875 0.10375
1 0.6184375 0.690625 0.004375 0.00875
0 0.6190625 0.7075 0.010625 0.0475
1 0.5671875 0.655 0.005625 0.01
0 0.56625 0.70375 0.0175 0.11
1 0.5615625 0.68125 0.005625 0.0125
0 0.561875 0.7175 0.025 0.09
1 0.4359375 0.640625 0.009375 0.05625
0 0.4359375 0.640625 0.009375 0.05625
1 0.51875 0.613125 0.00375 0.00875
0 0.5196875 0.6425 0.013125 0.075
1 0.5328125 0.609375 0.003125 0.00625
0 0.531875 0.629375 0.00875 0.05125
1 0.535625 0.613125 0.0025 0.00625
0 0.535625 0.63125 0.00875 0.045
1 0.5446875 0.615625 0.003125 0.00625
0 0.543125 0.63625 0.01 0.0475
1 0.5475 0.609375 0.0025 0.00625
0 0.5478125 0.628125 0.009375 0.04625
1 0.55875 0.6175 0.00375 0.0075
0 0.5571875 0.64375 0.014375 0.06
1 0.5571875 0.60875 0.003125 0.005
0 0.55625 0.63125 0.01125 0.0525
1 0.5625 0.609375 0.0025 0.00625
0 0.561875 0.63375 0.01 0.06
1 0.5734375 0.61625 0.004375 0.01
0 0.571875 0.6425 0.0125 0.07
1 0.5853125 0.6075 0.003125 0.0075
0 0.585625 0.62625 0.0075 0.0475
1 0.580625 0.611875 0.00375 0.00875
0 0.5803125 0.630625 0.009375 0.05125
1 0.57 0.605 0.00375 0.0075
0 0.569375 0.625625 0.01 0.05125
1 0.5765625 0.621875 0.009375 0.04875
0 0.5765625 0.621875 0.009375 0.04875
1 0.5609375 0.584375 0.003125 0.00625
0 0.5609375 0.595625 0.008125 0.03625
1 0.5771875 0.58375 0.003125 0.0075
0 0.576875 0.599375 0.00875 0.04375
1 0.5915625 0.589375 0.004375 0.00875
0 0.5915625 0.605 0.009375 0.045
1 0.610625 0.618125 0.00375 0.00875
0 0.6109375 0.645625 0.014375 0.06375
1 0.61 0.61 0.00375 0.0075
0 0.609375 0.635 0.01125 0.06