1 0.9706349206349206 0.6060267857142857 0.04285714285714286 0.06919642857142858
0 0.9603174603174603 0.7265625 0.07936507936507936 0.3236607142857143
1 0.9031746031746032 0.5669642857142857 0.0380952380952381 0.0625
0 0.8960317460317461 0.6997767857142857 0.09365079365079365 0.34598214285714285
1 0.8253968253968254 0.5636160714285714 0.03492063492063492 0.06473214285714286
0 0.8095238095238095 0.6964285714285714 0.13015873015873017 0.34375
1 0.7563492063492063 0.5491071428571429 0.03968253968253968 0.06696428571428571
0 0.7484126984126984 0.6729910714285714 0.1 0.3236607142857143
1 0.6793650793650794 0.5658482142857143 0.03492063492063492 0.06473214285714286
0 0.6698412698412698 0.6796875 0.08888888888888889 0.31919642857142855
1 0.6 0.6517857142857143 0.031746031746031744 0.05803571428571429
0 0.596031746031746 0.7165178571428571 0.06825396825396825 0.20535714285714285
1 0.5587301587301587 0.5703125 0.031746031746031744 0.05580357142857143
0 0.5563492063492064 0.6573660714285714 0.07777777777777778 0.24330357142857142
1 0.49682539682539684 0.5881696428571429 0.031746031746031744 0.05580357142857143
0 0.49682539682539684 0.6707589285714286 0.08253968253968254 0.234375
1 0.28888888888888886 0.5479910714285714 0.031746031746031744 0.060267857142857144
0 0.29603174603174603 0.6618303571428571 0.09047619047619047 0.296875
1 0.2246031746031746 0.5491071428571429 0.03650793650793651 0.05803571428571429
0 0.23095238095238096 0.6707589285714286 0.07777777777777778 0.30580357142857145
1 0.1523809523809524 0.5770089285714286 0.0380952380952381 0.06473214285714286
0 0.14603174603174604 0.6930803571428571 0.11428571428571428 0.3013392857142857
1 0.06428571428571428 0.5044642857142857 0.03333333333333333 0.05357142857142857
0 0.06825396825396825 0.6339285714285714 0.09206349206349207 0.32142857142857145
1 0.12857142857142856 0.47767857142857145 0.031746031746031744 0.05357142857142857
0 0.14206349206349206 0.6037946428571429 0.09047619047619047 0.31473214285714285
1 0.20714285714285716 0.4732142857142857 0.026984126984126985 0.05357142857142857
0 0.20714285714285716 0.5848214285714286 0.07142857142857142 0.29017857142857145
1 0.25555555555555554 0.4810267857142857 0.031746031746031744 0.05580357142857143
0 0.25952380952380955 0.59375 0.07777777777777778 0.29017857142857145
1 0.32857142857142857 0.46986607142857145 0.031746031746031744 0.060267857142857144
0 0.3277777777777778 0.5970982142857143 0.08095238095238096 0.3236607142857143
1 0.38333333333333336 0.43080357142857145 0.03333333333333333 0.05803571428571429
0 0.3873015873015873 0.578125 0.1746031746031746 0.36160714285714285
1 0.44126984126984126 0.45089285714285715 0.031746031746031744 0.0625
0 0.44206349206349205 0.578125 0.07142857142857142 0.33035714285714285
1 0.4753968253968254 0.42745535714285715 0.023809523809523808 0.05133928571428571
0 0.473015873015873 0.5390625 0.06031746031746032 0.28348214285714285
1 0.5222222222222223 0.421875 0.02857142857142857 0.05357142857142857
0 0.5174603174603175 0.5457589285714286 0.06666666666666667 0.31026785714285715
1 0.6023809523809524 0.45982142857142855 0.026984126984126985 0.05357142857142857
0 0.6023809523809524 0.5714285714285714 0.06507936507936508 0.29464285714285715
1 0.573015873015873 0.4330357142857143 0.025396825396825397 0.049107142857142856
0 0.5722222222222222 0.5457589285714286 0.06507936507936508 0.2924107142857143
1 0.6722222222222223 0.44419642857142855 0.03333333333333333 0.0625
0 0.6753968253968254 0.5747767857142857 0.10317460317460317 0.33705357142857145
1 0.734920634920635 0.46205357142857145 0.031746031746031744 0.05803571428571429
0 0.7365079365079366 0.5825892857142857 0.07301587301587302 0.3080357142857143
1 0.776984126984127 0.4642857142857143 0.03333333333333333 0.0625
0 0.773015873015873 0.5926339285714286 0.08888888888888889 0.33705357142857145
1 0.8484126984126984 0.48549107142857145 0.03650793650793651 0.05580357142857143
0 0.8388888888888889 0.6049107142857143 0.07777777777777778 0.3080357142857143
1 0.942063492063492 0.46986607142857145 0.03968253968253968 0.078125
0 0.9261904761904762 0.6026785714285714 0.11587301587301588 0.36160714285714285
1 0.9833333333333333 0.46875 0.03333333333333333 0.07589285714285714
0 0.9698412698412698 0.6049107142857143 0.06031746031746032 0.35267857142857145
1 0.8968253968253969 0.44754464285714285 0.031746031746031744 0.05133928571428571
0 0.8936507936507937 0.5837053571428571 0.07301587301587302 0.3325892857142857
1 0.8579365079365079 0.390625 0.023809523809523808 0.044642857142857144
0 0.8539682539682539 0.5234375 0.0761904761904762 0.31919642857142855
1 0.8023809523809524 0.4330357142857143 0.03015873015873016 0.05357142857142857
0 0.8015873015873016 0.5725446428571429 0.08253968253968254 0.34151785714285715
1 0.8015873015873016 0.4330357142857143 0.02857142857142857 0.049107142857142856
0 0.796031746031746 0.546875 0.0746031746031746 0.3080357142857143
1 0.7658730158730159 0.40066964285714285 0.023809523809523808 0.033482142857142856
0 0.7682539682539683 0.5066964285714286 0.05714285714285714 0.2544642857142857
1 0.7309523809523809 0.39285714285714285 0.03333333333333333 0.05357142857142857
0 0.7261904761904762 0.5234375 0.0873015873015873 0.328125
1 0.6873015873015873 0.3872767857142857 0.025396825396825397 0.046875
0 0.6873015873015873 0.5189732142857143 0.06984126984126984 0.31919642857142855
1 0.6349206349206349 0.40736607142857145 0.025396825396825397 0.046875
0 0.6341269841269841 0.5145089285714286 0.06825396825396825 0.27455357142857145
1 0.596031746031746 0.38504464285714285 0.03015873015873016 0.05133928571428571
0 0.5888888888888889 0.5011160714285714 0.06666666666666667 0.2924107142857143
1 0.44682539682539685 0.38504464285714285 0.03015873015873016 0.05133928571428571
0 0.45 0.5133928571428571 0.06190476190476191 0.3169642857142857
1 0.4126984126984127 0.4174107142857143 0.02857142857142857 0.05357142857142857
0 0.4150793650793651 0.5435267857142857 0.07142857142857142 0.3236607142857143
1 0.3603174603174603 0.43191964285714285 0.025396825396825397 0.05133928571428571
0 0.3682539682539683 0.5691964285714286 0.0761904761904762 0.3392857142857143
1 0.3055555555555556 0.4341517857142857 0.03015873015873016 0.05580357142857143
0 0.31507936507936507 0.5680803571428571 0.0746031746031746 0.33705357142857145
1 0.276984126984127 0.4497767857142857 0.03333333333333333 0.05133928571428571
0 0.2833333333333333 0.5747767857142857 0.06507936507936508 0.30580357142857145
1 0.22777777777777777 0.41629464285714285 0.03333333333333333 0.060267857142857144
0 0.23412698412698413 0.5691964285714286 0.08095238095238096 0.3794642857142857
1 0.176984126984127 0.42857142857142855 0.03015873015873016 0.044642857142857144
0 0.18412698412698414 0.5792410714285714 0.08888888888888889 0.37276785714285715
1 0.14206349206349206 0.43638392857142855 0.03333333333333333 0.05580357142857143
0 0.14603174603174604 0.5703125 0.08571428571428572 0.33705357142857145
1 0.0626984126984127 0.4486607142857143 0.03333333333333333 0.05803571428571429
0 0.06587301587301587 0.5881696428571429 0.08412698412698413 0.35044642857142855
1 0.01746031746031746 0.484375 0.031746031746031744 0.05357142857142857
0 0.0380952380952381 0.6004464285714286 0.0761904761904762 0.3080357142857143