1 0.284020618556701 0.4269578313253012 0.009278350515463918 0.01355421686746988
0 0.2829896907216495 0.4623493975903614 0.01958762886597938 0.09036144578313253
1 0.30257731958762885 0.4314759036144578 0.007216494845360825 0.01355421686746988
0 0.30463917525773193 0.46460843373493976 0.01958762886597938 0.08885542168674698
1 0.3134020618556701 0.46009036144578314 0.026804123711340205 0.09487951807228916
0 0.3134020618556701 0.46009036144578314 0.026804123711340205 0.09487951807228916
1 0.3324742268041237 0.42620481927710846 0.009278350515463918 0.018072289156626505
0 0.33144329896907215 0.46460843373493976 0.02577319587628866 0.10090361445783133
1 0.34175257731958764 0.43599397590361444 0.01134020618556701 0.01355421686746988
0 0.33762886597938147 0.46987951807228917 0.031958762886597936 0.08734939759036145
1 0.4005154639175258 0.40436746987951805 0.009278350515463918 0.01957831325301205
0 0.39639175257731957 0.45481927710843373 0.03608247422680412 0.12650602409638553
1 0.42216494845360825 0.40436746987951805 0.01134020618556701 0.01957831325301205
0 0.4252577319587629 0.44879518072289154 0.021649484536082474 0.11144578313253012
1 0.5309278350515464 0.5022590361445783 0.01443298969072165 0.01957831325301205
0 0.5298969072164949 0.5549698795180723 0.0288659793814433 0.13704819277108435
1 0.5458762886597938 0.5090361445783133 0.013402061855670102 0.024096385542168676
0 0.545360824742268 0.5602409638554217 0.0288659793814433 0.12951807228915663
1 0.5716494845360824 0.5143072289156626 0.013402061855670102 0.022590361445783132
0 0.5752577319587628 0.5632530120481928 0.0288659793814433 0.12650602409638553
1 0.6061855670103092 0.4917168674698795 0.01443298969072165 0.022590361445783132
0 0.6036082474226804 0.5519578313253012 0.03608247422680412 0.1460843373493976
1 0.6572164948453608 0.4864457831325301 0.013402061855670102 0.02108433734939759
0 0.6479381443298969 0.5451807228915663 0.06288659793814433 0.1536144578313253
1 0.6896907216494845 0.5112951807228916 0.01443298969072165 0.022590361445783132
0 0.6938144329896907 0.5594879518072289 0.041237113402061855 0.125
1 0.727319587628866 0.5376506024096386 0.013402061855670102 0.024096385542168676
0 0.7350515463917526 0.5828313253012049 0.030927835051546393 0.12048192771084337
1 0.7639175257731958 0.579066265060241 0.012371134020618556 0.01957831325301205
0 0.7747422680412371 0.6340361445783133 0.04020618556701031 0.13855421686746988
1 0.7865979381443299 0.5707831325301205 0.016494845360824743 0.024096385542168676
0 0.7824742268041237 0.6385542168674698 0.061855670103092786 0.16566265060240964
1 0.85 0.5474397590361446 0.01752577319587629 0.0286144578313253
0 0.8572164948453608 0.6234939759036144 0.03814432989690722 0.18674698795180722
1 0.8969072164948454 0.5670180722891566 0.01443298969072165 0.0286144578313253
0 0.9010309278350516 0.6355421686746988 0.03917525773195876 0.1716867469879518
1 0.9278350515463918 0.5918674698795181 0.016494845360824743 0.024096385542168676
0 0.9350515463917526 0.6528614457831325 0.03505154639175258 0.15210843373493976
1 0.39123711340206185 0.4314759036144578 0.007216494845360825 0.01355421686746988
0 0.39123711340206185 0.46460843373493976 0.023711340206185566 0.08885542168674698