1 0.2725 0.3524305555555556 0.1275 0.2326388888888889
0 0.22 0.5920138888888888 0.44 0.8159722222222222
1 0.421875 0.3576388888888889 0.09875 0.1840277777777778
0 0.415625 0.6232638888888888 0.24125 0.7534722222222222
1 0.525625 0.2795138888888889 0.09625 0.16319444444444445
0 0.5375 0.5885416666666666 0.47 0.8229166666666666
1 0.698125 0.4157986111111111 0.09375 0.1684027777777778
0 0.756875 0.6475694444444444 0.38875 0.7048611111111112
1 0.820625 0.5321180555555556 0.10875 0.203125
0 0.85875 0.7126736111111112 0.26 0.5746527777777778
1 0.3075 0.5850694444444444 0.13 0.22569444444444445
0 0.261875 0.7335069444444444 0.52375 0.5329861111111112
1 0.5075 0.5616319444444444 0.115 0.2065972222222222
0 0.460625 0.7256944444444444 0.31125 0.5486111111111112
1 0.619375 0.5381944444444444 0.10875 0.2048611111111111
0 0.606875 0.7118055555555556 0.54875 0.5763888888888888
1 0.550625 0.421875 0.10125 0.14930555555555555
0 0.51875 0.6701388888888888 0.3575 0.6597222222222222