1 0.04036964980544747 0.7516411378555798 0.020428015564202335 0.03574033552151714
0 0.05642023346303502 0.8078045222465354 0.06809338521400778 0.16703136396790663
1 0.061770428015564205 0.7669584245076586 0.021400778210116732 0.043034281546316555
0 0.0632295719844358 0.8450036469730124 0.07879377431906615 0.2137126185266229
1 0.06809338521400778 0.8373450036469731 0.023346303501945526 0.040846097738876735
0 0.06639105058365759 0.9062727935813275 0.0646887159533074 0.187454412837345
1 0.08657587548638132 0.8114514952589351 0.019455252918287938 0.04011670313639679
0 0.08025291828793775 0.888767323121809 0.06712062256809338 0.212253829321663
1 0.08827821011673152 0.7396061269146609 0.02188715953307393 0.03938730853391685
0 0.0914396887159533 0.8132749817651349 0.06031128404669261 0.19401896425966447
1 0.13156614785992218 0.7155361050328227 0.01799610894941634 0.03355215171407731
0 0.13205252918287938 0.7844638949671773 0.05301556420233463 0.18599562363238512
1 0.37962062256809337 0.6852662290299052 0.019941634241245135 0.04011670313639679
0 0.37913424124513617 0.7469000729394603 0.05398832684824903 0.1765134938001459
1 0.4049124513618677 0.7392414296134209 0.02188715953307393 0.04157549234135667
0 0.3966439688715953 0.8172866520787746 0.08219844357976654 0.21808898614150254
1 0.43239299610894943 0.6911013858497447 0.020428015564202335 0.03574033552151714
0 0.4287451361867704 0.7567469000729394 0.061770428015564205 0.18016046681254558
1 0.4968385214007782 0.6779722830051058 0.02188715953307393 0.045951859956236324
0 0.4997568093385214 0.7516411378555798 0.07830739299610895 0.212253829321663
1 0.4046692607003891 0.7388767323121809 0.021400778210116732 0.040846097738876735
0 0.40150778210116733 0.8183807439824945 0.06955252918287938 0.2100656455142232
1 0.3745136186770428 0.8096280087527352 0.021400778210116732 0.0437636761487965
0 0.36892023346303504 0.87490882567469 0.0627431906614786 0.18891320204230488
1 0.42120622568093385 0.8056163384390955 0.027237354085603113 0.04741064916119621
0 0.428988326848249 0.8836615609044494 0.08949416342412451 0.2049598832968636
1 0.4401750972762646 0.7800875273522976 0.024319066147859923 0.04157549234135667
0 0.4340953307392996 0.8588621444201313 0.07149805447470817 0.20933625091174327
1 0.4601167315175097 0.7407002188183808 0.023346303501945526 0.04741064916119621
0 0.46254863813229574 0.8070751276440554 0.07003891050583658 0.19328956965718452
1 0.5068093385214008 0.7239241429613421 0.02529182879377432 0.04011670313639679
0 0.5104571984435797 0.8358862144420132 0.07830739299610895 0.2859226841721371
1 0.557636186770428 0.7162654996353027 0.022859922178988325 0.04230488694383661
0 0.5505836575875487 0.8161925601750547 0.0651750972762646 0.2567469000729395
1 0.5821984435797666 0.711524434719183 0.019455252918287938 0.04011670313639679
0 0.5766050583657587 0.8099927060539752 0.07149805447470817 0.2414296134208607
1 0.6094357976653697 0.774617067833698 0.023346303501945526 0.04522246535375638
0 0.6104085603112841 0.8333333333333334 0.0622568093385214 0.1772428884026258
1 0.6376459143968871 0.6907366885485048 0.023346303501945526 0.046681254558716266
0 0.6429961089494164 0.7607585703865791 0.07101167315175097 0.19401896425966447
1 0.6507782101167315 0.724653537563822 0.024319066147859923 0.04449307075127644
0 0.6464007782101168 0.8150984682713348 0.07003891050583658 0.23705324580598103
1 0.6750972762645915 0.7578409919766593 0.023346303501945526 0.04230488694383661
0 0.671692607003891 0.8388037928519329 0.07101167315175097 0.22902990517870167
1 0.7016050583657587 0.8041575492341356 0.02091439688715953 0.04157549234135667
0 0.706955252918288 0.862873814733771 0.06955252918287938 0.18234865061998543
1 0.7251945525291829 0.7560175054704595 0.023346303501945526 0.043034281546316555
0 0.7273832684824902 0.8402625820568927 0.0646887159533074 0.21298322392414296
1 0.7458657587548638 0.7024070021881839 0.02480544747081712 0.0437636761487965
0 0.7482976653696498 0.7757111597374179 0.07636186770428016 0.19912472647702406
1 0.7609435797665369 0.7432530999270606 0.02091439688715953 0.04230488694383661
0 0.7621595330739299 0.8150984682713348 0.06031128404669261 0.20204230488694383
1 0.8146887159533074 0.6659372720641867 0.02237354085603113 0.0437636761487965
0 0.8188229571984436 0.7290299051787017 0.055933852140077824 0.17578409919766594
1 0.819795719844358 0.7301239970824216 0.023832684824902722 0.03792851932895697
0 0.8200389105058365 0.788475565280817 0.06420233463035019 0.18234865061998543
1 0.8010700389105059 0.7902990517870168 0.021400778210116732 0.037199124726477024
0 0.7947470817120622 0.8552151714077316 0.07198443579766536 0.19328956965718452
1 0.8370622568093385 0.7479941648431802 0.024319066147859923 0.04741064916119621
0 0.8363326848249028 0.8285922684172137 0.07052529182879377 0.21735959153902262
1 0.8883754863813229 0.7312180889861415 0.022859922178988325 0.04011670313639679
0 0.8844844357976653 0.7968636032093362 0.07344357976653697 0.19037199124726478
1 0.9019941634241245 0.7691466083150985 0.023832684824902722 0.04449307075127644
0 0.9022373540856031 0.838439095550693 0.07587548638132295 0.1962071480671043
1 0.9499027237354085 0.7859226841721372 0.024319066147859923 0.04741064916119621
0 0.9518482490272373 0.8475565280816922 0.07879377431906615 0.19547775346462437
1 0.9409046692607004 0.6969365426695843 0.019941634241245135 0.043034281546316555
0 0.9360408560311284 0.7574762946754194 0.07441634241245136 0.18453683442742524
1 0.958171206225681 0.7086068563092633 0.02529182879377432 0.043034281546316555
0 0.9596303501945526 0.8005105762217359 0.07684824902723736 0.2326768781911014
1 0.9880836575875487 0.7691466083150985 0.023832684824902722 0.060539752005835154
0 0.9730058365758755 0.8541210795040116 0.05398832684824903 0.29175784099197666
1 0.21011673151750973 0.6097738876732313 0.03988326848249027 0.06856309263311451
0 0.1821498054474708 0.7800875273522976 0.19114785992217898 0.43982494529540483
1 0.24197470817120623 0.337709700948213 0.04815175097276265 0.08606856309263311
0 0.22519455252918288 0.5423048869438366 0.16536964980544747 0.9153902261123268
1 0.3467898832684825 0.38803792851932895 0.061284046692607 0.07293946024799416
0 0.3115272373540856 0.637490882567469 0.19406614785992218 0.7075127644055434