1 0.9305555555555556 0.6837160751565762 0.1388888888888889 0.22755741127348644
0 0.8513888888888889 0.7807933194154488 0.2972222222222222 0.4384133611691023
1 0.7104166666666667 0.6189979123173278 0.10972222222222222 0.17745302713987474
0 0.6631944444444444 0.7609603340292276 0.24583333333333332 0.4780793319415449
1 0.3638888888888889 0.6701461377870563 0.12777777777777777 0.2630480167014614
0 0.42986111111111114 0.7599164926931107 0.37083333333333335 0.4801670146137787
1 0.05347222222222222 0.5469728601252609 0.10694444444444444 0.20041753653444677
0 0.1375 0.7118997912317327 0.275 0.5762004175365344
1 0.18680555555555556 0.5083507306889353 0.14027777777777778 0.1649269311064718
0 0.20833333333333334 0.7108559498956158 0.24444444444444444 0.5782881002087683
1 0.19236111111111112 0.4394572025052192 0.07361111111111111 0.11064718162839249
0 0.18958333333333333 0.6837160751565762 0.14027777777777778 0.6325678496868476
1 0.25763888888888886 0.4290187891440501 0.05694444444444444 0.09812108559498957
0 0.24444444444444444 0.6356993736951984 0.125 0.5281837160751566
1 0.3326388888888889 0.4342379958246347 0.07361111111111111 0.12108559498956159
0 0.3055555555555556 0.6847599164926931 0.15555555555555556 0.6304801670146137
1 0.5055555555555555 0.35908141962421714 0.06944444444444445 0.10855949895615867
0 0.44027777777777777 0.5093945720250522 0.2 0.5135699373695198
1 0.5833333333333334 0.4279749478079332 0.05 0.07933194154488518
0 0.5805555555555556 0.6805845511482255 0.16944444444444445 0.6012526096033403
1 0.6479166666666667 0.48956158663883087 0.06527777777777778 0.13569937369519833
0 0.5902777777777778 0.7066805845511482 0.2 0.5866388308977035
1 0.6090277777777777 0.4384133611691023 0.07083333333333333 0.10855949895615867
0 0.5951388888888889 0.6878914405010439 0.14305555555555555 0.6242171189979123
1 0.7847222222222222 0.4759916492693111 0.08611111111111111 0.17118997912317327
0 0.8277777777777777 0.6868475991649269 0.23333333333333334 0.6263048016701461