1 0.225625 0.32217573221757323 0.05875 0.12552301255230125
0 0.24375 0.6171548117154811 0.1425 0.7656903765690377
1 0.35875 0.23535564853556484 0.0625 0.13179916317991633
0 0.370625 0.5753138075313807 0.16375 0.8493723849372385
1 0.55125 0.21652719665271966 0.06 0.12761506276150628
0 0.601875 0.5617154811715481 0.30375 0.8765690376569037
1 0.52375 0.18514644351464435 0.05 0.10251046025104603
0 0.499375 0.446652719665272 0.17625 0.6924686192468619
1 0.653125 0.1705020920502092 0.05875 0.13179916317991633
0 0.66625 0.4602510460251046 0.1625 0.7405857740585774
1 0.775625 0.14748953974895398 0.04125 0.08577405857740586
0 0.784375 0.3901673640167364 0.12375 0.5878661087866108
1 0.706875 0.18410041841004185 0.03125 0.06276150627615062
0 0.706875 0.3587866108786611 0.08125 0.45397489539748953
1 0.905625 0.18514644351464435 0.02625 0.05230125523012552
0 0.915625 0.35460251046025104 0.10875 0.4330543933054393
1 0.8475 0.18723849372384938 0.02 0.04811715481171548
0 0.85125 0.3054393305439331 0.06 0.3138075313807531
1 0.798125 0.19456066945606695 0.03125 0.058577405857740586
0 0.785625 0.36715481171548114 0.07375 0.41631799163179917
1 0.878125 0.20711297071129708 0.01375 0.03347280334728033
0 0.8775 0.2918410041841004 0.035 0.2112970711297071
1 0.953125 0.20920502092050208 0.01125 0.02092050209205021
0 0.95375 0.2604602510460251 0.0425 0.15690376569037656