1 0.10753038194444445 0.7730034722222222 0.050130208333333336 0.08015046296296297
0 0.09429253472222222 0.8621238425925926 0.1742621527777778 0.26938657407407407
1 0.17838541666666666 0.7116608796296297 0.039496527777777776 0.07436342592592593
0 0.17513020833333334 0.8045428240740741 0.1072048611111111 0.2717013888888889
1 0.2228732638888889 0.7570891203703703 0.05078125 0.07725694444444445
0 0.2143012152777778 0.8573495370370371 0.1052517361111111 0.28530092592592593
1 0.2917751736111111 0.7537615740740741 0.05099826388888889 0.06076388888888889
0 0.2911241319444444 0.8602430555555556 0.12217881944444445 0.2795138888888889
1 0.2990451388888889 0.6711516203703703 0.04210069444444445 0.07552083333333333
0 0.2999131944444444 0.7643229166666666 0.12456597222222222 0.2664930555555556
1 0.4041883680555556 0.7679398148148148 0.036675347222222224 0.07523148148148148
0 0.3962673611111111 0.8638599537037037 0.0859375 0.2722800925925926
1 0.4048394097222222 0.6384548611111112 0.04014756944444445 0.07494212962962964
0 0.4029947916666667 0.7369791666666666 0.1540798611111111 0.2760416666666667
1 0.4715711805555556 0.7037037037037037 0.036458333333333336 0.06770833333333333
0 0.4611545138888889 0.7676504629629629 0.10546875 0.20949074074074073
1 0.4963107638888889 0.7193287037037037 0.055121527777777776 0.109375
0 0.5011935763888888 0.8302951388888888 0.14344618055555555 0.3394097222222222
1 0.5900607638888888 0.7873263888888888 0.04904513888888889 0.08622685185185185
0 0.5945095486111112 0.8712384259259259 0.095703125 0.25752314814814814
1 0.5579427083333334 0.6626157407407407 0.0390625 0.06712962962962964
0 0.5705295138888888 0.7449363425925926 0.0998263888888889 0.2410300925925926
1 0.6287977430555556 0.6725983796296297 0.03927951388888889 0.060474537037037035
0 0.6292317708333334 0.7494212962962963 0.080078125 0.2204861111111111
1 0.6657986111111112 0.7688078703703703 0.054253472222222224 0.0920138888888889
0 0.6804470486111112 0.8608217592592593 0.1677517361111111 0.27835648148148145
1 0.6864149305555556 0.6822916666666666 0.041666666666666664 0.06770833333333333
0 0.6944444444444444 0.7596932870370371 0.08506944444444445 0.2282986111111111
1 0.7475043402777778 0.6533564814814815 0.043619791666666664 0.07002314814814815
0 0.7674696180555556 0.6947337962962963 0.1095920138888889 0.3454861111111111
1 0.7651909722222222 0.7537615740740741 0.046440972222222224 0.0763888888888889
0 0.7681206597222222 0.8546006944444444 0.10828993055555555 0.2907986111111111
1 0.8524305555555556 0.7416087962962963 0.05295138888888889 0.08796296296296297
0 0.8675130208333334 0.8404224537037037 0.12174479166666667 0.2902199074074074
1 0.2133246527777778 0.42505787037037035 0.04470486111111111 0.07581018518518519
0 0.2019314236111111 0.5904224537037037 0.11219618055555555 0.4152199074074074
1 0.2917751736111111 0.4117476851851852 0.03884548611111111 0.06770833333333333
0 0.3064236111111111 0.5759548611111112 0.1254340277777778 0.4053819444444444
1 0.3616536458333333 0.4392361111111111 0.035807291666666664 0.0630787037037037
0 0.3615451388888889 0.5973668981481481 0.07942708333333333 0.4007523148148148
1 0.4021267361111111 0.4231770833333333 0.03342013888888889 0.05295138888888889
0 0.4054904513888889 0.5685763888888888 0.09526909722222222 0.35127314814814814
1 0.4361979166666667 0.47757523148148145 0.035590277777777776 0.05642361111111111
0 0.4366319444444444 0.6051793981481481 0.0859375 0.3151041666666667
1 0.4800347222222222 0.44994212962962965 0.03428819444444445 0.06018518518518518
0 0.4907769097222222 0.6015625 0.09483506944444445 0.375
1 0.5048828125 0.4074074074074074 0.032769097222222224 0.048032407407407406
0 0.5070529513888888 0.5047743055555556 0.142578125 0.4244791666666667
1 0.5186631944444444 0.45167824074074076 0.03428819444444445 0.052083333333333336
0 0.5431857638888888 0.5881076388888888 0.09505208333333333 0.33130787037037035
1 0.5623914930555556 0.46773726851851855 0.03884548611111111 0.05931712962962963
0 0.5524088541666666 0.6205150462962963 0.09917534722222222 0.37702546296296297
1 0.6049262152777778 0.46498842592592593 0.037109375 0.061342592592592594
0 0.6172960069444444 0.6057581018518519 0.0939670138888889 0.3532986111111111
1 0.6388888888888888 0.46556712962962965 0.03602430555555555 0.06712962962962964
0 0.6490885416666666 0.6057581018518519 0.1154513888888889 0.35792824074074076
1 0.6361762152777778 0.4078414351851852 0.03233506944444445 0.05179398148148148
0 0.6333550347222222 0.5706018518518519 0.09613715277777778 0.4068287037037037
1 0.7307942708333334 0.42216435185185186 0.03927951388888889 0.07291666666666667
0 0.7332899305555556 0.5934606481481481 0.10243055555555555 0.4270833333333333
1 0.8064236111111112 0.3980034722222222 0.041666666666666664 0.0697337962962963
0 0.7795138888888888 0.5396412037037037 0.12803819444444445 0.36516203703703703