1 0.0439453125 0.5377604166666666 0.041015625 0.0546875
0 0.04638671875 0.7317708333333334 0.0927734375 0.4453125
1 0.10107421875 0.5221354166666666 0.0517578125 0.078125
0 0.09912109375 0.7395833333333334 0.1982421875 0.5208333333333334
1 0.333984375 0.46875 0.064453125 0.0859375
0 0.30908203125 0.7102864583333334 0.2119140625 0.5794270833333334
1 0.47265625 0.3893229166666667 0.04296875 0.0546875
0 0.46435546875 0.5227864583333334 0.0947265625 0.4908854166666667
1 0.47216796875 0.6595052083333334 0.0205078125 0.029947916666666668
0 0.4775390625 0.7220052083333334 0.05859375 0.16276041666666666
1 0.5048828125 0.6028645833333334 0.021484375 0.036458333333333336
0 0.5244140625 0.689453125 0.09765625 0.22265625
1 0.5947265625 0.6204427083333334 0.021484375 0.040364583333333336
0 0.59423828125 0.6946614583333334 0.0751953125 0.19140625
1 0.60009765625 0.5826822916666666 0.0244140625 0.037760416666666664
0 0.6015625 0.67578125 0.056640625 0.2265625
1 0.66259765625 0.5891927083333334 0.0205078125 0.03515625
0 0.66357421875 0.6595052083333334 0.0537109375 0.18098958333333334
1 0.685546875 0.5696614583333334 0.021484375 0.032552083333333336
0 0.68701171875 0.6555989583333334 0.0478515625 0.20963541666666666
1 0.677734375 0.6204427083333334 0.025390625 0.04296875
0 0.67724609375 0.697265625 0.0947265625 0.20442708333333334
1 0.751953125 0.5325520833333334 0.041015625 0.052083333333333336
0 0.73486328125 0.701171875 0.1044921875 0.3893229166666667
1 0.810546875 0.5338541666666666 0.029296875 0.041666666666666664
0 0.81005859375 0.6451822916666666 0.0732421875 0.2643229166666667
1 0.8251953125 0.5149739583333334 0.041015625 0.061197916666666664
0 0.8154296875 0.7083333333333334 0.115234375 0.4505208333333333
1 0.857421875 0.5501302083333334 0.021484375 0.037760416666666664
0 0.85986328125 0.6419270833333334 0.0419921875 0.22916666666666666
1 0.92626953125 0.5397135416666666 0.0478515625 0.08723958333333333
0 0.92822265625 0.7434895833333334 0.1279296875 0.5130208333333334
1 0.98193359375 0.6145833333333334 0.0185546875 0.028645833333333332
0 0.98193359375 0.6666666666666666 0.0361328125 0.13802083333333334