1 0.10968660968660969 0.1934065934065934 0.05413105413105413 0.10989010989010989
0 0.0933048433048433 0.4846153846153846 0.15242165242165243 0.6967032967032967
1 0.18945868945868946 0.17032967032967034 0.05413105413105413 0.1076923076923077
0 0.18162393162393162 0.4461538461538462 0.11823361823361823 0.6725274725274726
1 0.21723646723646722 0.29120879120879123 0.05555555555555555 0.11648351648351649
0 0.20584045584045585 0.5494505494505495 0.14387464387464388 0.6461538461538462
1 0.3005698005698006 0.2967032967032967 0.05698005698005698 0.11428571428571428
0 0.29415954415954415 0.5362637362637362 0.12108262108262108 0.610989010989011
1 0.27706552706552706 0.13076923076923078 0.04700854700854701 0.10329670329670329
0 0.2656695156695157 0.4307692307692308 0.1267806267806268 0.7208791208791209
1 0.3525641025641026 0.13956043956043956 0.04985754985754986 0.10329670329670329
0 0.35683760683760685 0.4318681318681319 0.11253561253561253 0.701098901098901
1 0.41381766381766383 0.14835164835164835 0.04985754985754986 0.10329670329670329
0 0.41595441595441596 0.43626373626373627 0.10826210826210826 0.701098901098901
1 0.46438746438746437 0.21978021978021978 0.042735042735042736 0.1010989010989011
0 0.4636752136752137 0.49230769230769234 0.10683760683760683 0.6725274725274726
1 0.3995726495726496 0.3065934065934066 0.05270655270655271 0.11648351648351649
0 0.4066951566951567 0.5406593406593406 0.13532763532763534 0.5978021978021978
1 0.5149572649572649 0.2824175824175824 0.05270655270655271 0.11648351648351649
0 0.5363247863247863 0.5538461538461539 0.17236467236467237 0.6725274725274726
1 0.5249287749287749 0.1087912087912088 0.04985754985754986 0.0945054945054945
0 0.5292022792022792 0.4186813186813187 0.12108262108262108 0.7318681318681318
1 0.5890313390313391 0.17252747252747253 0.05270655270655271 0.0945054945054945
0 0.5911680911680912 0.4714285714285714 0.1225071225071225 0.7054945054945055
1 0.6410256410256411 0.12857142857142856 0.05128205128205128 0.0989010989010989
0 0.646011396011396 0.42747252747252745 0.11538461538461539 0.7098901098901099
1 0.6260683760683761 0.26043956043956046 0.0584045584045584 0.12087912087912088
0 0.6452991452991453 0.5417582417582417 0.14245014245014245 0.6923076923076923
1 0.7150997150997151 0.2879120879120879 0.06552706552706553 0.13186813186813187
0 0.7578347578347578 0.5824175824175825 0.18518518518518517 0.7296703296703296
1 0.717948717948718 0.14835164835164835 0.05698005698005698 0.1076923076923077
0 0.7272079772079773 0.45494505494505494 0.12393162393162394 0.7384615384615385
1 0.7792022792022792 0.1989010989010989 0.05982905982905983 0.12087912087912088
0 0.7962962962962963 0.5142857142857142 0.1396011396011396 0.7604395604395604
1 0.8497150997150997 0.2802197802197802 0.06695156695156695 0.12967032967032968
0 0.9024216524216524 0.5879120879120879 0.19515669515669515 0.7538461538461538