1 0.88125 0.1967479674796748 0.0575 0.1008130081300813
0 0.85 0.5626016260162602 0.3 0.8455284552845529
1 0.8675 0.2186991869918699 0.0525 0.07317073170731707
0 0.889375 0.42276422764227645 0.15875 0.5626016260162602
1 0.743125 0.23333333333333334 0.04625 0.06341463414634146
0 0.749375 0.43577235772357725 0.10875 0.4813008130081301
1 0.7275 0.26178861788617885 0.0525 0.08455284552845528
0 0.729375 0.4894308943089431 0.12375 0.5430894308943089
1 0.74125 0.23089430894308943 0.0475 0.06829268292682927
0 0.753125 0.4032520325203252 0.09875 0.44552845528455287
1 0.653125 0.22764227642276422 0.03625 0.08780487804878048
0 0.65875 0.4268292682926829 0.13 0.4926829268292683
1 0.631875 0.22764227642276422 0.05125 0.0910569105691057
0 0.625625 0.4691056910569106 0.12875 0.6065040650406504
1 0.52375 0.22682926829268293 0.0575 0.08617886178861789
0 0.524375 0.491869918699187 0.13875 0.6227642276422765
1 0.38875 0.24878048780487805 0.0575 0.0975609756097561
0 0.38875 0.5056910569105691 0.1375 0.6439024390243903
1 0.261875 0.24796747967479674 0.05375 0.09268292682926829
0 0.265 0.5048780487804878 0.13 0.6227642276422765
1 0.104375 0.2601626016260163 0.07875 0.0910569105691057
0 0.111875 0.5487804878048781 0.22125 0.7138211382113822
1 0.1575 0.24471544715447155 0.055 0.06991869918699187
0 0.185 0.4691056910569106 0.1625 0.5414634146341464
1 0.206875 0.2040650406504065 0.04375 0.06991869918699187
0 0.198125 0.3926829268292683 0.10625 0.45365853658536587
1 0.29125 0.23739837398373984 0.045 0.08455284552845528
0 0.3125 0.4658536585365854 0.1725 0.551219512195122
1 0.458125 0.24796747967479674 0.04875 0.07317073170731707
0 0.43375 0.4479674796747967 0.1125 0.4926829268292683
1 0.31375 0.23252032520325203 0.0375 0.07154471544715447
0 0.32125 0.4211382113821138 0.0925 0.45203252032520325
1 0.58 0.23658536585365852 0.0225 0.04065040650406504
0 0.573125 0.32682926829268294 0.05125 0.23414634146341465