1 0.019166666666666665 0.2571964956195244 0.03833333333333333 0.08635794743429287
0 0.06333333333333334 0.490613266583229 0.12666666666666668 0.5607008760951189
1 0.09666666666666666 0.32916145181476847 0.03833333333333333 0.07259073842302878
0 0.1025 0.5219023779724656 0.10666666666666667 0.4780976220275344
1 0.12333333333333334 0.30350438047559447 0.03333333333333333 0.05131414267834793
0 0.12875 0.4755944931163955 0.07583333333333334 0.4005006257822278
1 0.18208333333333335 0.24217772215269087 0.0275 0.05131414267834793
0 0.19666666666666666 0.3423028785982478 0.08166666666666667 0.2640801001251564
1 0.3458333333333333 0.2872340425531915 0.1 0.1539424280350438
0 0.275 0.5713391739674594 0.37 0.737171464330413
1 0.3975 0.3541927409261577 0.03833333333333333 0.07008760951188986
0 0.40125 0.4862327909887359 0.12583333333333332 0.40175219023779724
1 0.43291666666666667 0.2909887359198999 0.025833333333333333 0.03128911138923655
0 0.43166666666666664 0.39612015018773467 0.051666666666666666 0.24405506883604505
1 0.47041666666666665 0.31476846057571967 0.019166666666666665 0.03629536921151439
0 0.47458333333333336 0.40425531914893614 0.04583333333333333 0.22778473091364204
1 0.5270833333333333 0.3541927409261577 0.015833333333333335 0.02753441802252816
0 0.5275 0.425531914893617 0.04666666666666667 0.17521902377972465
1 0.5325 0.32978723404255317 0.016666666666666666 0.028785982478097622
0 0.5341666666666667 0.402377972465582 0.03833333333333333 0.18147684605757197
1 0.5116666666666667 0.28848560700876097 0.018333333333333333 0.03128911138923655
0 0.51875 0.3598247809762203 0.04416666666666667 0.18147684605757197
1 0.5033333333333333 0.3191489361702128 0.018333333333333333 0.02753441802252816
0 0.5020833333333333 0.39173967459324155 0.03916666666666667 0.18773466833541927
1 0.48291666666666666 0.30287859824780977 0.015833333333333335 0.030037546933667083
0 0.48291666666666666 0.36795994993742176 0.0325 0.1702127659574468
1 0.5545833333333333 0.2753441802252816 0.0175 0.03504380475594493
0 0.5541666666666667 0.34856070087609514 0.03666666666666667 0.18898623279098872
1 0.5666666666666667 0.3448060075093867 0.015 0.026282853566958697
0 0.56875 0.41364205256570713 0.0425 0.17647058823529413
1 0.5816666666666667 0.32540675844806005 0.016666666666666666 0.030037546933667083
0 0.5841666666666666 0.402377972465582 0.04833333333333333 0.20150187734668334
1 0.5908333333333333 0.28660826032540676 0.016666666666666666 0.02753441802252816
0 0.5954166666666667 0.36733416770963706 0.0425 0.1939924906132666
1 0.6391666666666667 0.29161451814768463 0.015 0.03254067584480601
0 0.6416666666666667 0.3785982478097622 0.05 0.2165206508135169
1 0.6591666666666667 0.2934918648310388 0.016666666666666666 0.028785982478097622
0 0.6604166666666667 0.37546933667083854 0.035833333333333335 0.20275344180225283
1 0.6933333333333334 0.3072590738423029 0.015 0.028785982478097622
0 0.6945833333333333 0.3848560700876095 0.0525 0.1939924906132666
1 0.6866666666666666 0.2809762202753442 0.013333333333333334 0.026282853566958697
0 0.69125 0.3642052565707134 0.04416666666666667 0.20775969962453067
1 0.7304166666666667 0.2784730913642053 0.0175 0.03879849812265332
0 0.7345833333333334 0.36107634543178974 0.059166666666666666 0.2165206508135169
1 0.74875 0.27221526908635796 0.019166666666666665 0.03128911138923655
0 0.7558333333333334 0.3591989987484355 0.05333333333333334 0.21026282853566958
1 0.8133333333333334 0.3091364205256571 0.016666666666666666 0.02753441802252816
0 0.81375 0.37797246558197745 0.0325 0.17271589486858574
1 0.7420833333333333 0.14455569461827283 0.08583333333333333 0.16896120150187735
0 0.8425 0.4549436795994994 0.315 0.8297872340425532