1 0.08222222222222222 0.3076923076923077 0.057777777777777775 0.0903010033444816
0 0.07666666666666666 0.5451505016722408 0.11555555555555555 0.5719063545150501
1 0.14166666666666666 0.31187290969899667 0.04111111111111111 0.07859531772575251
0 0.1527777777777778 0.5225752508361204 0.10111111111111111 0.5133779264214047
1 0.3 0.3637123745819398 0.03111111111111111 0.05518394648829431
0 0.2772222222222222 0.5183946488294314 0.0811111111111111 0.3745819397993311
1 0.37555555555555553 0.3528428093645485 0.028888888888888888 0.06354515050167224
0 0.3811111111111111 0.5175585284280937 0.11333333333333333 0.3963210702341137
1 0.4477777777777778 0.3503344481605351 0.028888888888888888 0.05852842809364549
0 0.44722222222222224 0.4983277591973244 0.08333333333333333 0.36454849498327757
1 0.5161111111111111 0.3536789297658863 0.025555555555555557 0.051839464882943144
0 0.515 0.49414715719063546 0.07 0.3394648829431438
1 0.5516666666666666 0.33361204013377926 0.025555555555555557 0.048494983277591976
0 0.56 0.4690635451505017 0.08444444444444445 0.33277591973244147
1 0.6105555555555555 0.32525083612040134 0.03 0.05518394648829431
0 0.61 0.4782608695652174 0.08222222222222222 0.3712374581939799
1 0.6988888888888889 0.3536789297658863 0.02666666666666667 0.048494983277591976
0 0.6938888888888889 0.49247491638795987 0.07666666666666666 0.33277591973244147
1 0.6916666666666667 0.3302675585284281 0.03 0.048494983277591976
0 0.6938888888888889 0.45568561872909696 0.06555555555555556 0.3093645484949833
1 0.7538888888888889 0.3787625418060201 0.034444444444444444 0.061872909698996656
0 0.7433333333333333 0.5175585284280937 0.08888888888888889 0.3494983277591973
1 0.795 0.36538461538461536 0.03888888888888889 0.06521739130434782
0 0.7922222222222223 0.5342809364548495 0.15555555555555556 0.41304347826086957
1 0.7838888888888889 0.33277591973244147 0.025555555555555557 0.05016722408026756
0 0.7838888888888889 0.47575250836120403 0.06777777777777778 0.34615384615384615
1 0.7727777777777778 0.33277591973244147 0.025555555555555557 0.05016722408026756
0 0.7644444444444445 0.4782608695652174 0.08 0.34448160535117056
1 0.8272222222222222 0.3269230769230769 0.034444444444444444 0.06521739130434782
0 0.8255555555555556 0.4983277591973244 0.08222222222222222 0.41471571906354515
1 0.8694444444444445 0.3520066889632107 0.03 0.048494983277591976
0 0.8622222222222222 0.49498327759197325 0.06 0.34448160535117056
1 0.9138888888888889 0.3277591973244147 0.027777777777777776 0.04013377926421405
0 0.9072222222222223 0.44732441471571904 0.06333333333333334 0.29264214046822745
1 0.8988888888888888 0.407190635451505 0.04 0.06521739130434782
0 0.9094444444444445 0.568561872909699 0.09666666666666666 0.40468227424749165
1 0.96 0.3503344481605351 0.04 0.061872909698996656
0 0.9594444444444444 0.5284280936454849 0.0811111111111111 0.4280936454849498