1 0.49765625 0.39 0.0296875 0.042222222222222223
0 0.50625 0.5122222222222222 0.0625 0.29555555555555557
1 0.53203125 0.42444444444444446 0.0296875 0.04888888888888889
0 0.52578125 0.5533333333333333 0.0703125 0.30666666666666664
1 0.65546875 0.42444444444444446 0.0390625 0.05333333333333334
0 0.6421875 0.61 0.0875 0.44222222222222224
1 0.82890625 0.4011111111111111 0.0453125 0.06
0 0.82578125 0.6244444444444445 0.1203125 0.5111111111111111
1 0.9421875 0.39222222222222225 0.046875 0.06444444444444444
0 0.94453125 0.5977777777777777 0.1109375 0.48444444444444446
1 0.8953125 0.4066666666666667 0.03125 0.044444444444444446
0 0.9 0.5588888888888889 0.0875 0.35777777777777775
1 0.92421875 0.4288888888888889 0.0328125 0.05333333333333334
0 0.925 0.5922222222222222 0.078125 0.3844444444444444