1 0.010625 0.2713214620431115 0.02125 0.04592314901593252
0 0.041875 0.351921274601687 0.08375 0.22211808809746955
1 0.0246875 0.19775070290534208 0.023125 0.04311152764761012
0 0.040625 0.3134957825679475 0.08125 0.28772258669165884
1 0.034375 0.1949390815370197 0.01625 0.03748828491096532
0 0.0425 0.302717900656045 0.05625 0.2717900656044986
1 0.0815625 0.19306466729147143 0.025625 0.04311152764761012
0 0.089375 0.3134957825679475 0.0675 0.2914714151827554
1 0.0628125 0.20056232427366447 0.024375 0.03748828491096532
0 0.0690625 0.31865042174320524 0.051875 0.2849109653233365
1 0.091875 0.18134957825679476 0.025 0.04217432052483599
0 0.1025 0.3083411433926898 0.06875 0.30178069353327086
1 0.14125 0.19353327085285849 0.0175 0.03655107778819119
0 0.129375 0.309746954076851 0.06625 0.2839737582005623
1 0.134375 0.3444236176194939 0.02875 0.04217432052483599
0 0.14 0.38940955951265227 0.07625 0.1415182755388941
1 0.198125 0.34536082474226804 0.02125 0.044048734770384255
0 0.2096875 0.38706654170571697 0.091875 0.14058106841611998
1 0.2575 0.3336457357075914 0.02625 0.041237113402061855
0 0.249375 0.3781630740393627 0.07375 0.13776944704779756
1 0.315625 0.3402061855670103 0.0225 0.041237113402061855
0 0.3009375 0.3880037488284911 0.099375 0.14245548266166824
1 0.2953125 0.3191190253045923 0.020625 0.03280224929709466
0 0.30125 0.37066541705716965 0.07375 0.14339268978444236
1 0.3359375 0.26710402999062793 0.019375 0.03561387066541706
0 0.338125 0.32286785379568883 0.0575 0.15651358950328023
1 0.3771875 0.23570759137769448 0.016875 0.03655107778819119
0 0.38 0.28069353327085284 0.05375 0.1358950328022493
1 0.48 0.1387066541705717 0.0175 0.026241799437675725
0 0.4759375 0.18228678537956888 0.056875 0.12277413308341144
1 0.979375 0.014526710402999063 0.02 0.029053420805998126
0 0.9803125 0.09184629803186505 0.039375 0.1836925960637301
1 0.9440625 0.013120899718837863 0.016875 0.026241799437675725
0 0.94375 0.07685098406747891 0.04375 0.15370196813495782
1 0.91125 0.01640112464854733 0.01625 0.030927835051546393
0 0.91 0.06560449859418932 0.03875 0.13120899718837864
1 0.944375 0.3922211808809747 0.0225 0.04217432052483599
0 0.9534375 0.4475164011246485 0.093125 0.16213683223992503
1 0.9834375 0.34910965323336457 0.023125 0.04029990627928772
0 0.9765625 0.40159325210871605 0.046875 0.14901593252108716
1 0.981875 0.25866916588566075 0.02375 0.041237113402061855
0 0.976875 0.3158388003748828 0.04625 0.15932521087160262
1 0.9809375 0.2057169634489222 0.029375 0.04217432052483599
0 0.9790625 0.25538894095595127 0.041875 0.14901593252108716
1 0.87125 0.3837863167760075 0.03 0.05716963448922212
0 0.863125 0.43580131208997186 0.10625 0.1668228678537957
1 0.88875 0.3673851921274602 0.025 0.03936269915651359
0 0.88875 0.4217432052483599 0.0875 0.15932521087160262
1 0.9321875 0.29990627928772257 0.024375 0.041237113402061855
0 0.9278125 0.36176194939081535 0.068125 0.17619493908153702
1 0.9121875 0.2600749765698219 0.021875 0.04029990627928772
0 0.915 0.31443298969072164 0.065 0.16776007497656983
1 0.890625 0.22024367385192128 0.02625 0.041237113402061855
0 0.888125 0.2858481724461106 0.06125 0.18181818181818182
1 0.798125 0.38612933458294285 0.02875 0.046860356138706656
0 0.8078125 0.43767572633552015 0.071875 0.16869728209934395
1 0.838125 0.3697282099343955 0.02625 0.04217432052483599
0 0.8453125 0.42970946579194 0.073125 0.1733833177132146
1 0.836875 0.3013120899718838 0.02625 0.04029990627928772
0 0.84125 0.36597938144329895 0.05875 0.1846298031865042
1 0.8278125 0.2282099343955014 0.025625 0.04592314901593252
0 0.8284375 0.30412371134020616 0.078125 0.20524835988753515
1 0.8453125 0.10121836925960637 0.020625 0.03936269915651359
0 0.84375 0.15979381443298968 0.0525 0.16213683223992503
1 0.865 0.031865042174320526 0.01625 0.031865042174320526
0 0.8665625 0.07638238050609185 0.041875 0.12839737582005623
1 0.8928125 0.04170571696344892 0.019375 0.03280224929709466
0 0.89875 0.08388003748828492 0.04875 0.12089971883786317
1 0.8215625 0.029522024367385193 0.019375 0.038425492033739454
0 0.8234375 0.07591377694470477 0.051875 0.14807872539831302
1 0.8034375 0.01218369259606373 0.016875 0.02436738519212746
0 0.805625 0.06607310215557638 0.05125 0.13214620431115276
1 0.5540625 0.17994376757263356 0.081875 0.15182755388940955
0 0.4375 0.5215557638238051 0.325 0.8444236176194939
1 0.6309375 0.28209934395501407 0.061875 0.1330834114339269
0 0.56875 0.5370196813495782 0.26875 0.6541705716963448
1 0.7 0.20290534208059982 0.04375 0.07966260543580131
0 0.681875 0.43908153701968133 0.15 0.5688847235238987
1 0.7871875 0.16729147141518275 0.040625 0.07029053420805999
0 0.744375 0.39737582005623245 0.18 0.5548266166822868