1 0.09107635694572216 0.6729166666666667 0.020239190432382703 0.03194444444444444
0 0.09383624655013799 0.7784722222222222 0.05519779208831647 0.2569444444444444
1 0.16651333946642136 0.6763888888888889 0.02391904323827047 0.03333333333333333
0 0.1766329346826127 0.7986111111111112 0.06439742410303588 0.29444444444444445
1 0.250229990800368 0.6215277777777778 0.051517939282428704 0.09861111111111111
0 0.24103035878564857 0.7833333333333333 0.13615455381784727 0.43333333333333335
1 0.28334866605335784 0.5708333333333333 0.04967801287948482 0.08611111111111111
0 0.28656853725850967 0.7576388888888889 0.1297148114075437 0.4847222222222222
1 0.3988040478380865 0.6243055555555556 0.03955841766329347 0.08194444444444444
0 0.37626494940202393 0.7888888888888889 0.11959521619135234 0.4222222222222222
1 0.5082796688132475 0.63125 0.03771849126034959 0.07083333333333333
0 0.5 0.7944444444444444 0.13707451701931922 0.4111111111111111
1 0.5947562097516099 0.6388888888888888 0.04323827046918123 0.08055555555555556
0 0.609475620975161 0.7958333333333333 0.1389144434222631 0.4083333333333333
1 0.6389144434222631 0.6013888888888889 0.04323827046918123 0.09444444444444444
0 0.6393744250229991 0.775 0.125114995400184 0.45
1 0.7074517019319227 0.6479166666666667 0.03679852805887764 0.0763888888888889
0 0.733670653173873 0.8006944444444445 0.12419503219871206 0.39861111111111114
1 0.7474701011959521 0.6479166666666667 0.04875804967801288 0.09027777777777778
0 0.7916283348666053 0.8006944444444445 0.16835326586936522 0.39861111111111114
1 0.8012879484820608 0.6736111111111112 0.04967801287948482 0.09444444444444444
0 0.8012879484820608 0.8118055555555556 0.15823367065317387 0.3763888888888889
1 0.8877644894204232 0.6854166666666667 0.00919963201471941 0.018055555555555554
0 0.8919043238270469 0.7111111111111111 0.021159153633854646 0.075
1 0.9181232750689973 0.6854166666666667 0.007359705611775529 0.0125
0 0.9190432382704692 0.7145833333333333 0.02207911683532659 0.0763888888888889
1 0.9402023919043239 0.6868055555555556 0.00919963201471941 0.015277777777777777
0 0.9411223551057958 0.7298611111111111 0.029438822447102116 0.10416666666666667