1 0.9946384803921569 0.8174019607843137 0.008272058823529412 0.010620915032679739
0 0.9856004901960784 0.8727532679738562 0.028799019607843136 0.14256535947712418
1 0.9278492647058824 0.8447712418300654 0.006433823529411764 0.010620915032679739
0 0.9316789215686274 0.8729575163398693 0.031862745098039214 0.0718954248366013
1 0.9044117647058824 0.8513071895424836 0.007352941176470588 0.00980392156862745
0 0.9094669117647058 0.8762254901960784 0.021752450980392156 0.06372549019607843
1 0.8674938725490197 0.8417075163398693 0.004595588235294118 0.006127450980392157
0 0.8716299019607843 0.8600898692810458 0.015318627450980392 0.04534313725490196
1 0.8653492647058824 0.8447712418300654 0.003982843137254902 0.005718954248366013
0 0.8684129901960784 0.8621323529411765 0.015625 0.042075163398692814
1 0.8088235294117647 0.8476307189542484 0.001838235294117647 0.0024509803921568627
0 0.8102022058823529 0.8564133986928104 0.0070465686274509805 0.020833333333333332
1 0.7686887254901961 0.8145424836601307 0.02144607843137255 0.03022875816993464
0 0.7625612745098039 0.8993055555555556 0.06801470588235294 0.2013888888888889
1 0.6594669117647058 0.8286356209150327 0.01133578431372549 0.015931372549019607
0 0.6582414215686274 0.8745915032679739 0.03400735294117647 0.11519607843137254
1 0.6187193627450981 0.8274101307189542 0.01133578431372549 0.020016339869281044
0 0.6196384803921569 0.8839869281045751 0.04136029411764706 0.1380718954248366
1 0.5995710784313726 0.8784722222222222 0.013480392156862746 0.020016339869281044
0 0.6014093137254902 0.9328022875816994 0.03799019607843137 0.1343954248366013
1 0.5621936274509803 0.8611111111111112 0.00980392156862745 0.015522875816993464
0 0.5649509803921569 0.9048202614379085 0.02389705882352941 0.10620915032679738
1 0.5505514705882353 0.8500816993464052 0.015318627450980392 0.021241830065359478
0 0.5546875 0.9191176470588235 0.04381127450980392 0.16176470588235295
1 0.5211397058823529 0.8462009803921569 0.013480392156862746 0.020833333333333332
0 0.5223651960784313 0.9121732026143791 0.03799019607843137 0.1576797385620915
1 0.5076593137254902 0.8415032679738562 0.011029411764705883 0.017973856209150325
0 0.5073529411764706 0.8958333333333334 0.02696078431372549 0.13071895424836602
1 0.4957107843137255 0.8651960784313726 0.012867647058823529 0.01715686274509804
0 0.4960171568627451 0.9164624183006536 0.031862745098039214 0.12622549019607843
1 0.48575367647058826 0.8504901960784313 0.0033700980392156864 0.004084967320261438
0 0.48514093137254904 0.8649918300653595 0.011948529411764705 0.0363562091503268
1 0.4768688725490196 0.8502859477124183 0.0027573529411764708 0.003676470588235294
0 0.47671568627450983 0.8633578431372549 0.00857843137254902 0.03145424836601307
1 0.45879289215686275 0.8441584967320261 0.014399509803921568 0.02246732026143791
0 0.4566482843137255 0.9064542483660131 0.035845588235294115 0.1511437908496732
1 0.41988357843137253 0.8192401960784313 0.016237745098039217 0.027369281045751634
0 0.42371323529411764 0.9015522875816994 0.0545343137254902 0.1968954248366013
1 0.40119485294117646 0.8950163398692811 0.017463235294117647 0.029411764705882353
0 0.3872549019607843 0.9389297385620915 0.052083333333333336 0.12214052287581699
1 0.3727022058823529 0.8431372549019608 0.015625 0.025326797385620915
0 0.36887254901960786 0.9142156862745098 0.04779411764705882 0.1715686274509804
1 0.3330269607843137 0.8654003267973857 0.01715686274509804 0.020833333333333332
0 0.33088235294117646 0.9248366013071896 0.03002450980392157 0.1503267973856209
1 0.3112745098039216 0.8423202614379085 0.011029411764705883 0.018790849673202614
0 0.30453431372549017 0.8913398692810458 0.032475490196078434 0.119281045751634
1 0.2933517156862745 0.8476307189542484 0.01011029411764706 0.01715686274509804
0 0.2864583333333333 0.8933823529411765 0.03002450980392157 0.11356209150326797
1 0.29993872549019607 0.8441584967320261 0.012254901960784314 0.017565359477124183
0 0.2935049019607843 0.8972630718954249 0.03002450980392157 0.12622549019607843
1 0.14920343137254902 0.8609068627450981 0.004901960784313725 0.006944444444444444
0 0.1479779411764706 0.8801062091503268 0.014093137254901961 0.05514705882352941
1 0.10493259803921569 0.8578431372549019 0.004595588235294118 0.006535947712418301
0 0.09957107843137254 0.8819444444444444 0.01715686274509804 0.05718954248366013
1 0.10998774509803921 0.8539624183006536 0.004901960784313725 0.006944444444444444
0 0.10707720588235294 0.880718954248366 0.019301470588235295 0.06290849673202614
1 0.07567401960784313 0.8680555555555556 0.00428921568627451 0.006535947712418301
0 0.07383578431372549 0.8821486928104575 0.015318627450980392 0.037173202614379085
1 0.06295955882352941 0.8690767973856209 0.004595588235294118 0.006127450980392157
0 0.06142769607843137 0.8827614379084967 0.011948529411764705 0.03594771241830065
1 0.049019607843137254 0.8621323529411765 0.003676470588235294 0.0053104575163398695
0 0.04641544117647059 0.8843954248366013 0.017463235294117647 0.05228758169934641
1 0.0430453431372549 0.8674428104575164 0.003982843137254902 0.006944444444444444
0 0.040287990196078434 0.8825571895424836 0.011948529411764705 0.03880718954248366
1 0.029411764705882353 0.8705065359477124 0.003676470588235294 0.005718954248366013
0 0.027113970588235295 0.8848039215686274 0.012561274509803922 0.03594771241830065
1 0.01608455882352941 0.866421568627451 0.0033700980392156864 0.004901960784313725
0 0.015625 0.8827614379084967 0.013480392156862746 0.04003267973856209
1 0.008272058823529412 0.8662173202614379 0.004901960784313725 0.006127450980392157
0 0.006127450980392157 0.8839869281045751 0.012254901960784314 0.04493464052287582
1 0.11243872549019608 0.860498366013072 0.004901960784313725 0.006944444444444444
0 0.11458333333333333 0.8829656862745098 0.016544117647058824 0.054330065359477125
1 0.6427696078431373 0.8596813725490197 0.01838235294117647 0.027369281045751634
0 0.6518075980392157 0.9209558823529411 0.05974264705882353 0.15808823529411764