1 0.01015625 0.9040333796940194 0.0203125 0.04728789986091794
0 0.025 0.9367176634214186 0.05 0.12656467315716272
1 0.00546875 0.8344923504867872 0.0109375 0.019471488178025034
0 0.0140625 0.8824756606397774 0.028125 0.11821974965229486
1 0.01171875 0.8261474269819193 0.0109375 0.025034770514603615
0 0.01328125 0.8803894297635605 0.0265625 0.13073713490959665
1 0.030859375 0.8671766342141863 0.01953125 0.0458970792767733
0 0.034765625 0.9214186369958275 0.05078125 0.1571627260083449
1 0.049609375 0.8866481223922114 0.01171875 0.02642559109874826
0 0.0515625 0.933240611961057 0.0359375 0.13351877607788595
1 0.091015625 0.8970792767732962 0.01953125 0.04172461752433936
0 0.08671875 0.9339360222531293 0.0515625 0.13212795549374132
1 0.06796875 0.8602225312934632 0.0140625 0.031988873435326845
0 0.0703125 0.9186369958275382 0.0328125 0.1627260083449235
1 0.0515625 0.8122392211404729 0.009375 0.019471488178025034
0 0.05 0.8532684283727399 0.021875 0.1070931849791377
1 0.0515625 0.8296244784422809 0.009375 0.01808066759388039
0 0.05078125 0.8643949930458971 0.0234375 0.10152990264255911
1 0.08125 0.8045897079276774 0.0109375 0.02086230876216968
0 0.0796875 0.8463143254520167 0.025 0.10987482614742698
1 0.08046875 0.8317107093184979 0.0109375 0.027816411682892908
0 0.080859375 0.874826147426982 0.02734375 0.1168289290681502
1 0.08671875 0.866481223922114 0.0140625 0.030598052851182198
0 0.0875 0.9186369958275382 0.0234375 0.14325452016689846
1 0.103515625 0.8643949930458971 0.01484375 0.037552155771905425
0 0.105078125 0.9186369958275382 0.02578125 0.15159944367176634
1 0.10546875 0.8045897079276774 0.009375 0.02086230876216968
0 0.105078125 0.8428372739916551 0.02421875 0.10292072322670376
1 0.09609375 0.8365785813630042 0.0109375 0.02364394993045897
0 0.0953125 0.8671766342141863 0.0203125 0.09318497913769123
1 0.090234375 0.8157162726008345 0.01171875 0.02642559109874826
0 0.09296875 0.8546592489568846 0.0234375 0.10987482614742698
1 0.123046875 0.9200278164116829 0.01953125 0.0458970792767733
0 0.120703125 0.9471488178025035 0.04921875 0.10570236439499305
1 0.156640625 0.9255910987482615 0.02109375 0.048678720445062586
0 0.15546875 0.9485396383866481 0.0734375 0.10292072322670376
1 0.17890625 0.866481223922114 0.0171875 0.04172461752433936
0 0.183203125 0.9200278164116829 0.05546875 0.1599443671766342
1 0.152734375 0.8734353268428373 0.01484375 0.03337969401947149
0 0.147265625 0.9248956884561892 0.04453125 0.1502086230876217
1 0.165234375 0.8831710709318498 0.01484375 0.03894297635605007
0 0.159765625 0.93115438108484 0.04140625 0.1376912378303199
1 0.137890625 0.8379694019471489 0.01171875 0.02642559109874826
0 0.137890625 0.8991655076495132 0.03515625 0.15438108484005564
1 0.129296875 0.8310152990264256 0.01171875 0.02642559109874826
0 0.1265625 0.8901251738525731 0.0296875 0.1502086230876217
1 0.124609375 0.8191933240611962 0.01171875 0.025034770514603615
0 0.121484375 0.874826147426982 0.03203125 0.14464534075104313
1 0.169140625 0.8407510431154381 0.01015625 0.02642559109874826
0 0.167578125 0.8810848400556328 0.02421875 0.11821974965229486
1 0.191015625 0.8553546592489569 0.01328125 0.030598052851182198
0 0.190625 0.9179415855354659 0.034375 0.16411682892906815
1 0.208203125 0.8915159944367177 0.01796875 0.04172461752433936
0 0.206640625 0.9339360222531293 0.03203125 0.13212795549374132
1 0.18203125 0.8136300417246175 0.009375 0.019471488178025034
0 0.181640625 0.8623087621696801 0.02578125 0.1168289290681502
1 0.160546875 0.803894297635605 0.01015625 0.022253129346314324
0 0.158203125 0.8463143254520167 0.03046875 0.11821974965229486
1 0.16875 0.8011126564673157 0.009375 0.022253129346314324
0 0.168359375 0.8344923504867872 0.02421875 0.10013908205841446
1 0.19921875 0.8052851182197497 0.009375 0.019471488178025034
0 0.196875 0.8518776077885952 0.021875 0.11543810848400557
1 0.2109375 0.8129346314325452 0.0109375 0.02364394993045897
0 0.209765625 0.8616133518776078 0.02890625 0.12656467315716272
1 0.225390625 0.8504867872044506 0.01796875 0.03477051460361613
0 0.22734375 0.9151599443671766 0.0359375 0.16968011126564672
1 0.2265625 0.885952712100139 0.0203125 0.04450625869262865
0 0.223046875 0.9304589707927677 0.07578125 0.13908205841446453
1 0.2328125 0.9262865090403338 0.0203125 0.04728789986091794
0 0.228515625 0.9499304589707928 0.05546875 0.10013908205841446
1 0.278125 0.9360222531293463 0.021875 0.05006954102920723
0 0.276953125 0.952712100139082 0.06484375 0.09457579972183588
1 0.27421875 0.8936022253129347 0.01875 0.04033379694019471
0 0.273046875 0.935326842837274 0.04921875 0.12934631432545202
1 0.2796875 0.868567454798331 0.015625 0.037552155771905425
0 0.27734375 0.9235048678720446 0.0671875 0.15299026425591097
1 0.25859375 0.8567454798331016 0.0171875 0.03616133518776078
0 0.259765625 0.9186369958275382 0.03828125 0.1627260083449235
1 0.24140625 0.8365785813630042 0.009375 0.02086230876216968
0 0.24296875 0.8796940194714882 0.0234375 0.10987482614742698
1 0.254296875 0.8122392211404729 0.01015625 0.022253129346314324
0 0.254296875 0.8567454798331016 0.02265625 0.11404728789986092
1 0.31015625 0.8504867872044506 0.01875 0.037552155771905425
0 0.3109375 0.9151599443671766 0.046875 0.16968011126564672
1 0.28203125 0.7892906815020863 0.0046875 0.012517385257301807
0 0.28359375 0.8150208623087621 0.015625 0.08066759388038942
1 0.271875 0.7920723226703755 0.009375 0.02086230876216968
0 0.27421875 0.8191933240611962 0.021875 0.07788595271210014
1 0.336328125 0.7969401947148818 0.01015625 0.019471488178025034
0 0.336328125 0.8414464534075105 0.02734375 0.11126564673157163
1 0.337109375 0.782336578581363 0.00859375 0.01808066759388039
0 0.33515625 0.8296244784422809 0.028125 0.11543810848400557
1 0.307421875 0.8136300417246175 0.01015625 0.025034770514603615
0 0.30703125 0.8567454798331016 0.028125 0.1168289290681502
1 0.3015625 0.8331015299026425 0.0109375 0.025034770514603615
0 0.298828125 0.8824756606397774 0.02421875 0.12656467315716272
1 0.3828125 0.8004172461752433 0.009375 0.02086230876216968
0 0.382421875 0.8428372739916551 0.02578125 0.11126564673157163
1 0.3578125 0.9242002781641169 0.0171875 0.037552155771905425
0 0.358984375 0.9506258692628651 0.06015625 0.09874826147426982
1 0.362890625 0.8671766342141863 0.01484375 0.031988873435326845
0 0.36015625 0.9228094575799722 0.0421875 0.15438108484005564
1 0.38828125 0.866481223922114 0.0140625 0.030598052851182198
0 0.389453125 0.9242002781641169 0.05390625 0.15159944367176634
1 0.388671875 0.866481223922114 0.01328125 0.03337969401947149
0 0.384375 0.9214186369958275 0.0421875 0.1571627260083449
1 0.428515625 0.8289290681502086 0.01484375 0.03616133518776078
0 0.42109375 0.9047287899860917 0.0640625 0.1905424200278164
1 0.410546875 0.8261474269819193 0.01171875 0.025034770514603615
0 0.409765625 0.9005563282336578 0.02734375 0.17941585535465926
1 0.441796875 0.8157162726008345 0.00859375 0.01808066759388039
0 0.444921875 0.8762169680111266 0.02734375 0.14186369958275383
1 0.451171875 0.7976356050069541 0.01015625 0.02086230876216968
0 0.4546875 0.8567454798331016 0.025 0.13630041724617525
1 0.45859375 0.7934631432545202 0.00625 0.015299026425591099
0 0.458203125 0.8393602225312935 0.01796875 0.1070931849791377
1 0.415234375 0.7969401947148818 0.01015625 0.022253129346314324
0 0.413671875 0.8331015299026425 0.02265625 0.09735744089012517
1 0.425 0.7913769123783032 0.00625 0.013908205841446454
0 0.4265625 0.827538247566064 0.01875 0.10013908205841446
1 0.483203125 0.7795549374130737 0.00546875 0.012517385257301807
0 0.483984375 0.8101529902642559 0.01328125 0.07927677329624479
1 0.477734375 0.7913769123783032 0.00546875 0.011126564673157162
0 0.479296875 0.8226703755215578 0.01328125 0.07927677329624479
1 0.47578125 0.7788595271210014 0.0078125 0.013908205841446454
0 0.473828125 0.8164116828929068 0.01796875 0.09457579972183588
1 0.36484375 0.8317107093184979 0.0109375 0.022253129346314324
0 0.3625 0.8824756606397774 0.0234375 0.12656467315716272
1 0.51953125 0.8351877607788595 0.015625 0.02920723226703755
0 0.5046875 0.9089012517385258 0.0640625 0.18219749652294853
1 0.501953125 0.7760778859527121 0.00703125 0.013908205841446454
0 0.496484375 0.8150208623087621 0.01796875 0.10292072322670376
1 0.5203125 0.7705146036161336 0.0046875 0.011126564673157162
0 0.521484375 0.8087621696801113 0.01796875 0.09040333796940195
1 0.505078125 0.7510431154381085 0.00546875 0.011126564673157162
0 0.507421875 0.780250347705146 0.01484375 0.07232267037552156
1 0.498046875 0.7705146036161336 0.00546875 0.011126564673157162
0 0.499609375 0.8052851182197497 0.01640625 0.07232267037552156
1 0.61328125 0.9068150208623088 0.021875 0.04728789986091794
0 0.614453125 0.9367176634214186 0.06328125 0.12656467315716272
1 0.613671875 0.8949930458970793 0.02109375 0.043115438108484005
0 0.61015625 0.9346314325452016 0.0859375 0.13073713490959665
1 0.692578125 0.954798331015299 0.02890625 0.059805285118219746
0 0.6953125 0.958970792767733 0.0765625 0.08205841446453407
1 0.741796875 0.9360222531293463 0.02421875 0.05285118219749652
0 0.740625 0.9541029207232267 0.0578125 0.0917941585535466
1 0.78203125 0.9415855354659249 0.0234375 0.05006954102920723
0 0.78515625 0.9582753824756607 0.0734375 0.08344923504867872
1 0.869921875 0.9235048678720446 0.02109375 0.04728789986091794
0 0.871875 0.9429763560500696 0.0625 0.11404728789986092
1 0.942578125 0.935326842837274 0.01640625 0.037552155771905425
0 0.940234375 0.9520166898470097 0.05390625 0.09596662030598054
1 0.9578125 0.9624478442280946 0.0234375 0.05285118219749652
0 0.95390625 0.9624478442280946 0.05625 0.07510431154381085
1 0.831640625 0.8929068150208623 0.01796875 0.04172461752433936
0 0.834375 0.9325452016689847 0.0421875 0.1349095966620306
1 0.905859375 0.894297635605007 0.01640625 0.03616133518776078
0 0.90625 0.9374130737134909 0.046875 0.12517385257301808
1 0.9578125 0.8734353268428373 0.0203125 0.04728789986091794
0 0.957421875 0.9235048678720446 0.06015625 0.15299026425591097
1 0.806640625 0.9165507649513213 0.01796875 0.04172461752433936
0 0.80859375 0.9464534075104312 0.0421875 0.1070931849791377
1 0.751171875 0.8908205841446454 0.02109375 0.048678720445062586
0 0.749609375 0.9269819193324061 0.06484375 0.14603616133518776
1 0.7734375 0.8845618915159944 0.0171875 0.03894297635605007
0 0.777734375 0.9304589707927677 0.04765625 0.13908205841446453
1 0.733984375 0.844923504867872 0.01640625 0.031988873435326845
0 0.72890625 0.9123783031988874 0.0484375 0.17524339360222532
1 0.656640625 0.8643949930458971 0.01640625 0.04033379694019471
0 0.652734375 0.9207232267037552 0.04765625 0.15855354659248957
1 0.665625 0.8741307371349096 0.0109375 0.02920723226703755
0 0.670703125 0.9276773296244785 0.04140625 0.14464534075104313
1 0.60234375 0.8602225312934632 0.0171875 0.0458970792767733
0 0.599609375 0.9179415855354659 0.06171875 0.16411682892906815
1 0.5859375 0.8630041724617524 0.015625 0.037552155771905425
0 0.579296875 0.9200278164116829 0.05078125 0.1599443671766342
1 0.5734375 0.8518776077885952 0.009375 0.02364394993045897
0 0.56875 0.9186369958275382 0.0375 0.1627260083449235
1 0.5625 0.8178025034770514 0.009375 0.022253129346314324
0 0.56015625 0.872739916550765 0.0296875 0.14603616133518776
1 0.5515625 0.782336578581363 0.0078125 0.015299026425591099
0 0.548046875 0.8247566063977747 0.01953125 0.10570236439499305
1 0.58359375 0.8247566063977747 0.0109375 0.025034770514603615
0 0.58203125 0.8762169680111266 0.0265625 0.13630041724617525
1 0.618359375 0.8407510431154381 0.01328125 0.031988873435326845
0 0.62109375 0.8956884561891516 0.0328125 0.13908205841446453
1 0.640625 0.8351877607788595 0.0125 0.02642559109874826
0 0.6390625 0.89221140472879 0.034375 0.15438108484005564
1 0.702734375 0.827538247566064 0.01171875 0.027816411682892908
0 0.698828125 0.8936022253129347 0.03046875 0.16828929068150209
1 0.633203125 0.8929068150208623 0.01640625 0.04172461752433936
0 0.63671875 0.9346314325452016 0.0390625 0.13073713490959665
1 0.671875 0.8025034770514604 0.009375 0.019471488178025034
0 0.67265625 0.8713490959666204 0.034375 0.1599443671766342
1 0.61484375 0.799721835883171 0.0109375 0.022253129346314324
0 0.6171875 0.8421418636995828 0.025 0.11821974965229486
1 0.78671875 0.8212795549374131 0.0109375 0.02642559109874826
0 0.7875 0.8769123783031989 0.0296875 0.14325452016689846
1 0.865625 0.8178025034770514 0.0109375 0.025034770514603615
0 0.866015625 0.8776077885952712 0.03203125 0.15299026425591097
1 0.916015625 0.8247566063977747 0.01171875 0.025034770514603615
0 0.915625 0.8880389429763561 0.0328125 0.1599443671766342
1 0.90234375 0.7983310152990264 0.009375 0.022253129346314324
0 0.903125 0.8337969401947148 0.0234375 0.09596662030598054
1 0.982421875 0.8699582753824756 0.01640625 0.04033379694019471
0 0.98203125 0.9235048678720446 0.034375 0.15299026425591097
1 0.991796875 0.8908205841446454 0.01640625 0.04033379694019471
0 0.98828125 0.933240611961057 0.0234375 0.13351877607788595