1 0.11773700305810397 0.23532796317606444 0.03058103975535168 0.05638665132336018
0 0.08792048929663608 0.39643268124280784 0.11467889908256881 0.39010356731875717
1 0.18081039755351683 0.26064441887226697 0.02981651376146789 0.05408515535097814
0 0.18654434250764526 0.40563866513233604 0.08103975535168195 0.3440736478711162
1 0.22668195718654435 0.23532796317606444 0.03134556574923547 0.05868814729574223
0 0.2220948012232416 0.39298043728423476 0.10932721712538226 0.380897583429229
1 0.29396024464831805 0.25604142692750287 0.028287461773700305 0.06098964326812428
0 0.2962538226299694 0.4050632911392405 0.08486238532110092 0.36363636363636365
1 0.3673547400611621 0.2336018411967779 0.02981651376146789 0.05523590333716916
0 0.36047400611620795 0.4004602991944764 0.095565749235474 0.3958573072497123
1 0.1448776758409786 0.40563866513233604 0.03746177370030581 0.06559263521288838
0 0.1334097859327217 0.6208285385500575 0.1353211009174312 0.5051783659378596
1 0.2396788990825688 0.5586881472957422 0.03134556574923547 0.05638665132336018
0 0.23432721712538226 0.7059838895281934 0.07874617737003058 0.36018411967779057
1 0.26758409785932724 0.40563866513233604 0.035168195718654434 0.05868814729574223
0 0.2415902140672783 0.6242807825086306 0.1437308868501529 0.5097813578826237
1 0.3658256880733945 0.4608745684695052 0.034403669724770644 0.06098964326812428
0 0.37844036697247707 0.6559263521288837 0.10550458715596331 0.47410817031070196
1 0.4827981651376147 0.43498273878020716 0.03287461773700306 0.06214039125431531
0 0.4782110091743119 0.6375143843498274 0.11085626911314984 0.48791714614499426
1 0.628822629969419 0.23417721518987342 0.03134556574923547 0.06789413118527042
0 0.6295871559633027 0.26869965477560415 0.22706422018348624 0.14614499424626007
1 0.6058868501529052 0.3659378596087457 0.02522935779816514 0.05063291139240506
0 0.6058868501529052 0.46317606444188725 0.09403669724770643 0.2520138089758343
1 0.5745412844036697 0.4407364787111623 0.034403669724770644 0.07364787111622555
0 0.5951834862385321 0.6415420023014959 0.13226299694189603 0.4798619102416571
1 0.6571100917431193 0.4810126582278481 0.03134556574923547 0.05523590333716916
0 0.6831039755351682 0.6599539700805523 0.11085626911314984 0.4177215189873418
1 0.7484709480122325 0.34522439585730724 0.03058103975535168 0.05523590333716916
0 0.7737003058103975 0.4620253164556962 0.11314984709480122 0.28883774453394706
1 0.7484709480122325 0.5391254315304949 0.03058103975535168 0.05408515535097814
0 0.757262996941896 0.6852704257767549 0.0863914373088685 0.36018411967779057
1 0.8222477064220184 0.6139240506329114 0.02981651376146789 0.047180667433831994
0 0.8195718654434251 0.7232451093210587 0.09174311926605505 0.27042577675489066
1 0.8757645259938838 0.44994246260069043 0.03287461773700306 0.05983889528193326
0 0.8830275229357798 0.6386651323360184 0.09938837920489296 0.4441887226697353