1 0.5055991041433371 0.5356115107913669 0.07054871220604703 0.05971223021582734
0 0.49608062709966405 0.7032374100719424 0.22396416573348266 0.41654676258992807
1 0.42777155655095184 0.5154676258992805 0.02463605823068309 0.019424460431654675
0 0.43729003359462487 0.5377697841726619 0.0683090705487122 0.0683453237410072
1 0.4540873460246361 0.4787769784172662 0.014557670772676373 0.00935251798561151
0 0.4568868980963046 0.5071942446043165 0.0335946248600224 0.06906474820143885
1 0.5666293393057111 0.4694244604316547 0.01791713325867861 0.01223021582733813
0 0.5599104143337066 0.5028776978417266 0.04703247480403135 0.08345323741007195
1 0.6024636058230683 0.47302158273381295 0.015677491601343786 0.01223021582733813
0 0.5957446808510638 0.5032374100719424 0.040313549832026875 0.07553956834532374
1 0.6478163493840985 0.4737410071942446 0.014557670772676373 0.00935251798561151
0 0.6438969764837627 0.5025179856115108 0.0425531914893617 0.07122302158273382
1 0.6707726763717805 0.4741007194244604 0.013437849944008958 0.010071942446043165
0 0.6668533034714446 0.5050359712230216 0.036954087346024636 0.07482014388489208
1 0.6814109742441209 0.48741007194244607 0.019036954087346025 0.01223021582733813
0 0.6836506159014558 0.5223021582733813 0.06606942889137737 0.08489208633093526
1 0.9955207166853304 0.4787769784172662 0.008958566629339306 0.01223021582733813
0 0.9876819708846585 0.5053956834532374 0.02463605823068309 0.0683453237410072
1 0.335946248600224 0.4701438848920863 0.011198208286674132 0.00935251798561151
0 0.3348264277715566 0.49424460431654677 0.03135498320268757 0.060431654676258995