1 0.9533333333333334 0.4918181818181818 0.047619047619047616 0.14727272727272728
0 0.9328571428571428 0.7036363636363636 0.13428571428571429 0.5927272727272728
1 0.9085714285714286 0.42454545454545456 0.047619047619047616 0.11818181818181818
0 0.9057142857142857 0.6809090909090909 0.12380952380952381 0.6381818181818182
1 0.8433333333333334 0.4172727272727273 0.039047619047619046 0.1
0 0.8547619047619047 0.6809090909090909 0.1 0.6381818181818182
1 0.8657142857142858 0.25727272727272726 0.011428571428571429 0.02727272727272727
0 0.8609523809523809 0.31272727272727274 0.0419047619047619 0.14545454545454545
1 0.7552380952380953 0.27090909090909093 0.013333333333333334 0.025454545454545455
0 0.7528571428571429 0.3336363636363636 0.037142857142857144 0.15818181818181817
1 0.6919047619047619 0.2727272727272727 0.010476190476190476 0.025454545454545455
0 0.6933333333333334 0.32181818181818184 0.024761904761904763 0.13090909090909092
1 0.7666666666666667 0.43363636363636365 0.06095238095238095 0.16545454545454547
0 0.7614285714285715 0.6727272727272727 0.23523809523809525 0.6545454545454545
1 0.7661904761904762 0.4127272727272727 0.05047619047619047 0.10909090909090909
0 0.7566666666666667 0.6790909090909091 0.20476190476190476 0.6418181818181818
1 0.7780952380952381 0.3718181818181818 0.05333333333333334 0.12545454545454546
0 0.79 0.6518181818181819 0.14761904761904762 0.6963636363636364
1 0.7023809523809523 0.40636363636363637 0.04666666666666667 0.11818181818181818
0 0.7085714285714285 0.6718181818181819 0.10476190476190476 0.6563636363636364
1 0.6252380952380953 0.46636363636363637 0.04857142857142857 0.13272727272727272
0 0.6014285714285714 0.6963636363636364 0.15904761904761905 0.6072727272727273
1 0.49238095238095236 0.44272727272727275 0.04380952380952381 0.10727272727272727
0 0.49952380952380954 0.6718181818181819 0.09428571428571429 0.5690909090909091
1 0.38666666666666666 0.44636363636363635 0.05714285714285714 0.13272727272727272
0 0.38142857142857145 0.6854545454545454 0.22952380952380952 0.6290909090909091
1 0.4319047619047619 0.40636363636363637 0.04476190476190476 0.10363636363636364
0 0.43142857142857144 0.6772727272727272 0.11619047619047619 0.6454545454545455
1 0.2838095238095238 0.4318181818181818 0.05714285714285714 0.13636363636363635
0 0.29904761904761906 0.6790909090909091 0.13333333333333333 0.6418181818181818
1 0.2914285714285714 0.37363636363636366 0.047619047619047616 0.12545454545454546
0 0.29095238095238096 0.6509090909090909 0.13047619047619047 0.6981818181818182
1 0.2519047619047619 0.4127272727272727 0.04285714285714286 0.11272727272727273
0 0.23952380952380953 0.6736363636363636 0.1419047619047619 0.6527272727272727
1 0.24047619047619048 0.3518181818181818 0.04476190476190476 0.1
0 0.2338095238095238 0.6436363636363637 0.12285714285714286 0.7127272727272728
1 0.03190476190476191 0.43454545454545457 0.05238095238095238 0.11272727272727273
0 0.09571428571428571 0.6854545454545454 0.19142857142857142 0.6290909090909091
1 0.12142857142857143 0.47545454545454546 0.04476190476190476 0.1
0 0.12857142857142856 0.7072727272727273 0.13333333333333333 0.5854545454545454
1 0.16095238095238096 0.3936363636363636 0.045714285714285714 0.10363636363636364
0 0.16 0.6663636363636364 0.09904761904761905 0.6672727272727272
1 0.10428571428571429 0.32545454545454544 0.02761904761904762 0.06181818181818182
0 0.1061904761904762 0.5036363636363637 0.06952380952380953 0.41454545454545455
1 0.15571428571428572 0.3018181818181818 0.021904761904761906 0.06545454545454546
0 0.15 0.4509090909090909 0.06190476190476191 0.37454545454545457
1 0.016666666666666666 0.2545454545454545 0.018095238095238095 0.05090909090909091
0 0.01904761904761905 0.3609090909090909 0.0380952380952381 0.2818181818181818
1 0.37523809523809526 0.2963636363636364 0.02095238095238095 0.04727272727272727
0 0.37 0.41545454545454547 0.040952380952380955 0.30727272727272725
1 0.5761904761904761 0.5109090909090909 0.045714285714285714 0.09818181818181818
0 0.5576190476190476 0.7227272727272728 0.13428571428571429 0.5545454545454546