1 0.8665909090909091 0.7834558823529412 0.04681818181818182 0.09779411764705882
0 0.8606818181818182 0.85625 0.12590909090909091 0.2875
1 0.2293181818181818 0.8220588235294117 0.03227272727272727 0.06764705882352941
0 0.23227272727272727 0.8889705882352941 0.09272727272727273 0.22205882352941175
1 0.3275 0.8183823529411764 0.02772727272727273 0.052941176470588235
0 0.32227272727272727 0.8926470588235295 0.0809090909090909 0.21470588235294116
1 0.29113636363636364 0.7893382352941176 0.007727272727272728 0.016911764705882352
0 0.2922727272727273 0.8242647058823529 0.017272727272727273 0.09117647058823529
1 0.37477272727272726 0.7860294117647059 0.006818181818181818 0.010294117647058823
0 0.3743181818181818 0.8235294117647058 0.018636363636363635 0.08970588235294118
1 0.41204545454545455 0.8029411764705883 0.01681818181818182 0.030882352941176472
0 0.41704545454545455 0.8860294117647058 0.04772727272727273 0.21911764705882353
1 0.48568181818181816 0.8091911764705882 0.015 0.03308823529411765
0 0.48818181818181816 0.893014705882353 0.04727272727272727 0.2139705882352941
1 0.5168181818181818 0.7930147058823529 0.012727272727272728 0.025735294117647058
0 0.5193181818181818 0.8702205882352941 0.03590909090909091 0.1860294117647059
1 0.5920454545454545 0.768014705882353 0.014090909090909091 0.025735294117647058
0 0.6011363636363637 0.8702205882352941 0.060454545454545455 0.2595588235294118
1 0.5547727272727273 0.8658088235294118 0.10136363636363636 0.26838235294117646
0 0.5547727272727273 0.8658088235294118 0.10136363636363636 0.26838235294117646
1 0.47113636363636363 0.7779411764705882 0.014090909090909091 0.025
0 0.46886363636363637 0.8786764705882353 0.038636363636363635 0.23676470588235293
1 0.48613636363636364 0.7933823529411764 0.014090909090909091 0.025
0 0.4890909090909091 0.8779411764705882 0.03272727272727273 0.19852941176470587
1 0.4484090909090909 0.7823529411764706 0.004090909090909091 0.007352941176470588
0 0.4475 0.8007352941176471 0.010454545454545454 0.047058823529411764
1 0.4304545454545455 0.7797794117647059 0.0036363636363636364 0.006617647058823529
0 0.4290909090909091 0.7996323529411765 0.01 0.05073529411764706
1 0.41909090909090907 0.78125 0.0036363636363636364 0.006617647058823529
0 0.4188636363636364 0.7988970588235295 0.012272727272727272 0.04926470588235294
1 0.40795454545454546 0.7779411764705882 0.004090909090909091 0.008823529411764706
0 0.4075 0.8003676470588236 0.011363636363636364 0.05220588235294118
1 0.43522727272727274 0.7779411764705882 0.003181818181818182 0.0058823529411764705
0 0.43568181818181817 0.7941176470588235 0.009545454545454546 0.041176470588235294
1 0.44522727272727275 0.7775735294117647 0.003181818181818182 0.006617647058823529
0 0.4434090909090909 0.7933823529411764 0.008636363636363636 0.041176470588235294
1 0.46136363636363636 0.7845588235294118 0.005454545454545455 0.008823529411764706
0 0.46295454545454545 0.8088235294117647 0.014090909090909091 0.06323529411764706
1 0.45590909090909093 0.7893382352941176 0.008181818181818182 0.04338235294117647
0 0.45590909090909093 0.7893382352941176 0.008181818181818182 0.04338235294117647
1 0.4606818181818182 0.7816176470588235 0.005909090909090909 0.010294117647058823
0 0.4597727272727273 0.8069852941176471 0.013181818181818182 0.06544117647058824