1 0.3502269288956127 0.2151767151767152 0.01361573373676248 0.07276507276507277
0 0.35098335854765506 0.37525987525987525 0.03731719616742309 0.4095634095634096
1 0.4669692385274836 0.3305613305613306 0.013111447302067574 0.06652806652806653
0 0.4669692385274836 0.4501039501039501 0.03429147755925366 0.3305613305613306
1 0.5146243066061523 0.3191268191268191 0.01361573373676248 0.06444906444906445
0 0.5143721633888049 0.44386694386694386 0.03429147755925366 0.3305613305613306
1 0.5753908219868885 0.3388773388773389 0.014120020171457387 0.06652806652806653
0 0.5685829551185073 0.4490644490644491 0.041855774079677256 0.2993762993762994
1 0.3156833081190116 0.5384615384615384 0.04336863338376198 0.19542619542619544
0 0.3141704488149269 0.7141372141372141 0.1200201714573878 0.5717255717255717
1 0.44251134644478063 0.606029106029106 0.04286434694906707 0.20166320166320167
0 0.4480584972264246 0.7505197505197505 0.10237014624306606 0.498960498960499
1 0.5552193645990923 0.581081081081081 0.036308623298033284 0.1683991683991684
0 0.5421079172970247 0.7432432432432432 0.11598587997982854 0.5135135135135135
1 0.6979324256177509 0.5353430353430353 0.04135148764498235 0.18503118503118504
0 0.6964195663136662 0.7193347193347194 0.11901159858799798 0.5613305613305614
1 0.7831568330811901 0.6611226611226612 0.040342914775592535 0.1496881496881497
0 0.815935451336359 0.7920997920997921 0.14624306606152296 0.4158004158004158
1 0.17650025214321735 0.4875259875259875 0.02723146747352496 0.11850311850311851
0 0.17120524457892083 0.7037422037422038 0.08018154311649017 0.5550935550935551
1 0.2639939485627837 0.4407484407484408 0.01664145234493192 0.07484407484407485
0 0.26449823499747854 0.6185031185031185 0.05395864851235502 0.4386694386694387
1 0.3421583459404942 0.46361746361746364 0.019667170953101363 0.08316008316008316
0 0.34392334846192635 0.6247401247401247 0.05547150781643974 0.4178794178794179
1 0.3767019667170953 0.47193347193347196 0.020171457387796268 0.10395010395010396
0 0.3857791225416036 0.6559251559251559 0.08169440242057488 0.49272349272349275
1 0.8784669692385275 0.5093555093555093 0.028240040342914774 0.12474012474012475
0 0.8822491174987392 0.7141372141372141 0.08925869894099848 0.5717255717255717
1 0.7710539586485123 0.4781704781704782 0.02723146747352496 0.10395010395010396
0 0.7768532526475038 0.6985446985446986 0.08219868885526979 0.5613305613305614
1 0.059001512859304085 0.7193347193347194 0.07866868381240545 0.31185031185031187
0 0.08371154815935451 0.7754677754677755 0.16742309631870902 0.4490644490644491
1 0.07690368129097327 0.6216216216216216 0.038830055471507814 0.19126819126819128
0 0.1059001512859304 0.7546777546777547 0.18456883509833585 0.49064449064449067
1 0.049420070600100854 0.5041580041580042 0.028240040342914774 0.12266112266112267
0 0.05471507816439738 0.6860706860706861 0.07917297024710035 0.5114345114345115
1 0.014120020171457387 0.4968814968814969 0.028240040342914774 0.11642411642411643
0 0.03555219364599092 0.6455301455301455 0.07110438729198185 0.43451143451143454
1 0.4697428139183056 0.5031185031185031 0.023701462430660614 0.10810810810810811
0 0.47327281896116996 0.6923076923076923 0.0670700958144226 0.5239085239085239
1 0.5728693898134141 0.48440748440748443 0.028240040342914774 0.1288981288981289
0 0.5640443772062531 0.7016632016632016 0.0902672718103883 0.5883575883575883
1 0.6530509329299042 0.5083160083160083 0.03227433182047403 0.11850311850311851
0 0.6374180534543621 0.6912681912681913 0.07362581946545638 0.5135135135135135
1 0.6444780635400907 0.48232848232848236 0.02319717599596571 0.10395010395010396
0 0.6316187594553706 0.6309771309771309 0.06101865859808371 0.41372141372141374
1 0.7957639939485628 0.4386694386694387 0.022188603126575897 0.08731808731808732
0 0.8015632879475542 0.6237006237006237 0.054967221381744834 0.4656964656964657
1 0.9447806354009077 0.44490644490644493 0.02773575390821987 0.12058212058212059
0 0.9283913262733232 0.603950103950104 0.06757438224911749 0.446985446985447
1 0.9069591527987897 0.44594594594594594 0.025718608169440244 0.08523908523908524
0 0.8928391326273323 0.6081081081081081 0.05799293998991427 0.4303534303534304
1 0.8714069591527988 0.41995841995842 0.020171457387796268 0.08316008316008316
0 0.8537569339384771 0.5395010395010394 0.07160867372667676 0.33471933471933474
1 0.7266767523953606 0.4896049896049896 0.026222894604135148 0.11434511434511435
0 0.740796772566818 0.6340956340956341 0.08371154815935451 0.4282744282744283