1 0.1471875 0.3325942350332594 0.068125 0.15077605321507762
0 0.135625 0.6213968957871396 0.17125 0.7572062084257206
1 0.224375 0.29545454545454547 0.06375 0.14301552106430154
0 0.224375 0.6069844789356984 0.16375 0.7860310421286031
1 0.3925 0.32095343680709537 0.05875 0.1319290465631929
0 0.37875 0.6213968957871396 0.17125 0.7572062084257206
1 0.444375 0.417960088691796 0.065 0.13747228381374724
0 0.4525 0.6712860310421286 0.1625 0.6574279379157428
1 0.50125 0.38137472283813745 0.05 0.13082039911308205
0 0.5015625 0.6546563192904656 0.139375 0.6906873614190687
1 0.58125 0.49057649667405767 0.06125 0.14523281596452328
0 0.57625 0.70509977827051 0.1625 0.5898004434589801
1 0.6728125 0.45787139689578715 0.058125 0.1352549889135255
0 0.681875 0.6917960088691796 0.135 0.6164079822616408
1 0.7828125 0.45620842572062087 0.053125 0.13414634146341464
0 0.786875 0.6917960088691796 0.1625 0.6164079822616408
1 0.9140625 0.39634146341463417 0.058125 0.12305986696230599
0 0.9221875 0.6529933481152993 0.155625 0.6940133037694013
1 0.845625 0.3597560975609756 0.0575 0.12527716186252771
0 0.845 0.6402439024390244 0.1375 0.7195121951219512
1 0.695625 0.3276053215077605 0.0575 0.12527716186252771
0 0.69875 0.6302660753880266 0.15125 0.7394678492239468
1 0.584375 0.3436807095343681 0.05875 0.10421286031042129
0 0.5809375 0.6225055432372506 0.165625 0.7549889135254989