1 0.9253846153846154 0.22280334728033474 0.09692307692307692 0.1401673640167364
0 0.8907692307692308 0.5753138075313807 0.21846153846153846 0.8493723849372385
1 0.7503846153846154 0.1192468619246862 0.08076923076923077 0.14644351464435146
0 0.7661538461538462 0.5172594142259415 0.20307692307692307 0.9654811715481172
1 0.8203846153846154 0.17102510460251047 0.0823076923076923 0.15376569037656904
0 0.81 0.5198744769874477 0.19846153846153847 0.8640167364016736
1 0.5819230769230769 0.1788702928870293 0.09615384615384616 0.15481171548117154
0 0.6442307692307693 0.551255230125523 0.33615384615384614 0.897489539748954
1 0.46576923076923077 0.18776150627615062 0.07461538461538461 0.13702928870292888
0 0.48115384615384615 0.5570083682008368 0.17307692307692307 0.8859832635983264
1 0.3 0.24790794979079497 0.09230769230769231 0.16108786610878661
0 0.3080769230769231 0.5726987447698745 0.25461538461538463 0.8253138075313807
1 0.075 0.09309623430962342 0.08846153846153847 0.1192468619246862
0 0.10538461538461538 0.5073221757322176 0.21076923076923076 0.9686192468619247
1 0.1673076923076923 0.049686192468619245 0.05153846153846154 0.08263598326359832
0 0.17307692307692307 0.28294979079497906 0.14 0.555439330543933
1 0.26 0.21652719665271966 0.04923076923076923 0.0794979079497908
0 0.2642307692307692 0.3587866108786611 0.07923076923076923 0.3786610878661088
1 0.30653846153846154 0.10564853556485355 0.045384615384615384 0.0794979079497908
0 0.3173076923076923 0.301255230125523 0.10846153846153846 0.4769874476987448
1 0.2765384615384615 0.07479079497907949 0.04230769230769231 0.05753138075313807
0 0.2776923076923077 0.28190376569037656 0.08923076923076922 0.47594142259414224
1 0.5969230769230769 0.03190376569037657 0.043076923076923075 0.06380753138075314
0 0.6061538461538462 0.223326359832636 0.10153846153846154 0.446652719665272
1 0.4269230769230769 0.3132845188284519 0.04 0.049163179916317995
0 0.4288461538461538 0.5067991631799164 0.15 0.5366108786610879