1 0.7731343283582089 0.3170454545454545 0.04776119402985075 0.09318181818181819
0 0.7402985074626866 0.5579545454545455 0.15522388059701492 0.5931818181818181
1 0.6283582089552239 0.3034090909090909 0.05373134328358209 0.09318181818181819
0 0.6388059701492538 0.553409090909091 0.14925373134328357 0.6295454545454545
1 0.5522388059701493 0.39204545454545453 0.050746268656716415 0.10227272727272728
0 0.5440298507462686 0.6454545454545455 0.13582089552238805 0.6318181818181818
1 0.44477611940298506 0.28295454545454546 0.041791044776119404 0.075
0 0.4298507462686567 0.5352272727272728 0.15223880597014924 0.615909090909091
1 0.40223880597014927 0.3875 0.049253731343283584 0.08863636363636364
0 0.4082089552238806 0.625 0.13582089552238805 0.5772727272727273
1 0.2544776119402985 0.3715909090909091 0.06119402985074627 0.12045454545454545
0 0.2664179104477612 0.6488636363636363 0.25522388059701495 0.7022727272727273