1 0.07136363636363637 0.11873990306946688 0.0809090909090909 0.1567043618739903
0 0.11636363636363636 0.5137318255250404 0.23272727272727273 0.9725363489499192
1 0.18818181818181817 0.06058158319870759 0.07454545454545454 0.12116316639741519
0 0.14636363636363636 0.5 0.1890909090909091 1
1 0.325 0.0630048465266559 0.07727272727272727 0.1260096930533118
0 0.33090909090909093 0.5 0.27090909090909093 1
1 0.45227272727272727 0.1098546042003231 0.07181818181818182 0.17447495961227788
0 0.4090909090909091 0.5072697899838449 0.19818181818181818 0.9854604200323102
1 0.47954545454545455 0.061389337641357025 0.07 0.12277867528271405
0 0.47909090909090907 0.5 0.24545454545454545 1
1 0.6077272727272728 0.07754442649434572 0.06636363636363636 0.15508885298869143
0 0.5877272727272728 0.5 0.22818181818181818 1
1 0.5836363636363636 0.24232633279483037 0.07272727272727272 0.13247172859450726
0 0.5863636363636363 0.5597738287560582 0.22363636363636363 0.8804523424878837
1 0.8422727272727273 0.19305331179321486 0.07363636363636364 0.16962843295638125
0 0.8418181818181818 0.5500807754442649 0.25272727272727274 0.8998384491114702
1 0.9136363636363637 0.07512116316639741 0.07090909090909091 0.15024232633279483
0 0.9145454545454546 0.5 0.1709090909090909 1