1 0.036153846153846154 0.5591004184100419 0.02923076923076923 0.049163179916317995
0 0.05884615384615385 0.6323221757322176 0.1176923076923077 0.21652719665271966
1 0.11846153846153847 0.4874476987447699 0.043076923076923075 0.08158995815899582
0 0.15307692307692308 0.7118200836820083 0.16307692307692306 0.5345188284518828
1 0.34 0.4895397489539749 0.03076923076923077 0.056485355648535567
0 0.345 0.6480125523012552 0.10076923076923076 0.3797071129707113
1 0.35807692307692307 0.4581589958158996 0.03769230769230769 0.05439330543933055
0 0.36846153846153845 0.6626569037656904 0.1646153846153846 0.48221757322175735
1 0.4034615384615385 0.4769874476987448 0.03461538461538462 0.056485355648535567
0 0.4046153846153846 0.6448744769874477 0.09846153846153846 0.40481171548117156
1 0.4734615384615385 0.49581589958158995 0.036153846153846154 0.056485355648535567
0 0.47923076923076924 0.6558577405857741 0.1 0.38284518828451886
1 0.4430769230769231 0.5083682008368201 0.02923076923076923 0.05230125523012552
0 0.44961538461538464 0.6286610878661087 0.05923076923076923 0.301255230125523
1 0.47807692307692307 0.46129707112970714 0.03307692307692308 0.043933054393305436
0 0.4826923076923077 0.6182008368200836 0.09 0.38493723849372385
1 0.5011538461538462 0.48064853556485354 0.01 0.015690376569037656
0 0.5015384615384615 0.5146443514644351 0.018461538461538463 0.09205020920502092
1 0.525 0.47489539748953974 0.026923076923076925 0.04184100418410042
0 0.5326923076923077 0.6072175732217573 0.07153846153846154 0.3274058577405858
1 0.5653846153846154 0.4837866108786611 0.033846153846153845 0.0596234309623431
0 0.5815384615384616 0.6537656903765691 0.11384615384615385 0.401673640167364
1 0.5811538461538461 0.4665271966527197 0.02846153846153846 0.0502092050209205
0 0.5823076923076923 0.6182008368200836 0.0876923076923077 0.36610878661087864
1 0.6088461538461538 0.45397489539748953 0.026923076923076925 0.0502092050209205
0 0.615 0.5930962343096234 0.06692307692307692 0.33263598326359833
1 0.6303846153846154 0.4722803347280335 0.02076923076923077 0.034518828451882845
0 0.6346153846153846 0.5920502092050209 0.06153846153846154 0.27615062761506276
1 0.6580769230769231 0.46914225941422594 0.031538461538461536 0.0596234309623431
0 0.6526923076923077 0.6375523012552301 0.10230769230769231 0.4089958158995816
1 0.6988461538461539 0.4503138075313807 0.026923076923076925 0.051255230125523014
0 0.7038461538461539 0.5873430962343096 0.06923076923076923 0.33158995815899583
1 0.7538461538461538 0.4874476987447699 0.024615384615384615 0.0502092050209205
0 0.7430769230769231 0.6223849372384938 0.10923076923076923 0.32217573221757323
1 0.7276923076923076 0.4801255230125523 0.027692307692307693 0.04602510460251046
0 0.735 0.5941422594142259 0.09153846153846154 0.28661087866108786
1 0.765 0.4639121338912134 0.03 0.04707112970711297
0 0.7761538461538462 0.5972803347280334 0.07846153846153846 0.32217573221757323
1 0.8269230769230769 0.48535564853556484 0.03076923076923077 0.043933054393305436
0 0.8303846153846154 0.6009414225941423 0.06230769230769231 0.2792887029288703
1 0.8376923076923077 0.47489539748953974 0.013846153846153847 0.02092050209205021
0 0.8311538461538461 0.5460251046025104 0.04384615384615385 0.17364016736401675
1 0.8873076923076924 0.45397489539748953 0.03307692307692308 0.0502092050209205
0 0.885 0.5941422594142259 0.09 0.33263598326359833
1 0.933076923076923 0.4837866108786611 0.02923076923076923 0.04497907949790795
0 0.93 0.6114016736401674 0.08923076923076922 0.30857740585774057
1 0.9838461538461538 0.4874476987447699 0.03230769230769231 0.043933054393305436
0 0.9726923076923077 0.606694560669456 0.054615384615384614 0.2907949790794979