1 0.15486111111111112 0.20729166666666668 0.10416666666666667 0.16875
0 0.14305555555555555 0.5572916666666666 0.2861111111111111 0.8854166666666666
1 0.2388888888888889 0.25 0.09166666666666666 0.17916666666666667
0 0.23402777777777778 0.575 0.20972222222222223 0.85
1 0.4041666666666667 0.246875 0.09722222222222222 0.17708333333333334
0 0.35625 0.5770833333333333 0.20416666666666666 0.8458333333333333
1 0.5048611111111111 0.26145833333333335 0.09027777777777778 0.17291666666666666
0 0.49027777777777776 0.58125 0.18888888888888888 0.8375
1 0.60625 0.2552083333333333 0.09583333333333334 0.17291666666666666
0 0.6326388888888889 0.5770833333333333 0.22361111111111112 0.8458333333333333
1 0.7729166666666667 0.29375 0.09027777777777778 0.17083333333333334
0 0.7798611111111111 0.6 0.2125 0.8
1 0.88125 0.2947916666666667 0.08472222222222223 0.16458333333333333
0 0.8479166666666667 0.5979166666666667 0.30416666666666664 0.8041666666666667