1 0.665 0.6441666666666667 0.151 0.24433333333333335
0 0.628875 0.7581666666666667 0.36925 0.4836666666666667
1 0.828125 0.5231666666666667 0.11925 0.143
0 0.7825 0.72 0.2505 0.56
1 0.816125 0.2335 0.08925 0.159
0 0.7975 0.5676666666666667 0.2285 0.8513333333333334
1 0.98875 0.2788333333333333 0.0225 0.13633333333333333
0 0.9465 0.5475 0.107 0.6856666666666666
1 0.721125 0.17966666666666667 0.06375 0.12533333333333332
0 0.709625 0.4575 0.14825 0.693
1 0.60225 0.2675 0.076 0.14033333333333334
0 0.597125 0.5935 0.20375 0.813
1 0.557125 0.10116666666666667 0.06875 0.13433333333333333
0 0.54625 0.4216666666666667 0.1915 0.7733333333333333
1 0.404125 0.3278333333333333 0.06175 0.13166666666666665
0 0.39925 0.6208333333333333 0.175 0.7396666666666667
1 0.3985 0.14233333333333334 0.074 0.15
0 0.4015 0.49216666666666664 0.197 0.873
1 0.188125 0.5605 0.31475 0.36566666666666664
0 0.219625 0.6833333333333333 0.43925 0.6333333333333333
1 0.28225 0.4415 0.172 0.23033333333333333
0 0.284625 0.6575 0.31375 0.685
1 0.207625 0.2165 0.07525 0.14033333333333334
0 0.171125 0.5623333333333334 0.19775 0.8733333333333333
1 0.27925 0.3045 0.0855 0.16233333333333333
0 0.25475 0.5981666666666666 0.206 0.8036666666666666
1 0.822625 0.1325 0.01525 0.025666666666666667
0 0.819 0.18166666666666667 0.0285 0.12533333333333332
1 0.83775 0.12983333333333333 0.016 0.029666666666666668
0 0.836125 0.18683333333333332 0.04125 0.14966666666666667
1 0.84825 0.14216666666666666 0.013 0.023666666666666666
0 0.848 0.18266666666666667 0.0235 0.10533333333333333
1 0.01425 0.167 0.027 0.044
0 0.032625 0.27116666666666667 0.06525 0.273