1 0.16 0.5793814432989691 0.024242424242424242 0.0577319587628866
0 0.1696969696969697 0.6948453608247422 0.18424242424242424 0.29690721649484536
1 0.17212121212121212 0.5185567010309279 0.02666666666666667 0.05567010309278351
0 0.19272727272727272 0.6268041237113402 0.10909090909090909 0.3628865979381443
1 0.2206060606060606 0.5216494845360825 0.02181818181818182 0.049484536082474224
0 0.22181818181818183 0.6175257731958763 0.10666666666666667 0.3154639175257732
1 0.24242424242424243 0.4865979381443299 0.02181818181818182 0.049484536082474224
0 0.21878787878787878 0.5762886597938144 0.10787878787878788 0.31958762886597936
1 0.24848484848484848 0.4463917525773196 0.019393939393939394 0.04329896907216495
0 0.22121212121212122 0.5639175257731959 0.11757575757575757 0.2907216494845361
1 0.24909090909090909 0.4463917525773196 0.02303030303030303 0.04742268041237113
0 0.23939393939393938 0.5525773195876289 0.10787878787878788 0.2639175257731959
1 0.28 0.4268041237113402 0.019393939393939394 0.04536082474226804
0 0.26121212121212123 0.5175257731958763 0.06909090909090909 0.26804123711340205
1 0.2957575757575758 0.4134020618556701 0.01696969696969697 0.03917525773195876
0 0.2878787878787879 0.488659793814433 0.06666666666666667 0.27628865979381445
1 0.3 0.3804123711340206 0.02303030303030303 0.04329896907216495
0 0.29393939393939394 0.4814432989690722 0.06424242424242424 0.2536082474226804
1 0.3484848484848485 0.3628865979381443 0.01818181818181818 0.03711340206185567
0 0.3381818181818182 0.4515463917525773 0.0703030303030303 0.2845360824742268
1 0.33151515151515154 0.3907216494845361 0.01575757575757576 0.03505154639175258
0 0.3333333333333333 0.48041237113402063 0.055757575757575756 0.26804123711340205
1 0.39636363636363636 0.3731958762886598 0.01696969696969697 0.03711340206185567
0 0.38484848484848483 0.4577319587628866 0.05454545454545454 0.2639175257731959
1 0.4218181818181818 0.3845360824742268 0.019393939393939394 0.03505154639175258
0 0.41878787878787876 0.4814432989690722 0.05454545454545454 0.24948453608247423
1 0.45151515151515154 0.39484536082474225 0.01818181818181818 0.03505154639175258
0 0.44606060606060605 0.4690721649484536 0.048484848484848485 0.311340206185567
1 0.45151515151515154 0.3938144329896907 0.01575757575757576 0.032989690721649485
0 0.45696969696969697 0.5041237113402062 0.05818181818181818 0.27835051546391754
1 0.48787878787878786 0.42371134020618556 0.020606060606060607 0.04329896907216495
0 0.5 0.51340206185567 0.06181818181818182 0.2927835051546392
1 0.5309090909090909 0.43608247422680413 0.02181818181818182 0.04742268041237113
0 0.5242424242424243 0.5381443298969072 0.07393939393939394 0.2597938144329897
1 0.5315151515151515 0.48556701030927835 0.020606060606060607 0.04329896907216495
0 0.5515151515151515 0.5670103092783505 0.0703030303030303 0.2804123711340206
1 0.5084848484848485 0.5092783505154639 0.020606060606060607 0.041237113402061855
0 0.52 0.6030927835051546 0.07757575757575758 0.2907216494845361
1 0.5072727272727273 0.5494845360824743 0.020606060606060607 0.04742268041237113
0 0.5145454545454545 0.6639175257731958 0.07151515151515152 0.31752577319587627
1 0.5278787878787878 0.5896907216494846 0.020606060606060607 0.049484536082474224
0 0.5448484848484848 0.6907216494845361 0.09575757575757576 0.35876288659793815
1 0.5612121212121212 0.6175257731958763 0.024242424242424242 0.05154639175257732
0 0.5642424242424242 0.7216494845360825 0.06909090909090909 0.35051546391752575
1 0.6175757575757576 0.5721649484536082 0.027878787878787878 0.05154639175257732
0 0.6242424242424243 0.7216494845360825 0.055757575757575756 0.4288659793814433
1 0.6690909090909091 0.6175257731958763 0.02666666666666667 0.05567010309278351
0 0.7042424242424242 0.7546391752577319 0.13333333333333333 0.3422680412371134