1 0.8260030864197531 0.6355613425925926 0.045910493827160496 0.09114583333333333
0 0.8307291666666666 0.7919560185185185 0.1541280864197531 0.41608796296296297
1 0.8428819444444444 0.4771412037037037 0.04456018518518518 0.08043981481481481
0 0.8464506172839507 0.7100694444444444 0.1246141975308642 0.5798611111111112
1 0.8098958333333334 0.40943287037037035 0.046489197530864196 0.08159722222222222
0 0.8325617283950617 0.6754918981481481 0.13194444444444445 0.6258680555555556
1 0.7392939814814815 0.47974537037037035 0.044945987654320986 0.08217592592592593
0 0.7389081790123457 0.7061631944444444 0.1255787037037037 0.5355902777777778
1 0.6739969135802469 0.6206597222222222 0.05092592592592592 0.10011574074074074
0 0.6763117283950617 0.7819733796296297 0.16087962962962962 0.43605324074074076
1 0.626929012345679 0.4986979166666667 0.0466820987654321 0.09403935185185185
0 0.6218171296296297 0.7232349537037037 0.12943672839506173 0.5535300925925926
1 0.4646026234567901 0.6161747685185185 0.048804012345679014 0.09056712962962964
0 0.4931520061728395 0.7819733796296297 0.20814043209876543 0.43605324074074076
1 0.5043402777777778 0.44849537037037035 0.04070216049382716 0.08217592592592593
0 0.5105131172839507 0.6721643518518519 0.1248070987654321 0.5625
1 0.4542824074074074 0.4363425925925926 0.04513888888888889 0.09375
0 0.4512924382716049 0.6867766203703703 0.13483796296296297 0.6044560185185185
1 0.34162808641975306 0.45211226851851855 0.04938271604938271 0.1009837962962963
0 0.35011574074074076 0.6982060185185185 0.13657407407407407 0.6035879629629629
1 0.29205246913580246 0.5568576388888888 0.06404320987654322 0.10850694444444445
0 0.3071952160493827 0.7495659722222222 0.21238425925925927 0.5008680555555556
1 0.17737268518518517 0.5863715277777778 0.07079475308641975 0.13859953703703703
0 0.12702546296296297 0.7540509259259259 0.22318672839506173 0.49189814814814814
1 0.16512345679012347 0.42332175925925924 0.05709876543209876 0.10011574074074074
0 0.1619405864197531 0.6864872685185185 0.1556712962962963 0.6270254629629629
1 0.09510030864197531 0.37514467592592593 0.05246913580246913 0.0998263888888889
0 0.08892746913580248 0.6611689814814815 0.1597222222222222 0.6776620370370371
1 0.7720871913580247 0.4874131944444444 0.03838734567901234 0.07957175925925926
0 0.7699652777777778 0.6967592592592593 0.09702932098765432 0.5133101851851852
1 0.7040895061728395 0.4392361111111111 0.04243827160493827 0.0775462962962963
0 0.712866512345679 0.6346932870370371 0.08391203703703703 0.4777199074074074
1 0.6438078703703703 0.4301215277777778 0.03414351851851852 0.0697337962962963
0 0.6416859567901234 0.6333912037037037 0.10474537037037036 0.49189814814814814
1 0.5931712962962963 0.4525462962962963 0.041666666666666664 0.0775462962962963
0 0.5964506172839507 0.6814236111111112 0.09104938271604938 0.546875
1 0.39207175925925924 0.39872685185185186 0.039544753086419755 0.0775462962962963
0 0.39091435185185186 0.6248553240740741 0.10243055555555555 0.5512152777777778
1 0.2181712962962963 0.4331597222222222 0.05169753086419753 0.10243055555555555
0 0.22106481481481483 0.6663773148148148 0.1111111111111111 0.5804398148148148
1 0.21363811728395063 0.37601273148148145 0.045717592592592594 0.07841435185185185
0 0.2056327160493827 0.6069155092592593 0.11535493827160494 0.5465856481481481
1 0.2907986111111111 0.4544270833333333 0.03838734567901234 0.07957175925925926
0 0.29465663580246915 0.6639178240740741 0.10821759259259259 0.5037615740740741
1 0.5428240740740741 0.45717592592592593 0.041666666666666664 0.0798611111111111
0 0.5370370370370371 0.6795428240740741 0.1091820987654321 0.5269097222222222