1 0.21375 0.38879159369527144 0.0625 0.11208406304728546
0 0.1325 0.6164623467600701 0.265 0.574430823117338
1 0.283125 0.37302977232924694 0.06125 0.10157618213660245
0 0.276875 0.5945709281961471 0.13875 0.5621716287215411
1 0.363125 0.3520140105078809 0.06375 0.1085814360770578
0 0.37 0.5674255691768827 0.1325 0.542907180385289
1 0.450625 0.36339754816112085 0.05625 0.10683012259194395
0 0.450625 0.563922942206655 0.16375 0.521891418563923
1 0.5275 0.3318739054290718 0.055 0.09632224168126094
0 0.54875 0.5499124343257443 0.1625 0.5359019264448336
1 0.6025 0.3502626970227671 0.055 0.09457092819614711
0 0.625 0.5455341506129597 0.1475 0.4991243432574431
1 0.668125 0.36952714535901926 0.04625 0.09106830122591944
0 0.699375 0.5359019264448336 0.15625 0.43782837127845886
1 0.76125 0.36777583187390545 0.055 0.09807355516637478
0 0.79375 0.532399299474606 0.1725 0.4343257443082312
1 0.3125 0.1672504378283713 0.055 0.10332749562171628
0 0.31375 0.43345008756567427 0.16 0.6392294220665499