1 0.08108108108108109 0.7300771208226221 0.015444015444015444 0.010282776349614395
0 0.07239382239382239 0.7583547557840618 0.04054054054054054 0.07455012853470437
1 0.12934362934362933 0.7300771208226221 0.019305019305019305 0.012853470437017995
0 0.12258687258687259 0.7654241645244216 0.059845559845559844 0.08868894601542417
1 0.16312741312741313 0.7332904884318766 0.017374517374517374 0.008997429305912597
0 0.1611969111969112 0.7673521850899743 0.04054054054054054 0.07969151670951156
1 0.20366795366795368 0.7384318766066839 0.017374517374517374 0.011568123393316195
0 0.20173745173745175 0.7679948586118251 0.052123552123552123 0.07326478149100257
1 0.28185328185328185 0.7127249357326478 0.023166023166023165 0.014138817480719794
0 0.27702702702702703 0.7660668380462725 0.07915057915057915 0.12596401028277635
1 0.33494208494208494 0.7384318766066839 0.013513513513513514 0.008997429305912597
0 0.33976833976833976 0.7667095115681234 0.04633204633204633 0.07069408740359898
1 0.3696911196911197 0.7313624678663239 0.017374517374517374 0.012853470437017995
0 0.3754826254826255 0.7641388174807198 0.0637065637065637 0.08097686375321336
1 0.4025096525096525 0.7429305912596401 0.009652509652509652 0.007712082262210797
0 0.4034749034749035 0.7660668380462725 0.03088803088803089 0.056555269922879174
1 0.41795366795366795 0.7487146529562982 0.009652509652509652 0.006426735218508998
0 0.4218146718146718 0.769280205655527 0.032818532818532815 0.05269922879177378
1 0.4700772200772201 0.6979434447300771 0.025096525096525095 0.02056555269922879
0 0.46525096525096526 0.7596401028277635 0.08108108108108109 0.14652956298200515
1 0.5193050193050193 0.6895886889460154 0.03088803088803089 0.019280205655526992
0 0.5241312741312741 0.7544987146529563 0.07915057915057915 0.15167095115681234
1 0.5646718146718147 0.7474293059125964 0.009652509652509652 0.006426735218508998
0 0.5646718146718147 0.7660668380462725 0.032818532818532815 0.04627249357326478
1 0.6032818532818532 0.7352185089974294 0.013513513513513514 0.010282776349614395
0 0.611969111969112 0.7615681233933161 0.03861003861003861 0.06812339331619537
1 0.667953667953668 0.7493573264781491 0.007722007722007722 0.005141388174807198
0 0.666988416988417 0.7660668380462725 0.02895752895752896 0.043701799485861184
1 0.7326254826254827 0.7512853470437018 0.009652509652509652 0.006426735218508998
0 0.7287644787644788 0.7667095115681234 0.02895752895752896 0.042416452442159386
1 0.7673745173745173 0.7455012853470437 0.009652509652509652 0.007712082262210797
0 0.7644787644787645 0.7660668380462725 0.02702702702702703 0.05398457583547558
1 0.8079150579150579 0.6966580976863753 0.025096525096525095 0.015424164524421594
0 0.8079150579150579 0.7448586118251928 0.07915057915057915 0.11439588688946016
1 0.8532818532818532 0.7403598971722365 0.011583011583011582 0.007712082262210797
0 0.8523166023166023 0.7634961439588689 0.03667953667953668 0.061696658097686374
1 0.8696911196911197 0.7461439588688946 0.013513513513513514 0.008997429305912597
0 0.8706563706563707 0.7654241645244216 0.03088803088803089 0.05269922879177378
1 0.88996138996139 0.7377892030848329 0.011583011583011582 0.007712082262210797
0 0.890926640926641 0.7583547557840618 0.025096525096525095 0.05141388174807198
1 0.9044401544401545 0.7365038560411311 0.013513513513513514 0.010282776349614395
0 0.9034749034749034 0.7615681233933161 0.03861003861003861 0.06555269922879177
1 0.9218146718146718 0.743573264781491 0.009652509652509652 0.006426735218508998
0 0.9218146718146718 0.7577120822622108 0.02895752895752896 0.03984575835475578
1 0.9884169884169884 0.6889460154241646 0.023166023166023165 0.02056555269922879
0 0.9633204633204633 0.7455012853470437 0.07335907335907337 0.13624678663239073
1 0.972972972972973 0.7403598971722365 0.05405405405405406 0.32390745501285345
0 0.972972972972973 0.7403598971722365 0.05405405405405406 0.32390745501285345
1 0.7065637065637066 0.7634961439588689 0.015444015444015444 0.02570694087403599
0 0.7065637065637066 0.7634961439588689 0.015444015444015444 0.02570694087403599
1 0.3503861003861004 0.7686375321336761 0.021235521235521235 0.056555269922879174
0 0.3503861003861004 0.7686375321336761 0.021235521235521235 0.056555269922879174