1 0.78828125 0.655 0.0890625 0.11
0 0.79453125 0.788 0.2421875 0.424
1 0.88125 0.438 0.04375 0.076
0 0.8796875 0.609 0.13125 0.434
1 0.98125 0.48 0.0375 0.068
0 0.95625 0.655 0.0875 0.43
1 0.75390625 0.594 0.0515625 0.088
0 0.75078125 0.752 0.1109375 0.416
1 0.62890625 0.548 0.0578125 0.104
0 0.60078125 0.743 0.1703125 0.514
1 0.5375 0.49 0.046875 0.088
0 0.52109375 0.714 0.1453125 0.544
1 0.32578125 0.449 0.0390625 0.078
0 0.33359375 0.647 0.1796875 0.482
1 0.2171875 0.475 0.0375 0.07
0 0.2109375 0.656 0.128125 0.44
1 0.29609375 0.384 0.0265625 0.044
0 0.296875 0.487 0.075 0.27
1 0.21015625 0.382 0.0296875 0.048
0 0.21171875 0.488 0.0890625 0.268
1 0.046875 0.404 0.034375 0.06
0 0.05 0.557 0.084375 0.378
1 0.0734375 0.377 0.0375 0.054
0 0.08046875 0.51 0.0703125 0.328
1 0.12890625 0.32 0.0328125 0.044
0 0.12734375 0.452 0.0921875 0.312
1 0.1171875 0.308 0.025 0.036
0 0.11171875 0.403 0.0640625 0.242
1 0.1390625 0.288 0.025 0.032
0 0.14375 0.415 0.071875 0.29
1 0.0875 0.301 0.021875 0.026
0 0.08359375 0.398 0.0640625 0.24
1 0.18828125 0.288 0.0234375 0.032
0 0.190625 0.374 0.05625 0.212
1 0.2359375 0.293 0.01875 0.034
0 0.2328125 0.371 0.04375 0.198
1 0.2796875 0.312 0.025 0.036
0 0.278125 0.403 0.090625 0.23
1 0.38515625 0.319 0.0265625 0.038
0 0.37109375 0.415 0.0828125 0.234
1 0.44765625 0.318 0.0234375 0.036
0 0.43984375 0.412 0.0640625 0.236
1 0.49921875 0.344 0.0296875 0.044
0 0.4953125 0.45 0.078125 0.272
1 0.58671875 0.34 0.0265625 0.044
0 0.58125 0.444 0.071875 0.26
1 0.62578125 0.293 0.0203125 0.03
0 0.625 0.396 0.071875 0.244
1 0.57109375 0.299 0.0171875 0.026
0 0.571875 0.37 0.04375 0.176
1 0.5171875 0.285 0.021875 0.03
0 0.51640625 0.364 0.0578125 0.192
1 0.48359375 0.3 0.0203125 0.028
0 0.48203125 0.384 0.0484375 0.208
1 0.453125 0.293 0.015625 0.026
0 0.4515625 0.361 0.046875 0.178
1 0.478125 0.275 0.015625 0.026
0 0.47421875 0.336 0.0359375 0.156
1 0.42421875 0.286 0.0171875 0.024
0 0.42578125 0.353 0.0359375 0.166
1 0.40078125 0.275 0.0234375 0.03
0 0.4046875 0.367 0.059375 0.222
1 0.36796875 0.295 0.0234375 0.03
0 0.3671875 0.369 0.040625 0.194
1 0.3265625 0.286 0.01875 0.036
0 0.328125 0.367 0.05625 0.21
1 0.290625 0.286 0.021875 0.036
0 0.29140625 0.37 0.0671875 0.212
1 0.38671875 0.255 0.0203125 0.026
0 0.3828125 0.318 0.034375 0.16
1 0.2796875 0.252 0.01875 0.024
0 0.275 0.317 0.053125 0.162
1 0.30234375 0.246 0.0109375 0.016
0 0.3046875 0.297 0.03125 0.126
1 0.225 0.258 0.015625 0.032
0 0.2234375 0.314 0.040625 0.152
1 0.01484375 0.247 0.0171875 0.034
0 0.01953125 0.317 0.0390625 0.182
1 0.0796875 0.275 0.01875 0.026
0 0.08046875 0.344 0.0484375 0.18
1 0.06484375 0.27 0.0140625 0.02
0 0.06171875 0.34 0.0484375 0.168