1 0.0863233024691358 0.42390046296296297 0.05806327160493827 0.09953703703703703
0 0.13020833333333334 0.6312210648148148 0.2604166666666667 0.5280671296296297
1 0.6995563271604939 0.3531539351851852 0.05304783950617284 0.09809027777777778
0 0.6971450617283951 0.6498842592592593 0.17631172839506173 0.7002314814814815
1 0.6106288580246914 0.3219039351851852 0.041859567901234566 0.08304398148148148
0 0.5731095679012346 0.4966724537037037 0.12962962962962962 0.45283564814814814
1 0.6421682098765432 0.3119212962962963 0.023919753086419752 0.052662037037037035
0 0.6439043209876543 0.45688657407407407 0.07561728395061729 0.35358796296296297
1 0.8128858024691358 0.22743055555555555 0.04513888888888889 0.09664351851851852
0 0.831983024691358 0.47641782407407407 0.11651234567901235 0.6189236111111112
1 0.7295524691358025 0.42158564814814814 0.033179012345679014 0.05439814814814815
0 0.7696759259259259 0.57421875 0.15200617283950618 0.37876157407407407
1 0.8564814814814815 0.3236400462962963 0.027777777777777776 0.044270833333333336
0 0.8672839506172839 0.4822048611111111 0.12770061728395063 0.4429976851851852