1 0.18468468468468469 0.5769230769230769 0.02702702702702703 0.0560625814863103
0 0.18355855855855857 0.7490221642764016 0.07282282282282282 0.4106910039113429
1 0.22522522522522523 0.5853976531942634 0.03003003003003003 0.054758800521512385
0 0.2225975975975976 0.7568448500651891 0.07132132132132132 0.4132985658409387
1 0.2545045045045045 0.5580182529335072 0.025525525525525526 0.05736636245110821
0 0.25 0.7235984354628422 0.06906906906906907 0.41460234680573665
1 0.2909159159159159 0.5801825293350718 0.027777777777777776 0.054758800521512385
0 0.2864114114114114 0.7561929595827901 0.06681681681681682 0.41460234680573665
1 0.32244744744744747 0.5495436766623207 0.024774774774774775 0.05345501955671447
0 0.31756756756756754 0.7216427640156454 0.06606606606606606 0.4028683181225554
1 0.3472222222222222 0.6049543676662321 0.023273273273273273 0.054758800521512385
0 0.3430930930930931 0.7594524119947849 0.06606606606606606 0.36897001303780963
1 0.3704954954954955 0.5423728813559322 0.02177177177177177 0.05215123859191656
0 0.3716216216216216 0.7170795306388527 0.06306306306306306 0.4067796610169492
1 0.4072822822822823 0.605606258148631 0.023273273273273273 0.0560625814863103
0 0.4069069069069069 0.7620599739243807 0.06006006006006006 0.37157757496740546
1 0.4313063063063063 0.5691003911342895 0.024774774774774775 0.05345501955671447
0 0.42792792792792794 0.7268578878748371 0.05105105105105105 0.3741851368970013
1 0.46283783783783783 0.6297262059973925 0.023273273273273273 0.05215123859191656
0 0.4594594594594595 0.7731421121251629 0.06156156156156156 0.34419817470664926
1 0.47597597597597596 0.5749674054758801 0.021021021021021023 0.05215123859191656
0 0.47372372372372373 0.7327249022164276 0.05855855855855856 0.3728813559322034
1 0.5247747747747747 0.5808344198174706 0.02252252252252252 0.05084745762711865
0 0.5228978978978979 0.7490221642764016 0.07282282282282282 0.3898305084745763
1 0.5056306306306306 0.5547588005215124 0.02177177177177177 0.05345501955671447
0 0.5056306306306306 0.7131681877444589 0.06381381381381382 0.3754889178617992
1 0.5728228228228228 0.5664928292046936 0.024024024024024024 0.0560625814863103
0 0.5705705705705706 0.7268578878748371 0.05105105105105105 0.379400260756193
1 0.5915915915915916 0.5801825293350718 0.024024024024024024 0.054758800521512385
0 0.5919669669669669 0.7529335071707953 0.07582582582582582 0.40547588005215124
1 0.6246246246246246 0.559322033898305 0.025525525525525526 0.05736636245110821
0 0.6234984984984985 0.7301173402868318 0.07132132132132132 0.4041720990873533
1 0.646021021021021 0.5997392438070405 0.024774774774774775 0.05215123859191656
0 0.649024024024024 0.757496740547588 0.07582582582582582 0.38852672750977835
1 0.6936936936936937 0.5547588005215124 0.028528528528528527 0.061277705345501955
0 0.6981981981981982 0.7294654498044328 0.07057057057057058 0.41590612777053454
1 0.7184684684684685 0.5971316818774446 0.021021021021021023 0.054758800521512385
0 0.7203453453453453 0.7685788787483703 0.06231231231231231 0.4028683181225554
1 0.7631381381381381 0.5873533246414603 0.024774774774774775 0.0560625814863103
0 0.7623873873873874 0.757496740547588 0.06531531531531531 0.4172099087353325
1 0.4125375375375375 0.5241199478487614 0.006756756756756757 0.01564537157757497
0 0.4114114114114114 0.5691003911342895 0.021021021021021023 0.11082138200782268
1 0.551051051051051 0.5404172099087353 0.012012012012012012 0.02216427640156454
0 0.5518018018018018 0.589960886571056 0.021021021021021023 0.12385919165580182
1 0.5420420420420421 0.5195567144719687 0.0075075075075075074 0.014341590612777053
0 0.5409159159159159 0.5541069100391134 0.014264264264264264 0.08604954367666232