1 0.4671875 0.9056271981242673 0.0140625 0.029308323563892145
0 0.462109375 0.9413833528722158 0.04921875 0.11723329425556858
1 0.47421875 0.8944900351699883 0.0171875 0.02813599062133646
0 0.47578125 0.9384525205158265 0.0421875 0.123094958968347
1 0.509375 0.8962485345838218 0.015625 0.029308323563892145
0 0.505859375 0.9396248534583822 0.04921875 0.12075029308323564
1 0.54296875 0.8927315357561547 0.0171875 0.029308323563892145
0 0.54453125 0.9378663540445487 0.0484375 0.1242672919109027
1 0.61015625 0.902696365767878 0.0140625 0.02813599062133646
0 0.6140625 0.9431418522860492 0.05 0.11371629542790153
1 0.663671875 0.9226260257913247 0.01796875 0.03048065650644783
0 0.6640625 0.9519343493552169 0.046875 0.09613130128956623
1 0.758984375 0.9595545134818289 0.01796875 0.031652989449003514
0 0.75390625 0.97010550996483 0.040625 0.059788980070339975
1 0.749609375 0.9495896834701055 0.01484375 0.02813599062133646
0 0.741015625 0.9665885111371629 0.04140625 0.0668229777256741
1 0.90390625 0.8452520515826495 0.01875 0.03048065650644783
0 0.90390625 0.9144196951934349 0.04375 0.17116060961313012
1 0.872265625 0.835873388042204 0.01484375 0.023446658851113716
0 0.8703125 0.9103165298944901 0.0390625 0.17936694021101993
1 0.7390625 0.8130128956623681 0.0171875 0.0246189917936694
0 0.74296875 0.8780773739742087 0.0453125 0.16178194607268465
1 0.47421875 0.7133645955451349 0.0109375 0.017584994138335287
0 0.477734375 0.7514654161781946 0.03671875 0.10316529894490035
1 0.6109375 0.5867526377491208 0.00625 0.010550996483001172
0 0.612109375 0.6148886283704572 0.01328125 0.0738569753810082
1 0.603125 0.5855803048065651 0.00625 0.010550996483001172
0 0.601953125 0.6090269636576788 0.01328125 0.0668229777256741
1 0.513671875 0.7004689331770223 0.01015625 0.015240328253223915
0 0.5140625 0.7438452520515827 0.0265625 0.10902696365767878
1 0.51875 0.7198124267291911 0.0109375 0.01875732708089097
0 0.5140625 0.7713950762016413 0.03125 0.12661195779601406
1 0.53125 0.7332942555685815 0.009375 0.017584994138335287
0 0.532421875 0.7772567409144197 0.02421875 0.11488862837045721
1 0.53515625 0.720398593200469 0.009375 0.015240328253223915
0 0.534765625 0.7661195779601406 0.02734375 0.11371629542790153
1 0.523828125 0.6946072684642438 0.00703125 0.012895662368112544
0 0.523828125 0.7280187573270809 0.01796875 0.08675263774912075
1 0.539453125 0.6928487690504103 0.00859375 0.01406799531066823
0 0.5390625 0.7338804220398594 0.0203125 0.10082063305978899
1 0.54296875 0.7121922626025792 0.009375 0.012895662368112544
0 0.5421875 0.7526377491207503 0.0203125 0.10082063305978899
1 0.5625 0.7121922626025792 0.0125 0.01992966002344666
0 0.559375 0.7596717467760844 0.0265625 0.11957796014067995
1 0.554296875 0.6781946072684643 0.01015625 0.017584994138335287
0 0.552734375 0.7227432590855803 0.02578125 0.1160609613130129
1 0.56640625 0.6477139507620164 0.00625 0.010550996483001172
0 0.56640625 0.6840562719812426 0.01875 0.09495896834701055
1 0.573828125 0.6588511137162955 0.00859375 0.01406799531066823
0 0.571484375 0.6946072684642438 0.01953125 0.09261430246189918
1 0.590234375 0.6483001172332943 0.00859375 0.01406799531066823
0 0.58984375 0.6875732708089097 0.021875 0.09495896834701055
1 0.6109375 0.6623681125439624 0.0078125 0.011723329425556858
0 0.608984375 0.6957796014067995 0.02421875 0.08558030480656506
1 0.623828125 0.6500586166471278 0.00859375 0.015240328253223915
0 0.621484375 0.6805392731535757 0.01953125 0.08323563892145369
1 0.625 0.61957796014068 0.00625 0.010550996483001172
0 0.62421875 0.6500586166471278 0.015625 0.08089097303634232
1 0.639453125 0.6236811254396248 0.00703125 0.011723329425556858
0 0.640234375 0.6500586166471278 0.01953125 0.07854630715123095
1 0.615234375 0.705158264947245 0.01015625 0.017584994138335287
0 0.61640625 0.7502930832356389 0.0265625 0.11254396248534584
1 0.6171875 0.727432590855803 0.0125 0.01992966002344666
0 0.621875 0.7643610785463072 0.028125 0.13599062133645956
1 0.6515625 0.7221570926143025 0.0125 0.023446658851113716
0 0.649609375 0.7737397420867527 0.03046875 0.13130128956623682
1 0.6171875 0.7280187573270809 0.0125 0.01875732708089097
0 0.617578125 0.7831184056271981 0.03203125 0.13599062133645956
1 0.56796875 0.7690504103165299 0.0125 0.023446658851113716
0 0.571875 0.8300117233294255 0.040625 0.15240328253223914
1 0.639453125 0.7713950762016413 0.01328125 0.023446658851113716
0 0.637109375 0.8382180539273154 0.03828125 0.16178194607268465
1 0.608203125 0.6524032825322391 0.00703125 0.012895662368112544
0 0.6078125 0.6840562719812426 0.021875 0.08323563892145369
1 0.591015625 0.7033997655334114 0.01015625 0.01875732708089097
0 0.59296875 0.7543962485345839 0.034375 0.12778429073856976