1 0.027604166666666666 0.35625 0.05520833333333333 0.0763888888888889
0 0.08125 0.6875 0.1625 0.6083333333333333
1 0.08489583333333334 0.4409722222222222 0.03854166666666667 0.059722222222222225
0 0.06822916666666666 0.6388888888888888 0.11354166666666667 0.48055555555555557
1 0.1671875 0.4618055555555556 0.015625 0.020833333333333332
0 0.16354166666666667 0.5472222222222223 0.06458333333333334 0.20833333333333334
1 0.20625 0.45694444444444443 0.014583333333333334 0.016666666666666666
0 0.20520833333333333 0.525 0.06458333333333334 0.1361111111111111
1 0.3171875 0.4736111111111111 0.011458333333333333 0.013888888888888888
0 0.3109375 0.51875 0.040625 0.10694444444444444
1 0.2578125 0.4708333333333333 0.009375 0.013888888888888888
0 0.2625 0.49722222222222223 0.03125 0.08888888888888889
1 0.540625 0.49027777777777776 0.008333333333333333 0.011111111111111112
0 0.5369791666666667 0.5263888888888889 0.026041666666666668 0.09444444444444444
1 0.5604166666666667 0.4895833333333333 0.008333333333333333 0.0125
0 0.55625 0.5180555555555556 0.022916666666666665 0.08333333333333333
1 0.578125 0.49583333333333335 0.008333333333333333 0.013888888888888888
0 0.575 0.5277777777777778 0.025 0.08333333333333333
1 0.5880208333333333 0.4979166666666667 0.007291666666666667 0.0125
0 0.5880208333333333 0.5256944444444445 0.026041666666666668 0.07916666666666666