1 0.6666666666666666 0.46541666666666665 0.035555555555555556 0.020833333333333332
0 0.6814814814814815 0.5204166666666666 0.07703703703703704 0.1375
1 0.6925925925925925 0.47541666666666665 0.022222222222222223 0.0125
0 0.7074074074074074 0.5083333333333333 0.06666666666666667 0.08
1 0.8985185185185185 0.4533333333333333 0.016296296296296295 0.01
0 0.8918518518518519 0.48041666666666666 0.056296296296296296 0.06583333333333333
1 0.6303703703703704 0.4633333333333333 0.01037037037037037 0.005
0 0.6325925925925926 0.47625 0.02666666666666667 0.034166666666666665
1 0.6229629629629629 0.46291666666666664 0.01037037037037037 0.004166666666666667
0 0.6222222222222222 0.47625 0.02074074074074074 0.0325
1 0.46 0.47583333333333333 0.022222222222222223 0.023333333333333334
0 0.46 0.47583333333333333 0.022222222222222223 0.023333333333333334
1 0.3940740740740741 0.47333333333333333 0.02666666666666667 0.02666666666666667
0 0.3940740740740741 0.47333333333333333 0.02666666666666667 0.02666666666666667
1 0.3348148148148148 0.465 0.005925925925925926 0.0033333333333333335
0 0.3340740740740741 0.475 0.022222222222222223 0.025
1 0.1814814814814815 0.47208333333333335 0.016296296296296295 0.029166666666666667
0 0.1814814814814815 0.47208333333333335 0.016296296296296295 0.029166666666666667