1 0.16856330014224752 0.35071090047393366 0.05263157894736842 0.0947867298578199
0 0.18207681365576103 0.6398104265402843 0.2532005689900427 0.7203791469194313
1 0.3399715504978663 0.278436018957346 0.05405405405405406 0.1066350710900474
0 0.317923186344239 0.514218009478673 0.15220483641536273 0.9715639810426541
1 0.6230440967283073 0.5580568720379147 0.06827880512091039 0.12085308056872038
0 0.6607396870554765 0.7464454976303317 0.24324324324324326 0.5071090047393365
1 0.6024182076813656 0.4881516587677725 0.041251778093883355 0.09004739336492891
0 0.5761024182076814 0.7109004739336493 0.16500711237553342 0.5781990521327014
1 0.7211948790896159 0.5651658767772512 0.07112375533428165 0.13033175355450238
0 0.6963015647226174 0.70260663507109 0.17496443812233287 0.5947867298578199
1 0.9125177809388336 0.533175355450237 0.06116642958748222 0.09004739336492891
0 0.9054054054054054 0.740521327014218 0.1891891891891892 0.518957345971564
1 0.802275960170697 0.47393364928909953 0.025604551920341393 0.061611374407582936
0 0.8236130867709816 0.6350710900473934 0.09388335704125178 0.4028436018957346
1 0.9118065433854907 0.5355450236966824 0.05689900426742532 0.08530805687203792
0 0.8918918918918919 0.7369668246445498 0.21621621621621623 0.47393364928909953