1 0.7913978494623656 0.47036328871892924 0.06236559139784946 0.14149139579349904
0 0.7720430107526882 0.6940726577437859 0.17419354838709677 0.6118546845124283
1 0.6956989247311828 0.4569789674952199 0.02795698924731183 0.05353728489483748
0 0.6827956989247311 0.638623326959847 0.07741935483870968 0.42829827915869984
1 0.860752688172043 0.52868068833652 0.02258064516129032 0.04780114722753346
0 0.8629032258064516 0.6596558317399618 0.054838709677419356 0.32504780114722753
1 0.5559139784946237 0.4608030592734226 0.025806451612903226 0.045889101338432124
0 0.5473118279569893 0.6013384321223709 0.06666666666666667 0.33460803059273425
1 0.48870967741935484 0.4684512428298279 0.016129032258064516 0.03441682600382409
0 0.4956989247311828 0.5611854684512428 0.043010752688172046 0.23518164435946462
1 0.44408602150537635 0.4808795411089866 0.017204301075268817 0.032504780114722756
0 0.4467741935483871 0.5707456978967496 0.04838709677419355 0.22753346080305928
1 0.3586021505376344 0.5095602294455067 0.03763440860215054 0.07074569789674952
0 0.36666666666666664 0.734225621414914 0.0967741935483871 0.5315487571701721
1 0.4747311827956989 0.4847036328871893 0.013978494623655914 0.0248565965583174
0 0.47795698924731184 0.5650095602294455 0.03118279569892473 0.20076481835564053