1 0.8963474827245804 0.2569352708058124 0.05725567620927937 0.08058124174372523
0 0.9062191510365252 0.5092470277410832 0.13030602171767028 0.6036988110964333
1 0.805528134254689 0.34346103038309117 0.04738400789733465 0.06869220607661823
0 0.807502467917078 0.5422721268163805 0.12240868706811452 0.4900924702774108
1 0.7255676209279368 0.32694848084544254 0.03751233958538993 0.07001321003963012
0 0.7161895360315893 0.5264200792602378 0.10957551826258638 0.47688243064729197
1 0.6120434353405726 0.3137384412153236 0.04146100691016782 0.07529722589167767
0 0.6263573543928924 0.5184940554821664 0.11352418558736427 0.49801849405548215
1 0.543928923988154 0.31241743725231175 0.04343534057255676 0.07529722589167767
0 0.5493583415597236 0.5145310435931307 0.10760118460019744 0.49801849405548215
1 0.4827245804540967 0.33619550858652575 0.04343534057255676 0.07529722589167767
0 0.4990128331688055 0.5270805812417437 0.1964461994076999 0.4676354029062087
1 0.395360315893386 0.33487450462351387 0.04639684106614018 0.07529722589167767
0 0.395360315893386 0.5270805812417437 0.11154985192497532 0.47820343461030385
1 0.3292201382033564 0.3381770145310436 0.044422507403751234 0.071334214002642
0 0.3070088845014807 0.5409511228533685 0.12438302073050346 0.4848084544253633
1 0.21076011846001974 0.332892998678996 0.04837117472852912 0.07661822985468957
0 0.21865745310957552 0.5442536327608983 0.10760118460019744 0.5046235138705416
1 0.13228035538005922 0.31109643328929987 0.049358341559723594 0.08058124174372523
0 0.16584402764067127 0.5363276089828269 0.20533070088845015 0.5495376486129459
1 0.23099703849950642 0.3243064729194188 0.03356367226061204 0.046235138705416116
0 0.23988153998025666 0.4630118890356671 0.08489634748272458 0.3368560105680317
1 0.08144126357354393 0.3480845442536328 0.02073050345508391 0.02509907529722589
0 0.07403751233958539 0.4141347424042272 0.049358341559723594 0.17040951122853368
1 0.1549851924975321 0.33157199471598414 0.027640671273445213 0.04227212681638045
0 0.16140177690029614 0.4431968295904888 0.05231984205330701 0.27080581241743723
1 0.7462981243830207 0.3520475561426684 0.009871668311944718 0.01453104359313078
0 0.7497532082922014 0.404887714663144 0.028627838104639685 0.12813738441215325
1 0.7048371174728529 0.3441215323645971 0.017769002961500493 0.02509907529722589
0 0.7127344521224087 0.4154557463672391 0.03751233958538993 0.178335535006605
1 0.4629812438302073 0.3394980184940555 0.02566633761105627 0.04227212681638045
0 0.46100691016781836 0.45970937912813736 0.05133267522211254 0.29326287978863935
1 0.43879565646594276 0.3480845442536328 0.034550839091806514 0.046235138705416116
0 0.4318854886475814 0.4775429326287979 0.05231984205330701 0.3157199471598415
1 0.5123395853899309 0.33091149273447823 0.0315893385982231 0.046235138705416116
0 0.510365251727542 0.45640686922060764 0.05133267522211254 0.3051519154557464
1 0.6362290227048372 0.3474240422721268 0.024679170779861797 0.04227212681638045
0 0.6475814412635735 0.452443857331572 0.05725567620927937 0.2628797886393659