1 0.3763858093126386 0.3883333333333333 0.041019955654102 0.07
0 0.33592017738359203 0.5583333333333333 0.13968957871396895 0.4666666666666667
1 0.40299334811529935 0.41 0.038802660753880266 0.06666666666666667
0 0.40465631929046564 0.5608333333333333 0.06430155210643015 0.39166666666666666
1 0.4262749445676275 0.49166666666666664 0.04767184035476718 0.07333333333333333
0 0.417960088691796 0.61 0.15964523281596452 0.35
1 0.4007760532150776 0.275 0.03436807095343681 0.06
0 0.380820399113082 0.36083333333333334 0.08980044345898004 0.3883333333333333
1 0.4296008869179601 0.2816666666666667 0.02771618625277162 0.056666666666666664
0 0.4417960088691796 0.4083333333333333 0.058758314855875834 0.31333333333333335
1 0.43957871396895787 0.3425 0.036585365853658534 0.058333333333333334
0 0.4451219512195122 0.43083333333333335 0.058758314855875834 0.24166666666666667
1 0.479490022172949 0.24666666666666667 0.03436807095343681 0.056666666666666664
0 0.49390243902439024 0.39 0.09645232815964523 0.3466666666666667
1 0.5110864745011087 0.20916666666666667 0.028824833702882482 0.04833333333333333
0 0.5171840354767184 0.31083333333333335 0.06541019955654102 0.27166666666666667
1 0.503880266075388 0.3725 0.04767184035476718 0.075
0 0.5022172949002217 0.5033333333333333 0.09534368070953436 0.35
1 0.5238359201773836 0.33166666666666667 0.03436807095343681 0.06333333333333334
0 0.5271618625277162 0.43166666666666664 0.058758314855875834 0.26666666666666666
1 0.5609756097560976 0.20916666666666667 0.03325942350332594 0.055
0 0.5776053215077606 0.30333333333333334 0.07760532150776053 0.25333333333333335
1 0.5598669623059866 0.3933333333333333 0.04434589800443459 0.07666666666666666
0 0.5648558758314856 0.5425 0.09645232815964523 0.3883333333333333
1 0.6274944567627494 0.3616666666666667 0.04656319290465632 0.08
0 0.6441241685144125 0.5816666666666667 0.1951219512195122 0.5266666666666666
1 0.6324833702882483 0.22083333333333333 0.036585365853658534 0.065
0 0.647450110864745 0.34 0.08425720620842572 0.31333333333333335
1 0.6757206208425721 0.23416666666666666 0.043237250554323724 0.07166666666666667
0 0.7150776053215078 0.36666666666666664 0.13082039911308205 0.36666666666666664
1 0.6978935698447893 0.31333333333333335 0.06319290465631928 0.1
0 0.7511086474501109 0.5308333333333334 0.19401330376940132 0.635