1 0.05686746987951807 0.5287539936102237 0.05397590361445783 0.03578274760383387
0 0.0653012048192771 0.638817891373802 0.12963855421686746 0.2610223642172524
1 0.17180722891566266 0.552076677316294 0.06409638554216868 0.044089456869009586
0 0.16771084337349398 0.6958466453674121 0.23518072289156627 0.3348242811501597
1 0.2621686746987952 0.5514376996805112 0.039518072289156624 0.030031948881789138
0 0.2691566265060241 0.646964856230032 0.1257831325301205 0.22619808306709266
1 0.3257831325301205 0.5512779552715655 0.021204819277108433 0.015654952076677317
0 0.3221686746987952 0.6001597444089457 0.06795180722891567 0.11789137380191693
1 0.32433734939759035 0.5407348242811502 0.01927710843373494 0.012460063897763577
0 0.3269879518072289 0.5806709265175719 0.061204819277108434 0.09488817891373802
1 0.38 0.5402555910543131 0.01108433734939759 0.0076677316293929714
0 0.3775903614457831 0.5646964856230032 0.03228915662650603 0.05910543130990415
1 0.4207228915662651 0.5597444089456869 0.05783132530120482 0.044089456869009586
0 0.42626506024096383 0.6936102236421725 0.17301204819277108 0.3182108626198083
1 0.44867469879518074 0.550479233226837 0.0077108433734939755 0.006389776357827476
0 0.4508433734939759 0.5670926517571885 0.021686746987951807 0.042172523961661344
1 0.48168674698795183 0.5533546325878594 0.030361445783132532 0.019808306709265176
0 0.49180722891566264 0.6065495207667732 0.08530120481927711 0.13706070287539937
1 0.5190361445783133 0.5396166134185304 0.026024096385542168 0.024920127795527155
0 0.516867469879518 0.6062300319488818 0.07566265060240963 0.16261980830670927
1 0.5359036144578313 0.545367412140575 0.020240963855421686 0.017891373801916934
0 0.5366265060240963 0.6049520766773163 0.06313253012048192 0.1389776357827476
1 0.5607228915662651 0.544888178913738 0.03228915662650603 0.026517571884984027
0 0.5657831325301205 0.6089456869009585 0.07518072289156627 0.1584664536741214
1 0.5812048192771084 0.545367412140575 0.027951807228915663 0.02428115015974441
0 0.576144578313253 0.6177316293929712 0.09397590361445783 0.17156549520766773
1 0.6559036144578313 0.5437699680511182 0.037590361445783135 0.03450479233226837
0 0.6660240963855422 0.6381789137380192 0.15421686746987953 0.22779552715654952
1 0.6612048192771084 0.5384984025559105 0.03855421686746988 0.034185303514377
0 0.6828915662650602 0.6253993610223643 0.10698795180722892 0.21182108626198082
1 0.9272289156626506 0.5678913738019169 0.13783132530120482 0.09233226837060703
0 0.8450602409638555 0.7587859424920128 0.30987951807228914 0.48242811501597443