1 0.48854166666666665 0.5606617647058824 0.005654761904761905 0.0125
0 0.4894345238095238 0.6213235294117647 0.01875 0.13676470588235295
1 0.49122023809523807 0.6397058823529411 0.012202380952380952 0.03529411764705882
0 0.4955357142857143 0.736764705882353 0.03869047619047619 0.275
1 0.528125 0.6172794117647059 0.015178571428571428 0.04632352941176471
0 0.5264880952380953 0.7503676470588235 0.04523809523809524 0.3154411764705882
1 0.5388392857142857 0.6220588235294118 0.012797619047619047 0.03823529411764706
0 0.5376488095238096 0.7169117647058824 0.03005952380952381 0.2323529411764706
1 0.580952380952381 0.6544117647058824 0.009523809523809525 0.03235294117647059
0 0.5803571428571429 0.7356617647058824 0.03214285714285714 0.20220588235294118
1 0.5947916666666667 0.6584558823529412 0.01875 0.05808823529411765
0 0.5977678571428572 0.8125 0.056845238095238095 0.375
1 0.8897321428571429 0.7345588235294118 0.016964285714285713 0.04411764705882353
0 0.8836309523809524 0.8290441176470589 0.06547619047619048 0.25220588235294117
1 0.7674107142857143 0.56875 0.003869047619047619 0.009558823529411765
0 0.768452380952381 0.5974264705882353 0.01011904761904762 0.06985294117647059