1 0.187109375 0.32511737089201875 0.08046875 0.14553990610328638
0 0.14921875 0.625 0.2015625 0.75
1 0.316015625 0.41725352112676056 0.06171875 0.11854460093896714
0 0.29140625 0.676056338028169 0.14375 0.647887323943662
1 0.41484375 0.40492957746478875 0.0625 0.12206572769953052
0 0.390625 0.6719483568075117 0.13125 0.6561032863849765
1 0.5046875 0.3796948356807512 0.059375 0.11384976525821597
0 0.509765625 0.6607981220657277 0.14921875 0.6784037558685446
1 0.615625 0.45129107981220656 0.05 0.09507042253521127
0 0.6109375 0.7024647887323944 0.121875 0.5950704225352113
1 0.76484375 0.38615023474178406 0.05625 0.11032863849765258
0 0.76484375 0.6631455399061033 0.1734375 0.6737089201877934
1 0.88125 0.4424882629107981 0.0671875 0.11032863849765258
0 0.9125 0.6924882629107981 0.175 0.6150234741784038
1 0.966796875 0.5123239436619719 0.04921875 0.08098591549295775
0 0.9578125 0.7312206572769953 0.084375 0.5375586854460094