1 0.10416666666666667 0.23280943025540274 0.06770833333333333 0.1237721021611002
0 0.111328125 0.574656188605108 0.19661458333333334 0.8506876227897839
1 0.16861979166666666 0.2318271119842829 0.055989583333333336 0.10609037328094302
0 0.177734375 0.5304518664047151 0.11328125 0.7072691552062869
1 0.23958333333333334 0.2554027504911591 0.059895833333333336 0.11787819253438114
0 0.24934895833333334 0.5609037328094303 0.16015625 0.7445972495088409
1 0.294921875 0.2475442043222004 0.055989583333333336 0.10216110019646366
0 0.283203125 0.5235756385068763 0.08984375 0.6620825147347741
1 0.376953125 0.22593320235756384 0.048177083333333336 0.09037328094302555
0 0.3567708333333333 0.5049115913555993 0.1015625 0.6640471512770137
1 0.4485677083333333 0.2475442043222004 0.05078125 0.09823182711198428
0 0.4342447916666667 0.5098231827111984 0.14713541666666666 0.6385068762278978
1 0.494140625 0.2318271119842829 0.048177083333333336 0.0825147347740668
0 0.466796875 0.4862475442043222 0.14713541666666666 0.5952848722986247
1 0.4446614583333333 0.18762278978389 0.048177083333333336 0.09233791748526522
0 0.44140625 0.44204322200392926 0.11197916666666667 0.6129666011787819
1 0.5390625 0.19351669941060903 0.044270833333333336 0.08055009823182711
0 0.5384114583333334 0.44106090373280943 0.07421875 0.587426326129666
1 0.580078125 0.17092337917485265 0.048177083333333336 0.10216110019646366
0 0.5859375 0.4656188605108055 0.125 0.7072691552062869
1 0.6477864583333334 0.18172888015717092 0.05078125 0.0962671905697446
0 0.6829427083333334 0.46070726915520627 0.12890625 0.6660117878192534
1 0.6686197916666666 0.20923379174852652 0.053385416666666664 0.10805500982318271
0 0.6790364583333334 0.518664047151277 0.13151041666666666 0.7387033398821218
1 0.763671875 0.25736738703339884 0.053385416666666664 0.09823182711198428
0 0.7975260416666666 0.5166994106090373 0.13671875 0.6404715127701375
1 0.8059895833333334 0.30844793713163066 0.0625 0.11394891944990176
0 0.79296875 0.5854616895874263 0.140625 0.6797642436149313
1 0.890625 0.2220039292730845 0.059895833333333336 0.09823182711198428
0 0.89453125 0.518664047151277 0.13541666666666666 0.7269155206286837
1 0.8971354166666666 0.3025540275049116 0.0703125 0.11787819253438114
0 0.8860677083333334 0.618860510805501 0.20703125 0.762278978388998