1 0.15363636363636363 0.37789904502046384 0.06 0.12551159618008187
0 0.2081818181818182 0.6521145975443383 0.26545454545454544 0.6957708049113234
1 0.2777272727272727 0.44542974079126874 0.06454545454545454 0.12414733969986358
0 0.27545454545454545 0.6889495225102319 0.3509090909090909 0.6221009549795361
1 0.41363636363636364 0.38540245566166437 0.06181818181818182 0.11596180081855388
0 0.41818181818181815 0.6575716234652115 0.1690909090909091 0.684856753069577
1 0.5568181818181818 0.4440654843110505 0.05909090909090909 0.1077762619372442
0 0.5631818181818182 0.6869031377899045 0.14454545454545453 0.626193724420191
1 0.6827272727272727 0.3656207366984993 0.06727272727272728 0.1145975443383356
0 0.6904545454545454 0.6521145975443383 0.17363636363636364 0.6957708049113234
1 0.8081818181818182 0.3806275579809004 0.06545454545454546 0.1145975443383356
0 0.835 0.6575716234652115 0.17545454545454545 0.684856753069577