1 0.22692087155963303 0.5454892966360856 0.053612385321100915 0.09250764525993883
0 0.22964449541284404 0.7024082568807339 0.18463302752293578 0.415519877675841
1 0.4129873853211009 0.547782874617737 0.047305045871559634 0.08792048929663608
0 0.4132740825688073 0.6945718654434251 0.15625 0.3952599388379205
1 0.5288130733944955 0.5502675840978594 0.05017201834862385 0.08448012232415902
0 0.5309633027522935 0.6844418960244648 0.15309633027522937 0.35741590214067276
1 0.6555332568807339 0.5464449541284404 0.05246559633027523 0.09441896024464831
0 0.6472190366972477 0.6865443425076453 0.1470756880733945 0.3876146788990826
1 0.8304185779816514 0.3201452599388379 0.05017201834862385 0.0860091743119266
0 0.8000286697247706 0.5819954128440367 0.2319380733944954 0.6257645259938838
1 0.7253440366972477 0.36716360856269115 0.046444954128440366 0.06613149847094801
0 0.7231938073394495 0.5907874617737003 0.1430619266055046 0.543960244648318
1 0.6492259174311926 0.3467125382262997 0.04157110091743119 0.07339449541284404
0 0.6417717889908257 0.5519877675840978 0.11611238532110092 0.4892966360856269
1 0.5454415137614679 0.3275993883792049 0.040424311926605505 0.058868501529051986
0 0.5372706422018348 0.5399464831804281 0.11410550458715596 0.511085626911315
1 0.4428038990825688 0.33352446483180426 0.047305045871559634 0.07530581039755352
0 0.4436639908256881 0.5426223241590215 0.14879587155963303 0.5034403669724771
1 0.34604357798165136 0.2989296636085627 0.04357798165137615 0.07110091743119266
0 0.33930619266055045 0.5204510703363915 0.13331422018348624 0.5286697247706422
1 0.265625 0.30619266055045874 0.0455848623853211 0.077217125382263
0 0.2888474770642202 0.5512232415902141 0.19180045871559634 0.5848623853211009
1 0.1559633027522936 0.3105886850152905 0.051605504587155966 0.0867737003058104
0 0.1473623853211009 0.5657492354740061 0.21100917431192662 0.6192660550458715