1 0.16080729166666666 0.40966796875 0.061197916666666664 0.0654296875
0 0.18033854166666666 0.5908203125 0.2903645833333333 0.4765625
1 0.3522135416666667 0.53271484375 0.048177083333333336 0.0458984375
0 0.3157552083333333 0.6005859375 0.19921875 0.2109375
1 0.251953125 0.3916015625 0.037760416666666664 0.03515625
0 0.2760416666666667 0.49658203125 0.140625 0.2646484375
1 0.81640625 0.4091796875 0.06770833333333333 0.064453125
0 0.8294270833333334 0.591796875 0.16927083333333334 0.447265625
1 0.6282552083333334 0.45068359375 0.053385416666666664 0.0556640625
0 0.6861979166666666 0.57080078125 0.18229166666666666 0.3154296875
1 0.5677083333333334 0.44921875 0.044270833333333336 0.04296875
0 0.6243489583333334 0.54638671875 0.19661458333333334 0.2548828125
1 0.4641927083333333 0.40087890625 0.032552083333333336 0.0263671875
0 0.482421875 0.478515625 0.08984375 0.201171875
1 0.607421875 0.3994140625 0.040364583333333336 0.0390625
0 0.60546875 0.50341796875 0.13802083333333334 0.2626953125
1 0.5325520833333334 0.40625 0.044270833333333336 0.037109375
0 0.5540364583333334 0.4970703125 0.10546875 0.22265625
1 0.568359375 0.38818359375 0.032552083333333336 0.0341796875
0 0.5716145833333334 0.49267578125 0.09114583333333333 0.2509765625