1 0.43408203125 0.3821614583333333 0.0439453125 0.07421875
0 0.4267578125 0.5546875 0.111328125 0.4296875
1 0.6689453125 0.357421875 0.0234375 0.029947916666666668
0 0.654296875 0.451171875 0.07421875 0.22526041666666666
1 0.50537109375 0.3548177083333333 0.0244140625 0.037760416666666664
0 0.513671875 0.4576822916666667 0.0703125 0.24609375
1 0.435546875 0.28515625 0.0390625 0.06770833333333333
0 0.43994140625 0.44921875 0.0947265625 0.4036458333333333
1 0.28857421875 0.369140625 0.0185546875 0.029947916666666668
0 0.29150390625 0.4524739583333333 0.0419921875 0.20182291666666666
1 0.357421875 0.3658854166666667 0.01953125 0.028645833333333332
0 0.36279296875 0.4544270833333333 0.0556640625 0.2109375
1 0.15283203125 0.458984375 0.0107421875 0.014322916666666666
0 0.15380859375 0.4856770833333333 0.0341796875 0.07291666666666667
1 0.19091796875 0.4557291666666667 0.0126953125 0.015625
0 0.1826171875 0.4837239583333333 0.0390625 0.07682291666666667
1 0.2041015625 0.4544270833333333 0.01171875 0.018229166666666668
0 0.20263671875 0.4837239583333333 0.0361328125 0.07942708333333333
1 0.23193359375 0.4518229166666667 0.0087890625 0.013020833333333334
0 0.22900390625 0.4817708333333333 0.0341796875 0.08072916666666667
1 0.93310546875 0.27734375 0.0341796875 0.057291666666666664
0 0.94580078125 0.4375 0.0947265625 0.3828125
1 0.9150390625 0.314453125 0.0234375 0.037760416666666664
0 0.9140625 0.42578125 0.060546875 0.2682291666666667
1 0.9072265625 0.3430989583333333 0.021484375 0.032552083333333336
0 0.90625 0.431640625 0.046875 0.22005208333333334
1 0.9716796875 0.310546875 0.03125 0.045572916666666664
0 0.95849609375 0.43359375 0.0830078125 0.3125
1 0.72998046875 0.4016927083333333 0.0146484375 0.022135416666666668
0 0.72021484375 0.458984375 0.0400390625 0.14192708333333334
1 0.341796875 0.4563802083333333 0.01171875 0.016927083333333332
0 0.34033203125 0.4830729166666667 0.0302734375 0.078125
1 0.546875 0.4505208333333333 0.015625 0.0234375
0 0.54541015625 0.4791666666666667 0.0400390625 0.08854166666666667
1 0.5703125 0.4446614583333333 0.01171875 0.01953125
0 0.56884765625 0.4759114583333333 0.0322265625 0.09244791666666667
1 0.59521484375 0.4375 0.0146484375 0.020833333333333332
0 0.595703125 0.4739583333333333 0.04296875 0.09895833333333333
1 0.619140625 0.4407552083333333 0.01171875 0.01953125
0 0.61865234375 0.474609375 0.0361328125 0.09505208333333333
1 0.642578125 0.4381510416666667 0.013671875 0.022135416666666668
0 0.64208984375 0.47265625 0.0341796875 0.09635416666666667
1 0.69189453125 0.431640625 0.0126953125 0.01953125
0 0.69189453125 0.4694010416666667 0.0322265625 0.10546875
1 0.73388671875 0.4453125 0.0146484375 0.026041666666666668
0 0.7412109375 0.4759114583333333 0.041015625 0.08984375