1 0.6667870036101083 0.31892230576441105 0.06425992779783393 0.11904761904761904
0 0.6675090252707582 0.6290726817042607 0.1379061371841155 0.7418546365914787
1 0.9516245487364621 0.27130325814536344 0.05631768953068592 0.10401002506265664
0 0.9227436823104693 0.5375939849624061 0.14296028880866427 0.6491228070175439
1 0.4202166064981949 0.2731829573934837 0.047653429602888084 0.07518796992481203
0 0.4368231046931408 0.5989974937343359 0.1588447653429603 0.7268170426065163
1 0.14620938628158844 0.2882205513784461 0.1148014440433213 0.23308270676691728
0 0.17256317689530687 0.5845864661654135 0.19927797833935018 0.8308270676691729
1 0.33971119133574007 0.3007518796992481 0.04837545126353791 0.09523809523809523
0 0.3310469314079422 0.5670426065162907 0.09458483754512635 0.6328320802005013
1 0.507942238267148 0.21303258145363407 0.04693140794223827 0.10275689223057644
0 0.532129963898917 0.5018796992481203 0.13574007220216608 0.6904761904761905
1 0.27256317689530685 0.22055137844611528 0.04548736462093863 0.08771929824561403
0 0.248014440433213 0.4674185463659148 0.11191335740072202 0.5864661654135338
1 0.6501805054151625 0.2224310776942356 0.0555956678700361 0.10150375939849623
0 0.6541516245487364 0.5733082706766918 0.1299638989169675 0.8157894736842105