1 0.339375 0.6853832442067737 0.06875 0.1622103386809269
0 0.295 0.8003565062388592 0.25 0.39928698752228164
1 0.44875 0.6907308377896613 0.0725 0.15151515151515152
0 0.5375 0.8021390374331551 0.295 0.39572192513368987
1 0.761875 0.5106951871657754 0.06625 0.12299465240641712
0 0.761875 0.7094474153297683 0.21875 0.5811051693404634
1 0.880625 0.2192513368983957 0.07875 0.1497326203208556
0 0.885 0.5026737967914439 0.23 0.9946524064171123
1 0.773125 0.17557932263814616 0.06625 0.11942959001782531
0 0.766875 0.517825311942959 0.18625 0.946524064171123
1 0.6725 0.39215686274509803 0.08 0.12121212121212122
0 0.665625 0.6452762923351159 0.19125 0.7094474153297683
1 0.67125 0.17201426024955438 0.06 0.11229946524064172
0 0.6775 0.5508021390374331 0.1775 0.8841354723707665
1 0.545625 0.47237076648841353 0.05625 0.10695187165775401
0 0.53375 0.7040998217468806 0.155 0.5918003565062389
1 0.420625 0.4679144385026738 0.08375 0.12299465240641712
0 0.420625 0.6898395721925134 0.16625 0.6203208556149733
1 0.306875 0.39037433155080214 0.06625 0.13903743315508021
0 0.254375 0.6541889483065954 0.28125 0.6916221033868093
1 0.124375 0.10427807486631016 0.07125 0.13368983957219252
0 0.149375 0.5089126559714795 0.28125 0.964349376114082
1 0.223125 0.18449197860962566 0.06875 0.1265597147950089
0 0.21375 0.5508021390374331 0.17 0.8627450980392157
1 0.32 0.1586452762923351 0.06 0.12121212121212122
0 0.280625 0.5169340463458111 0.24375 0.9590017825311943
1 0.424375 0.1532976827094474 0.06625 0.12834224598930483
0 0.423125 0.5320855614973262 0.15875 0.9037433155080213
1 0.539375 0.17290552584670232 0.06875 0.1140819964349376
0 0.554375 0.4964349376114082 0.17625 0.9750445632798574