1 0.1123046875 0.3572567783094099 0.033203125 0.06060606060606061
0 0.10986328125 0.5263157894736842 0.1103515625 0.430622009569378
1 0.2578125 0.3405103668261563 0.02734375 0.06220095693779904
0 0.25634765625 0.5175438596491229 0.0986328125 0.43221690590111644
1 0.38720703125 0.2982456140350877 0.0439453125 0.08293460925039872
0 0.3916015625 0.5159489633173844 0.15234375 0.5311004784688995
1 0.49755859375 0.37799043062200954 0.0244140625 0.05741626794258373
0 0.49755859375 0.5247208931419458 0.1005859375 0.3763955342902711
1 0.6484375 0.3452950558213716 0.033203125 0.06220095693779904
0 0.63720703125 0.5358851674641149 0.1337890625 0.44657097288676234
1 0.630859375 0.1722488038277512 0.052734375 0.09569377990430622
0 0.64013671875 0.46012759170653905 0.1630859375 0.6874003189792663
1 0.8134765625 0.3373205741626794 0.03515625 0.06539074960127592
0 0.82958984375 0.5119617224880383 0.1123046875 0.43381180223285487
1 0.876953125 0.30303030303030304 0.041015625 0.08293460925039872
0 0.8798828125 0.5 0.158203125 0.5247208931419458