1 0.20833333333333334 0.4601366742596811 0.026923076923076925 0.05922551252847381
0 0.20256410256410257 0.6309794988610479 0.06923076923076923 0.4054669703872437
1 0.23974358974358975 0.49430523917995445 0.028205128205128206 0.05922551252847381
0 0.2391025641025641 0.6514806378132119 0.06025641025641026 0.3826879271070615
1 0.28974358974358977 0.5 0.02564102564102564 0.05694760820045558
0 0.28846153846153844 0.6492027334851936 0.0641025641025641 0.36446469248291574
1 0.30256410256410254 0.4601366742596811 0.02564102564102564 0.05011389521640091
0 0.3038461538461538 0.6207289293849658 0.06153846153846154 0.37585421412300685
1 0.3326923076923077 0.5091116173120729 0.02435897435897436 0.05694760820045558
0 0.325 0.6605922551252847 0.06025641025641026 0.36446469248291574
1 0.37564102564102564 0.4977220956719818 0.02564102564102564 0.05239179954441914
0 0.37564102564102564 0.6537585421412301 0.06666666666666667 0.3735763097949886
1 0.4288461538461538 0.48519362186788156 0.026923076923076925 0.05922551252847381
0 0.425 0.6457858769931663 0.07051282051282051 0.38496583143507973
1 0.4858974358974359 0.5011389521640092 0.02564102564102564 0.05466970387243736
0 0.48717948717948717 0.6571753986332574 0.07179487179487179 0.3712984054669704
1 0.5205128205128206 0.4760820045558087 0.023076923076923078 0.05466970387243736
0 0.5185897435897436 0.6343963553530751 0.06538461538461539 0.37585421412300685
1 0.5435897435897435 0.49316628701594534 0.02564102564102564 0.05694760820045558
0 0.5448717948717948 0.6503416856492027 0.06923076923076923 0.38496583143507973
1 0.592948717948718 0.5216400911161732 0.02435897435897436 0.05466970387243736
0 0.5967948717948718 0.6674259681093394 0.057692307692307696 0.35079726651480636
1 0.5833333333333334 0.45558086560364464 0.023076923076923078 0.05466970387243736
0 0.5852564102564103 0.6264236902050114 0.06794871794871794 0.4054669703872437
1 0.6326923076923077 0.4908883826879271 0.02435897435897436 0.05694760820045558
0 0.6403846153846153 0.6537585421412301 0.057692307692307696 0.3826879271070615
1 0.6730769230769231 0.48177676537585423 0.02564102564102564 0.05694760820045558
0 0.6724358974358975 0.6366742596810934 0.06025641025641026 0.37585421412300685
1 0.6961538461538461 0.46810933940774485 0.03333333333333333 0.06605922551252848
0 0.7 0.642369020501139 0.06923076923076923 0.42369020501138954
1 0.7583333333333333 0.46697038724373574 0.029487179487179487 0.05466970387243736
0 0.7576923076923077 0.642369020501139 0.06923076923076923 0.41002277904328016