1 0.543884892086331 0.5076045627376425 0.06906474820143885 0.11787072243346007
0 0.5532374100719425 0.6958174904942965 0.1539568345323741 0.5019011406844106
1 0.8410071942446044 0.3355513307984791 0.08201438848920864 0.13878326996197718
0 0.8179856115107914 0.620722433460076 0.22877697841726619 0.720532319391635
1 0.9100719424460432 0.2300380228136882 0.08201438848920864 0.12927756653992395
0 0.8971223021582734 0.526615969581749 0.20287769784172663 0.7376425855513308
1 0.779136690647482 0.2224334600760456 0.07338129496402877 0.12927756653992395
0 0.7633093525179856 0.4990494296577947 0.1856115107913669 0.7091254752851711
1 0.6482014388489209 0.20247148288973385 0.07050359712230216 0.13498098859315588
0 0.6446043165467625 0.48574144486692017 0.1669064748201439 0.7091254752851711
1 0.7093525179856115 0.14543726235741444 0.07194244604316546 0.11977186311787072
0 0.702158273381295 0.4439163498098859 0.1669064748201439 0.7357414448669202
1 0.5223021582733813 0.2423954372623574 0.05755395683453238 0.10456273764258556
0 0.520863309352518 0.4828897338403042 0.12661870503597122 0.596958174904943
1 0.5798561151079137 0.19106463878326996 0.05467625899280575 0.09695817490494296
0 0.5719424460431655 0.41539923954372626 0.1223021582733813 0.564638783269962
1 0.48633093525179855 0.15684410646387834 0.05755395683453238 0.10456273764258556
0 0.48992805755395685 0.3982889733840304 0.1251798561151079 0.5950570342205324
1 0.40431654676258993 0.19106463878326996 0.05755395683453238 0.10456273764258556
0 0.41294964028776976 0.41254752851711024 0.1381294964028777 0.55893536121673
1 0.40863309352517985 0.42015209125475284 0.05467625899280575 0.11787072243346007
0 0.3877697841726619 0.6787072243346007 0.22014388489208633 0.6425855513307985
1 0.2633093525179856 0.2832699619771863 0.06330935251798561 0.11406844106463879
0 0.27841726618705037 0.5750950570342205 0.16546762589928057 0.7091254752851711
1 0.35467625899280575 0.17870722433460076 0.050359712230215826 0.08745247148288973
0 0.37050359712230213 0.4068441064638783 0.1223021582733813 0.55893536121673
1 0.28345323741007195 0.17110266159695817 0.04892086330935252 0.07984790874524715
0 0.2935251798561151 0.3897338403041825 0.12661870503597122 0.5285171102661597
1 0.19280575539568345 0.18155893536121673 0.060431654676258995 0.10456273764258556
0 0.20431654676258992 0.41730038022813687 0.1553956834532374 0.5950570342205324
1 0.08776978417266187 0.27281368821292773 0.08920863309352518 0.14258555133079848
0 0.12446043165467625 0.5988593155893536 0.2489208633093525 0.8022813688212928