1 0.251953125 0.501953125 0.013671875 0.022135416666666668
0 0.24853515625 0.56640625 0.0322265625 0.15625
1 0.27294921875 0.5162760416666666 0.0166015625 0.022135416666666668
0 0.26806640625 0.5755208333333334 0.0263671875 0.1484375
1 0.29541015625 0.5013020833333334 0.0107421875 0.015625
0 0.28857421875 0.5481770833333334 0.0244140625 0.11979166666666667
1 0.32861328125 0.51171875 0.0126953125 0.020833333333333332
0 0.32861328125 0.5729166666666666 0.0400390625 0.15104166666666666
1 0.37939453125 0.5123697916666666 0.0185546875 0.032552083333333336
0 0.3701171875 0.5826822916666666 0.05078125 0.18098958333333334
1 0.42041015625 0.4921875 0.0126953125 0.020833333333333332
0 0.41943359375 0.55078125 0.0419921875 0.140625
1 0.23046875 0.505859375 0.01953125 0.02734375
0 0.23095703125 0.6022135416666666 0.0595703125 0.22265625
1 0.171875 0.5442708333333334 0.02734375 0.033854166666666664
0 0.18408203125 0.6380208333333334 0.0751953125 0.22916666666666666
1 0.29736328125 0.5436197916666666 0.0361328125 0.055989583333333336
0 0.2919921875 0.7239583333333334 0.103515625 0.4244791666666667
1 0.357421875 0.51953125 0.021484375 0.03125
0 0.35986328125 0.6126302083333334 0.0791015625 0.23046875
1 0.45166015625 0.5325520833333334 0.0322265625 0.049479166666666664
0 0.45458984375 0.685546875 0.0712890625 0.3606770833333333
1 0.52490234375 0.53515625 0.0263671875 0.046875
0 0.52734375 0.6458333333333334 0.099609375 0.2786458333333333
1 0.5546875 0.4947916666666667 0.013671875 0.018229166666666668
0 0.55517578125 0.5416666666666666 0.0263671875 0.11458333333333333
1 0.64013671875 0.5227864583333334 0.0244140625 0.04296875
0 0.64111328125 0.607421875 0.0595703125 0.22786458333333334
1 0.720703125 0.5397135416666666 0.037109375 0.055989583333333336
0 0.73193359375 0.7526041666666666 0.1376953125 0.4947916666666667
1 0.9140625 0.587890625 0.04296875 0.06640625
0 0.931640625 0.7669270833333334 0.13671875 0.4453125
1 0.32080078125 0.5169270833333334 0.0205078125 0.028645833333333332
0 0.32470703125 0.599609375 0.0634765625 0.19921875
1 0.396484375 0.5182291666666666 0.013671875 0.020833333333333332
0 0.38916015625 0.5703125 0.0322265625 0.12760416666666666