1 0.6051785714285715 0.4976190476190476 0.0525 0.08571428571428572
0 0.62875 0.7259523809523809 0.13178571428571428 0.5480952380952381
1 0.5066071428571428 0.5307142857142857 0.04321428571428571 0.07952380952380952
0 0.5144642857142857 0.7340476190476191 0.14392857142857143 0.5033333333333333
1 0.4373214285714286 0.615 0.04107142857142857 0.06523809523809523
0 0.45732142857142855 0.7738095238095238 0.0925 0.38952380952380955
1 0.3430357142857143 0.5371428571428571 0.0425 0.07523809523809524
0 0.3525 0.7357142857142858 0.11785714285714285 0.4828571428571429
1 0.2648214285714286 0.5995238095238096 0.0375 0.06571428571428571
0 0.2855357142857143 0.7197619047619047 0.09821428571428571 0.3138095238095238
1 0.12696428571428572 0.5857142857142857 0.1382142857142857 0.2219047619047619
0 0.19142857142857142 0.73 0.29 0.54
1 0.2082142857142857 0.5521428571428572 0.06357142857142857 0.11
0 0.2501785714285714 0.745 0.18821428571428572 0.51
1 0.05785714285714286 0.5607142857142857 0.054285714285714284 0.09666666666666666
0 0.10303571428571429 0.75 0.20607142857142857 0.5
1 0.3142857142857143 0.5266666666666666 0.012857142857142857 0.02
0 0.3098214285714286 0.5738095238095238 0.040357142857142855 0.12666666666666668
1 0.37160714285714286 0.5045238095238095 0.031071428571428573 0.051904761904761905
0 0.3819642857142857 0.6269047619047619 0.08321428571428571 0.30523809523809525
1 0.4419642857142857 0.5104761904761905 0.026071428571428572 0.0419047619047619
0 0.44803571428571426 0.6152380952380953 0.061785714285714284 0.28285714285714286
1 0.47910714285714284 0.48142857142857143 0.02892857142857143 0.054285714285714284
0 0.4826785714285714 0.6245238095238095 0.0975 0.34714285714285714
1 0.6514285714285715 0.48023809523809524 0.017142857142857144 0.032857142857142856
0 0.6598214285714286 0.5492857142857143 0.04392857142857143 0.17476190476190476
1 0.7510714285714286 0.45785714285714285 0.01 0.018571428571428572
0 0.7571428571428571 0.5016666666666667 0.029285714285714286 0.10904761904761905
1 0.7875 0.45380952380952383 0.011428571428571429 0.01619047619047619
0 0.78875 0.5016666666666667 0.031785714285714285 0.11666666666666667
1 0.6975 0.4669047619047619 0.012142857142857143 0.020476190476190478
0 0.7016071428571429 0.5140476190476191 0.03892857142857143 0.11857142857142858