1 0.06771595900439238 0.5286458333333334 0.07101024890190337 0.14583333333333334
0 0.10724743777452415 0.7252604166666666 0.15739385065885797 0.5494791666666666
1 0.33199121522694 0.4557291666666667 0.018301610541727673 0.0390625
0 0.34333821376281115 0.5872395833333334 0.06734992679355783 0.3151041666666667
1 0.5 0.4329427083333333 0.017569546120058566 0.032552083333333336
0 0.5058565153733529 0.5384114583333334 0.05124450951683748 0.2565104166666667
1 0.5234260614934114 0.4147135416666667 0.017569546120058566 0.037760416666666664
0 0.527818448023426 0.51953125 0.03806734992679356 0.2630208333333333
1 0.5402635431918009 0.423828125 0.021961932650073207 0.040364583333333336
0 0.551610541727672 0.5319010416666666 0.04904831625183016 0.2591145833333333
1 0.5750366032210834 0.4010416666666667 0.012445095168374817 0.033854166666666664
0 0.5775988286969254 0.4772135416666667 0.036603221083455345 0.19401041666666666
1 0.6171303074670571 0.388671875 0.01903367496339678 0.032552083333333336
0 0.6200585651537335 0.4739583333333333 0.03513909224011713 0.20833333333333334
1 0.6314055636896047 0.38671875 0.01683748169838946 0.033854166666666664
0 0.637628111273792 0.4700520833333333 0.036603221083455345 0.20833333333333334
1 0.43484626647144947 0.412109375 0.010248901903367497 0.01953125
0 0.4410688140556369 0.470703125 0.034407027818448024 0.16536458333333334
1 0.37225475841874084 0.4290364583333333 0.010980966325036604 0.01953125
0 0.3737188872620791 0.48046875 0.024158125915080528 0.13541666666666666
1 0.3762811127379209 0.4108072916666667 0.010248901903367497 0.022135416666666668
0 0.380307467057101 0.4733072916666667 0.027086383601756955 0.15234375
1 0.3945827232796486 0.4153645833333333 0.01171303074670571 0.026041666666666668
0 0.3993411420204978 0.4720052083333333 0.030014641288433383 0.14713541666666666
1 0.4055636896046852 0.478515625 0.013177159590043924 0.02734375
0 0.4136163982430454 0.5052083333333334 0.03806734992679356 0.09635416666666667