1 0.953125 0.3562043795620438 0.056640625 0.11386861313868613
0 0.89599609375 0.6496350364963503 0.2080078125 0.7007299270072993
1 0.98388671875 0.34890510948905107 0.0322265625 0.07883211678832117
0 0.96142578125 0.6014598540145986 0.0771484375 0.5897810218978102
1 0.82177734375 0.3627737226277372 0.0556640625 0.10364963503649635
0 0.845703125 0.6532846715328468 0.134765625 0.6934306569343066
1 0.74560546875 0.4138686131386861 0.0537109375 0.10656934306569343
0 0.73681640625 0.6795620437956205 0.1435546875 0.6408759124087591
1 0.708984375 0.3656934306569343 0.0390625 0.07737226277372262
0 0.701171875 0.5883211678832116 0.09765625 0.5343065693430656
1 0.64697265625 0.32554744525547447 0.0517578125 0.10510948905109489
0 0.615234375 0.6321167883211679 0.36328125 0.7357664233576642
1 0.5849609375 0.3452554744525547 0.060546875 0.10656934306569343
0 0.580078125 0.6401459854014598 0.11328125 0.7197080291970803
1 0.48291015625 0.3554744525547445 0.0576171875 0.11240875912408758
0 0.4443359375 0.6430656934306569 0.19921875 0.7138686131386861
1 0.435546875 0.46131386861313867 0.05859375 0.10510948905109489
0 0.42236328125 0.6992700729927007 0.1669921875 0.6014598540145986
1 0.3642578125 0.4058394160583942 0.060546875 0.10802919708029197
0 0.4052734375 0.6715328467153284 0.181640625 0.656934306569343
1 0.39892578125 0.3124087591240876 0.0517578125 0.10218978102189781
0 0.39794921875 0.608029197080292 0.1337890625 0.7197080291970803
1 0.29052734375 0.34744525547445254 0.0556640625 0.08759124087591241
0 0.30224609375 0.6357664233576642 0.1455078125 0.708029197080292
1 0.23291015625 0.3978102189781022 0.0576171875 0.10364963503649635
0 0.23681640625 0.6686131386861314 0.1572265625 0.6627737226277373
1 0.10546875 0.3781021897810219 0.05859375 0.11094890510948906
0 0.140625 0.6510948905109489 0.28125 0.6978102189781021
1 0.025390625 0.35985401459854016 0.05078125 0.10656934306569343
0 0.05908203125 0.6525547445255474 0.1181640625 0.6948905109489051
1 0.1630859375 0.3518248175182482 0.060546875 0.10802919708029197
0 0.185546875 0.6452554744525547 0.173828125 0.7094890510948905
1 0.251953125 0.3197080291970803 0.05859375 0.10218978102189781
0 0.25830078125 0.6 0.1083984375 0.6715328467153284