1 0.04681818181818182 0.47992351816443596 0.046363636363636364 0.0841300191204589
0 0.09136363636363637 0.6520076481835564 0.17727272727272728 0.4474187380497132
1 0.19863636363636364 0.4694072657743786 0.03909090909090909 0.08986615678776291
0 0.24681818181818183 0.6759082217973231 0.18272727272727274 0.51434034416826
1 0.10363636363636364 0.43021032504780116 0.04181818181818182 0.08030592734225621
0 0.11636363636363636 0.5850860420650096 0.11454545454545455 0.40535372848948376
1 0.19 0.42638623326959846 0.03272727272727273 0.07265774378585087
0 0.21 0.5745697896749522 0.10181818181818182 0.384321223709369
1 0.20954545454545453 0.4063097514340344 0.028181818181818183 0.05927342256214149
0 0.23 0.5305927342256214 0.1 0.3193116634799235
1 0.3809090909090909 0.41778202676864246 0.01818181818181818 0.04397705544933078
0 0.3654545454545455 0.4894837476099426 0.05454545454545454 0.1950286806883365
1 0.4109090909090909 0.4904397705544933 0.04727272727272727 0.09369024856596558
0 0.46045454545454545 0.6854684512428298 0.19545454545454546 0.49521988527724664
1 0.45136363636363636 0.42065009560229444 0.03363636363636364 0.08030592734225621
0 0.46045454545454545 0.5793499043977055 0.10818181818181818 0.4130019120458891
1 0.47863636363636364 0.4273422562141491 0.022727272727272728 0.05162523900573614
0 0.5181818181818182 0.511472275334608 0.1290909090909091 0.23135755258126195
1 0.509090909090909 0.4483747609942639 0.02909090909090909 0.0745697896749522
0 0.5354545454545454 0.5860420650095602 0.12727272727272726 0.3690248565965583
1 0.6386363636363637 0.37858508604206503 0.013636363636363636 0.03441682600382409
0 0.6354545454545455 0.4254302103250478 0.04 0.14340344168260039
1 0.6559090909090909 0.4273422562141491 0.031818181818181815 0.06309751434034416
0 0.6659090909090909 0.5564053537284895 0.09363636363636364 0.3326959847036329
1 0.6813636363636364 0.3852772466539197 0.013636363636363636 0.036328871892925434
0 0.6818181818181818 0.4359464627151052 0.03636363636363636 0.1491395793499044
1 0.7181818181818181 0.3862332695984704 0.014545454545454545 0.03441682600382409
0 0.7109090909090909 0.4435946462715105 0.04727272727272727 0.16061185468451242
1 0.8068181818181818 0.4665391969407266 0.042727272727272725 0.07648183556405354
0 0.765 0.615678776290631 0.18636363636363637 0.3824091778202677
1 0.8718181818181818 0.4311663479923518 0.03636363636363636 0.08604206500956023
0 0.8672727272727273 0.5936902485659655 0.11636363636363636 0.4187380497131931
1 0.9118181818181819 0.30879541108986613 0.01818181818181818 0.05162523900573614
0 0.9163636363636364 0.45124282982791586 0.05272727272727273 0.3479923518164436
1 0.9609090909090909 0.3173996175908222 0.02909090909090909 0.05353728489483748
0 0.9536363636363636 0.4684512428298279 0.06181818181818182 0.367112810707457
1 0.14 0.41395793499043976 0.025454545454545455 0.05162523900573614
0 0.15181818181818182 0.497131931166348 0.06909090909090909 0.2294455066921606
1 0.15863636363636363 0.4187380497131931 0.017272727272727273 0.03824091778202677
0 0.16318181818181818 0.4780114722753346 0.05181818181818182 0.17208413001912046
1 0.22363636363636363 0.4130019120458891 0.01090909090909091 0.03441682600382409
0 0.23 0.4608030592734226 0.04909090909090909 0.14531548757170173
1 0.26 0.4043977055449331 0.012727272727272728 0.032504780114722756
0 0.26136363636363635 0.45124282982791586 0.03727272727272727 0.13766730401529637
1 0.27045454545454545 0.40535372848948376 0.017272727272727273 0.04206500956022945
0 0.2768181818181818 0.47418738049713194 0.053636363636363635 0.1835564053537285
1 0.285 0.3852772466539197 0.013636363636363636 0.032504780114722756
0 0.29318181818181815 0.4273422562141491 0.04090909090909091 0.124282982791587
1 0.32 0.4043977055449331 0.016363636363636365 0.040152963671128104
0 0.33181818181818185 0.4665391969407266 0.05090909090909091 0.17208413001912046
1 0.3377272727272727 0.39292543021032506 0.015454545454545455 0.036328871892925434
0 0.34454545454545454 0.4569789674952199 0.045454545454545456 0.17208413001912046
1 0.37636363636363634 0.39579349904397704 0.01090909090909091 0.022944550669216062
0 0.38227272727272726 0.4588910133843212 0.046363636363636364 0.16443594646271512
1 0.41454545454545455 0.43021032504780116 0.025454545454545455 0.06500956022944551
0 0.42954545454545456 0.5305927342256214 0.0809090909090909 0.2734225621414914
1 0.59 0.384321223709369 0.016363636363636365 0.03441682600382409
0 0.5963636363636363 0.4340344168260038 0.04363636363636364 0.14149139579349904
1 0.5927272727272728 0.4043977055449331 0.014545454545454545 0.032504780114722756
0 0.595 0.45793499043977054 0.03909090909090909 0.1586998087954111
1 0.6113636363636363 0.40535372848948376 0.02090909090909091 0.04206500956022945
0 0.6204545454545455 0.4684512428298279 0.05181818181818182 0.17590822179732313
1 0.6722727272727272 0.4235181644359465 0.02090909090909091 0.04780114722753346
0 0.685 0.4980879541108987 0.06636363636363636 0.20076481835564053
1 0.6636363636363637 0.4216061185468451 0.023636363636363636 0.07074569789674952
0 0.6786363636363636 0.5391969407265774 0.07545454545454545 0.3173996175908222