1 0.23555555555555555 0.5177777777777778 0.1288888888888889 0.32
0 0.15333333333333332 0.6644444444444444 0.30666666666666664 0.6711111111111111
1 0.35 0.20444444444444446 0.11555555555555555 0.31555555555555553
0 0.32944444444444443 0.5066666666666667 0.33666666666666667 0.9866666666666667
1 0.49833333333333335 0.20333333333333334 0.10111111111111111 0.3
0 0.5233333333333333 0.5155555555555555 0.24888888888888888 0.9688888888888889
1 0.6766666666666666 0.5088888888888888 0.11555555555555555 0.29333333333333333
0 0.6961111111111111 0.6655555555555556 0.25 0.6688888888888889
1 0.6611111111111111 0.17 0.028888888888888888 0.06
0 0.6672222222222223 0.34444444444444444 0.06111111111111111 0.4311111111111111
1 0.7122222222222222 0.10555555555555556 0.028888888888888888 0.06888888888888889
0 0.705 0.2922222222222222 0.05444444444444444 0.45111111111111113
1 0.7566666666666667 0.13555555555555557 0.028888888888888888 0.07111111111111111
0 0.7488888888888889 0.31333333333333335 0.06888888888888889 0.4311111111111111
1 0.8211111111111111 0.05 0.03777777777777778 0.08222222222222222
0 0.8072222222222222 0.26666666666666666 0.09 0.52
1 0.7811111111111111 0.1922222222222222 0.028888888888888888 0.06
0 0.7572222222222222 0.3188888888888889 0.11222222222222222 0.4066666666666667