1 0.7666666666666667 0.5150250417362271 0.05555555555555555 0.09515859766277128
0 0.7577777777777778 0.7320534223706177 0.16444444444444445 0.5358931552587646
1 0.62 0.5 0.04888888888888889 0.07846410684474124
0 0.6044444444444445 0.6869782971619366 0.19777777777777777 0.4557595993322204
1 0.47944444444444445 0.49081803005008345 0.04777777777777778 0.08013355592654424
0 0.43333333333333335 0.6819699499165276 0.1622222222222222 0.4657762938230384
1 0.3433333333333333 0.4332220367278798 0.051111111111111114 0.09181969949916527
0 0.28944444444444445 0.654424040066778 0.23 0.5609348914858097
1 0.26166666666666666 0.5175292153589316 0.04111111111111111 0.07011686143572621
0 0.2311111111111111 0.674457429048414 0.13333333333333333 0.39065108514190316
1 0.20777777777777778 0.4691151919866444 0.04666666666666667 0.08013355592654424
0 0.1661111111111111 0.6444073455759599 0.15222222222222223 0.44741235392320533
1 0.14555555555555555 0.494991652754591 0.051111111111111114 0.07178631051752922
0 0.10777777777777778 0.6343906510851419 0.15333333333333332 0.3572621035058431
1 0.08888888888888889 0.47996661101836396 0.044444444444444446 0.07178631051752922
0 0.07277777777777777 0.6260434056761269 0.14555555555555555 0.3772954924874791
1 0.04722222222222222 0.48998330550918195 0.03222222222222222 0.06176961602671119
0 0.06166666666666667 0.6227045075125208 0.12333333333333334 0.34390651085141904
1 0.08388888888888889 0.38731218697829717 0.03222222222222222 0.04674457429048414
0 0.059444444444444446 0.494991652754591 0.09222222222222222 0.2654424040066778
1 0.08388888888888889 0.38564273789649417 0.03 0.04340567612687813
0 0.08333333333333333 0.503338898163606 0.12444444444444444 0.2854757929883139
1 0.21444444444444444 0.3664440734557596 0.03777777777777778 0.05843071786310518
0 0.18555555555555556 0.49165275459098495 0.12444444444444444 0.31552587646076796
1 0.2916666666666667 0.38981636060100167 0.034444444444444444 0.05175292153589316
0 0.26555555555555554 0.5041736227045075 0.11777777777777777 0.2904841402337229
1 0.37666666666666665 0.38564273789649417 0.04 0.05676126878130217
0 0.3422222222222222 0.5041736227045075 0.13333333333333333 0.29716193656093487
1 0.46111111111111114 0.39565943238731216 0.03777777777777778 0.06343906510851419
0 0.43777777777777777 0.5125208681135225 0.09333333333333334 0.3038397328881469
1 0.5511111111111111 0.39315525876460766 0.03333333333333333 0.05843071786310518
0 0.525 0.5333889816360601 0.1411111111111111 0.3555926544240401
1 0.6161111111111112 0.4073455759599332 0.03666666666666667 0.06010016694490818
0 0.61 0.5383973288814691 0.08666666666666667 0.335559265442404
1 0.7433333333333333 0.3981636060100167 0.04 0.06844741235392321
0 0.7338888888888889 0.5242070116861436 0.12555555555555556 0.34390651085141904
1 0.6644444444444444 0.3572621035058431 0.03111111111111111 0.05008347245409015
0 0.6461111111111111 0.4273789649415693 0.09 0.19699499165275458
1 0.5683333333333334 0.3564273789649416 0.027777777777777776 0.048414023372287146
0 0.5572222222222222 0.4265442404006678 0.09222222222222222 0.19198664440734559
1 0.49833333333333335 0.34891485809682804 0.027777777777777776 0.05008347245409015
0 0.48055555555555557 0.42237061769616024 0.08777777777777777 0.2036727879799666
1 0.4461111111111111 0.34891485809682804 0.03 0.04674457429048414
0 0.42388888888888887 0.42320534223706174 0.09 0.2020033388981636
1 0.3566666666666667 0.3555926544240401 0.022222222222222223 0.04006677796327212
0 0.3466666666666667 0.4282136894824708 0.10444444444444445 0.19198664440734559
1 0.30777777777777776 0.35308848080133554 0.028888888888888888 0.045075125208681135
0 0.28888888888888886 0.4265442404006678 0.10888888888888888 0.19532554257095158
1 0.2338888888888889 0.35225375626043404 0.025555555555555557 0.04340567612687813
0 0.20944444444444443 0.4282136894824708 0.09 0.2020033388981636
1 0.18055555555555555 0.35141903171953254 0.025555555555555557 0.038397328881469114
0 0.16 0.4265442404006678 0.08666666666666667 0.19532554257095158
1 0.14666666666666667 0.3555926544240401 0.028888888888888888 0.05008347245409015
0 0.11666666666666667 0.41819699499165275 0.09555555555555556 0.17863105175292154
1 0.7416666666666667 0.3973288814691152 0.03888888888888889 0.07011686143572621
0 0.7327777777777778 0.4532554257095159 0.09888888888888889 0.2020033388981636