1 0.184 0.41529235382308843 0.032 0.05697151424287856
0 0.187 0.6071964017991005 0.098 0.45577211394302847
1 0.2365 0.41004497751124436 0.037 0.0704647676161919
0 0.2425 0.6266866566716641 0.149 0.5157421289355323
1 0.3085 0.4205397301349325 0.013 0.022488755622188907
0 0.3065 0.4707646176911544 0.039 0.13193403298350825
1 0.501 0.4295352323838081 0.028 0.049475262368815595
0 0.4855 0.5427286356821589 0.071 0.2908545727136432
1 0.5805 0.40554722638680657 0.013 0.019490254872563718
0 0.582 0.4827586206896552 0.036 0.18590704647676162
1 0.6025 0.4362818590704648 0.009 0.014992503748125937
0 0.604 0.48500749625187406 0.026 0.12443778110944528
1 0.6585 0.43778110944527737 0.007 0.01199400299850075
0 0.6565 0.47301349325337333 0.019 0.08845577211394302
1 0.669 0.43553223388305845 0.008 0.013493253373313344
0 0.669 0.48200899550224885 0.026 0.11244377811094453
1 0.6925 0.43778110944527737 0.011 0.017991004497751123
0 0.6895 0.48950524737631185 0.027 0.12743628185907047
1 0.705 0.4340329835082459 0.01 0.019490254872563718
0 0.7055 0.49250374812593706 0.033 0.13943028485757122
1 0.727 0.44302848575712145 0.012 0.022488755622188907
0 0.725 0.48800599700149927 0.028 0.1184407796101949
1 0.754 0.4340329835082459 0.014 0.025487256371814093
0 0.7575 0.5037481259370314 0.043 0.1679160419790105
1 0.7955 0.44227886056971516 0.015 0.0239880059970015
0 0.798 0.5149925037481259 0.04 0.18140929535232383
1 0.837 0.41304347826086957 0.02 0.034482758620689655
0 0.8325 0.5142428785607196 0.041 0.24887556221889057
1 0.844 0.4490254872563718 0.016 0.034482758620689655
0 0.844 0.5179910044977512 0.034 0.18140929535232383