1 0.77490234375 0.3347953216374269 0.0556640625 0.1023391812865497
0 0.7685546875 0.6111111111111112 0.162109375 0.6695906432748538
1 0.427734375 0.3472222222222222 0.037109375 0.07456140350877193
0 0.43994140625 0.5730994152046783 0.1279296875 0.5321637426900585
1 0.177734375 0.35453216374269003 0.033203125 0.059941520467836254
0 0.1826171875 0.5467836257309941 0.1015625 0.4590643274853801
1 0.34619140625 0.3654970760233918 0.0322265625 0.06140350877192982
0 0.3271484375 0.5387426900584795 0.095703125 0.4166666666666667
1 0.4091796875 0.36988304093567254 0.03515625 0.06432748538011696
0 0.39453125 0.5548245614035088 0.103515625 0.44883040935672514
1 0.92578125 0.375 0.021484375 0.03654970760233918
0 0.9228515625 0.48026315789473684 0.068359375 0.25584795321637427
1 0.82666015625 0.37646198830409355 0.0205078125 0.033625730994152045
0 0.8330078125 0.4758771929824561 0.0546875 0.25292397660818716
1 0.85205078125 0.3669590643274854 0.0166015625 0.02631578947368421
0 0.8466796875 0.45394736842105265 0.04296875 0.20321637426900585
1 0.7333984375 0.3983918128654971 0.009765625 0.019005847953216373
0 0.728515625 0.4422514619883041 0.03125 0.11257309941520467
1 0.70703125 0.4342105263157895 0.009765625 0.03216374269005848
0 0.70703125 0.4342105263157895 0.009765625 0.03216374269005848
1 0.69970703125 0.4203216374269006 0.0029296875 0.0043859649122807015
0 0.69921875 0.4327485380116959 0.009765625 0.038011695906432746
1 0.67626953125 0.4239766081871345 0.0048828125 0.008771929824561403
0 0.67626953125 0.4451754385964912 0.0126953125 0.054093567251461985
1 0.6689453125 0.41812865497076024 0.00390625 0.005847953216374269
0 0.666015625 0.4422514619883041 0.013671875 0.05701754385964912
1 0.63427734375 0.4159356725146199 0.0048828125 0.007309941520467836
0 0.6357421875 0.44005847953216376 0.017578125 0.05847953216374269
1 0.60791015625 0.42543859649122806 0.0087890625 0.014619883040935672
0 0.61181640625 0.4597953216374269 0.0263671875 0.0891812865497076
1 0.5888671875 0.4678362573099415 0.009765625 0.017543859649122806
0 0.5888671875 0.4956140350877193 0.021484375 0.08187134502923976
1 0.56787109375 0.40497076023391815 0.0107421875 0.02046783625730994
0 0.57080078125 0.46271929824561403 0.0322265625 0.14181286549707603
1 0.591796875 0.43567251461988304 0.009765625 0.043859649122807015
0 0.591796875 0.43567251461988304 0.009765625 0.043859649122807015
1 0.5771484375 0.4152046783625731 0.005859375 0.008771929824561403
0 0.576171875 0.4502923976608187 0.01953125 0.08187134502923976
1 0.4931640625 0.3969298245614035 0.0078125 0.01023391812865497
0 0.49267578125 0.40789473684210525 0.0205078125 0.04093567251461988
1 0.4833984375 0.4232456140350877 0.013671875 0.027777777777777776
0 0.48291015625 0.4685672514619883 0.0302734375 0.1301169590643275
1 0.23974609375 0.43494152046783624 0.0107421875 0.01608187134502924
0 0.2421875 0.4766081871345029 0.01953125 0.1111111111111111
1 0.2587890625 0.42616959064327486 0.009765625 0.013157894736842105
0 0.255859375 0.47441520467836257 0.021484375 0.1154970760233918
1 0.2578125 0.43128654970760233 0.009765625 0.014619883040935672
0 0.25927734375 0.4758771929824561 0.0283203125 0.10964912280701754
1 0.27978515625 0.42543859649122806 0.0107421875 0.017543859649122806
0 0.27734375 0.47002923976608185 0.025390625 0.10964912280701754
1 0.287109375 0.4415204678362573 0.009765625 0.014619883040935672
0 0.2822265625 0.47953216374269003 0.021484375 0.09649122807017543
1 0.123046875 0.4327485380116959 0.005859375 0.008771929824561403
0 0.1220703125 0.45760233918128657 0.015625 0.06432748538011696
1 0.5283203125 0.37719298245614036 0.03125 0.043859649122807015
0 0.53759765625 0.5138888888888888 0.0947265625 0.33187134502923976