1 0.25390625 0.4078776041666667 0.044921875 0.07486979166666667
0 0.22802734375 0.6409505208333334 0.197265625 0.552734375
1 0.364013671875 0.3577473958333333 0.05029296875 0.07877604166666667
0 0.37451171875 0.5960286458333334 0.13671875 0.5852864583333334
1 0.477294921875 0.4488932291666667 0.04931640625 0.07877604166666667
0 0.462158203125 0.6572265625 0.15673828125 0.5123697916666666
1 0.568359375 0.4420572916666667 0.046875 0.07552083333333333
0 0.5703125 0.6481119791666666 0.3193359375 0.521484375
1 0.645263671875 0.4280598958333333 0.04931640625 0.08658854166666667
0 0.6787109375 0.6477864583333334 0.314453125 0.54296875
1 0.73193359375 0.4384765625 0.0498046875 0.080078125
0 0.723876953125 0.6520182291666666 0.22412109375 0.5227864583333334
1 0.782958984375 0.4967447916666667 0.05615234375 0.08723958333333333
0 0.81591796875 0.7102864583333334 0.1806640625 0.5377604166666666
1 0.54443359375 0.3896484375 0.0029296875 0.004557291666666667
0 0.545166015625 0.3994140625 0.00732421875 0.026692708333333332
1 0.67041015625 0.3948567708333333 0.0107421875 0.016276041666666668
0 0.672119140625 0.4339192708333333 0.03662109375 0.099609375
1 0.68017578125 0.4222005208333333 0.0126953125 0.024088541666666668
0 0.684814453125 0.4641927083333333 0.04443359375 0.11067708333333333
1 0.68798828125 0.3990885416666667 0.0048828125 0.009114583333333334
0 0.690673828125 0.4182942708333333 0.01806640625 0.052734375
1 0.76318359375 0.39453125 0.0068359375 0.009114583333333334
0 0.7626953125 0.4189453125 0.0185546875 0.06315104166666667
1 0.78955078125 0.3880208333333333 0.0068359375 0.010416666666666666
0 0.78759765625 0.4163411458333333 0.025390625 0.06966145833333333
1 0.80078125 0.3916015625 0.0048828125 0.005859375
0 0.7998046875 0.4117838541666667 0.017578125 0.048828125
1 0.813232421875 0.3837890625 0.00341796875 0.004557291666666667
0 0.814453125 0.3955078125 0.009765625 0.031901041666666664
1 0.827880859375 0.3854166666666667 0.00341796875 0.005208333333333333
0 0.827880859375 0.3968098958333333 0.01123046875 0.031901041666666664
1 0.870849609375 0.37890625 0.00439453125 0.006510416666666667
0 0.868896484375 0.3994140625 0.01611328125 0.048828125
1 0.88330078125 0.3932291666666667 0.00390625 0.006510416666666667
0 0.88671875 0.4127604166666667 0.015625 0.053385416666666664
1 0.94482421875 0.3772786458333333 0.0048828125 0.007161458333333333
0 0.94140625 0.3896484375 0.0107421875 0.034505208333333336
1 0.938232421875 0.3759765625 0.00341796875 0.004557291666666667
0 0.936767578125 0.3889973958333333 0.01416015625 0.037109375
1 0.77294921875 0.3850911458333333 0.00390625 0.005859375
0 0.773193359375 0.3977864583333333 0.01318359375 0.03515625
1 0.7626953125 0.3997395833333333 0.00390625 0.006510416666666667
0 0.762451171875 0.4075520833333333 0.01611328125 0.026041666666666668
1 0.771240234375 0.3948567708333333 0.00537109375 0.008463541666666666
0 0.76806640625 0.4163411458333333 0.0185546875 0.056640625
1 0.74365234375 0.3893229166666667 0.005859375 0.010416666666666666
0 0.741943359375 0.4104817708333333 0.02099609375 0.055338541666666664
1 0.714599609375 0.3896484375 0.00634765625 0.008463541666666666
0 0.71484375 0.4085286458333333 0.015625 0.048828125
1 0.709716796875 0.400390625 0.00732421875 0.010416666666666666
0 0.710693359375 0.4248046875 0.02197265625 0.06705729166666667
1 0.50439453125 0.4182942708333333 0.005859375 0.008463541666666666
0 0.50537109375 0.439453125 0.029296875 0.057291666666666664