1 0.8662109375 0.6162876008804109 0.0888671875 0.13499633162142333
0 0.81298828125 0.7593543653705063 0.3740234375 0.4812912692589875
1 0.8623046875 0.6122523844460749 0.0830078125 0.1269258987527513
0 0.802734375 0.7773294203961849 0.39453125 0.44534115920763023
1 0.67236328125 0.5440205429200293 0.0546875 0.0946441672780631
0 0.67138671875 0.7454145267791636 0.1689453125 0.5091709464416728
1 0.50048828125 0.49926632428466616 0.06640625 0.11665443873807776
0 0.518310546875 0.7201027146001467 0.23681640625 0.5597945707997065
1 0.429443359375 0.5667644900953779 0.05029296875 0.09317681584739546
0 0.3486328125 0.7589875275128394 0.2138671875 0.48202494497432136
1 0.056640625 0.2483492296404989 0.11328125 0.2589875275128393
0 0.265869140625 0.5513573000733676 0.53173828125 0.8972853998532648
1 0.14208984375 0.45634629493763756 0.080078125 0.1305942773294204
0 0.225341796875 0.6914893617021277 0.45068359375 0.6170212765957447
1 0.2314453125 0.5051357300073368 0.080078125 0.14159941305942772
0 0.210205078125 0.7131327953044754 0.42041015625 0.5737344093910491
1 0.248291015625 0.5902421129860601 0.06005859375 0.09024211298606016
0 0.17724609375 0.7655906089508437 0.294921875 0.46881878209831257