1 0.029615384615384616 0.6017745302713987 0.016153846153846154 0.026096033402922755
0 0.026153846153846153 0.6831941544885177 0.047692307692307694 0.2035490605427975
1 0.06423076923076923 0.5902922755741128 0.014615384615384615 0.024008350730688934
0 0.06538461538461539 0.6722338204592901 0.052307692307692305 0.20876826722338204
1 0.10653846153846154 0.5835073068893528 0.031538461538461536 0.05010438413361169
0 0.095 0.6983298538622129 0.09307692307692307 0.2964509394572025
1 0.16615384615384615 0.558455114822547 0.03538461538461538 0.05219206680584551
0 0.1473076923076923 0.7197286012526096 0.09307692307692307 0.38100208768267224
1 0.2403846153846154 0.5360125260960334 0.036153846153846154 0.05741127348643006
0 0.2246153846153846 0.7249478079331941 0.1 0.4561586638830898
1 0.31461538461538463 0.5219206680584552 0.043076923076923075 0.060542797494780795
0 0.30038461538461536 0.7312108559498957 0.14076923076923076 0.49582463465553234
1 0.38153846153846155 0.5720250521920668 0.02923076923076923 0.04801670146137787
0 0.38769230769230767 0.7275574112734864 0.08461538461538462 0.37160751565762007
1 0.4592307692307692 0.5542797494780793 0.038461538461538464 0.05845511482254697
0 0.46 0.7453027139874739 0.1123076923076923 0.453027139874739
1 0.47807692307692307 0.558455114822547 0.031538461538461536 0.04175365344467641
0 0.49230769230769234 0.7160751565762005 0.0876923076923077 0.37160751565762007
1 0.5169230769230769 0.5501043841336117 0.02923076923076923 0.04384133611691023
0 0.5223076923076924 0.6868475991649269 0.09230769230769231 0.325678496868476
1 0.5657692307692308 0.5662839248434238 0.036153846153846154 0.05323590814196242
0 0.5803846153846154 0.7150313152400835 0.09 0.3569937369519833
1 0.5953846153846154 0.5266179540709812 0.02923076923076923 0.0511482254697286
0 0.6069230769230769 0.6591858037578288 0.06615384615384616 0.33507306889352817
1 0.6853846153846154 0.5365344467640919 0.026153846153846153 0.05219206680584551
0 0.6907692307692308 0.6910229645093946 0.12 0.3757828810020877
1 0.708076923076923 0.5360125260960334 0.031538461538461536 0.05323590814196242
0 0.7180769230769231 0.697286012526096 0.07307692307692308 0.3778705636743215
1 0.7376923076923076 0.5506263048016702 0.024615384615384615 0.03444676409185804
0 0.7511538461538462 0.6680584551148225 0.08384615384615385 0.2860125260960334
1 0.7588461538461538 0.5610647181628392 0.019230769230769232 0.028183716075156576
0 0.7742307692307693 0.6591858037578288 0.07307692307692308 0.25156576200417535
1 0.9657692307692308 0.5339248434237995 0.03307692307692308 0.049060542797494784
0 0.9638461538461538 0.662839248434238 0.07230769230769231 0.31941544885177453