1 0.09788223140495868 0.6820987654320988 0.031508264462809916 0.06404320987654322
0 0.10588842975206611 0.7991898148148148 0.15754132231404958 0.3074845679012346
1 0.15637913223140495 0.691358024691358 0.02918388429752066 0.05941358024691358
0 0.15082644628099173 0.808641975308642 0.18078512396694216 0.2986111111111111
1 0.2172004132231405 0.6965663580246914 0.029958677685950414 0.05285493827160494
0 0.21758780991735538 0.7918595679012346 0.1753615702479339 0.2619598765432099
1 0.296745867768595 0.7820216049382716 0.029958677685950414 0.05555555555555555
0 0.2821539256198347 0.8616898148148148 0.10459710743801653 0.23032407407407407
1 0.28447830578512395 0.6720679012345679 0.027117768595041322 0.05864197530864197
0 0.25206611570247933 0.7810570987654321 0.14566115702479338 0.2789351851851852
1 0.3212809917355372 0.6658950617283951 0.028925619834710745 0.05632716049382716
0 0.32735020661157027 0.7673611111111112 0.0803202479338843 0.26080246913580246
1 0.40792871900826444 0.7000385802469136 0.028667355371900828 0.057484567901234566
0 0.3987603305785124 0.7939814814814815 0.09710743801652892 0.2569444444444444
1 0.44111570247933884 0.7928240740740741 0.027892561983471075 0.05864197530864197
0 0.4287190082644628 0.8607253086419753 0.11983471074380166 0.20601851851851852
1 0.45867768595041325 0.6741898148148148 0.027892561983471075 0.05439814814814815
0 0.45648243801652894 0.7719907407407407 0.09943181818181818 0.25540123456790126
1 0.5259555785123967 0.6940586419753086 0.03021694214876033 0.05709876543209876
0 0.5200154958677686 0.7966820987654321 0.13868801652892562 0.2638888888888889
1 0.5854855371900827 0.6770833333333334 0.027892561983471075 0.05709876543209876
0 0.5720557851239669 0.7754629629629629 0.16993801652892562 0.2646604938271605
1 0.6326188016528925 0.6807484567901234 0.02556818181818182 0.05439814814814815
0 0.6444989669421488 0.7791280864197531 0.1206095041322314 0.25887345679012347
1 0.6323605371900827 0.8209876543209876 0.027117768595041322 0.05555555555555555
0 0.5714101239669421 0.8780864197530864 0.17381198347107438 0.16820987654320987
1 0.668904958677686 0.6994598765432098 0.028925619834710745 0.05092592592592592
0 0.6890495867768595 0.8047839506172839 0.11260330578512397 0.2777777777777778
1 0.7388946280991735 0.6784336419753086 0.029442148760330578 0.060570987654320986
0 0.734375 0.7959104938271605 0.11234504132231404 0.30478395061728397
1 0.8446539256198347 0.7513503086419753 0.03331611570247934 0.061342592592592594
0 0.8392303719008265 0.8323688271604939 0.0922004132231405 0.23958333333333334
1 0.9633264462809917 0.5702160493827161 0.03202479338842975 0.05709876543209876
0 0.9588068181818182 0.7426697530864198 0.08238636363636363 0.408179012345679
1 0.8932076446280992 0.5788966049382716 0.030733471074380167 0.048996913580246916
0 0.8835227272727273 0.7474922839506173 0.12293388429752067 0.41087962962962965
1 0.8396177685950413 0.5717592592592593 0.02634297520661157 0.05555555555555555
0 0.8391012396694215 0.7218364197530864 0.190599173553719 0.3626543209876543
1 0.7873192148760331 0.5995370370370371 0.028667355371900828 0.05092592592592592
0 0.7870609504132231 0.7413194444444444 0.10511363636363637 0.3599537037037037
1 0.7297262396694215 0.5916280864197531 0.021952479338842975 0.04822530864197531
0 0.7356663223140496 0.7326388888888888 0.17742768595041322 0.3449074074074074
1 0.6809142561983471 0.5775462962962963 0.02660123966942149 0.05324074074074074
0 0.6828512396694215 0.7264660493827161 0.11621900826446281 0.3595679012345679
1 0.6287448347107438 0.5877700617283951 0.02453512396694215 0.048996913580246916
0 0.6246126033057852 0.7241512345679012 0.17794421487603307 0.3333333333333333
1 0.5613378099173554 0.5709876543209876 0.02763429752066116 0.05787037037037037
0 0.5550103305785123 0.7224151234567902 0.1446280991735537 0.3630401234567901
1 0.512525826446281 0.5860339506172839 0.024018595041322314 0.05092592592592592
0 0.5046487603305785 0.7235725308641975 0.1606404958677686 0.33603395061728397
1 0.45105888429752067 0.5709876543209876 0.025051652892561983 0.047839506172839504
0 0.45583677685950413 0.7166280864197531 0.12706611570247933 0.35300925925925924
1 0.40276342975206614 0.5810185185185185 0.02453512396694215 0.04938271604938271
0 0.39669421487603307 0.7191358024691358 0.1131198347107438 0.33564814814814814
1 0.35395144628099173 0.5628858024691358 0.02556818181818182 0.04938271604938271
0 0.3543388429752066 0.701195987654321 0.0981404958677686 0.3422067901234568
1 0.2962293388429752 0.5671296296296297 0.02634297520661157 0.05246913580246913
0 0.2950671487603306 0.6923225308641975 0.07050619834710743 0.30439814814814814
1 0.2675619834710744 0.5684799382716049 0.02737603305785124 0.05285493827160494
0 0.2671745867768595 0.7000385802469136 0.06895661157024793 0.31983024691358025
1 0.1962809917355372 0.5754243827160493 0.02634297520661157 0.05439814814814815
0 0.18078512396694216 0.7283950617283951 0.10278925619834711 0.3587962962962963
1 0.14178719008264462 0.5688657407407407 0.027892561983471075 0.055169753086419755
0 0.14824380165289255 0.7218364197530864 0.10795454545454546 0.36574074074074076
1 0.08897210743801653 0.5680941358024691 0.029700413223140498 0.059027777777777776
0 0.07618801652892562 0.7127700617283951 0.06353305785123967 0.36072530864197533
1 0.057334710743801656 0.5952932098765432 0.005681818181818182 0.010030864197530864
0 0.05785123966942149 0.6168981481481481 0.011880165289256199 0.05478395061728395
1 0.03848140495867768 0.5952932098765432 0.0046487603305785125 0.008487654320987654
0 0.03886880165289256 0.6184413580246914 0.017303719008264464 0.05632716049382716
1 0.01652892561983471 0.5958719135802469 0.004132231404958678 0.008101851851851851
0 0.018465909090909092 0.6140046296296297 0.01162190082644628 0.04513888888888889
1 0.013171487603305785 0.5952932098765432 0.003615702479338843 0.004629629629629629
0 0.010588842975206611 0.6157407407407407 0.014979338842975207 0.046296296296296294
1 0.007360537190082644 0.5947145061728395 0.0023243801652892563 0.003472222222222222
0 0.007102272727272727 0.6037808641975309 0.005423553719008265 0.023148148148148147
1 0.0027117768595041323 0.5925925925925926 0.0023243801652892563 0.0030864197530864196
0 0.002840909090909091 0.5997299382716049 0.005681818181818182 0.01890432098765432
1 0.020790289256198347 0.5916280864197531 0.002840909090909091 0.003472222222222222
0 0.0215650826446281 0.5999228395061729 0.008006198347107437 0.021604938271604937