1 0.026875 0.8308333333333333 0.04375 0.065
0 0.049375 0.8966666666666666 0.09875 0.20666666666666667
1 0.138125 0.7766666666666666 0.01625 0.023333333333333334
0 0.131875 0.845 0.06125 0.16666666666666666
1 0.1425 0.8325 0.03 0.045
0 0.158125 0.9025 0.11625 0.195
1 0.240625 0.8266666666666667 0.03625 0.06
0 0.251875 0.8975 0.10875 0.205
1 0.18125 0.7916666666666666 0.02 0.02666666666666667
0 0.17625 0.8558333333333333 0.0475 0.16833333333333333
1 0.208125 0.8166666666666667 0.02125 0.03
0 0.20625 0.8891666666666667 0.0475 0.18166666666666667
1 0.24875 0.7966666666666666 0.0225 0.03333333333333333
0 0.25375 0.8658333333333333 0.0525 0.18166666666666667
1 0.31125 0.7675 0.015 0.021666666666666667
0 0.304375 0.8275 0.05125 0.15166666666666667
1 0.333125 0.7891666666666667 0.01875 0.028333333333333332
0 0.328125 0.8691666666666666 0.05625 0.19833333333333333
1 0.348125 0.7716666666666666 0.01375 0.02
0 0.35125 0.8341666666666666 0.0375 0.155
1 0.380625 0.7741666666666667 0.01875 0.03166666666666667
0 0.38125 0.86 0.05 0.21
1 0.3925 0.8033333333333333 0.0225 0.04
0 0.396875 0.8883333333333333 0.06625 0.22333333333333333
1 0.433125 0.7733333333333333 0.01625 0.02
0 0.43 0.8366666666666667 0.04 0.15666666666666668
1 0.455625 0.7716666666666666 0.01875 0.02666666666666667
0 0.454375 0.8491666666666666 0.05125 0.195
1 0.5075 0.7825 0.025 0.041666666666666664
0 0.498125 0.8783333333333333 0.08875 0.24333333333333335
1 0.55625 0.7758333333333334 0.015 0.021666666666666667
0 0.560625 0.8233333333333334 0.03875 0.12333333333333334
1 0.585625 0.7758333333333334 0.01375 0.018333333333333333
0 0.590625 0.8183333333333334 0.03375 0.10666666666666667
1 0.559375 0.8325 0.01625 0.025
0 0.56125 0.8725 0.045 0.11166666666666666
1 0.580625 0.8366666666666667 0.01625 0.02666666666666667
0 0.585 0.8716666666666667 0.04 0.11
1 0.6125 0.9083333333333333 0.0525 0.14333333333333334
0 0.6125 0.9083333333333333 0.0525 0.14333333333333334
1 0.639375 0.84 0.01625 0.023333333333333334
0 0.629375 0.8708333333333333 0.05125 0.10166666666666667
1 0.6725 0.765 0.01 0.013333333333333334
0 0.67375 0.8008333333333333 0.0375 0.095
1 0.705625 0.79 0.01625 0.02666666666666667
0 0.705625 0.8591666666666666 0.05625 0.17166666666666666
1 0.71875 0.7725 0.0175 0.025
0 0.719375 0.8408333333333333 0.04875 0.155
1 0.683125 0.8666666666666667 0.02375 0.03
0 0.688125 0.925 0.05625 0.15
1 0.69875 0.8533333333333334 0.02 0.023333333333333334
0 0.695 0.91 0.0625 0.14333333333333334
1 0.74375 0.8725 0.0225 0.035
0 0.7425 0.925 0.055 0.15
1 0.74375 0.7591666666666667 0.01 0.018333333333333333
0 0.7425 0.8166666666666667 0.035 0.14
1 0.780625 0.7733333333333333 0.01375 0.023333333333333334
0 0.771875 0.835 0.04875 0.15666666666666668
1 0.78625 0.7891666666666667 0.0175 0.021666666666666667
0 0.78125 0.8641666666666666 0.055 0.185
1 0.814375 0.7991666666666667 0.01875 0.035
0 0.811875 0.8866666666666667 0.05875 0.21333333333333335
1 0.83875 0.7875 0.0125 0.018333333333333333
0 0.83875 0.8425 0.0325 0.135
1 0.858125 0.7933333333333333 0.02125 0.03333333333333333
0 0.85625 0.8833333333333333 0.065 0.22
1 0.904375 0.7841666666666667 0.01375 0.021666666666666667
0 0.9025 0.8375 0.035 0.13833333333333334
1 0.929375 0.7866666666666666 0.01375 0.02
0 0.92375 0.8425 0.0375 0.14166666666666666
1 0.951875 0.8008333333333333 0.02375 0.03833333333333333
0 0.94 0.885 0.1125 0.23
1 0.9825 0.8716666666666667 0.035 0.11333333333333333
0 0.955625 0.905 0.08875 0.19