1 0.8418803418803419 0.4983471074380165 0.0231990231990232 0.06776859504132231
0 0.8809523809523809 0.6743801652892562 0.10866910866910867 0.43636363636363634
1 0.9658119658119658 0.4479338842975207 0.015873015873015872 0.049586776859504134
0 0.9764957264957265 0.543801652892562 0.04700854700854701 0.2611570247933884
1 0.974053724053724 0.34628099173553717 0.015262515262515262 0.04462809917355372
0 0.981074481074481 0.4479338842975207 0.03785103785103785 0.27768595041322314
1 0.9010989010989011 0.43636363636363634 0.017094017094017096 0.03966942148760331
0 0.9178876678876678 0.5628099173553719 0.06288156288156288 0.30247933884297523
1 0.8785103785103785 0.428099173553719 0.01098901098901099 0.03305785123966942
0 0.8904151404151404 0.5148760330578512 0.043345543345543344 0.21652892561983472
1 0.7002442002442002 0.6413223140495867 0.013431013431013432 0.04297520661157025
0 0.7188644688644689 0.7818181818181819 0.05555555555555555 0.32727272727272727
1 0.7451159951159951 0.6190082644628099 0.016483516483516484 0.047933884297520664
0 0.760989010989011 0.7495867768595041 0.07631257631257632 0.31900826446280994
1 0.6666666666666666 0.7611570247933884 0.04151404151404151 0.14049586776859505
0 0.681013431013431 0.8413223140495868 0.11172161172161173 0.31735537190082647
1 0.5708180708180708 0.7735537190082644 0.0231990231990232 0.05950413223140496
0 0.5888278388278388 0.8644628099173554 0.07387057387057387 0.27107438016528923
1 0.6132478632478633 0.7148760330578512 0.014041514041514042 0.0512396694214876
0 0.6248473748473748 0.8404958677685951 0.03968253968253968 0.30578512396694213
1 0.5973748473748474 0.7173553719008264 0.015262515262515262 0.04628099173553719
0 0.6056166056166056 0.8404958677685951 0.0463980463980464 0.31900826446280994
1 0.5311355311355311 0.7876033057851239 0.014652014652014652 0.04462809917355372
0 0.5436507936507936 0.8809917355371901 0.045787545787545784 0.23801652892561984
1 0.5018315018315018 0.8239669421487603 0.017094017094017096 0.03801652892561983
0 0.5073260073260073 0.8983471074380165 0.045177045177045176 0.20330578512396694
1 0.4355921855921856 0.8462809917355372 0.014041514041514042 0.03966942148760331
0 0.4435286935286935 0.9074380165289256 0.04945054945054945 0.18512396694214875
1 0.33485958485958484 0.915702479338843 0.027472527472527472 0.08264462809917356
0 0.3443223443223443 0.9338842975206612 0.07814407814407814 0.1322314049586777
1 0.2771672771672772 0.8446280991735537 0.020757020757020756 0.06611570247933884
0 0.27533577533577536 0.9 0.06471306471306472 0.2
1 0.7936507936507936 0.5355371900826447 0.002442002442002442 0.006611570247933884
0 0.7957875457875457 0.552892561983471 0.01282051282051282 0.05454545454545454
1 0.7863247863247863 0.5603305785123966 0.013431013431013432 0.049586776859504134
0 0.7863247863247863 0.5603305785123966 0.013431013431013432 0.049586776859504134
1 0.7713675213675214 0.5512396694214876 0.004273504273504274 0.011570247933884297
0 0.775946275946276 0.5768595041322314 0.018315018315018316 0.06942148760330578