1 0.8586538461538461 0.2964912280701754 0.04230769230769231 0.10175438596491228
0 0.8557692307692307 0.5719298245614035 0.13846153846153847 0.6596491228070176
1 0.7793269230769231 0.4236842105263158 0.0375 0.09298245614035087
0 0.7735576923076923 0.6491228070175439 0.10865384615384616 0.5649122807017544
1 0.7129807692307693 0.4166666666666667 0.03365384615384615 0.0824561403508772
0 0.7168269230769231 0.631578947368421 0.10096153846153846 0.5263157894736842
1 0.6307692307692307 0.4824561403508772 0.032692307692307694 0.08421052631578947
0 0.6331730769230769 0.6675438596491228 0.0798076923076923 0.46842105263157896
1 0.7504807692307692 0.35964912280701755 0.03365384615384615 0.08070175438596491
0 0.7490384615384615 0.5903508771929824 0.08269230769230769 0.5491228070175439
1 0.698076923076923 0.33157894736842103 0.03461538461538462 0.07719298245614035
0 0.6966346153846154 0.5587719298245614 0.0875 0.5491228070175439
1 0.56875 0.34649122807017546 0.03173076923076923 0.08596491228070176
0 0.5649038461538461 0.5842105263157895 0.08942307692307692 0.5684210526315789
1 0.48701923076923076 0.5570175438596491 0.03365384615384615 0.08947368421052632
0 0.4875 0.7140350877192982 0.11153846153846154 0.41754385964912283
1 0.6591346153846154 0.3157894736842105 0.041346153846153845 0.08771929824561403
0 0.6528846153846154 0.5789473684210527 0.10576923076923077 0.631578947368421
1 0.4966346153846154 0.34385964912280703 0.03173076923076923 0.08421052631578947
0 0.48990384615384613 0.5684210526315789 0.09903846153846153 0.5543859649122806
1 0.4264423076923077 0.356140350877193 0.0375 0.08771929824561403
0 0.4168269230769231 0.5982456140350877 0.09903846153846153 0.5964912280701754
1 0.3293269230769231 0.3587719298245614 0.0375 0.08596491228070176
0 0.32211538461538464 0.5964912280701754 0.09807692307692308 0.5719298245614035
1 0.26875 0.35964912280701755 0.035576923076923075 0.08421052631578947
0 0.2639423076923077 0.5842105263157895 0.0875 0.5508771929824562
1 0.2110576923076923 0.34035087719298246 0.0375 0.08771929824561403
0 0.19038461538461537 0.5780701754385965 0.10192307692307692 0.5666666666666667
1 0.08701923076923077 0.28771929824561404 0.041346153846153845 0.08771929824561403
0 0.06778846153846153 0.5421052631578948 0.11057692307692307 0.6491228070175439
1 0.15240384615384617 0.28596491228070176 0.03365384615384615 0.07719298245614035
0 0.14711538461538462 0.5280701754385965 0.09615384615384616 0.5859649122807018
1 0.24711538461538463 0.27631578947368424 0.03461538461538462 0.0824561403508772
0 0.25096153846153846 0.5070175438596491 0.08461538461538462 0.5578947368421052
1 0.32548076923076924 0.2929824561403509 0.03365384615384615 0.07719298245614035
0 0.32019230769230766 0.5228070175438596 0.08846153846153847 0.5543859649122806
1 0.3908653846153846 0.26666666666666666 0.0375 0.09473684210526316
0 0.38846153846153847 0.5149122807017544 0.11538461538461539 0.5982456140350877
1 0.4485576923076923 0.2807017543859649 0.035576923076923075 0.07017543859649122
0 0.44711538461538464 0.4956140350877193 0.09038461538461538 0.5526315789473685
1 0.5322115384615385 0.3 0.03365384615384615 0.07719298245614035
0 0.5322115384615385 0.5166666666666667 0.09326923076923077 0.5210526315789473
1 0.6221153846153846 0.312280701754386 0.03076923076923077 0.07719298245614035
0 0.6120192307692308 0.5342105263157895 0.08173076923076923 0.531578947368421