1 0.99169921875 0.9187408491947291 0.0166015625 0.027818448023426062
0 0.98583984375 0.9509516837481699 0.0283203125 0.09809663250366032
1 0.80224609375 0.9121522693997072 0.0205078125 0.03513909224011713
0 0.810546875 0.9443631039531479 0.07421875 0.11127379209370425
1 0.7138671875 0.9392386530014641 0.0234375 0.03953147877013177
0 0.71435546875 0.9560761346998536 0.0615234375 0.08784773060029283
1 0.66650390625 0.924597364568082 0.0244140625 0.048316251830161056
0 0.66455078125 0.9480234260614934 0.0693359375 0.10395314787701318
1 0.63232421875 0.876281112737921 0.0244140625 0.04538799414348463
0 0.6298828125 0.924597364568082 0.056640625 0.15080527086383602
1 0.7109375 0.8909224011713031 0.025390625 0.0424597364568082
0 0.70166015625 0.9333821376281113 0.0478515625 0.13323572474377746
1 0.580078125 0.9216691068814056 0.0234375 0.04538799414348463
0 0.58154296875 0.9472913616398243 0.0712890625 0.1054172767203514
1 0.52490234375 0.9355783308931186 0.0283203125 0.055636896046852125
0 0.52587890625 0.9516837481698389 0.0732421875 0.09663250366032211
1 0.408203125 0.9480234260614934 0.029296875 0.05417276720351391
0 0.40966796875 0.95900439238653 0.0693359375 0.08199121522693997
1 0.32275390625 0.9502196193265008 0.0283203125 0.055636896046852125
0 0.322265625 0.9597364568081991 0.07421875 0.08052708638360176
1 0.25390625 0.8396778916544656 0.017578125 0.03367496339677892
0 0.2646484375 0.9099560761346999 0.05859375 0.1800878477306003
1 0.9853515625 0.7789165446559297 0.013671875 0.02342606149341142
0 0.97900390625 0.8718887262079063 0.0419921875 0.21815519765739386
1 0.89697265625 0.8060029282576867 0.0185546875 0.03074670571010249
0 0.89501953125 0.8945827232796486 0.0634765625 0.2108345534407028
1 0.9580078125 0.7540263543191801 0.015625 0.02342606149341142
0 0.95703125 0.8265007320644217 0.041015625 0.17423133235724744
1 0.98486328125 0.7240117130307467 0.0126953125 0.01903367496339678
0 0.98193359375 0.7986822840409956 0.0361328125 0.17423133235724744
1 0.99462890625 0.6859443631039531 0.0107421875 0.024890190336749635
0 0.98486328125 0.7628111273792094 0.0302734375 0.18448023426061494
1 0.91748046875 0.7254758418740849 0.0166015625 0.024890190336749635
0 0.923828125 0.8096632503660323 0.046875 0.19912152269399708
1 0.892578125 0.7715959004392386 0.017578125 0.029282576866764276
0 0.89453125 0.8579795021961932 0.048828125 0.21376281112737922
1 0.89990234375 0.7540263543191801 0.0166015625 0.02635431918008785
0 0.904296875 0.8191800878477306 0.0390625 0.17130307467057102
1 0.8828125 0.6961932650073206 0.013671875 0.027818448023426062
0 0.884765625 0.7701317715959004 0.04296875 0.18448023426061494
1 0.85986328125 0.7291361639824304 0.0185546875 0.03513909224011713
0 0.859375 0.8199121522693997 0.056640625 0.22547584187408493
1 0.82861328125 0.7723279648609077 0.0166015625 0.027818448023426062
0 0.8271484375 0.8587115666178624 0.048828125 0.20937042459736457
1 0.7958984375 0.7759882869692533 0.017578125 0.029282576866764276
0 0.79296875 0.8550512445095169 0.048828125 0.19326500732064422
1 0.76318359375 0.7284040995607614 0.0166015625 0.027818448023426062
0 0.763671875 0.821376281112738 0.046875 0.21376281112737922
1 0.72119140625 0.7591508052708639 0.0146484375 0.024890190336749635
0 0.72021484375 0.8345534407027818 0.0439453125 0.1815519765739385
1 0.6787109375 0.8243045387994143 0.021484375 0.040995607613469986
0 0.68408203125 0.8953147877013177 0.0576171875 0.20937042459736457
1 0.60986328125 0.7847730600292826 0.0185546875 0.03513909224011713
0 0.61279296875 0.8814055636896047 0.0517578125 0.2342606149341142
1 0.576171875 0.7415812591508053 0.017578125 0.027818448023426062
0 0.57958984375 0.8118594436310396 0.0517578125 0.17715959004392387
1 0.634765625 0.7166910688140556 0.015625 0.03367496339677892
0 0.6357421875 0.7906295754026355 0.048828125 0.1815519765739385
1 0.44775390625 0.7371888726207906 0.0166015625 0.03074670571010249
0 0.4501953125 0.8243045387994143 0.044921875 0.2108345534407028
1 0.416015625 0.7284040995607614 0.015625 0.03074670571010249
0 0.412109375 0.822108345534407 0.052734375 0.22693997071742314
1 0.3447265625 0.773792093704246 0.01953125 0.03367496339677892
0 0.34765625 0.863103953147877 0.044921875 0.21815519765739386
1 0.32861328125 0.760614934114202 0.0224609375 0.03953147877013177
0 0.31689453125 0.8565153733528551 0.0498046875 0.2342606149341142
1 0.29248046875 0.7796486090775988 0.0146484375 0.03074670571010249
0 0.294921875 0.8469985358711567 0.05078125 0.17130307467057102
1 0.28515625 0.7386530014641288 0.013671875 0.024890190336749635
0 0.28466796875 0.8147877013177159 0.0439453125 0.18887262079062958
1 0.94189453125 0.6896046852122987 0.0107421875 0.02342606149341142
0 0.94091796875 0.7364568081991215 0.0361328125 0.12884333821376281
1 0.953125 0.6625183016105417 0.01171875 0.01903367496339678
0 0.9560546875 0.7086383601756955 0.029296875 0.1171303074670571
1 0.99658203125 0.6068814055636896 0.0068359375 0.013177159590043924
0 0.9931640625 0.6412884333821376 0.013671875 0.0849194729136164
1 0.98876953125 0.5988286969253295 0.0068359375 0.01171303074670571
0 0.98779296875 0.6310395314787701 0.0224609375 0.08784773060029283
1 0.96630859375 0.609809663250366 0.0068359375 0.013177159590043924
0 0.96728515625 0.6478770131771596 0.0205078125 0.09224011713030747
1 0.95068359375 0.6193265007320644 0.0087890625 0.014641288433382138
0 0.951171875 0.6515373352855052 0.02734375 0.0849194729136164
1 0.92529296875 0.6303074670571011 0.0068359375 0.010248901903367497
0 0.92333984375 0.6705710102489019 0.0283203125 0.10248901903367497
1 0.8935546875 0.6346998535871157 0.009765625 0.013177159590043924
0 0.89208984375 0.6691068814055637 0.0302734375 0.09077598828696926
1 0.84619140625 0.6332357247437774 0.0107421875 0.01903367496339678
0 0.8486328125 0.678623718887262 0.029296875 0.11273792093704246
1 0.87646484375 0.6002928257686676 0.0087890625 0.014641288433382138
0 0.8759765625 0.6434846266471449 0.025390625 0.10688140556368961
1 0.9287109375 0.5980966325036603 0.0078125 0.010248901903367497
0 0.92822265625 0.637628111273792 0.0224609375 0.09224011713030747
1 0.8212890625 0.6610541727672035 0.013671875 0.021961932650073207
0 0.82177734375 0.7166910688140556 0.0361328125 0.13323572474377746
1 0.75634765625 0.6551976573938506 0.0107421875 0.01903367496339678
0 0.7587890625 0.7035139092240117 0.033203125 0.12152269399707175
1 0.72998046875 0.6800878477306003 0.0087890625 0.01903367496339678
0 0.73291015625 0.7152269399707174 0.0322265625 0.09809663250366032
1 0.69921875 0.7210834553440703 0.015625 0.027818448023426062
0 0.7001953125 0.7986822840409956 0.0546875 0.191800878477306
1 0.66845703125 0.6617862371888726 0.0087890625 0.014641288433382138
0 0.6630859375 0.718887262079063 0.03515625 0.14348462664714495
1 0.70166015625 0.6530014641288433 0.0107421875 0.017569546120058566
0 0.6982421875 0.6976573938506588 0.033203125 0.10980966325036604
1 0.63037109375 0.6559297218155198 0.0107421875 0.017569546120058566
0 0.62744140625 0.7049780380673499 0.0341796875 0.12445095168374817
1 0.51904296875 0.678623718887262 0.0126953125 0.024890190336749635
0 0.52099609375 0.7415812591508053 0.0439453125 0.15666178623718888
1 0.42431640625 0.7042459736456809 0.0107421875 0.017569546120058566
0 0.42578125 0.7613469985358712 0.0390625 0.1493411420204978
1 0.39404296875 0.6683748169838946 0.0126953125 0.01903367496339678
0 0.3974609375 0.7225475841874085 0.037109375 0.13323572474377746
1 0.4658203125 0.6566617862371888 0.01171875 0.01903367496339678
0 0.46240234375 0.7115666178623719 0.0400390625 0.13469985358711567
1 0.4951171875 0.6449487554904831 0.013671875 0.021961932650073207
0 0.49658203125 0.7064421669106882 0.0341796875 0.1478770131771596
1 0.52099609375 0.6551976573938506 0.0126953125 0.01903367496339678
0 0.5205078125 0.7093704245973645 0.033203125 0.13030746705710103
1 0.52783203125 0.6544655929721815 0.0107421875 0.020497803806734993
0 0.537109375 0.7013177159590044 0.0390625 0.12005856515373353
1 0.5888671875 0.6390922401171303 0.009765625 0.016105417276720352
0 0.58984375 0.6837481698389458 0.033203125 0.10834553440702782
1 0.580078125 0.6178623718887262 0.009765625 0.014641288433382138
0 0.58056640625 0.6595900439238653 0.0361328125 0.10395314787701318
1 0.771484375 0.6383601756954612 0.009765625 0.014641288433382138
0 0.77734375 0.6866764275256223 0.0390625 0.1171303074670571
1 0.79443359375 0.6434846266471449 0.0087890625 0.016105417276720352
0 0.79150390625 0.6830161054172768 0.0244140625 0.10102489019033675
1 0.72705078125 0.6251830161054173 0.0107421875 0.014641288433382138
0 0.7255859375 0.6603221083455344 0.0234375 0.08784773060029283
1 0.74853515625 0.6266471449487555 0.0068359375 0.014641288433382138
0 0.74853515625 0.6625183016105417 0.0283203125 0.09809663250366032
1 0.69775390625 0.6090775988286969 0.0087890625 0.01171303074670571
0 0.6953125 0.6566617862371888 0.025390625 0.11273792093704246
1 0.64501953125 0.6142020497803806 0.0068359375 0.013177159590043924
0 0.6455078125 0.6500732064421669 0.0234375 0.09370424597364568
1 0.6259765625 0.6281112737920937 0.01171875 0.020497803806734993
0 0.6279296875 0.6705710102489019 0.03125 0.11127379209370425
1 0.6162109375 0.6061493411420205 0.0078125 0.01171303074670571
0 0.61279296875 0.6551976573938506 0.0283203125 0.11566617862371889
1 0.8271484375 0.5973645680819912 0.005859375 0.008784773060029283
0 0.828125 0.6251830161054173 0.025390625 0.07027818448023426
1 0.77490234375 0.6149341142020498 0.0087890625 0.014641288433382138
0 0.77392578125 0.6412884333821376 0.0185546875 0.07027818448023426
1 0.80712890625 0.6068814055636896 0.0068359375 0.010248901903367497
0 0.80810546875 0.6361639824304539 0.0224609375 0.07759882869692533
1 0.84814453125 0.5856515373352855 0.0068359375 0.008784773060029283
0 0.849609375 0.6105417276720352 0.01953125 0.06149341142020498
1 0.90966796875 0.5863836017569546 0.0087890625 0.013177159590043924
0 0.90625 0.6215226939970717 0.0234375 0.08638360175695461
1 0.68212890625 0.6120058565153733 0.0068359375 0.01171303074670571
0 0.68017578125 0.6405563689604685 0.0185546875 0.07759882869692533
1 0.671875 0.5966325036603221 0.0078125 0.013177159590043924
0 0.66943359375 0.6281112737920937 0.0244140625 0.07906295754026355
1 0.65283203125 0.6002928257686676 0.0087890625 0.014641288433382138
0 0.65283203125 0.6332357247437774 0.0205078125 0.08638360175695461
1 0.74951171875 0.5937042459736457 0.0087890625 0.016105417276720352
0 0.7451171875 0.6142020497803806 0.01953125 0.06588579795021962
1 0.72900390625 0.6032210834553441 0.0087890625 0.014641288433382138
0 0.724609375 0.6310395314787701 0.0234375 0.07320644216691069
1 0.79931640625 0.91800878477306 0.0244140625 0.043923865300146414
0 0.81689453125 0.9458272327964861 0.0634765625 0.10834553440702782
1 0.7578125 0.7137628111273792 0.013671875 0.024890190336749635
0 0.755859375 0.7825768667642753 0.04296875 0.17423133235724744
1 0.89208984375 0.6207906295754027 0.0068359375 0.01171303074670571
0 0.8916015625 0.6588579795021962 0.03125 0.1054172767203514
1 0.6640625 0.6683748169838946 0.0078125 0.013177159590043924
0 0.6640625 0.698389458272328 0.02734375 0.07320644216691069