1 0.9239583333333333 0.40597667638483964 0.04583333333333333 0.08309037900874636
0 0.9098958333333333 0.6115160349854227 0.16145833333333334 0.5029154518950437
1 0.7536458333333333 0.4030612244897959 0.06145833333333333 0.09475218658892129
0 0.7104166666666667 0.5845481049562682 0.22291666666666668 0.6938775510204082
1 0.6630208333333333 0.577259475218659 0.03854166666666667 0.0728862973760933
0 0.6494791666666667 0.7099125364431487 0.178125 0.3498542274052478
1 0.5416666666666666 0.5962099125364432 0.035416666666666666 0.06705539358600583
0 0.5369791666666667 0.7332361516034985 0.09270833333333334 0.3498542274052478
1 0.5140625 0.6676384839650146 0.023958333333333335 0.029154518950437316
0 0.5015625 0.7514577259475219 0.06770833333333333 0.22011661807580174
1 0.5817708333333333 0.6486880466472303 0.021875 0.043731778425655975
0 0.5817708333333333 0.7346938775510204 0.06145833333333333 0.23323615160349853
1 0.45729166666666665 0.6829446064139941 0.022916666666666665 0.048104956268221574
0 0.4359375 0.7733236151603499 0.08854166666666667 0.24927113702623907
1 0.34375 0.6690962099125365 0.025 0.04664723032069971
0 0.3359375 0.7769679300291545 0.084375 0.27113702623906705
1 0.2838541666666667 0.717201166180758 0.021875 0.037900874635568516
0 0.2828125 0.8075801749271136 0.065625 0.23323615160349853
1 0.21041666666666667 0.7434402332361516 0.027083333333333334 0.04664723032069971
0 0.20677083333333332 0.8294460641399417 0.090625 0.2303206997084548
1 0.12604166666666666 0.7419825072886297 0.027083333333333334 0.052478134110787174
0 0.1359375 0.8367346938775511 0.09270833333333334 0.25072886297376096
1 0.09635416666666667 0.7259475218658892 0.028125 0.04956268221574344
0 0.09895833333333333 0.8214285714285714 0.09791666666666667 0.25801749271137026
1 0.040625 0.7973760932944607 0.020833333333333332 0.04081632653061224
0 0.04479166666666667 0.8731778425655977 0.08333333333333333 0.20699708454810495
1 0.3692708333333333 0.7237609329446064 0.017708333333333333 0.03644314868804665
0 0.37083333333333335 0.8017492711370262 0.05625 0.20408163265306123
1 0.15833333333333333 0.6807580174927114 0.016666666666666666 0.026239067055393587
0 0.16458333333333333 0.7397959183673469 0.058333333333333334 0.15597667638483964
1 0.096875 0.6814868804664723 0.020833333333333332 0.030612244897959183
0 0.09375 0.7427113702623906 0.04583333333333333 0.16472303206997085
1 0.13489583333333333 0.6669096209912536 0.019791666666666666 0.030612244897959183
0 0.1265625 0.7361516034985423 0.04895833333333333 0.17784256559766765
1 0.16510416666666666 0.6209912536443148 0.011458333333333333 0.02040816326530612
0 0.17135416666666667 0.6654518950437318 0.046875 0.12099125364431487
1 0.24010416666666667 0.6465014577259475 0.013541666666666667 0.02478134110787172
0 0.2421875 0.7011661807580175 0.04895833333333333 0.14285714285714285
1 0.2671875 0.6355685131195336 0.013541666666666667 0.02040816326530612
0 0.2677083333333333 0.684402332361516 0.041666666666666664 0.13556851311953352
1 0.2760416666666667 0.6049562682215743 0.0125 0.023323615160349854
0 0.2734375 0.652332361516035 0.053125 0.1239067055393586
1 0.30572916666666666 0.5947521865889213 0.013541666666666667 0.023323615160349854
0 0.3078125 0.6479591836734694 0.051041666666666666 0.13848396501457727
1 0.23489583333333333 0.5685131195335277 0.013541666666666667 0.02040816326530612
0 0.24114583333333334 0.6100583090379009 0.036458333333333336 0.10932944606413994
1 0.4 0.706268221574344 0.01875 0.03644314868804665
0 0.4005208333333333 0.7835276967930029 0.04479166666666667 0.19970845481049562
1 0.403125 0.6683673469387755 0.016666666666666666 0.027696793002915453
0 0.39947916666666666 0.7427113702623906 0.04479166666666667 0.1793002915451895
1 0.4557291666666667 0.5947521865889213 0.011458333333333333 0.02040816326530612
0 0.453125 0.6450437317784257 0.041666666666666664 0.12682215743440234
1 0.40625 0.6180758017492711 0.014583333333333334 0.026239067055393587
0 0.40729166666666666 0.6829446064139941 0.04583333333333333 0.16763848396501457
1 0.37916666666666665 0.60932944606414 0.0125 0.02040816326530612
0 0.378125 0.652332361516035 0.0375 0.12099125364431487
1 0.3541666666666667 0.6457725947521866 0.016666666666666666 0.03206997084548105
0 0.35520833333333335 0.7215743440233237 0.05 0.18950437317784258
1 0.2994791666666667 0.5444606413994169 0.009375 0.016034985422740525
0 0.29583333333333334 0.5670553935860059 0.03125 0.06997084548104957
1 0.36770833333333336 0.5225947521865889 0.010416666666666666 0.016034985422740525
0 0.36770833333333336 0.564868804664723 0.029166666666666667 0.10641399416909621
1 0.396875 0.5597667638483965 0.010416666666666666 0.01749271137026239
0 0.3984375 0.5925655976676385 0.034375 0.09183673469387756
1 0.4322916666666667 0.5619533527696793 0.010416666666666666 0.016034985422740525
0 0.43020833333333336 0.6034985422740525 0.03333333333333333 0.10787172011661808
1 0.4453125 0.5670553935860059 0.011458333333333333 0.01749271137026239
0 0.44479166666666664 0.6122448979591837 0.03333333333333333 0.11661807580174927
1 0.6020833333333333 0.5400874635568513 0.0125 0.018950437317784258
0 0.6026041666666667 0.5896501457725948 0.026041666666666668 0.12682215743440234
1 0.6234375 0.5488338192419825 0.011458333333333333 0.016034985422740525
0 0.6265625 0.5940233236151603 0.026041666666666668 0.1151603498542274
1 0.46510416666666665 0.5408163265306123 0.011458333333333333 0.01749271137026239
0 0.4661458333333333 0.5823615160349854 0.034375 0.10641399416909621
1 0.4401041666666667 0.5386297376093294 0.009375 0.016034985422740525
0 0.4401041666666667 0.5830903790087464 0.034375 0.11370262390670553
1 0.42864583333333334 0.5182215743440233 0.009375 0.018950437317784258
0 0.4276041666666667 0.5583090379008746 0.034375 0.10495626822157435
1 0.40572916666666664 0.5138483965014577 0.011458333333333333 0.016034985422740525
0 0.40208333333333335 0.5524781341107872 0.029166666666666667 0.09912536443148688
1 0.47708333333333336 0.5284256559766763 0.010416666666666666 0.016034985422740525
0 0.478125 0.5670553935860059 0.027083333333333334 0.09912536443148688
1 0.4859375 0.5233236151603499 0.009375 0.014577259475218658
0 0.4875 0.5568513119533528 0.027083333333333334 0.08454810495626822
1 0.46145833333333336 0.5145772594752187 0.008333333333333333 0.014577259475218658
0 0.4609375 0.5553935860058309 0.028125 0.10495626822157435
1 0.3104166666666667 0.49489795918367346 0.008333333333333333 0.013119533527696793
0 0.31302083333333336 0.532069970845481 0.028125 0.09620991253644315
1 0.32916666666666666 0.4897959183673469 0.010416666666666666 0.014577259475218658
0 0.3302083333333333 0.5255102040816326 0.020833333333333332 0.09475218658892129
1 0.5140625 0.500728862973761 0.011458333333333333 0.013119533527696793
0 0.5130208333333334 0.5349854227405247 0.026041666666666668 0.09037900874635568
1 0.528125 0.4868804664723032 0.008333333333333333 0.011661807580174927
0 0.5255208333333333 0.521865889212828 0.023958333333333335 0.09037900874635568
1 0.575 0.4744897959183674 0.008333333333333333 0.013119533527696793
0 0.571875 0.5058309037900874 0.020833333333333332 0.08163265306122448
1 0.7942708333333334 0.4970845481049563 0.009375 0.014577259475218658
0 0.7942708333333334 0.532798833819242 0.028125 0.09475218658892129
1 0.6083333333333333 0.46355685131195334 0.008333333333333333 0.011661807580174927
0 0.6057291666666667 0.49489795918367346 0.021875 0.08892128279883382
1 0.6260416666666667 0.4956268221574344 0.00625 0.008746355685131196
0 0.6276041666666666 0.521865889212828 0.023958333333333335 0.06997084548104957
1 0.06458333333333334 0.5386297376093294 0.010416666666666666 0.018950437317784258
0 0.0703125 0.5801749271137027 0.036458333333333336 0.11078717201166181
1 0.096875 0.5335276967930029 0.010416666666666666 0.01749271137026239
0 0.10625 0.575801749271137 0.03958333333333333 0.11661807580174927
1 0.13697916666666668 0.5182215743440233 0.011458333333333333 0.016034985422740525
0 0.14427083333333332 0.5568513119533528 0.036458333333333336 0.10495626822157435
1 0.16770833333333332 0.5131195335276968 0.010416666666666666 0.01749271137026239
0 0.1765625 0.5481049562682215 0.036458333333333336 0.09620991253644315
1 0.21614583333333334 0.5189504373177842 0.005208333333333333 0.0058309037900874635
0 0.21770833333333334 0.5481049562682215 0.025 0.06705539358600583
1 0.2546875 0.5182215743440233 0.009375 0.013119533527696793
0 0.2578125 0.5524781341107872 0.026041666666666668 0.09037900874635568