1 0.0478515625 0.3834635416666667 0.02734375 0.045572916666666664
0 0.0439453125 0.5 0.06640625 0.2864583333333333
1 0.09765625 0.3684895833333333 0.02734375 0.046875
0 0.10498046875 0.5 0.0966796875 0.3203125
1 0.1025390625 0.4153645833333333 0.03515625 0.052083333333333336
0 0.10595703125 0.5670572916666666 0.1123046875 0.37890625
1 0.04541015625 0.517578125 0.0380859375 0.055989583333333336
0 0.0517578125 0.6796875 0.103515625 0.3880208333333333
1 0.158203125 0.4641927083333333 0.02734375 0.055989583333333336
0 0.15625 0.6002604166666666 0.09765625 0.3333333333333333
1 0.12255859375 0.578125 0.0380859375 0.059895833333333336
0 0.1171875 0.7454427083333334 0.173828125 0.40234375
1 0.1630859375 0.5553385416666666 0.037109375 0.061197916666666664
0 0.16845703125 0.7278645833333334 0.0791015625 0.4088541666666667
1 0.23486328125 0.60546875 0.0380859375 0.057291666666666664
0 0.24072265625 0.7864583333333334 0.1357421875 0.4270833333333333
1 0.25537109375 0.5794270833333334 0.0361328125 0.059895833333333336
0 0.2666015625 0.7395833333333334 0.119140625 0.3932291666666667
1 0.22802734375 0.509765625 0.0341796875 0.055989583333333336
0 0.232421875 0.6484375 0.1171875 0.3567708333333333
1 0.1630859375 0.3001302083333333 0.02734375 0.045572916666666664
0 0.16650390625 0.4186197916666667 0.0966796875 0.2877604166666667
1 0.197265625 0.4055989583333333 0.02734375 0.05078125
0 0.1943359375 0.51953125 0.07421875 0.2838541666666667
1 0.2802734375 0.2916666666666667 0.029296875 0.046875
0 0.29052734375 0.3834635416666667 0.0791015625 0.2513020833333333
1 0.26123046875 0.435546875 0.0302734375 0.055989583333333336
0 0.26123046875 0.5651041666666666 0.0966796875 0.328125
1 0.36669921875 0.4342447916666667 0.0341796875 0.053385416666666664
0 0.37109375 0.5690104166666666 0.091796875 0.3359375
1 0.349609375 0.4583333333333333 0.033203125 0.057291666666666664
0 0.3447265625 0.58984375 0.0859375 0.328125
1 0.3701171875 0.4850260416666667 0.033203125 0.061197916666666664
0 0.37255859375 0.6569010416666666 0.1142578125 0.4127604166666667
1 0.36474609375 0.5345052083333334 0.0341796875 0.05859375
0 0.35498046875 0.7024739583333334 0.1083984375 0.4153645833333333
1 0.3515625 0.65625 0.041015625 0.06510416666666667
0 0.35498046875 0.80859375 0.1220703125 0.3828125
1 0.46826171875 0.3307291666666667 0.0322265625 0.052083333333333336
0 0.47314453125 0.4524739583333333 0.0927734375 0.2981770833333333
1 0.48486328125 0.3040364583333333 0.0244140625 0.040364583333333336
0 0.48486328125 0.4173177083333333 0.0791015625 0.27734375
1 0.46142578125 0.3587239583333333 0.0283203125 0.055989583333333336
0 0.458984375 0.4817708333333333 0.08203125 0.3098958333333333
1 0.423828125 0.3782552083333333 0.029296875 0.05078125
0 0.42138671875 0.4986979166666667 0.0810546875 0.3125
1 0.44384765625 0.4446614583333333 0.0380859375 0.055989583333333336
0 0.43896484375 0.595703125 0.0947265625 0.3658854166666667
1 0.45068359375 0.4837239583333333 0.0322265625 0.045572916666666664
0 0.4453125 0.6315104166666666 0.087890625 0.3567708333333333
1 0.45703125 0.5553385416666666 0.037109375 0.055989583333333336
0 0.44091796875 0.7174479166666666 0.1064453125 0.390625
1 0.4951171875 0.5299479166666666 0.03125 0.049479166666666664
0 0.49951171875 0.677734375 0.0869140625 0.3450520833333333
1 0.53271484375 0.359375 0.0283203125 0.044270833333333336
0 0.5380859375 0.4830729166666667 0.080078125 0.296875
1 0.54443359375 0.4010416666666667 0.0302734375 0.052083333333333336
0 0.53955078125 0.52734375 0.0908203125 0.3151041666666667
1 0.57470703125 0.4427083333333333 0.0322265625 0.057291666666666664
0 0.57421875 0.5709635416666666 0.08984375 0.3216145833333333
1 0.57421875 0.53125 0.041015625 0.059895833333333336
0 0.5673828125 0.6751302083333334 0.0859375 0.3658854166666667
1 0.505859375 0.6354166666666666 0.037109375 0.057291666666666664
0 0.51171875 0.8014322916666666 0.125 0.3971354166666667
1 0.59912109375 0.7532552083333334 0.0361328125 0.05859375
0 0.59375 0.8509114583333334 0.126953125 0.2981770833333333
1 0.62841796875 0.5345052083333334 0.0380859375 0.06380208333333333
0 0.626953125 0.7174479166666666 0.13671875 0.4375
1 0.65380859375 0.6145833333333334 0.0439453125 0.0625
0 0.6650390625 0.78515625 0.142578125 0.4296875
1 0.71630859375 0.6028645833333334 0.0478515625 0.057291666666666664
0 0.72998046875 0.7766927083333334 0.1259765625 0.43359375
1 0.64404296875 0.30859375 0.0263671875 0.0390625
0 0.6455078125 0.37890625 0.0625 0.3020833333333333
1 0.69189453125 0.4127604166666667 0.0341796875 0.0546875
0 0.70263671875 0.5494791666666666 0.1005859375 0.3333333333333333
1 0.72265625 0.34375 0.029296875 0.041666666666666664
0 0.716796875 0.4440104166666667 0.08984375 0.25
1 0.74951171875 0.353515625 0.0263671875 0.04296875
0 0.7578125 0.4479166666666667 0.095703125 0.23958333333333334
1 0.77294921875 0.5748697916666666 0.0439453125 0.07421875
0 0.77294921875 0.7421875 0.1083984375 0.421875
1 0.798828125 0.4518229166666667 0.037109375 0.0625
0 0.7978515625 0.6438802083333334 0.1171875 0.4596354166666667
1 0.82666015625 0.4264322916666667 0.0302734375 0.05078125
0 0.8310546875 0.5579427083333334 0.08984375 0.3763020833333333
1 0.8271484375 0.3248697916666667 0.03125 0.045572916666666664
0 0.8369140625 0.4765625 0.10546875 0.3567708333333333
1 0.86572265625 0.4856770833333333 0.0322265625 0.0546875
0 0.8642578125 0.6328125 0.0859375 0.3671875
1 0.82373046875 0.5930989583333334 0.0400390625 0.06380208333333333
0 0.8291015625 0.7630208333333334 0.115234375 0.453125
1 0.88818359375 0.5748697916666666 0.0361328125 0.06380208333333333
0 0.89013671875 0.744140625 0.0791015625 0.4231770833333333
1 0.9072265625 0.4244791666666667 0.033203125 0.057291666666666664
0 0.9111328125 0.5638020833333334 0.087890625 0.3411458333333333
1 0.9375 0.3033854166666667 0.025390625 0.036458333333333336
0 0.94091796875 0.41015625 0.0810546875 0.2786458333333333
1 0.95849609375 0.3196614583333333 0.0283203125 0.040364583333333336
0 0.95556640625 0.427734375 0.0673828125 0.2591145833333333
1 0.9912109375 0.3678385416666667 0.017578125 0.055989583333333336
0 0.97607421875 0.4817708333333333 0.0478515625 0.2864583333333333
1 0.9541015625 0.462890625 0.03515625 0.053385416666666664
0 0.95068359375 0.5826822916666666 0.0771484375 0.2981770833333333
1 0.97119140625 0.48046875 0.0341796875 0.046875
0 0.9599609375 0.625 0.080078125 0.3359375
1 0.93505859375 0.6451822916666666 0.0419921875 0.06640625
0 0.92041015625 0.8033854166666666 0.1181640625 0.3932291666666667
1 0.9853515625 0.669921875 0.029296875 0.061197916666666664
0 0.97119140625 0.814453125 0.0576171875 0.37109375
1 0.01123046875 0.3196614583333333 0.0224609375 0.040364583333333336
0 0.02880859375 0.4095052083333333 0.0576171875 0.22265625
1 0.02392578125 0.3684895833333333 0.0283203125 0.046875
0 0.02685546875 0.4654947916666667 0.0537109375 0.23307291666666666
1 0.015625 0.3893229166666667 0.03125 0.052083333333333336
0 0.0361328125 0.5364583333333334 0.072265625 0.3255208333333333
1 0.07373046875 0.3287760416666667 0.0302734375 0.04296875
0 0.07421875 0.4108072916666667 0.0546875 0.24088541666666666
1 0.0859375 0.3170572916666667 0.0234375 0.037760416666666664
0 0.08154296875 0.390625 0.0517578125 0.203125
1 0.06689453125 0.3821614583333333 0.0263671875 0.05078125
0 0.06103515625 0.4576822916666667 0.0576171875 0.22005208333333334
1 0.130859375 0.3131510416666667 0.02734375 0.040364583333333336
0 0.125 0.3990885416666667 0.05078125 0.22005208333333334
1 0.17236328125 0.41796875 0.0283203125 0.049479166666666664
0 0.1650390625 0.5143229166666666 0.064453125 0.24739583333333334
1 0.166015625 0.37109375 0.029296875 0.049479166666666664
0 0.16650390625 0.4602864583333333 0.0693359375 0.23046875
1 0.16650390625 0.349609375 0.0263671875 0.037760416666666664
0 0.1611328125 0.4446614583333333 0.06640625 0.23567708333333334
1 0.20458984375 0.3092447916666667 0.0244140625 0.040364583333333336
0 0.20458984375 0.3919270833333333 0.0517578125 0.21614583333333334
1 0.24462890625 0.2903645833333333 0.0224609375 0.036458333333333336
0 0.2412109375 0.380859375 0.0625 0.22786458333333334
1 0.26171875 0.3118489583333333 0.025390625 0.040364583333333336
0 0.25439453125 0.39453125 0.0576171875 0.21354166666666666
1 0.3056640625 0.2819010416666667 0.021484375 0.04296875
0 0.30615234375 0.361328125 0.0498046875 0.20703125
1 0.33935546875 0.3020833333333333 0.0302734375 0.041666666666666664
0 0.3408203125 0.3821614583333333 0.05078125 0.20442708333333334
1 0.2041015625 0.359375 0.025390625 0.049479166666666664
0 0.20263671875 0.4381510416666667 0.0458984375 0.21484375
1 0.22314453125 0.357421875 0.0263671875 0.045572916666666664
0 0.2236328125 0.447265625 0.0625 0.23046875
1 0.2509765625 0.384765625 0.033203125 0.053385416666666664
0 0.2490234375 0.478515625 0.06640625 0.24869791666666666
1 0.28369140625 0.3717447916666667 0.0283203125 0.048177083333333336
0 0.283203125 0.46484375 0.0546875 0.2526041666666667
1 0.27880859375 0.4329427083333333 0.0283203125 0.053385416666666664
0 0.279296875 0.5423177083333334 0.0625 0.2825520833333333
1 0.3154296875 0.3684895833333333 0.029296875 0.052083333333333336
0 0.3095703125 0.4752604166666667 0.064453125 0.2682291666666667
1 0.33251953125 0.3932291666666667 0.0283203125 0.049479166666666664
0 0.333984375 0.4915364583333333 0.0625 0.2903645833333333
1 0.35791015625 0.3626302083333333 0.0302734375 0.04296875
0 0.357421875 0.4641927083333333 0.0546875 0.2513020833333333
1 0.39453125 0.3684895833333333 0.029296875 0.044270833333333336
0 0.3916015625 0.482421875 0.06640625 0.2825520833333333
1 0.42236328125 0.34375 0.0283203125 0.049479166666666664
0 0.41943359375 0.4368489583333333 0.0634765625 0.2513020833333333
1 0.44775390625 0.2669270833333333 0.0263671875 0.052083333333333336
0 0.447265625 0.3684895833333333 0.0703125 0.265625
1 0.47314453125 0.26953125 0.0263671875 0.046875
0 0.470703125 0.3671875 0.068359375 0.2526041666666667
1 0.5244140625 0.3040364583333333 0.021484375 0.037760416666666664
0 0.525390625 0.3919270833333333 0.05078125 0.21875
1 0.5009765625 0.4895833333333333 0.02734375 0.052083333333333336
0 0.509765625 0.615234375 0.09375 0.31640625
1 0.55810546875 0.32421875 0.0166015625 0.036458333333333336
0 0.55908203125 0.4016927083333333 0.0537109375 0.20703125
1 0.6201171875 0.310546875 0.02734375 0.037760416666666664
0 0.60791015625 0.3951822916666667 0.0673828125 0.21744791666666666
1 0.59912109375 0.439453125 0.0322265625 0.061197916666666664
0 0.60205078125 0.5475260416666666 0.0810546875 0.29296875
1 0.63427734375 0.4778645833333333 0.0322265625 0.0625
0 0.634765625 0.595703125 0.0859375 0.3111979166666667
1 0.61181640625 0.5266927083333334 0.0283203125 0.055989583333333336
0 0.6123046875 0.6510416666666666 0.08203125 0.3125
1 0.669921875 0.2897135416666667 0.021484375 0.03515625
0 0.6689453125 0.365234375 0.046875 0.19140625
1 0.681640625 0.2962239583333333 0.017578125 0.03515625
0 0.6796875 0.3528645833333333 0.048828125 0.16666666666666666
1 0.70361328125 0.298828125 0.0283203125 0.045572916666666664
0 0.69482421875 0.3828125 0.0712890625 0.23177083333333334
1 0.7392578125 0.298828125 0.0234375 0.032552083333333336
0 0.736328125 0.380859375 0.048828125 0.21744791666666666
1 0.76513671875 0.3430989583333333 0.0244140625 0.03515625
0 0.76318359375 0.416015625 0.0458984375 0.18880208333333334
1 0.7587890625 0.44921875 0.03125 0.0546875
0 0.76220703125 0.56640625 0.0751953125 0.2942708333333333
1 0.849609375 0.30078125 0.0234375 0.036458333333333336
0 0.853515625 0.37890625 0.052734375 0.203125
1 0.87744140625 0.3098958333333333 0.0244140625 0.044270833333333336
0 0.8779296875 0.376953125 0.044921875 0.18359375
1 0.9052734375 0.291015625 0.03125 0.040364583333333336
0 0.904296875 0.384765625 0.068359375 0.23567708333333334
1 0.95654296875 0.28515625 0.0224609375 0.03125
0 0.95458984375 0.365234375 0.0517578125 0.19661458333333334
1 0.95361328125 0.60546875 0.0341796875 0.052083333333333336
0 0.9404296875 0.7610677083333334 0.091796875 0.3815104166666667
1 0.5537109375 0.2923177083333333 0.025390625 0.029947916666666668
0 0.56103515625 0.376953125 0.0458984375 0.20442708333333334
1 0.28173828125 0.2916666666666667 0.0302734375 0.044270833333333336
0 0.2890625 0.392578125 0.072265625 0.23307291666666666
1 0.48974609375 0.5143229166666666 0.0361328125 0.052083333333333336
0 0.49755859375 0.634765625 0.0712890625 0.2981770833333333
1 0.962890625 0.6419270833333334 0.04296875 0.06770833333333333
0 0.955078125 0.7916666666666666 0.08203125 0.3697916666666667
1 0.7392578125 0.5299479166666666 0.037109375 0.057291666666666664
0 0.73193359375 0.6399739583333334 0.0693359375 0.2903645833333333
1 0.02587890625 0.3665364583333333 0.0302734375 0.048177083333333336
0 0.033203125 0.4654947916666667 0.06640625 0.2565104166666667