1 0.015131578947368421 0.6006944444444444 0.030263157894736843 0.0625
0 0.02236842105263158 0.7569444444444444 0.04473684210526316 0.375
1 0.05526315789473684 0.5590277777777778 0.02368421052631579 0.05324074074074074
0 0.04342105263157895 0.6851851851851852 0.07631578947368421 0.3101851851851852
1 0.15723684210526315 0.5625 0.017105263157894738 0.037037037037037035
0 0.15657894736842104 0.6666666666666666 0.05 0.25925925925925924
1 0.24473684210526317 0.5601851851851852 0.021052631578947368 0.037037037037037035
0 0.24276315789473685 0.6736111111111112 0.05921052631578947 0.27314814814814814
1 0.2769736842105263 0.5717592592592593 0.017105263157894738 0.037037037037037035
0 0.2736842105263158 0.6736111111111112 0.031578947368421054 0.25
1 0.30986842105263157 0.5601851851851852 0.017105263157894738 0.032407407407407406
0 0.30328947368421055 0.6701388888888888 0.05921052631578947 0.2569444444444444
1 0.32894736842105265 0.6319444444444444 0.013157894736842105 0.037037037037037035
0 0.32960526315789473 0.7002314814814815 0.035526315789473684 0.18287037037037038
1 0.35 0.6203703703703703 0.018421052631578946 0.032407407407407406
0 0.35328947368421054 0.6921296296296297 0.04868421052631579 0.18981481481481483
1 0.3861842105263158 0.6307870370370371 0.017105263157894738 0.034722222222222224
0 0.3888157894736842 0.6875 0.046052631578947366 0.18055555555555555
1 0.4125 0.6412037037037037 0.017105263157894738 0.027777777777777776
0 0.41842105263157897 0.6990740740740741 0.05 0.14814814814814814
1 0.4355263157894737 0.6481481481481481 0.015789473684210527 0.027777777777777776
0 0.4388157894736842 0.6932870370370371 0.038157894736842106 0.12731481481481483
1 0.49078947368421055 0.5486111111111112 0.018421052631578946 0.037037037037037035
0 0.49276315789473685 0.6400462962962963 0.04342105263157895 0.24305555555555555
1 0.5269736842105263 0.5856481481481481 0.019736842105263157 0.046296296296296294
0 0.5230263157894737 0.6921296296296297 0.06973684210526315 0.26851851851851855
1 0.6342105263157894 0.5567129629629629 0.021052631578947368 0.04861111111111111
0 0.6296052631578948 0.6655092592592593 0.06447368421052632 0.27546296296296297
1 0.6703947368421053 0.5405092592592593 0.017105263157894738 0.034722222222222224
0 0.6690789473684211 0.6365740740740741 0.04078947368421053 0.2361111111111111
1 0.7177631578947369 0.5416666666666666 0.019736842105263157 0.032407407407407406
0 0.7144736842105263 0.6469907407407407 0.06578947368421052 0.24768518518518517
1 0.7421052631578947 0.5428240740740741 0.013157894736842105 0.03009259259259259
0 0.7473684210526316 0.6261574074074074 0.03684210526315789 0.2013888888888889
1 0.7631578947368421 0.5520833333333334 0.018421052631578946 0.034722222222222224
0 0.7625 0.6469907407407407 0.04078947368421053 0.22916666666666666
1 0.7776315789473685 0.5590277777777778 0.015789473684210527 0.03009259259259259
0 0.7802631578947369 0.6412037037037037 0.039473684210526314 0.20833333333333334
1 0.7986842105263158 0.5555555555555556 0.018421052631578946 0.032407407407407406
0 0.805921052631579 0.6412037037037037 0.046052631578947366 0.20833333333333334