1 0.37578125 0.4629812438302073 0.08385416666666666 0.1362290227048371
0 0.37005208333333334 0.6920039486673247 0.1765625 0.6159921026653504
1 0.46328125 0.4432379072063179 0.0578125 0.14610069101678183
0 0.428125 0.6614017769002961 0.48854166666666665 0.6771964461994077
1 0.56640625 0.4970384995064166 0.05260416666666667 0.11549851924975321
0 0.5752604166666667 0.7048371174728529 0.15260416666666668 0.5903257650542941
1 0.703125 0.45952615992102663 0.06041666666666667 0.1549851924975321
0 0.6953125 0.6811451135241856 0.18541666666666667 0.6377097729516288
1 0.7799479166666666 0.5834155972359328 0.06927083333333334 0.1441263573543929
0 0.8106770833333333 0.7512339585389931 0.1734375 0.49753208292201384
1 0.04401041666666667 0.8455083909180652 0.0109375 0.04639684106614018
0 0.04401041666666667 0.8455083909180652 0.0109375 0.04639684106614018