1 0.9898313492063492 0.572310405643739 0.020337301587301588 0.09700176366843033
0 0.9527529761904762 0.6642416225749559 0.09449404761904762 0.3020282186948854
1 0.8518105158730159 0.5412257495590829 0.041914682539682536 0.08509700176366843
0 0.8702876984126984 0.6708553791887125 0.10813492063492064 0.3558201058201058
1 0.8148561507936508 0.6847442680776014 0.05828373015873016 0.12610229276895943
0 0.8451140873015873 0.8044532627865961 0.13120039682539683 0.39109347442680775
1 0.8480902777777778 0.24779541446208111 0.010168650793650794 0.02292768959435626
0 0.8459821428571429 0.304673721340388 0.026785714285714284 0.1384479717813051
1 0.9154265873015873 0.24074074074074073 0.011408730158730158 0.023809523809523808
0 0.9159226190476191 0.3011463844797178 0.027777777777777776 0.14814814814814814
1 0.9388640873015873 0.2515432098765432 0.013640873015873016 0.033950617283950615
0 0.9402281746031746 0.31900352733686066 0.03720238095238095 0.1697530864197531
1 0.9525049603174603 0.24514991181657847 0.011656746031746032 0.02292768959435626
0 0.9548611111111112 0.31613756613756616 0.0248015873015873 0.16666666666666666
1 0.6716269841269841 0.1558641975308642 0.12301587301587301 0.294973544973545
0 0.6615823412698413 0.501984126984127 0.3038194444444444 0.996031746031746
1 0.31436011904761907 0.2328042328042328 0.14508928571428573 0.2760141093474427
0 0.2978670634920635 0.542989417989418 0.3958333333333333 0.9140211640211641
1 0.15910218253968253 0.2092151675485009 0.10094246031746032 0.19797178130511464
0 0.15711805555555555 0.5548941798941799 0.1783234126984127 0.8902116402116402
1 0.05443948412698413 0.1986331569664903 0.012152777777777778 0.024250440917107582
0 0.053943452380952384 0.26675485008818345 0.03447420634920635 0.16137566137566137
1 0.2126736111111111 0.1986331569664903 0.048859126984126984 0.11772486772486772
0 0.23015873015873015 0.5573192239858906 0.10416666666666667 0.8580246913580247
1 0.42063492063492064 0.22729276895943562 0.008928571428571428 0.02072310405643739
0 0.42224702380952384 0.279320987654321 0.029017857142857144 0.12742504409171077
1 0.4636656746031746 0.44819223985890655 0.021577380952380952 0.04365079365079365
0 0.46589781746031744 0.5319664902998237 0.08606150793650794 0.2138447971781305
1 0.3687996031746032 0.45877425044091713 0.033234126984126984 0.068342151675485
0 0.37983630952380953 0.5376984126984127 0.061755952380952384 0.23148148148148148
1 0.605406746031746 0.43209876543209874 0.025297619047619048 0.04673721340388007
0 0.5649801587301587 0.5097001763668431 0.13343253968253968 0.2037037037037037
1 0.5404265873015873 0.4113756613756614 0.022817460317460316 0.04938271604938271
0 0.5276537698412699 0.4695767195767196 0.07713293650793651 0.17901234567901234
1 0.5860615079365079 0.40299823633156967 0.020337301587301588 0.04409171075837742
0 0.5731646825396826 0.47001763668430335 0.07093253968253968 0.18518518518518517
1 0.621031746031746 0.4052028218694885 0.02132936507936508 0.04585537918871252
0 0.6091269841269841 0.4790564373897707 0.07192460317460317 0.1917989417989418
1 0.42162698412698413 0.3941798941798942 0.01984126984126984 0.047619047619047616
0 0.40637400793650796 0.44929453262786595 0.078125 0.16137566137566137
1 0.8473462301587301 0.40167548500881833 0.022569444444444444 0.04497354497354497
0 0.8405257936507936 0.47354497354497355 0.04811507936507937 0.18077601410934743
1 0.8738839285714286 0.43761022927689597 0.023561507936507936 0.05335097001763668
0 0.8758680555555556 0.49029982363315694 0.04092261904761905 0.1693121693121693
1 0.9145585317460317 0.4096119929453263 0.02058531746031746 0.043209876543209874
0 0.9170386904761905 0.47023809523809523 0.036458333333333336 0.15476190476190477
1 0.9720982142857143 0.3862433862433862 0.01711309523809524 0.031746031746031744
0 0.9734623015873016 0.4402557319223986 0.03373015873015873 0.12125220458553791
1 0.7971230158730159 0.4997795414462081 0.05555555555555555 0.1662257495590829
0 0.7971230158730159 0.4997795414462081 0.05555555555555555 0.1662257495590829