1 0.265625 0.15925925925925927 0.008333333333333333 0.018518518518518517
0 0.26510416666666664 0.1925925925925926 0.030208333333333334 0.0962962962962963
1 0.2911458333333333 0.16111111111111112 0.011458333333333333 0.025925925925925925
0 0.28958333333333336 0.19166666666666668 0.03125 0.10185185185185185
1 0.19270833333333334 0.25092592592592594 0.05 0.10925925925925926
0 0.17916666666666667 0.5657407407407408 0.12083333333333333 0.75
1 0.2640625 0.275 0.04479166666666667 0.10185185185185185
0 0.2609375 0.5657407407407408 0.096875 0.6833333333333333
1 0.340625 0.24166666666666667 0.04375 0.09814814814814815
0 0.3411458333333333 0.5287037037037037 0.09479166666666666 0.6759259259259259
1 0.4015625 0.2324074074074074 0.040625 0.09074074074074075
0 0.4041666666666667 0.5064814814814815 0.08333333333333333 0.6425925925925926
1 0.46197916666666666 0.20833333333333334 0.042708333333333334 0.09074074074074075
0 0.46822916666666664 0.4824074074074074 0.115625 0.65
1 0.5145833333333333 0.24166666666666667 0.04375 0.09814814814814815
0 0.5234375 0.5 0.11354166666666667 0.6296296296296297
1 0.5994791666666667 0.2518518518518518 0.042708333333333334 0.08888888888888889
0 0.60625 0.5212962962962963 0.10208333333333333 0.6462962962962963
1 0.64375 0.287962962962963 0.05625 0.10185185185185185
0 0.6833333333333333 0.587037037037037 0.15 0.7
1 0.6864583333333333 0.26851851851851855 0.05625 0.11851851851851852
0 0.6875 0.6027777777777777 0.14791666666666667 0.7944444444444444
1 0.8135416666666667 0.25462962962962965 0.0625 0.14629629629629629
0 0.8140625 0.5898148148148148 0.16354166666666667 0.8203703703703704
1 0.5546875 0.2537037037037037 0.042708333333333334 0.1037037037037037
0 0.5744791666666667 0.5407407407407407 0.11979166666666667 0.6888888888888889
1 0.475 0.3148148148148148 0.04375 0.0962962962962963
0 0.4765625 0.5657407407407408 0.09895833333333333 0.6092592592592593
1 0.39114583333333336 0.32685185185185184 0.04479166666666667 0.08703703703703704
0 0.3932291666666667 0.5722222222222222 0.08020833333333334 0.6185185185185185