1 0.3862847222222222 0.8268229166666666 0.01253858024691358 0.0234375
0 0.38898533950617287 0.9021990740740741 0.03877314814814815 0.17824074074074073
1 0.42679398148148145 0.8430266203703703 0.015239197530864198 0.024016203703703703
0 0.4244791666666667 0.9153645833333334 0.04224537037037037 0.16927083333333334
1 0.4652777777777778 0.8321759259259259 0.018132716049382717 0.027199074074074073
0 0.4619020061728395 0.9088541666666666 0.03915895061728395 0.18113425925925927
1 0.5160108024691358 0.8525752314814815 0.01273148148148148 0.026909722222222224
0 0.5146604938271605 0.9082754629629629 0.045910493827160496 0.1574074074074074
1 0.5720486111111112 0.8178530092592593 0.010223765432098766 0.01880787037037037
0 0.5771604938271605 0.8556134259259259 0.036265432098765434 0.13425925925925927
1 0.5679976851851852 0.8129340277777778 0.008294753086419753 0.01244212962962963
0 0.5617283950617284 0.8495370370370371 0.03009259259259259 0.09085648148148148
1 0.5963541666666666 0.7958622685185185 0.008294753086419753 0.013599537037037037
0 0.595679012345679 0.8304398148148148 0.023148148148148147 0.08680555555555555
1 0.5678047839506173 0.7932581018518519 0.009066358024691358 0.015335648148148149
0 0.5673225308641975 0.8291377314814815 0.033179012345679014 0.08883101851851852
1 0.5869984567901234 0.7909432870370371 0.010416666666666666 0.021701388888888888
0 0.5874807098765432 0.8230613425925926 0.026041666666666668 0.08998842592592593
1 0.5635609567901234 0.7724247685185185 0.008680555555555556 0.015914351851851853
0 0.5596064814814815 0.8072916666666666 0.03587962962962963 0.08912037037037036
1 0.5461998456790124 0.7544849537037037 0.007908950617283951 0.013020833333333334
0 0.5411844135802469 0.7790798611111112 0.03375771604938271 0.06510416666666667
1 0.5349151234567902 0.7434895833333334 0.006944444444444444 0.011863425925925927
0 0.5285493827160493 0.7721354166666666 0.037037037037037035 0.07146990740740741
1 0.5395447530864198 0.7333622685185185 0.006172839506172839 0.010127314814814815
0 0.5303819444444444 0.7591145833333334 0.03298611111111111 0.06741898148148148
1 0.5286458333333334 0.7296006944444444 0.005979938271604938 0.011284722222222222
0 0.5191936728395061 0.7546296296296297 0.031057098765432098 0.0630787037037037
1 0.5234375 0.7213541666666666 0.007137345679012345 0.011574074074074073
0 0.5141782407407407 0.7463831018518519 0.028742283950617283 0.06278935185185185
1 0.5233410493827161 0.7214988425925926 0.006172839506172839 0.011284722222222222
0 0.5131172839506173 0.7432002314814815 0.025848765432098766 0.058159722222222224
1 0.5067515432098766 0.7139756944444444 0.005401234567901234 0.010127314814814815
0 0.5032793209876543 0.7401620370370371 0.020833333333333332 0.06828703703703703
1 0.4835069444444444 0.7582465277777778 0.010223765432098766 0.019386574074074073
0 0.4826388888888889 0.8158275462962963 0.029320987654320986 0.13859953703703703
1 0.4728973765432099 0.7408854166666666 0.007523148148148148 0.011863425925925927
0 0.4723186728395062 0.7815393518518519 0.017939814814814815 0.09490740740740741
1 0.48369984567901236 0.7274305555555556 0.010223765432098766 0.017939814814814815
0 0.48562885802469136 0.7715567129629629 0.028742283950617283 0.10734953703703703
1 0.4323881172839506 0.7212094907407407 0.0055941358024691355 0.01070601851851852
0 0.4357638888888889 0.7443576388888888 0.030478395061728395 0.05931712962962963
1 0.42669753086419754 0.7236689814814815 0.006558641975308642 0.009837962962962963
0 0.42669753086419754 0.7365451388888888 0.017361111111111112 0.037905092592592594
1 0.5151427469135802 0.7047164351851852 0.005979938271604938 0.008391203703703705
0 0.5146604938271605 0.7170138888888888 0.01273148148148148 0.03414351851851852
1 0.5027006172839507 0.7025462962962963 0.003472222222222222 0.005787037037037037
0 0.5027006172839507 0.7161458333333334 0.013888888888888888 0.03587962962962963
1 0.47280092592592593 0.6982060185185185 0.006944444444444444 0.012152777777777778
0 0.4731867283950617 0.7309027777777778 0.02199074074074074 0.08043981481481481
1 0.46556712962962965 0.6957465277777778 0.00636574074074074 0.01244212962962963
0 0.4624807098765432 0.7288773148148148 0.017939814814814815 0.0798611111111111
1 0.45380015432098764 0.6967592592592593 0.005979938271604938 0.01099537037037037
0 0.4505208333333333 0.7242476851851852 0.016396604938271605 0.06770833333333333
1 0.4488811728395062 0.6893807870370371 0.004629629629629629 0.0078125
0 0.4480131172839506 0.7103587962962963 0.011381172839506173 0.052083333333333336
1 0.43441358024691357 0.6859085648148148 0.004629629629629629 0.008391203703703705
0 0.43373842592592593 0.7118055555555556 0.01408179012345679 0.061342592592592594
1 0.44058641975308643 0.6885127314814815 0.004629629629629629 0.008969907407407407
0 0.4398148148148148 0.7131076388888888 0.011574074074074073 0.06163194444444445
1 0.4184992283950617 0.7207754629629629 0.0055941358024691355 0.008101851851851851
0 0.42158564814814814 0.7317708333333334 0.01408179012345679 0.032407407407407406
1 0.4321952160493827 0.7142650462962963 0.00636574074074074 0.01070601851851852
0 0.4300733024691358 0.7293113425925926 0.01253858024691358 0.042534722222222224
1 0.41628086419753085 0.7100694444444444 0.006172839506172839 0.010416666666666666
0 0.41724537037037035 0.7288773148148148 0.02199074074074074 0.05150462962962963
1 0.4056712962962963 0.7235243055555556 0.005787037037037037 0.008969907407407407
0 0.4117476851851852 0.7290219907407407 0.01871141975308642 0.02228009259259259
1 0.40248842592592593 0.7077546296296297 0.0055941358024691355 0.009837962962962963
0 0.40750385802469136 0.7197627314814815 0.02141203703703704 0.03501157407407408
1 0.375 0.6931423611111112 0.005787037037037037 0.008391203703703705
0 0.3831983024691358 0.7067418981481481 0.022955246913580248 0.03674768518518518
1 0.38136574074074076 0.6873553240740741 0.004243827160493827 0.008969907407407407
0 0.3802083333333333 0.7000868055555556 0.013888888888888888 0.03674768518518518
1 0.421875 0.68359375 0.004243827160493827 0.008969907407407407
0 0.42235725308641975 0.6964699074074074 0.01099537037037037 0.036458333333333336
1 0.412133487654321 0.6880787037037037 0.004822530864197531 0.008101851851851851
0 0.408179012345679 0.7054398148148148 0.015817901234567902 0.046296296296296294
1 0.41541280864197533 0.6850405092592593 0.004436728395061728 0.0078125
0 0.41473765432098764 0.6971932870370371 0.008873456790123456 0.033854166666666664
1 0.4087577160493827 0.6765046296296297 0.005015432098765432 0.008101851851851851
0 0.4060570987654321 0.6980613425925926 0.013503086419753086 0.053530092592592594
1 0.40248842592592593 0.6792534722222222 0.004050925925925926 0.007233796296296296
0 0.40142746913580246 0.6948784722222222 0.008873456790123456 0.039641203703703706
1 0.39718364197530864 0.6779513888888888 0.0038580246913580245 0.006944444444444444
0 0.3959297839506173 0.6951678240740741 0.011766975308641976 0.04542824074074074
1 0.3792438271604938 0.6623263888888888 0.002700617283950617 0.004050925925925926
0 0.37876157407407407 0.6715856481481481 0.009066358024691358 0.02488425925925926
1 0.3732638888888889 0.6618923611111112 0.0030864197530864196 0.004918981481481482
0 0.37355324074074076 0.6711516203703703 0.008294753086419753 0.025752314814814815
1 0.36082175925925924 0.6620370370370371 0.003279320987654321 0.005208333333333333
0 0.36419753086419754 0.6724537037037037 0.013888888888888888 0.031828703703703706
1 0.3589891975308642 0.6809895833333334 0.003472222222222222 0.006655092592592593
0 0.357445987654321 0.6934317129629629 0.01273148148148148 0.033275462962962965
1 0.35281635802469136 0.6775173611111112 0.0030864197530864196 0.006076388888888889
0 0.35291280864197533 0.6895254629629629 0.009837962962962963 0.03125
1 0.35011574074074076 0.6653645833333334 0.005015432098765432 0.007233796296296296
0 0.34587191358024694 0.6814236111111112 0.013888888888888888 0.04050925925925926
1 0.3559027777777778 0.6548032407407407 0.0030864197530864196 0.005208333333333333
0 0.3559027777777778 0.6686921296296297 0.011574074074074073 0.03414351851851852
1 0.3443287037037037 0.6558159722222222 0.003472222222222222 0.005497685185185185
0 0.34442515432098764 0.6665219907407407 0.009066358024691358 0.02806712962962963
1 0.3367091049382716 0.6565393518518519 0.0028935185185185184 0.004050925925925926
0 0.33757716049382713 0.6653645833333334 0.009645061728395061 0.027488425925925927
1 0.3199266975308642 0.6539351851851852 0.003279320987654321 0.005787037037037037
0 0.31722608024691357 0.6662326388888888 0.012152777777777778 0.033275462962962965
1 0.3073881172839506 0.6510416666666666 0.003279320987654321 0.005208333333333333
0 0.3058449074074074 0.6634837962962963 0.009837962962962963 0.032407407407407406
1 0.30082947530864196 0.6474247685185185 0.003279320987654321 0.006076388888888889
0 0.2974537037037037 0.6589988425925926 0.009645061728395061 0.02980324074074074
1 0.2698688271604938 0.6576967592592593 0.002700617283950617 0.004050925925925926
0 0.26938657407407407 0.6660879629629629 0.011381172839506173 0.023148148148148147
1 0.2404513888888889 0.6507523148148148 0.004050925925925926 0.006944444444444444
0 0.23823302469135801 0.6613136574074074 0.011574074074074073 0.028645833333333332
1 0.09182098765432099 0.6231192129629629 0.0019290123456790122 0.003761574074074074
0 0.09162808641975309 0.6316550925925926 0.008101851851851851 0.022569444444444444
1 0.08352623456790123 0.6231192129629629 0.0019290123456790122 0.003761574074074074
0 0.08439429012345678 0.6316550925925926 0.005979938271604938 0.022569444444444444
1 0.6941550925925926 0.7906539351851852 0.007908950617283951 0.014756944444444444
0 0.6932870370370371 0.8307291666666666 0.024691358024691357 0.09953703703703703
1 0.7204861111111112 0.7990451388888888 0.007716049382716049 0.013599537037037037
0 0.7185570987654321 0.8298611111111112 0.026234567901234566 0.08217592592592593
1 0.7149884259259259 0.7855902777777778 0.004436728395061728 0.008680555555555556
0 0.7137345679012346 0.8132233796296297 0.016975308641975308 0.06684027777777778
1 0.7421875 0.7847222222222222 0.005979938271604938 0.013310185185185185
0 0.7423804012345679 0.8094618055555556 0.016010802469135804 0.06452546296296297
1 0.8363233024691358 0.7948495370370371 0.007523148148148148 0.011574074074074073
0 0.8385416666666666 0.8233506944444444 0.021219135802469136 0.0708912037037037
1 0.8616898148148148 0.8166956018518519 0.008101851851851851 0.014756944444444444
0 0.859375 0.8469328703703703 0.01890432098765432 0.08506944444444445
1 0.9385609567901234 0.6888020833333334 0.03452932098765432 0.06278935185185185
0 0.9403935185185185 0.8291377314814815 0.11921296296296297 0.34172453703703703
1 0.9380787037037037 0.6893807870370371 0.03587962962962963 0.06568287037037036
0 0.9347993827160493 0.8266782407407407 0.08371913580246913 0.34664351851851855
1 0.8797260802469136 0.6346932870370371 0.004050925925925926 0.0078125
0 0.878954475308642 0.6542245370370371 0.01099537037037037 0.04976851851851852
1 0.8882137345679012 0.6309317129629629 0.005208333333333333 0.010127314814814815
0 0.8872492283950617 0.6524884259259259 0.013695987654320988 0.05555555555555555
1 0.8648726851851852 0.6248553240740741 0.004822530864197531 0.0078125
0 0.8636188271604939 0.6508969907407407 0.017361111111111112 0.06336805555555555
1 0.8503086419753086 0.6300636574074074 0.005401234567901234 0.008391203703703705
0 0.847608024691358 0.6539351851851852 0.015817901234567902 0.05960648148148148
1 0.8351658950617284 0.6225405092592593 0.004436728395061728 0.008391203703703705
0 0.8336226851851852 0.6462673611111112 0.015239197530864198 0.058159722222222224
1 0.8180941358024691 0.6252893518518519 0.005015432098765432 0.008101851851851851
0 0.8190586419753086 0.6481481481481481 0.012345679012345678 0.05613425925925926
1 0.7826003086419753 0.6273148148148148 0.004629629629629629 0.007523148148148148
0 0.7823109567901234 0.6453993055555556 0.013695987654320988 0.044270833333333336
1 0.7873263888888888 0.6270254629629629 0.004436728395061728 0.007523148148148148
0 0.7892554012345679 0.6455439814814815 0.01099537037037037 0.046296296296296294
1 0.7648533950617284 0.6296296296296297 0.004629629629629629 0.007523148148148148
0 0.7658179012345679 0.6465567129629629 0.013503086419753086 0.04369212962962963
1 0.7975501543209876 0.6228298611111112 0.0028935185185185184 0.005497685185185185
0 0.7963927469135802 0.6362847222222222 0.007908950617283951 0.03298611111111111
1 0.8036265432098766 0.6245659722222222 0.003472222222222222 0.006076388888888889
0 0.8011188271604939 0.6403356481481481 0.010802469135802469 0.04398148148148148
1 0.8116319444444444 0.6296296296296297 0.0036651234567901233 0.005787037037037037
0 0.8106674382716049 0.6474247685185185 0.010223765432098766 0.04311342592592592
1 0.8933256172839507 0.6325231481481481 0.006172839506172839 0.009259259259259259
0 0.8917824074074074 0.6581307870370371 0.018132716049382717 0.06278935185185185
1 0.9091435185185185 0.6346932870370371 0.005015432098765432 0.008969907407407407
0 0.90625 0.6578414351851852 0.017361111111111112 0.06684027777777778
1 0.9385609567901234 0.6323784722222222 0.00636574074074074 0.013020833333333334
0 0.9405864197530864 0.6605902777777778 0.020061728395061727 0.07175925925925926
1 0.9337384259259259 0.6332465277777778 0.004436728395061728 0.009548611111111112
0 0.9317129629629629 0.6563946759259259 0.015432098765432098 0.059895833333333336
1 0.9229359567901234 0.6487268518518519 0.005979938271604938 0.009837962962962963
0 0.9230324074074074 0.6650752314814815 0.012345679012345678 0.04369212962962963
1 0.9886188271604939 0.6410590277777778 0.022762345679012346 0.04195601851851852
0 0.9826388888888888 0.7520254629629629 0.034722222222222224 0.2743055555555556
1 0.7542438271604939 0.6325231481481481 0.0038580246913580245 0.006944444444444444
0 0.7553047839506173 0.6480034722222222 0.011381172839506173 0.04079861111111111
1 0.7418016975308642 0.625 0.0036651234567901233 0.006944444444444444
0 0.7424768518518519 0.6430844907407407 0.01273148148148148 0.04658564814814815
1 0.7347608024691358 0.6242766203703703 0.004243827160493827 0.006076388888888889
0 0.7336033950617284 0.6430844907407407 0.008487654320987654 0.04600694444444445
1 0.6955054012345679 0.6254340277777778 0.004050925925925926 0.006076388888888889
0 0.6961805555555556 0.6426504629629629 0.011188271604938271 0.046296296296296294
1 0.6694637345679012 0.6223958333333334 0.004436728395061728 0.008680555555555556
0 0.6687885802469136 0.6413483796296297 0.016203703703703703 0.04774305555555555
1 0.6377314814814815 0.6252893518518519 0.005015432098765432 0.007523148148148148
0 0.6421682098765432 0.6384548611111112 0.017746913580246913 0.03674768518518518
1 0.6592399691358025 0.6219618055555556 0.004436728395061728 0.006655092592592593
0 0.6618441358024691 0.6346932870370371 0.01273148148148148 0.0390625
1 0.6385030864197531 0.6161747685185185 0.005015432098765432 0.007233796296296296
0 0.6345486111111112 0.6317997685185185 0.013695987654320988 0.04079861111111111
1 0.6306905864197531 0.6176215277777778 0.0028935185185185184 0.003761574074074074
0 0.628858024691358 0.6307870370370371 0.0073302469135802465 0.034722222222222224
1 0.6136188271604939 0.6137152777777778 0.0038580246913580245 0.005787037037037037
0 0.6157407407407407 0.6319444444444444 0.011188271604938271 0.04398148148148148
1 0.6081211419753086 0.6164641203703703 0.0036651234567901233 0.005497685185185185
0 0.6073495370370371 0.6332465277777778 0.009066358024691358 0.04079861111111111
1 0.5933641975308642 0.6153067129629629 0.004243827160493827 0.007233796296296296
0 0.5912422839506173 0.6323784722222222 0.019290123456790122 0.04311342592592592
1 0.5848765432098766 0.6203703703703703 0.0038580246913580245 0.005208333333333333
0 0.5844907407407407 0.6352719907407407 0.008873456790123456 0.03674768518518518
1 0.5935570987654321 0.6153067129629629 0.004243827160493827 0.006655092592592593
0 0.5935570987654321 0.6319444444444444 0.010802469135802469 0.041087962962962965
1 0.5612461419753086 0.6187789351851852 0.003279320987654321 0.005497685185185185
0 0.5621141975308642 0.6325231481481481 0.009645061728395061 0.034722222222222224
1 0.5559413580246914 0.6190682870370371 0.0030864197530864196 0.005497685185185185
0 0.5545910493827161 0.6328125 0.008487654320987654 0.034722222222222224
1 0.5398341049382716 0.6186342592592593 0.0028935185185185184 0.004629629629629629
0 0.5396412037037037 0.6302083333333334 0.00636574074074074 0.028935185185185185
1 0.5326003086419753 0.6221064814814815 0.0023148148148148147 0.003472222222222222
0 0.5325038580246914 0.6325231481481481 0.00636574074074074 0.02546296296296296
1 0.5243055555555556 0.6138599537037037 0.002700617283950617 0.005497685185185185
0 0.5244984567901234 0.6276041666666666 0.009259259259259259 0.03414351851851852
1 0.5160108024691358 0.6177662037037037 0.0030864197530864196 0.005208333333333333
0 0.5153356481481481 0.6291956018518519 0.007908950617283951 0.02980324074074074
1 0.511766975308642 0.6142939814814815 0.0023148148148148147 0.004050925925925926
0 0.5111882716049383 0.6264467592592593 0.006172839506172839 0.03125
1 0.4992283950617284 0.6141493055555556 0.0023148148148148147 0.004340277777777778
0 0.49932484567901236 0.6280381944444444 0.008294753086419753 0.033854166666666664
1 0.4930555555555556 0.6122685185185185 0.0038580246913580245 0.005787037037037037
0 0.4910300925925926 0.6267361111111112 0.010223765432098766 0.036458333333333336
1 0.5034722222222222 0.6121238425925926 0.0023148148148148147 0.003761574074074074
0 0.5033757716049383 0.6258680555555556 0.008680555555555556 0.032407407407407406
1 0.474633487654321 0.6135706018518519 0.003279320987654321 0.005497685185185185
0 0.4738618827160494 0.6261574074074074 0.00945216049382716 0.036458333333333336
1 0.4626736111111111 0.6150173611111112 0.003279320987654321 0.005497685185185185
0 0.46334876543209874 0.6277488425925926 0.008873456790123456 0.033854166666666664
1 0.45534336419753085 0.6202256944444444 0.0036651234567901233 0.006076388888888889
0 0.4540895061728395 0.6306423611111112 0.009645061728395061 0.02806712962962963
1 0.43460648148148145 0.6086516203703703 0.0030864197530864196 0.005497685185185185
0 0.4332561728395062 0.6229745370370371 0.006944444444444444 0.03587962962962963
1 0.43856095679012347 0.6119791666666666 0.0036651234567901233 0.005208333333333333
0 0.43885030864197533 0.6242766203703703 0.008873456790123456 0.03153935185185185
1 0.4079861111111111 0.6087962962962963 0.004243827160493827 0.006944444444444444
0 0.4072145061728395 0.6219618055555556 0.008101851851851851 0.03443287037037037
1 0.39226466049382713 0.6103877314814815 0.002507716049382716 0.004340277777777778
0 0.39187885802469136 0.6221064814814815 0.010223765432098766 0.028935185185185185
1 0.3861882716049383 0.6096643518518519 0.002700617283950617 0.004629629629629629
0 0.38570601851851855 0.6203703703703703 0.005208333333333333 0.028935185185185185
1 0.3465470679012346 0.6064814814814815 0.002507716049382716 0.004050925925925926
0 0.34519675925925924 0.6171875 0.007908950617283951 0.029513888888888888
1 0.33815586419753085 0.6076388888888888 0.003472222222222222 0.004629629629629629
0 0.3385416666666667 0.6183449074074074 0.005015432098765432 0.027199074074074073
1 0.36178626543209874 0.6067708333333334 0.0028935185185185184 0.005787037037037037
0 0.35927854938271603 0.6182002314814815 0.007137345679012345 0.02922453703703704
1 0.32494212962962965 0.6034432870370371 0.0021219135802469135 0.00318287037037037
0 0.32417052469135804 0.6127025462962963 0.006751543209876543 0.024016203703703703
1 0.31645447530864196 0.6051793981481481 0.0028935185185185184 0.004340277777777778
0 0.31635802469135804 0.6158854166666666 0.006944444444444444 0.027488425925925927
1 0.30787037037037035 0.6184895833333334 0.006558641975308642 0.0234375
0 0.30787037037037035 0.6184895833333334 0.006558641975308642 0.0234375
1 0.31037808641975306 0.6034432870370371 0.0023148148148148147 0.004340277777777778
0 0.30941358024691357 0.6144386574074074 0.008487654320987654 0.02922453703703704
1 0.2941743827160494 0.6012731481481481 0.0019290123456790122 0.003472222222222222
0 0.2934992283950617 0.6118344907407407 0.007137345679012345 0.025752314814814815
1 0.2872299382716049 0.6031539351851852 0.002700617283950617 0.004340277777777778
0 0.28742283950617287 0.6135706018518519 0.007716049382716049 0.026909722222222224
1 0.28115354938271603 0.6112557870370371 0.004822530864197531 0.02228009259259259
0 0.28115354938271603 0.6112557870370371 0.004822530864197531 0.02228009259259259
1 0.26456404320987653 0.6035879629629629 0.003279320987654321 0.005208333333333333
0 0.2644675925925926 0.6144386574074074 0.006172839506172839 0.02806712962962963
1 0.2185570987654321 0.6011284722222222 0.0023148148148148147 0.003761574074074074
0 0.21807484567901234 0.6098090277777778 0.007523148148148148 0.02228009259259259
1 0.19820601851851852 0.5992476851851852 0.002507716049382716 0.004050925925925926
0 0.19791666666666666 0.6077835648148148 0.006558641975308642 0.022858796296296297
1 0.1871141975308642 0.5969328703703703 0.002700617283950617 0.004050925925925926
0 0.1873070987654321 0.6060474537037037 0.006944444444444444 0.02459490740740741
1 0.09953703703703703 0.5966435185185185 0.0015432098765432098 0.0028935185185185184
0 0.10030864197530864 0.6034432870370371 0.005015432098765432 0.018229166666666668
1 0.09510030864197531 0.5956307870370371 0.0019290123456790122 0.00318287037037037
0 0.09365354938271606 0.6027199074074074 0.005979938271604938 0.018518518518518517
1 0.06944444444444445 0.5940393518518519 0.0019290123456790122 0.0028935185185185184
0 0.06934799382716049 0.6015625 0.004436728395061728 0.019097222222222224
1 0.059702932098765434 0.5931712962962963 0.001736111111111111 0.0023148148148148147
0 0.05960648148148148 0.6001157407407407 0.004243827160493827 0.017939814814814815
1 0.004822530864197531 0.5896990740740741 0.0015432098765432098 0.0023148148148148147
0 0.004147376543209877 0.5962094907407407 0.004822530864197531 0.016493055555555556
1 0.5424382716049383 0.5762442129629629 0.0030864197530864196 0.004340277777777778
0 0.5423418209876543 0.5868055555555556 0.006751543209876543 0.027777777777777776
1 0.5022183641975309 0.5329861111111112 0.0021219135802469135 0.003472222222222222
0 0.5023148148148148 0.5407986111111112 0.006558641975308642 0.022569444444444444
1 0.652391975308642 0.5274884259259259 0.0011574074074074073 0.0023148148148148147
0 0.6520061728395061 0.5344328703703703 0.005015432098765432 0.017361111111111112
1 0.6669560185185185 0.5390625 0.0013503086419753086 0.0023148148148148147
0 0.6651234567901234 0.5454282407407407 0.008487654320987654 0.01678240740740741
1 0.6723572530864198 0.5366030092592593 0.001736111111111111 0.00318287037037037
0 0.6726466049382716 0.5447048611111112 0.007716049382716049 0.020543981481481483
1 0.6930941358024691 0.5471643518518519 0.004243827160493827 0.011574074074074073
0 0.6930941358024691 0.5471643518518519 0.004243827160493827 0.011574074074074073
1 0.6967592592592593 0.5431134259259259 0.0011574074074074073 0.001736111111111111
0 0.6966628086419753 0.5473090277777778 0.003279320987654321 0.011284722222222222
1 0.7079475308641975 0.5394965277777778 0.0011574074074074073 0.002025462962962963
0 0.7062114197530864 0.5452835648148148 0.006558641975308642 0.014756944444444444
1 0.7335069444444444 0.5625 0.002507716049382716 0.004629629629629629
0 0.732445987654321 0.5729166666666666 0.006558641975308642 0.02662037037037037
1 0.7448881172839507 0.5671296296296297 0.0021219135802469135 0.004050925925925926
0 0.7450810185185185 0.5766782407407407 0.008680555555555556 0.02662037037037037
1 0.7381365740740741 0.5642361111111112 0.0028935185185185184 0.004050925925925926
0 0.7384259259259259 0.5743634259259259 0.008101851851851851 0.027199074074074073
1 0.7780671296296297 0.5622106481481481 0.0021219135802469135 0.003472222222222222
0 0.7780671296296297 0.5710358796296297 0.00636574074074074 0.02228009259259259
1 0.7334104938271605 0.5379050925925926 0.0015432098765432098 0.0023148148148148147
0 0.7334104938271605 0.5428240740740741 0.003472222222222222 0.013888888888888888
1 0.7359182098765432 0.5387731481481481 0.0011574074074074073 0.001736111111111111
0 0.7353395061728395 0.5435474537037037 0.002700617283950617 0.01244212962962963
1 0.7624421296296297 0.5399305555555556 0.001736111111111111 0.0023148148148148147
0 0.7623456790123457 0.5454282407407407 0.003472222222222222 0.014467592592592593
1 0.8813657407407407 0.5652488425925926 0.0019290123456790122 0.00318287037037037
0 0.8830054012345679 0.5726273148148148 0.005979938271604938 0.019097222222222224
1 0.8804976851851852 0.6118344907407407 0.001736111111111111 0.0026041666666666665
0 0.8804976851851852 0.6186342592592593 0.0055941358024691355 0.019675925925925927
1 0.9330632716049383 0.5944733796296297 0.004243827160493827 0.006076388888888889
0 0.9324845679012346 0.6001157407407407 0.006944444444444444 0.02488425925925926
1 0.8908179012345679 0.6002604166666666 0.004243827160493827 0.015914351851851853
0 0.8908179012345679 0.6002604166666666 0.004243827160493827 0.015914351851851853
1 0.9300733024691358 0.5698784722222222 0.001736111111111111 0.0026041666666666665
0 0.9303626543209876 0.5763888888888888 0.005015432098765432 0.017361111111111112
1 0.9389467592592593 0.5729166666666666 0.0021219135802469135 0.0028935185185185184
0 0.9387538580246914 0.5789930555555556 0.004436728395061728 0.016203703703703703
1 0.9423225308641975 0.5730613425925926 0.0015432098765432098 0.0026041666666666665
0 0.9427083333333334 0.5792824074074074 0.004243827160493827 0.015625
1 0.9443479938271605 0.5708912037037037 0.001736111111111111 0.0028935185185185184
0 0.9444444444444444 0.5779803240740741 0.004243827160493827 0.01765046296296296
1 0.9475308641975309 0.5717592592592593 0.0015432098765432098 0.0023148148148148147
0 0.9477237654320988 0.5776909722222222 0.004629629629629629 0.018229166666666668
1 0.33024691358024694 0.5056423611111112 0.0019290123456790122 0.00318287037037037
0 0.33053626543209874 0.5144675925925926 0.005979938271604938 0.02199074074074074
1 0.3353587962962963 0.5075231481481481 0.001736111111111111 0.0028935185185185184
0 0.33468364197530864 0.5150462962962963 0.005015432098765432 0.019097222222222224
1 0.3101851851851852 0.4887152777777778 0.0023148148148148147 0.0028935185185185184
0 0.3099922839506173 0.49710648148148145 0.006172839506172839 0.020833333333333332
1 0.3157793209876543 0.49797453703703703 0.005787037037037037 0.019675925925925927
0 0.3157793209876543 0.49797453703703703 0.005787037037037037 0.019675925925925927
1 0.3349729938271605 0.6079282407407407 0.001736111111111111 0.0028935185185185184
0 0.3347800925925926 0.6173321759259259 0.004822530864197531 0.022858796296296297
1 0.4486882716049383 0.6114004629629629 0.0019290123456790122 0.0028935185185185184
0 0.44839891975308643 0.6228298611111112 0.005979938271604938 0.026909722222222224
1 0.3265817901234568 0.6643518518518519 0.009645061728395061 0.028935185185185185
0 0.3265817901234568 0.6643518518518519 0.009645061728395061 0.028935185185185185
1 0.9567901234567902 0.5784143518518519 0.0015432098765432098 0.0023148148148148147
0 0.9563078703703703 0.5821759259259259 0.004822530864197531 0.011574074074074073