1 0.619375 0.4775 0.05625 0.085
0 0.676875 0.665 0.21875 0.5266666666666666
1 0.523125 0.4633333333333333 0.05125 0.09
0 0.521875 0.6475 0.17625 0.5283333333333333
1 0.400625 0.44333333333333336 0.06125 0.09666666666666666
0 0.37375 0.6441666666666667 0.19 0.5116666666666667
1 0.796875 0.235 0.06625 0.10333333333333333
0 0.799375 0.5366666666666666 0.11125 0.7233333333333334
1 0.706875 0.25416666666666665 0.05375 0.085
0 0.758125 0.53 0.23625 0.6533333333333333
1 0.615 0.2575 0.0525 0.095
0 0.626875 0.5016666666666667 0.14375 0.5933333333333334
1 0.5325 0.2708333333333333 0.0525 0.09166666666666666
0 0.52375 0.5091666666666667 0.1525 0.575
1 0.418125 0.25333333333333335 0.05125 0.08333333333333333
0 0.4175 0.49666666666666665 0.14 0.5933333333333334
1 0.3075 0.25166666666666665 0.05 0.09
0 0.300625 0.5216666666666666 0.15625 0.64
1 0.20875 0.24666666666666667 0.0475 0.08
0 0.205 0.5066666666666667 0.1175 0.6233333333333333
1 0.12875 0.27666666666666667 0.055 0.09333333333333334
0 0.124375 0.545 0.13375 0.64