1 0.06822033898305084 0.27848911651728553 0.0788135593220339 0.14980793854033292
0 0.11567796610169491 0.5096030729833547 0.23135593220338982 0.9807938540332907
1 0.17711864406779662 0.22215108834827144 0.06271186440677966 0.12163892445582586
0 0.1309322033898305 0.5448143405889885 0.2584745762711864 0.8617157490396927
1 0.5127118644067796 0.3873239436619718 0.04915254237288136 0.08578745198463508
0 0.49194915254237287 0.6664532650448144 0.21949152542372882 0.6594110115236875
1 0.9008474576271186 0.3399487836107554 0.10338983050847457 0.15749039692701663
0 0.8067796610169492 0.6235595390524968 0.34067796610169493 0.7528809218950064
1 0.8063559322033899 0.4090909090909091 0.03305084745762712 0.06530089628681178
0 0.7966101694915254 0.5524967989756722 0.1135593220338983 0.6261203585147247
1 0.6741525423728814 0.41165172855313703 0.03135593220338983 0.052496798975672214
0 0.6800847457627118 0.5909090909090909 0.08389830508474576 0.4238156209987196
1 0.5936440677966102 0.5166453265044815 0.0211864406779661 0.034571062740076826
0 0.6169491525423729 0.5992317541613317 0.07288135593220339 0.20742637644046094
1 0.5538135593220339 0.5172855313700384 0.0211864406779661 0.03841229193341869
0 0.576271186440678 0.6120358514724712 0.07796610169491526 0.22791293213828426
1 0.423728813559322 0.5185659411011524 0.03220338983050847 0.06145966709346991
0 0.4152542372881356 0.647887323943662 0.11864406779661017 0.32522407170294493
1 0.2347457627118644 0.5236875800256082 0.03220338983050847 0.058898847631242
0 0.21991525423728814 0.6504481434058899 0.1059322033898305 0.32522407170294493
1 0.14703389830508476 0.48079385403329067 0.019491525423728815 0.03201024327784891
0 0.16228813559322033 0.5537772087067862 0.08559322033898305 0.19078104993597952
1 0.3072033898305085 0.471190781049936 0.027966101694915254 0.04353393085787452
0 0.3292372881355932 0.587708066581306 0.08559322033898305 0.28425096030729835
1 0.30847457627118646 0.5172855313700384 0.030508474576271188 0.05121638924455826
0 0.31271186440677967 0.645326504481434 0.08135593220338982 0.31498079385403327
1 0.40720338983050847 0.4468629961587708 0.019491525423728815 0.02560819462227913
0 0.4088983050847458 0.528169014084507 0.04152542372881356 0.19334186939820744
1 0.37584745762711863 0.4532650448143406 0.016101694915254237 0.02560819462227913
0 0.37245762711864405 0.5256081946222791 0.043220338983050846 0.17541613316261204
1 0.2699152542372881 0.43149807938540335 0.01440677966101695 0.020486555697823303
0 0.27372881355932205 0.4859154929577465 0.03559322033898305 0.13956466069142126