1 0.03 0.8644444444444445 0.0175 0.03111111111111111
0 0.031875 0.9211111111111111 0.05875 0.15777777777777777
1 0.115 0.8988888888888888 0.0275 0.042222222222222223
0 0.105 0.9366666666666666 0.0675 0.12666666666666668
1 0.170625 0.8966666666666666 0.00875 0.02
0 0.173125 0.9288888888888889 0.02125 0.09333333333333334
1 0.224375 0.9277777777777778 0.01625 0.07777777777777778
0 0.224375 0.9277777777777778 0.01625 0.07777777777777778
1 0.35 0.8733333333333333 0.0325 0.06666666666666667
0 0.356875 0.9177777777777778 0.07125 0.16444444444444445
1 0.39625 0.8877777777777778 0.0075 0.015555555555555555
0 0.398125 0.93 0.02125 0.10444444444444445
1 0.433125 0.9055555555555556 0.00375 0.006666666666666667
0 0.4325 0.9244444444444444 0.015 0.05333333333333334
1 0.450625 0.9177777777777778 0.01125 0.04888888888888889
0 0.450625 0.9177777777777778 0.01125 0.04888888888888889
1 0.52 0.9055555555555556 0.005 0.011111111111111112
0 0.52 0.93 0.0175 0.06888888888888889
1 0.540625 0.8944444444444445 0.00625 0.011111111111111112
0 0.54125 0.9277777777777778 0.025 0.08666666666666667
1 0.551875 0.9033333333333333 0.00625 0.011111111111111112
0 0.551875 0.9311111111111111 0.01625 0.07111111111111111
1 0.575 0.9033333333333333 0.005 0.011111111111111112
0 0.574375 0.9277777777777778 0.01875 0.06888888888888889
1 0.626875 0.8911111111111111 0.00875 0.013333333333333334
0 0.624375 0.93 0.03125 0.09555555555555556
1 0.63625 0.8888888888888888 0.0075 0.013333333333333334
0 0.629375 0.9277777777777778 0.02375 0.09555555555555556
1 0.651875 0.8777777777777778 0.01125 0.02666666666666667
0 0.648125 0.9311111111111111 0.03125 0.13777777777777778
1 0.664375 0.8766666666666667 0.01375 0.024444444444444446
0 0.671875 0.9311111111111111 0.04625 0.13777777777777778
1 0.7475 0.8844444444444445 0.01 0.017777777777777778
0 0.741875 0.9266666666666666 0.03125 0.11555555555555555
1 0.758125 0.8922222222222222 0.00625 0.011111111111111112
0 0.756875 0.9233333333333333 0.01875 0.08222222222222222
1 0.775 0.8966666666666666 0.01 0.02
0 0.774375 0.94 0.02875 0.11555555555555555
1 0.83875 0.8777777777777778 0.0225 0.04
0 0.83375 0.9266666666666666 0.0675 0.14666666666666667
1 0.8725 0.8711111111111111 0.0225 0.044444444444444446
0 0.8775 0.9222222222222223 0.07 0.15555555555555556
1 0.926875 0.8777777777777778 0.01125 0.02666666666666667
0 0.93125 0.9288888888888889 0.0475 0.14222222222222222
1 0.965 0.8688888888888889 0.015 0.02666666666666667
0 0.96625 0.9244444444444444 0.055 0.1511111111111111
1 0.273125 0.9111111111111111 0.00625 0.008888888888888889
0 0.27 0.9333333333333333 0.02 0.06222222222222222