1 0.16790123456790124 0.46016260162601624 0.0345679012345679 0.05853658536585366
0 0.17037037037037037 0.5991869918699188 0.10123456790123457 0.35284552845528455
1 0.2462962962962963 0.424390243902439 0.03333333333333333 0.05853658536585366
0 0.2339506172839506 0.5780487804878048 0.09506172839506173 0.3821138211382114
1 0.2895061728395062 0.43333333333333335 0.030864197530864196 0.06341463414634146
0 0.2975308641975309 0.5845528455284553 0.1037037037037037 0.3886178861788618
1 0.32037037037037036 0.4073170731707317 0.03580246913580247 0.06016260162601626
0 0.33209876543209876 0.5699186991869919 0.09876543209876543 0.3853658536585366
1 0.404320987654321 0.44878048780487806 0.03333333333333333 0.06504065040650407
0 0.41172839506172837 0.5959349593495935 0.09259259259259259 0.36910569105691055
1 0.4820987654320988 0.46747967479674796 0.09259259259259259 0.12845528455284552
0 0.4839506172839506 0.691869918699187 0.19753086419753085 0.616260162601626
1 0.5098765432098765 0.4195121951219512 0.024691358024691357 0.04227642276422764
0 0.5135802469135803 0.5219512195121951 0.06419753086419754 0.2601626016260163
1 0.35432098765432096 0.4300813008130081 0.024691358024691357 0.04065040650406504
0 0.3567901234567901 0.5341463414634147 0.044444444444444446 0.25853658536585367