1 0.2047872340425532 0.31379962192816635 0.05319148936170213 0.11531190926275993
0 0.1925531914893617 0.6271266540642723 0.1372340425531915 0.7457466918714556
1 0.34335106382978725 0.3388468809073724 0.05372340425531915 0.1219281663516068
0 0.3316489361702128 0.6370510396975425 0.1398936170212766 0.725897920604915
1 0.46702127659574466 0.35255198487712663 0.05 0.11342155009451796
0 0.45930851063829786 0.6465028355387523 0.15265957446808512 0.7069943289224953
1 0.6 0.32419659735349715 0.05106382978723404 0.11720226843100189
0 0.6023936170212766 0.6304347826086957 0.14095744680851063 0.7391304347826086
1 0.726063829787234 0.30482041587901704 0.052127659574468084 0.10680529300567108
0 0.738563829787234 0.6242911153119093 0.14202127659574468 0.7514177693761814
1 0.8601063829787234 0.3719281663516068 0.05 0.12003780718336483
0 0.8747340425531915 0.6526465028355387 0.12925531914893618 0.6947069943289225
1 0.8194148936170212 0.45982986767485823 0.061170212765957445 0.13516068052930058
0 0.839627659574468 0.691398865784499 0.19095744680851065 0.6172022684310019
1 0.6922872340425532 0.47448015122873344 0.05159574468085106 0.12476370510396975
0 0.6962765957446808 0.7017958412098299 0.14361702127659576 0.5964083175803403
1 0.5601063829787234 0.45179584120982985 0.06170212765957447 0.14555765595463138
0 0.5643617021276596 0.6871455576559546 0.16063829787234044 0.6257088846880907
1 0.4406914893617021 0.4725897920604915 0.054787234042553194 0.1285444234404537
0 0.425 0.7017958412098299 0.16276595744680852 0.5964083175803403
1 0.28882978723404257 0.4664461247637051 0.05638297872340425 0.1275992438563327
0 0.2867021276595745 0.6984877126654064 0.14893617021276595 0.6030245746691871
1 0.1625 0.45652173913043476 0.06436170212765957 0.14744801512287334
0 0.14202127659574468 0.6899810964083176 0.1776595744680851 0.6200378071833649