1 0.01769230769230769 0.43316831683168316 0.004615384615384616 0.006930693069306931
0 0.018461538461538463 0.449009900990099 0.015384615384615385 0.04257425742574258
1 0.06 0.44801980198019803 0.013846153846153847 0.01881188118811881
0 0.051153846153846154 0.498019801980198 0.04230769230769231 0.12277227722772277
1 0.145 0.4415841584158416 0.005384615384615384 0.007920792079207921
0 0.14461538461538462 0.4603960396039604 0.018461538461538463 0.05148514851485148
1 0.15384615384615385 0.45792079207920794 0.013846153846153847 0.04455445544554455
0 0.15384615384615385 0.45792079207920794 0.013846153846153847 0.04455445544554455
1 0.19653846153846155 0.3123762376237624 0.04230769230769231 0.05841584158415842
0 0.15923076923076923 0.5118811881188119 0.13384615384615384 0.5386138613861386
1 0.28 0.4514851485148515 0.03538461538461538 0.047524752475247525
0 0.24884615384615386 0.6212871287128713 0.12230769230769231 0.39900990099009903
1 0.3230769230769231 0.4277227722772277 0.055384615384615386 0.06336633663366337
0 0.31884615384615383 0.5881188118811881 0.17923076923076922 0.6099009900990099
1 0.4523076923076923 0.43613861386138614 0.036923076923076927 0.05247524752475247
0 0.47 0.5851485148514851 0.11538461538461539 0.3564356435643564
1 0.38846153846153847 0.44405940594059407 0.006153846153846154 0.01881188118811881
0 0.38846153846153847 0.44405940594059407 0.006153846153846154 0.01881188118811881
1 0.4173076923076923 0.4391089108910891 0.006923076923076923 0.00891089108910891
0 0.41884615384615387 0.4648514851485149 0.025384615384615384 0.06633663366336634
1 0.4288461538461538 0.4376237623762376 0.005384615384615384 0.007920792079207921
0 0.42846153846153845 0.45445544554455447 0.015384615384615385 0.04356435643564356
1 0.4369230769230769 0.44603960396039605 0.004615384615384616 0.0049504950495049506
0 0.4376923076923077 0.45891089108910893 0.013846153846153847 0.040594059405940595
1 0.5223076923076924 0.4415841584158416 0.006153846153846154 0.007920792079207921
0 0.5196153846153846 0.4628712871287129 0.016153846153846154 0.05643564356435644
1 0.5307692307692308 0.4410891089108911 0.007692307692307693 0.01089108910891089
0 0.5319230769230769 0.4633663366336634 0.016153846153846154 0.0594059405940594
1 0.568076923076923 0.4603960396039604 0.01769230769230769 0.0297029702970297
0 0.5584615384615385 0.5336633663366337 0.07538461538461538 0.1782178217821782
1 0.5696153846153846 0.44653465346534654 0.006923076923076923 0.009900990099009901
0 0.568076923076923 0.4757425742574257 0.02076923076923077 0.07227722772277227
1 0.5938461538461538 0.46683168316831686 0.016923076923076923 0.024752475247524754
0 0.5911538461538461 0.5316831683168317 0.036153846153846154 0.16435643564356436
1 0.5907692307692308 0.43712871287128713 0.004615384615384616 0.006930693069306931
0 0.5907692307692308 0.451980198019802 0.012307692307692308 0.03861386138613861
1 0.6226923076923077 0.4381188118811881 0.0038461538461538464 0.0049504950495049506
0 0.6203846153846154 0.4495049504950495 0.008461538461538461 0.031683168316831684
1 0.6273076923076923 0.45891089108910893 0.014615384615384615 0.020792079207920793
0 0.6273076923076923 0.5252475247524753 0.03769230769230769 0.1594059405940594
1 0.6361538461538462 0.43712871287128713 0.003076923076923077 0.0049504950495049506
0 0.6353846153846154 0.44603960396039605 0.007692307692307693 0.026732673267326732
1 0.6419230769230769 0.4400990099009901 0.0038461538461538464 0.0049504950495049506
0 0.6411538461538462 0.44702970297029704 0.01 0.024752475247524754
1 0.6903846153846154 0.44702970297029704 0.02076923076923077 0.034653465346534656
0 0.6865384615384615 0.5366336633663367 0.07153846153846154 0.21584158415841584
1 0.7084615384615385 0.4415841584158416 0.05384615384615385 0.05742574257425743
0 0.71 0.6495049504950495 0.15846153846153846 0.4772277227722772
1 0.7453846153846154 0.43613861386138614 0.007692307692307693 0.01089108910891089
0 0.7396153846153846 0.46782178217821785 0.022307692307692306 0.0801980198019802
1 0.7646153846153846 0.4524752475247525 0.010769230769230769 0.041584158415841586
0 0.7646153846153846 0.4524752475247525 0.010769230769230769 0.041584158415841586
1 0.7826923076923077 0.43712871287128713 0.0038461538461538464 0.0049504950495049506
0 0.7811538461538462 0.45 0.008461538461538461 0.034653465346534656
1 0.7896153846153846 0.451980198019802 0.008461538461538461 0.028712871287128714
0 0.7896153846153846 0.451980198019802 0.008461538461538461 0.028712871287128714
1 0.8157692307692308 0.4381188118811881 0.0038461538461538464 0.0049504950495049506
0 0.8153846153846154 0.451980198019802 0.009230769230769232 0.03663366336633663
1 0.8946153846153846 0.4386138613861386 0.004615384615384616 0.005940594059405941
0 0.8942307692307693 0.450990099009901 0.011538461538461539 0.034653465346534656
1 0.9173076923076923 0.4430693069306931 0.01 0.01089108910891089
0 0.9188461538461539 0.47178217821782176 0.01769230769230769 0.07227722772277227
1 0.9392307692307692 0.4391089108910891 0.007692307692307693 0.01089108910891089
0 0.9407692307692308 0.47475247524752473 0.02923076923076923 0.08217821782178218
1 0.9534615384615385 0.4415841584158416 0.008461538461538461 0.009900990099009901
0 0.9573076923076923 0.47178217821782176 0.02076923076923077 0.07425742574257425
1 0.9653846153846154 0.4396039603960396 0.009230769230769232 0.009900990099009901
0 0.9634615384615385 0.47326732673267324 0.013076923076923076 0.07920792079207921
1 0.9738461538461538 0.43663366336633663 0.009230769230769232 0.011881188118811881
0 0.9773076923076923 0.47475247524752473 0.031538461538461536 0.08811881188118811
1 0.9984615384615385 0.4386138613861386 0.003076923076923077 0.009900990099009901
0 0.9919230769230769 0.47128712871287126 0.016153846153846154 0.07920792079207921
1 0.6011538461538461 0.44752475247524753 0.023846153846153847 0.03564356435643564
0 0.6142307692307692 0.553960396039604 0.07461538461538461 0.2524752475247525