1 0.024444444444444446 0.48583333333333334 0.011111111111111112 0.01
0 0.019444444444444445 0.5079166666666667 0.03 0.05583333333333333
1 0.06222222222222222 0.4845833333333333 0.02666666666666667 0.025833333333333333
0 0.050555555555555555 0.5616666666666666 0.07888888888888888 0.18333333333333332
1 0.07055555555555555 0.49166666666666664 0.03222222222222222 0.02666666666666667
0 0.07777777777777778 0.5704166666666667 0.11333333333333333 0.1875
1 0.095 0.4870833333333333 0.005555555555555556 0.004166666666666667
0 0.09555555555555556 0.5016666666666667 0.02 0.03666666666666667
1 0.11722222222222223 0.49166666666666664 0.0077777777777777776 0.006666666666666667
0 0.11777777777777777 0.5033333333333333 0.02 0.03666666666666667
1 0.13166666666666665 0.48541666666666666 0.0077777777777777776 0.004166666666666667
0 0.1338888888888889 0.5020833333333333 0.021111111111111112 0.04083333333333333
1 0.1811111111111111 0.48875 0.07777777777777778 0.06583333333333333
0 0.22055555555555556 0.7141666666666666 0.2633333333333333 0.5316666666666666
1 0.33944444444444444 0.49875 0.023333333333333334 0.019166666666666665
0 0.34 0.5675 0.06666666666666667 0.16
1 0.4083333333333333 0.5141666666666667 0.03222222222222222 0.03333333333333333
0 0.3988888888888889 0.6091666666666666 0.11555555555555555 0.22666666666666666
1 0.4411111111111111 0.49083333333333334 0.011111111111111112 0.008333333333333333
0 0.4388888888888889 0.51375 0.024444444444444446 0.0575
1 0.46 0.49083333333333334 0.008888888888888889 0.006666666666666667
0 0.46 0.5075 0.017777777777777778 0.043333333333333335
1 0.4816666666666667 0.4920833333333333 0.012222222222222223 0.009166666666666667
0 0.4822222222222222 0.5158333333333334 0.024444444444444446 0.058333333333333334
1 0.49944444444444447 0.49083333333333334 0.01 0.008333333333333333
0 0.5016666666666667 0.5141666666666667 0.021111111111111112 0.056666666666666664
1 0.5188888888888888 0.4920833333333333 0.006666666666666667 0.005833333333333334
0 0.5155555555555555 0.50625 0.015555555555555555 0.035833333333333335
1 0.5255555555555556 0.49 0.006666666666666667 0.006666666666666667
0 0.5266666666666666 0.5041666666666667 0.017777777777777778 0.03833333333333333
1 0.5955555555555555 0.49 0.008888888888888889 0.006666666666666667
0 0.5911111111111111 0.5091666666666667 0.02666666666666667 0.04666666666666667
1 0.6205555555555555 0.49375 0.0077777777777777776 0.005833333333333334
0 0.62 0.5091666666666667 0.024444444444444446 0.03833333333333333
1 0.6383333333333333 0.49375 0.01 0.0075
0 0.6383333333333333 0.5179166666666667 0.025555555555555557 0.05583333333333333
1 0.6527777777777778 0.49125 0.01 0.0075
0 0.6533333333333333 0.5158333333333334 0.02666666666666667 0.06
1 0.6661111111111111 0.49291666666666667 0.01 0.0075
0 0.67 0.51625 0.024444444444444446 0.0575
1 0.7316666666666667 0.4970833333333333 0.01 0.0075
0 0.7272222222222222 0.5166666666666667 0.027777777777777776 0.05
1 0.7666666666666667 0.4970833333333333 0.011111111111111112 0.0075
0 0.7611111111111111 0.52 0.02666666666666667 0.056666666666666664
1 0.7755555555555556 0.4975 0.013333333333333334 0.011666666666666667
0 0.7733333333333333 0.525 0.03777777777777778 0.07166666666666667
1 0.8077777777777778 0.49875 0.017777777777777778 0.015833333333333335
0 0.8094444444444444 0.5441666666666667 0.05444444444444444 0.11
1 0.8283333333333334 0.49125 0.01 0.0075
0 0.8261111111111111 0.515 0.03 0.056666666666666664
1 0.8683333333333333 0.4925 0.0077777777777777776 0.005
0 0.8683333333333333 0.5129166666666667 0.016666666666666666 0.0475
1 0.8783333333333333 0.49 0.0077777777777777776 0.006666666666666667
0 0.8777777777777778 0.51125 0.02666666666666667 0.0525
1 0.8983333333333333 0.49541666666666667 0.01 0.0075
0 0.8994444444444445 0.5141666666666667 0.021111111111111112 0.04833333333333333
1 0.9505555555555556 0.49291666666666667 0.0077777777777777776 0.005833333333333334
0 0.9461111111111111 0.5070833333333333 0.01888888888888889 0.035833333333333335
1 0.6955555555555556 0.4891666666666667 0.006666666666666667 0.005
0 0.6938888888888889 0.50375 0.025555555555555557 0.035833333333333335
1 0.9138888888888889 0.49041666666666667 0.01 0.0075
0 0.9116666666666666 0.5116666666666667 0.021111111111111112 0.051666666666666666