1 0.2625 0.8633333333333333 0.0175 0.023333333333333334
0 0.259375 0.9216666666666666 0.03625 0.15
1 0.27375 0.9141666666666667 0.02 0.025
0 0.281875 0.9491666666666667 0.05125 0.10166666666666667
1 0.31625 0.9725 0.02 0.028333333333333332
0 0.3125 0.9775 0.0475 0.045
1 0.319375 0.8725 0.01625 0.025
0 0.324375 0.9275 0.04375 0.145
1 0.346875 0.8516666666666667 0.01875 0.02666666666666667
0 0.354375 0.9125 0.04125 0.15166666666666667
1 0.399375 0.8908333333333334 0.02125 0.028333333333333332
0 0.395 0.9366666666666666 0.045 0.12666666666666668
1 0.4625 0.9725 0.02 0.035
0 0.46375 0.9766666666666667 0.0525 0.04666666666666667
1 0.50125 0.9833333333333333 0.0225 0.03333333333333333
0 0.505 0.9791666666666666 0.05 0.041666666666666664
1 0.554375 0.9466666666666667 0.01875 0.03333333333333333
0 0.549375 0.9625 0.05875 0.075
1 0.56375 0.9058333333333334 0.0175 0.025
0 0.56625 0.945 0.04 0.11
1 0.47125 0.8866666666666667 0.02 0.02666666666666667
0 0.46375 0.9333333333333333 0.0475 0.13333333333333333
1 0.526875 0.845 0.01875 0.02666666666666667
0 0.533125 0.9116666666666666 0.05125 0.16333333333333333
1 0.564375 0.8225 0.01625 0.025
0 0.565 0.8758333333333334 0.0375 0.13833333333333334
1 0.455 0.8575 0.0175 0.028333333333333332
0 0.455625 0.915 0.04375 0.15
1 0.431875 0.8591666666666666 0.01625 0.021666666666666667
0 0.429375 0.9225 0.03375 0.155
1 0.415625 0.8141666666666667 0.02125 0.03166666666666667
0 0.41875 0.8933333333333333 0.0475 0.2
1 0.475 0.7741666666666667 0.0125 0.015
0 0.464375 0.835 0.04375 0.14
1 0.52 0.8016666666666666 0.015 0.016666666666666666
0 0.5175 0.8558333333333333 0.04 0.135
1 0.4875 0.7516666666666667 0.0175 0.02666666666666667
0 0.4925 0.7975 0.03 0.125
1 0.499375 0.7208333333333333 0.01625 0.025
0 0.50375 0.7708333333333334 0.03 0.12833333333333333
1 0.54 0.7633333333333333 0.0125 0.023333333333333334
0 0.540625 0.8141666666666667 0.03125 0.13166666666666665
1 0.419375 0.82 0.02125 0.03
0 0.424375 0.8975 0.04375 0.185
1 0.80625 0.9233333333333333 0.02 0.03
0 0.8025 0.9516666666666667 0.035 0.09666666666666666
1 0.86875 0.9358333333333333 0.0175 0.03166666666666667
0 0.86125 0.9575 0.0375 0.085
1 0.926875 0.8825 0.01625 0.025
0 0.929375 0.9316666666666666 0.06125 0.13666666666666666
1 0.8225 0.5341666666666667 0.015 0.021666666666666667
0 0.81625 0.5683333333333334 0.035 0.09333333333333334
1 0.725 0.4691666666666667 0.015 0.021666666666666667
0 0.725 0.52 0.0275 0.12333333333333334