1 0.09666666666666666 0.306047197640118 0.084 0.10766961651917405
0 0.12666666666666668 0.6025073746312685 0.25333333333333335 0.7212389380530974
1 0.24133333333333334 0.4358407079646018 0.08266666666666667 0.11356932153392331
0 0.24733333333333332 0.6762536873156342 0.22533333333333333 0.6061946902654868
1 0.33866666666666667 0.2308259587020649 0.07466666666666667 0.10176991150442478
0 0.3233333333333333 0.5317109144542773 0.22266666666666668 0.7566371681415929
1 0.456 0.42625368731563423 0.08266666666666667 0.11209439528023599
0 0.4653333333333333 0.6747787610619469 0.21333333333333335 0.6209439528023599
1 0.47933333333333333 0.2617994100294985 0.08666666666666667 0.09882005899705015
0 0.5053333333333333 0.5671091445427728 0.22666666666666666 0.7359882005899705
1 0.7113333333333334 0.42035398230088494 0.08666666666666667 0.11209439528023599
0 0.7273333333333334 0.672566371681416 0.188 0.6460176991150443
1 0.692 0.275811209439528 0.07733333333333334 0.10324483775811209
0 0.6646666666666666 0.581858407079646 0.24933333333333332 0.7330383480825958
1 0.9073333333333333 0.4092920353982301 0.09466666666666666 0.13126843657817108
0 0.9126666666666666 0.6703539823008849 0.17466666666666666 0.6592920353982301
1 0.864 0.2713864306784661 0.08266666666666667 0.11504424778761062
0 0.8513333333333334 0.5825958702064897 0.17733333333333334 0.7492625368731564