1 0.7532894736842105 0.21495327102803738 0.07763157894736843 0.16074766355140188
0 0.7723684210526316 0.5635514018691589 0.1736842105263158 0.8728971962616823
1 0.6605263157894737 0.28130841121495326 0.060526315789473685 0.11401869158878504
0 0.6697368421052632 0.5878504672897197 0.15526315789473685 0.7308411214953271
1 0.5828947368421052 0.2635514018691589 0.060526315789473685 0.11588785046728972
0 0.5894736842105263 0.5579439252336449 0.17894736842105263 0.7271028037383177
1 0.531578947368421 0.5579439252336449 0.05263157894736842 0.102803738317757
0 0.5111842105263158 0.7439252336448599 0.2118421052631579 0.5046728971962616
1 0.4769736842105263 0.288785046728972 0.05131578947368421 0.1102803738317757
0 0.4855263157894737 0.5514018691588785 0.1394736842105263 0.6467289719626168
1 0.40592105263157896 0.2738317757009346 0.056578947368421055 0.10654205607476636
0 0.4006578947368421 0.5626168224299065 0.13026315789473683 0.6841121495327103
1 0.3263157894736842 0.2803738317757009 0.05789473684210526 0.11588785046728972
0 0.3203947368421053 0.5429906542056074 0.14868421052631578 0.719626168224299
1 0.20986842105263157 0.24299065420560748 0.06710526315789474 0.1308411214953271
0 0.23355263157894737 0.5635514018691589 0.2802631578947368 0.8093457943925234
1 0.3631578947368421 0.49906542056074765 0.07105263157894737 0.1233644859813084
0 0.37236842105263157 0.7121495327102804 0.21052631578947367 0.5757009345794393
1 0.20065789473684212 0.4897196261682243 0.07236842105263158 0.13457943925233645
0 0.1756578947368421 0.7046728971962617 0.2381578947368421 0.5906542056074766