1 0.7939644607843137 0.21384803921568626 0.0977328431372549 0.1597222222222222
0 0.8169424019607843 0.5629084967320261 0.2533700980392157 0.8741830065359477
1 0.6395526960784313 0.30575980392156865 0.06954656862745098 0.10825163398692811
0 0.6292892156862745 0.6227532679738562 0.2107843137254902 0.7544934640522876
1 0.4407169117647059 0.31004901960784315 0.0701593137254902 0.10947712418300654
0 0.45955882352941174 0.6205065359477124 0.18137254901960784 0.7589869281045751
1 0.27588848039215685 0.3333333333333333 0.0585171568627451 0.119281045751634
0 0.23866421568627452 0.6327614379084967 0.30392156862745096 0.7344771241830066
1 0.17647058823529413 0.306781045751634 0.08517156862745098 0.12826797385620914
0 0.16559436274509803 0.6200980392156863 0.1878063725490196 0.7598039215686274
1 0.018075980392156864 0.25102124183006536 0.02144607843137255 0.054330065359477125
0 0.018075980392156864 0.25102124183006536 0.02144607843137255 0.054330065359477125