1 0.20775 0.5423333333333333 0.0085 0.014666666666666666
0 0.211375 0.5813333333333334 0.02675 0.09733333333333333
1 0.326375 0.6 0.04775 0.064
0 0.316375 0.7781666666666667 0.13675 0.42633333333333334
1 0.584875 0.5926666666666667 0.04625 0.06866666666666667
0 0.579375 0.7663333333333333 0.14575 0.424
1 0.72575 0.6013333333333334 0.0445 0.062
0 0.720625 0.7588333333333334 0.11675 0.38966666666666666
1 0.408375 0.57 0.01175 0.014666666666666666
0 0.40475 0.5975 0.0315 0.07566666666666666
1 0.423125 0.5698333333333333 0.00975 0.015
0 0.419625 0.5946666666666667 0.02875 0.07266666666666667
1 0.442125 0.542 0.00775 0.012666666666666666
0 0.436875 0.5606666666666666 0.02025 0.056
1 0.449375 0.5438333333333333 0.00725 0.012333333333333333
0 0.45175 0.562 0.019 0.058
1 0.661375 0.5385 0.00875 0.013666666666666667
0 0.662375 0.5591666666666667 0.02425 0.058333333333333334
1 0.681625 0.5428333333333333 0.00825 0.014333333333333333
0 0.681625 0.5598333333333333 0.02075 0.05366666666666667
1 0.65625 0.5845 0.0145 0.02033333333333333
0 0.6545 0.6168333333333333 0.0315 0.083
1 0.688875 0.5861666666666666 0.01175 0.018333333333333333
0 0.689375 0.6136666666666667 0.03175 0.084
1 0.972 0.5645 0.0295 0.043666666666666666
0 0.971875 0.6416666666666667 0.05625 0.21666666666666667
1 0.89 0.5616666666666666 0.0125 0.016
0 0.890125 0.594 0.03275 0.09
1 0.929625 0.5853333333333334 0.03875 0.07466666666666667
0 0.929625 0.5853333333333334 0.03875 0.07466666666666667