1 0.9370833333333334 0.5293062200956937 0.0175 0.025119617224880382
0 0.9366666666666666 0.5819377990430622 0.03833333333333333 0.13995215311004786
1 0.8704166666666666 0.5305023923444976 0.015833333333333335 0.025119617224880382
0 0.87125 0.5843301435406698 0.04583333333333333 0.1375598086124402
1 0.7833333333333333 0.5245215311004785 0.011666666666666667 0.01555023923444976
0 0.7841666666666667 0.5783492822966507 0.04 0.1375598086124402
1 0.7216666666666667 0.52811004784689 0.011666666666666667 0.02033492822966507
0 0.7254166666666667 0.5897129186602871 0.06583333333333333 0.15311004784688995
1 0.6879166666666666 0.5305023923444976 0.015833333333333335 0.025119617224880382
0 0.6870833333333334 0.5944976076555024 0.0525 0.15550239234449761
1 0.6633333333333333 0.5155502392344498 0.013333333333333334 0.023923444976076555
0 0.6595833333333333 0.5807416267942583 0.05583333333333333 0.1638755980861244
1 0.6375 0.5316985645933014 0.013333333333333334 0.02033492822966507
0 0.6325 0.5879186602870813 0.05 0.13995215311004786
1 0.4816666666666667 0.5149521531100478 0.01 0.01555023923444976
0 0.4791666666666667 0.5663875598086124 0.041666666666666664 0.12799043062200957
1 0.41291666666666665 0.5305023923444976 0.0225 0.03229665071770335
0 0.41 0.6555023923444976 0.08833333333333333 0.3157894736842105
1 0.2945833333333333 0.5454545454545454 0.015833333333333335 0.023923444976076555
0 0.29541666666666666 0.6088516746411483 0.0675 0.15550239234449761
1 0.24333333333333335 0.5245215311004785 0.016666666666666666 0.022727272727272728
0 0.24916666666666668 0.5909090909090909 0.058333333333333334 0.15789473684210525
1 0.39958333333333335 0.527511961722488 0.010833333333333334 0.019138755980861243
0 0.40125 0.5771531100478469 0.035833333333333335 0.1255980861244019
1 0.36583333333333334 0.5376794258373205 0.01 0.01555023923444976
0 0.36541666666666667 0.5747607655502392 0.029166666666666667 0.09688995215311005
1 0.33916666666666667 0.5376794258373205 0.008333333333333333 0.01555023923444976
0 0.34 0.5717703349282297 0.028333333333333332 0.09090909090909091
1 0.21083333333333334 0.5233253588516746 0.01 0.017942583732057416
0 0.20916666666666667 0.5616028708133971 0.03333333333333333 0.09928229665071771
1 0.2025 0.5047846889952153 0.008333333333333333 0.011961722488038277
0 0.20208333333333334 0.5430622009569378 0.025833333333333333 0.09330143540669857
1 0.22291666666666668 0.5101674641148325 0.009166666666666667 0.01076555023923445
0 0.22333333333333333 0.5484449760765551 0.03 0.09210526315789473
1 0.23583333333333334 0.5233253588516746 0.008333333333333333 0.01555023923444976
0 0.23541666666666666 0.562799043062201 0.025833333333333333 0.09688995215311005
1 0.25833333333333336 0.5125598086124402 0.006666666666666667 0.01076555023923445
0 0.25666666666666665 0.5418660287081339 0.021666666666666667 0.07655502392344497
1 0.13541666666666666 0.5293062200956937 0.0125 0.02033492822966507
0 0.13291666666666666 0.5861244019138756 0.04083333333333333 0.13875598086124402
1 0.42833333333333334 0.5424641148325359 0.025 0.07775119617224881
0 0.42833333333333334 0.5424641148325359 0.025 0.07775119617224881