1 0.5928368506493507 0.3620426829268293 0.024959415584415584 0.05274390243902439
0 0.5946631493506493 0.4902439024390244 0.05823863636363636 0.3176829268292683
1 0.9535308441558441 0.7339939024390244 0.08035714285714286 0.14176829268292682
0 0.9413555194805194 0.7657012195121952 0.11728896103896104 0.4685975609756098
1 0.7768871753246753 0.7353658536585366 0.09476461038961038 0.18170731707317073
0 0.7686688311688312 0.8190548780487805 0.27069805194805197 0.361890243902439
1 0.601461038961039 0.7109756097560975 0.07548701298701299 0.125
0 0.635551948051948 0.8210365853658537 0.20535714285714285 0.35792682926829267
1 0.843547077922078 0.6978658536585366 0.06858766233766234 0.10914634146341463
0 0.8655641233766234 0.8199695121951219 0.19784902597402598 0.3600609756097561
1 0.7323457792207793 0.6707317073170732 0.05154220779220779 0.08475609756097562
0 0.7389407467532467 0.7896341463414634 0.12642045454545456 0.325
1 0.6515827922077922 0.707469512195122 0.05397727272727273 0.12164634146341463
0 0.6366680194805194 0.8201219512195121 0.1734983766233766 0.3597560975609756
1 0.6675121753246753 0.6364329268292683 0.05823863636363636 0.10396341463414634
0 0.6784699675324676 0.7429878048780488 0.12114448051948051 0.32378048780487806
1 0.6368709415584416 0.6060975609756097 0.04768668831168831 0.07804878048780488
0 0.679788961038961 0.7019817073170732 0.15097402597402598 0.3442073170731707
1 0.5345982142857143 0.6178353658536585 0.048904220779220776 0.08201219512195122
0 0.5333806818181818 0.7608231707317074 0.19094967532467533 0.47835365853658535
1 0.5357142857142857 0.6175304878048781 0.04626623376623377 0.07957317073170732
0 0.570515422077922 0.6771341463414634 0.1572646103896104 0.32682926829268294
1 0.4653003246753247 0.6490853658536585 0.05478896103896104 0.10121951219512196
0 0.46448863636363635 0.771189024390244 0.14569805194805194 0.3673780487804878
1 0.4588068181818182 0.6102134146341464 0.04748376623376623 0.07774390243902439
0 0.44500811688311687 0.7371951219512195 0.1396103896103896 0.33902439024390246
1 0.3587662337662338 0.6242378048780488 0.045048701298701296 0.08871951219512195
0 0.39681412337662336 0.6797256097560975 0.16416396103896103 0.38932926829268294
1 0.2570008116883117 0.6025914634146341 0.03835227272727273 0.07164634146341463
0 0.2849025974025974 0.6794207317073171 0.1278409090909091 0.23506097560975608
1 0.24655032467532467 0.5803353658536585 0.040584415584415584 0.07774390243902439
0 0.2661323051948052 0.6525914634146341 0.11708603896103896 0.23079268292682928
1 0.31544237012987014 0.7704268292682926 0.10085227272727272 0.16463414634146342
0 0.3372564935064935 0.8405487804878049 0.24431818181818182 0.31890243902439025
1 0.3821022727272727 0.7448170731707318 0.0872564935064935 0.16402439024390245
0 0.3586647727272727 0.8306402439024391 0.3536931818181818 0.338719512195122
1 0.20880681818181818 0.7111280487804879 0.08035714285714286 0.14420731707317072
0 0.27506087662337664 0.8184451219512195 0.2408685064935065 0.36310975609756097
1 0.2096185064935065 0.70625 0.08279220779220779 0.1350609756097561
0 0.2458400974025974 0.8166158536585366 0.21570616883116883 0.3667682926829268
1 0.2080965909090909 0.6660060975609756 0.07000811688311688 0.10213414634146341
0 0.21185064935064934 0.805640243902439 0.20373376623376624 0.38871951219512196
1 0.14234983766233766 0.6504573170731708 0.05580357142857143 0.09603658536585366
0 0.1572646103896104 0.7846036585365853 0.1773538961038961 0.37896341463414634
1 0.09770698051948051 0.5908536585365853 0.05418019480519481 0.07865853658536585
0 0.11982548701298701 0.7073170731707317 0.12276785714285714 0.31646341463414634
1 0.06818181818181818 0.6051829268292683 0.04261363636363636 0.06951219512195123
0 0.09882305194805195 0.6967987804878049 0.1176948051948052 0.2649390243902439
1 0.04768668831168831 0.5736280487804878 0.04180194805194805 0.06128048780487805
0 0.0708198051948052 0.6640243902439025 0.10064935064935066 0.2451219512195122
1 0.0689935064935065 0.6064024390243903 0.041396103896103896 0.07195121951219512
0 0.03956980519480519 0.6641768292682927 0.07711038961038962 0.19054878048780488
1 0.017045454545454544 0.582469512195122 0.03165584415584415 0.05579268292682927
0 0.03398944805194805 0.6481707317073171 0.0679788961038961 0.19573170731707318
1 0.3650568181818182 0.5673780487804878 0.03571428571428571 0.054878048780487805
0 0.3939732142857143 0.6504573170731708 0.0992288961038961 0.2301829268292683
1 0.17907873376623376 0.5722560975609756 0.028612012987012988 0.05609756097560976
0 0.19196428571428573 0.6077743902439025 0.08441558441558442 0.23384146341463416