1 0.0475 0.8375 0.0033333333333333335 0.005
0 0.0475 0.8475 0.01 0.03
1 0.09708333333333333 0.874375 0.004166666666666667 0.00625
0 0.09625 0.884375 0.010833333333333334 0.03375
1 0.145 0.871875 0.0033333333333333335 0.00625
0 0.145 0.879375 0.01 0.03125
1 0.04666666666666667 0.921875 0.005 0.00625
0 0.04666666666666667 0.934375 0.013333333333333334 0.03625
1 0.0325 0.919375 0.0033333333333333335 0.00625
0 0.03208333333333333 0.93125 0.0075 0.04
1 0.03333333333333333 0.914375 0.0033333333333333335 0.00625
0 0.03375 0.926875 0.009166666666666667 0.03875
1 0.028333333333333332 0.921875 0.0033333333333333335 0.00625
0 0.027916666666666666 0.928125 0.009166666666666667 0.03375
1 0.016666666666666666 0.93125 0.01 0.035
0 0.016666666666666666 0.93125 0.01 0.035
1 0.005416666666666667 0.920625 0.004166666666666667 0.00625
0 0.005833333333333334 0.930625 0.011666666666666667 0.03625
1 0.019166666666666665 0.94875 0.005 0.01
0 0.017916666666666668 0.96125 0.0125 0.045
1 0.028333333333333332 0.953125 0.005 0.00875
0 0.02625 0.96375 0.009166666666666667 0.0375
1 0.03916666666666667 0.95 0.005 0.0075
0 0.03833333333333333 0.96375 0.011666666666666667 0.0425
1 0.05291666666666667 0.96625 0.010833333333333334 0.0425
0 0.05291666666666667 0.96625 0.010833333333333334 0.0425
1 0.059166666666666666 0.96375 0.011666666666666667 0.04
0 0.059166666666666666 0.96375 0.011666666666666667 0.04
1 0.38708333333333333 0.943125 0.004166666666666667 0.00625
0 0.3825 0.959375 0.011666666666666667 0.04625
1 0.39875 0.93625 0.004166666666666667 0.0075
0 0.39958333333333335 0.95375 0.014166666666666666 0.0475
1 0.4141666666666667 0.935625 0.0033333333333333335 0.00625
0 0.41333333333333333 0.95 0.015 0.04
1 0.4195833333333333 0.965625 0.004166666666666667 0.00625
0 0.4225 0.980625 0.018333333333333333 0.03875
1 0.42541666666666667 0.935 0.004166666666666667 0.0075
0 0.42541666666666667 0.944375 0.010833333333333334 0.03625
1 0.43916666666666665 0.93125 0.0033333333333333335 0.005
0 0.43833333333333335 0.946875 0.011666666666666667 0.04125
1 0.47041666666666665 0.889375 0.004166666666666667 0.00625
0 0.47 0.8975 0.013333333333333334 0.03
1 0.8779166666666667 0.931875 0.0025 0.00375
0 0.87625 0.94 0.009166666666666667 0.0275