1 0.11614583333333334 0.390625 0.015625 0.028125
0 0.12083333333333333 0.46640625 0.06041666666666667 0.1859375
1 0.9255208333333333 0.45546875 0.017708333333333333 0.0296875
0 0.9270833333333334 0.5375 0.05416666666666667 0.2
1 0.8536458333333333 0.4765625 0.013541666666666667 0.025
0 0.8583333333333333 0.546875 0.0375 0.171875
1 0.828125 0.45390625 0.016666666666666666 0.0234375
0 0.8401041666666667 0.5546875 0.040625 0.2125
1 0.8296875 0.45078125 0.021875 0.0328125
0 0.83125 0.54765625 0.052083333333333336 0.2328125
1 0.7348958333333333 0.396875 0.03854166666666667 0.06875
0 0.7552083333333334 0.57109375 0.08333333333333333 0.4296875
1 0.7005208333333334 0.43046875 0.036458333333333336 0.0546875
0 0.6802083333333333 0.61640625 0.09166666666666666 0.4328125
1 0.6927083333333334 0.39765625 0.03125 0.0578125
0 0.6927083333333334 0.5703125 0.08125 0.4125
1 0.64375 0.3578125 0.0375 0.075
0 0.6614583333333334 0.58984375 0.12291666666666666 0.5515625
1 0.575 0.41328125 0.03958333333333333 0.0640625
0 0.5901041666666667 0.61015625 0.078125 0.4734375
1 0.5651041666666666 0.40859375 0.03854166666666667 0.0734375
0 0.5828125 0.59375 0.09270833333333334 0.465625
1 0.5104166666666666 0.4046875 0.04375 0.06875
0 0.5192708333333333 0.63203125 0.10104166666666667 0.5265625
1 0.5125 0.384375 0.0375 0.065625
0 0.51875 0.59921875 0.10833333333333334 0.5078125
1 0.43854166666666666 0.4125 0.035416666666666666 0.059375
0 0.44583333333333336 0.61796875 0.07708333333333334 0.4796875
1 0.3963541666666667 0.4 0.040625 0.06875
0 0.4088541666666667 0.609375 0.09270833333333334 0.5
1 0.35625 0.39765625 0.0375 0.0640625
0 0.3546875 0.62109375 0.109375 0.5171875
1 0.3067708333333333 0.39453125 0.034375 0.0609375
0 0.2916666666666667 0.59921875 0.125 0.4859375
1 0.2546875 0.37734375 0.036458333333333336 0.0609375
0 0.2515625 0.55703125 0.07395833333333333 0.4234375
1 0.6104166666666667 0.43203125 0.025 0.0515625
0 0.615625 0.5953125 0.07708333333333334 0.384375
1 0.390625 0.36484375 0.029166666666666667 0.0484375
0 0.38229166666666664 0.56796875 0.07916666666666666 0.4671875