1 0.03348729792147806 0.7575539568345324 0.023094688221709007 0.017266187050359712
0 0.03464203233256351 0.8017985611510792 0.06928406466512702 0.10863309352517986
1 0.06986143187066975 0.7464028776978417 0.010392609699769052 0.007913669064748202
0 0.06639722863741339 0.7600719424460431 0.026558891454965358 0.038129496402877695
1 0.0825635103926097 0.7525179856115108 0.019630484988452657 0.012949640287769784
0 0.07448036951501155 0.7910071942446043 0.07967667436489607 0.09568345323741007
1 0.13394919168591224 0.7431654676258993 0.009237875288683603 0.0057553956834532375
0 0.1379907621247113 0.760431654676259 0.03810623556581986 0.04460431654676259
1 0.3493071593533487 0.746043165467626 0.012702078521939953 0.010071942446043165
0 0.34584295612009236 0.7683453237410072 0.042725173210161664 0.058992805755395686
1 0.3960739030023095 0.7446043165467626 0.013856812933025405 0.007194244604316547
0 0.3995381062355658 0.7676258992805756 0.03926096997690531 0.05755395683453238
1 0.3891454965357968 0.7521582733812949 0.013856812933025405 0.01079136690647482
0 0.39145496535796764 0.7798561151079136 0.04387990762124711 0.07050359712230216
1 0.4520785219399538 0.7449640287769784 0.015011547344110854 0.00935251798561151
0 0.44630484988452657 0.7697841726618705 0.049653579676674366 0.06474820143884892
1 0.5744803695150116 0.7474820143884892 0.02424942263279446 0.015827338129496403
0 0.586027713625866 0.7892086330935252 0.10046189376443418 0.10359712230215827
1 0.6206697459584296 0.7510791366906475 0.012702078521939953 0.011510791366906475
0 0.6252886836027713 0.7758992805755396 0.04503464203233257 0.06258992805755395
1 0.6974595842956121 0.7478417266187051 0.011547344110854504 0.00935251798561151
0 0.6986143187066974 0.7733812949640287 0.046189376443418015 0.06330935251798561
1 0.7523094688221709 0.7496402877697842 0.015011547344110854 0.011510791366906475
0 0.7419168591224018 0.7802158273381294 0.05196304849884527 0.0841726618705036
1 0.7892609699769053 0.7446043165467626 0.010392609699769052 0.007194244604316547
0 0.7909930715935335 0.7654676258992805 0.03002309468822171 0.053237410071942444
1 0.8810623556581986 0.7514388489208633 0.011547344110854504 0.006474820143884892
0 0.8804849884526559 0.7690647482014389 0.03117782909930716 0.04748201438848921
1 0.9145496535796767 0.75431654676259 0.018475750577367205 0.01223021582733813
0 0.9157043879907621 0.7852517985611511 0.06466512702078522 0.07985611510791367
1 0.9607390300230947 0.75 0.009237875288683603 0.006474820143884892
0 0.9613163972286374 0.7658273381294964 0.03579676674364896 0.04244604316546763