1 0.013846153846153847 0.3922594142259414 0.027692307692307693 0.03347280334728033
0 0.03192307692307692 0.5334728033472803 0.06384615384615384 0.3158995815899582
1 0.013846153846153847 0.3608786610878661 0.027692307692307693 0.043933054393305436
0 0.033846153846153845 0.5005230125523012 0.06769230769230769 0.3274058577405858
1 0.07807692307692307 0.5585774058577406 0.040769230769230766 0.06485355648535565
0 0.06538461538461539 0.7369246861924686 0.10615384615384615 0.4299163179916318
1 0.1996153846153846 0.5324267782426778 0.03769230769230769 0.06276150627615062
0 0.17192307692307693 0.7201882845188284 0.1576923076923077 0.4424686192468619
1 0.1326923076923077 0.5214435146443515 0.036153846153846154 0.053347280334728034
0 0.14 0.6825313807531381 0.13230769230769232 0.38389121338912136
1 0.10884615384615384 0.4408995815899582 0.026923076923076925 0.04288702928870293
0 0.125 0.5821129707112971 0.10846153846153846 0.34205020920502094
1 0.11076923076923077 0.4042887029288703 0.027692307692307693 0.04497907949790795
0 0.10730769230769231 0.5371338912133892 0.08538461538461538 0.3274058577405858
1 0.16692307692307692 0.4089958158995816 0.02923076923076923 0.04602510460251046
0 0.16923076923076924 0.5449790794979079 0.07538461538461538 0.32426778242677823
1 0.25346153846153846 0.3880753138075314 0.025384615384615384 0.043933054393305436
0 0.25884615384615384 0.5230125523012552 0.09923076923076923 0.32217573221757323
1 0.28115384615384614 0.4560669456066946 0.031538461538461536 0.06485355648535565
0 0.27615384615384614 0.6187238493723849 0.11076923076923077 0.39435146443514646
1 0.33884615384615385 0.4874476987447699 0.02846153846153846 0.04811715481171548
0 0.3446153846153846 0.604602510460251 0.08307692307692308 0.2928870292887029
1 0.33653846153846156 0.4330543933054393 0.025384615384615384 0.04602510460251046
0 0.34115384615384614 0.5664225941422594 0.07923076923076923 0.3253138075313807
1 0.3192307692307692 0.4178870292887029 0.026153846153846153 0.051255230125523014
0 0.3230769230769231 0.547071129707113 0.07846153846153846 0.3179916317991632
1 0.3303846153846154 0.3912133891213389 0.02846153846153846 0.04602510460251046
0 0.33615384615384614 0.5141213389121339 0.06923076923076923 0.30857740585774057
1 0.38153846153846155 0.4367154811715481 0.02923076923076923 0.049163179916317995
0 0.3923076923076923 0.5585774058577406 0.07230769230769231 0.29916317991631797
1 0.42730769230769233 0.5083682008368201 0.03461538461538462 0.05439330543933055
0 0.4073076923076923 0.6705020920502092 0.17 0.38284518828451886
1 0.45576923076923076 0.4398535564853556 0.03307692307692308 0.053347280334728034
0 0.4523076923076923 0.5957112970711297 0.10461538461538461 0.3692468619246862
1 0.45153846153846156 0.41265690376569036 0.02923076923076923 0.04707112970711297
0 0.4469230769230769 0.5638075313807531 0.08615384615384615 0.3577405857740586
1 0.42923076923076925 0.39748953974895396 0.024615384615384615 0.04811715481171548
0 0.43153846153846154 0.5078451882845189 0.06 0.2834728033472803
1 0.5219230769230769 0.45292887029288703 0.031538461538461536 0.060669456066945605
0 0.52 0.6040794979079498 0.1 0.3797071129707113
1 0.5434615384615384 0.4660041841004184 0.025384615384615384 0.049163179916317995
0 0.5403846153846154 0.5826359832635983 0.07307692307692308 0.29707112970711297
1 0.5246153846153846 0.3692468619246862 0.021538461538461538 0.03556485355648536
0 0.5215384615384615 0.4665271966527197 0.052307692307692305 0.23430962343096234
1 0.5884615384615385 0.36401673640167365 0.02923076923076923 0.04184100418410042
0 0.585 0.4801255230125523 0.054615384615384614 0.2803347280334728
1 0.6473076923076924 0.5360878661087866 0.02846153846153846 0.053347280334728034
0 0.6426923076923077 0.6872384937238494 0.11461538461538462 0.36401673640167365
1 0.6215384615384615 0.4503138075313807 0.026153846153846153 0.053347280334728034
0 0.615 0.5753138075313807 0.10538461538461538 0.34309623430962344
1 0.6588461538461539 0.36872384937238495 0.025384615384615384 0.04079497907949791
0 0.6565384615384615 0.48169456066945604 0.054615384615384614 0.27510460251046026
1 0.6842307692307692 0.3645397489539749 0.02846153846153846 0.04497907949790795
0 0.6873076923076923 0.4801255230125523 0.05923076923076923 0.2803347280334728
1 0.705 0.4042887029288703 0.023846153846153847 0.038702928870292884
0 0.7053846153846154 0.5282426778242678 0.07384615384615385 0.2928870292887029
1 0.7307692307692307 0.44717573221757323 0.02923076923076923 0.06171548117154812
0 0.7292307692307692 0.577928870292887 0.1123076923076923 0.33158995815899583
1 0.8265384615384616 0.47751046025104604 0.031538461538461536 0.051255230125523014
0 0.8215384615384616 0.625 0.09538461538461539 0.35460251046025104
1 0.8034615384615384 0.41161087866108786 0.026923076923076925 0.051255230125523014
0 0.8126923076923077 0.5507322175732218 0.08846153846153847 0.33368200836820083
1 0.82 0.37918410041841005 0.02 0.038702928870292884
0 0.8203846153846154 0.4743723849372385 0.05615384615384615 0.24163179916317992
1 0.803076923076923 0.4110878661087866 0.026153846153846153 0.05230125523012552
0 0.8042307692307692 0.5287656903765691 0.07923076923076923 0.27510460251046026
1 0.9434615384615385 0.47489539748953974 0.036153846153846154 0.06485355648535565
0 0.9326923076923077 0.6678870292887029 0.1346153846153846 0.46548117154811713
1 0.8757692307692307 0.3938284518828452 0.02076923076923077 0.04079497907949791
0 0.8823076923076923 0.5062761506276151 0.07384615384615385 0.2719665271966527
1 0.8723076923076923 0.36715481171548114 0.024615384615384615 0.04811715481171548
0 0.8784615384615385 0.47960251046025104 0.1 0.2792887029288703
1 0.9030769230769231 0.3619246861924686 0.021538461538461538 0.0397489539748954
0 0.9084615384615384 0.4649581589958159 0.06461538461538462 0.25627615062761505
1 0.9203846153846154 0.3608786610878661 0.02076923076923077 0.03556485355648536
0 0.921923076923077 0.46077405857740583 0.05307692307692308 0.2395397489539749
1 0.9253846153846154 0.3284518828451883 0.013846153846153847 0.02510460251046025
0 0.9246153846153846 0.4225941422594142 0.043076923076923075 0.22594142259414227
1 0.9915384615384616 0.399581589958159 0.016923076923076923 0.04184100418410042
0 0.9796153846153847 0.5209205020920502 0.040769230769230766 0.29497907949790797
1 0.9788461538461538 0.35564853556485354 0.022307692307692306 0.03556485355648536
0 0.9715384615384616 0.4675732217573222 0.05692307692307692 0.2719665271966527
1 0.1453846153846154 0.20868200836820083 0.010769230769230769 0.015690376569037656
0 0.14153846153846153 0.25627615062761505 0.038461538461538464 0.12552301255230125
1 0.1819230769230769 0.2149581589958159 0.011538461538461539 0.01778242677824268
0 0.18269230769230768 0.25523012552301255 0.03307692307692308 0.10460251046025104
1 0.6126923076923076 0.2065899581589958 0.01 0.01778242677824268
0 0.6107692307692307 0.2452928870292887 0.02923076923076923 0.09937238493723849
1 0.6388461538461538 0.23430962343096234 0.013076923076923076 0.016736401673640166
0 0.6380769230769231 0.2651673640167364 0.03307692307692308 0.08472803347280335
1 0.683076923076923 0.20397489539748953 0.010769230769230769 0.014644351464435146
0 0.6846153846153846 0.24163179916317992 0.038461538461538464 0.09832635983263599
1 0.7734615384615384 0.21234309623430964 0.011538461538461539 0.01882845188284519
0 0.7734615384615384 0.25313807531380755 0.03307692307692308 0.10251046025104603
1 0.693076923076923 0.3530334728033473 0.021538461538461538 0.034518828451882845
0 0.6992307692307692 0.4497907949790795 0.06 0.23430962343096234
1 0.8346153846153846 0.3865062761506276 0.016923076923076923 0.030334728033472803
0 0.8334615384615385 0.4811715481171548 0.040769230769230766 0.22594142259414227
1 0.8276923076923077 0.3619246861924686 0.021538461538461538 0.0397489539748954
0 0.83 0.448744769874477 0.05384615384615385 0.22384937238493724