1 0.03076171875 0.2428958051420839 0.0244140625 0.036535859269282815
0 0.0302734375 0.34100135317997293 0.052734375 0.2435723951285521
1 0.17236328125 0.2158322056833559 0.0615234375 0.08795669824086604
0 0.1396484375 0.540595399188092 0.1875 0.7916102841677943
1 0.27783203125 0.2543978349120433 0.0498046875 0.08930987821380243
0 0.25390625 0.5696887686062246 0.125 0.7361299052774019
1 0.37109375 0.3382949932341001 0.060546875 0.09742895805142084
0 0.3291015625 0.6143437077131259 0.1640625 0.6657645466847091
1 0.4521484375 0.3646820027063599 0.0546875 0.09878213802435724
0 0.416015625 0.6265223274695535 0.12890625 0.6332882273342354
1 0.5400390625 0.34844384303112313 0.056640625 0.10148849797023005
0 0.537109375 0.6305818673883626 0.1328125 0.6711772665764547
1 0.62353515625 0.33694181326116374 0.0537109375 0.10013531799729364
0 0.64697265625 0.6244925575101489 0.1376953125 0.6806495263870095
1 0.71337890625 0.30581867388362655 0.0634765625 0.11096075778078485
0 0.748046875 0.6156968876860622 0.16796875 0.7550744248985115
1 0.89599609375 0.2794316644113667 0.0556640625 0.09336941813261164
0 0.90478515625 0.6069012178619756 0.1298828125 0.7537212449255751
1 0.81884765625 0.2584573748308525 0.0498046875 0.08660351826792964
0 0.818359375 0.5757780784844384 0.126953125 0.7293640054127198
1 0.6220703125 0.2719891745602165 0.046875 0.07848443843031123
0 0.615234375 0.5635994587280109 0.103515625 0.6698240866035182
1 0.5283203125 0.2706359945872801 0.048828125 0.07848443843031123
0 0.4970703125 0.5568335588633289 0.173828125 0.6644113667117727
1 0.43701171875 0.2679296346414073 0.0517578125 0.09201623815967523
0 0.427734375 0.5561569688768606 0.123046875 0.6738836265223275
1 0.353515625 0.2746955345060893 0.048828125 0.07848443843031123
0 0.3359375 0.5635994587280109 0.1484375 0.6617050067658998