1 0.7089552238805971 0.3492779783393502 0.0472636815920398 0.08483754512635379
0 0.7101990049751243 0.5857400722021661 0.12935323383084577 0.575812274368231
1 0.9533582089552238 0.3249097472924188 0.03109452736318408 0.05776173285198556
0 0.9483830845771144 0.4918772563176895 0.10323383084577115 0.3989169675090253
1 0.8258706467661692 0.3194945848375451 0.03233830845771144 0.05776173285198556
0 0.835820895522388 0.5027075812274369 0.10945273631840796 0.4314079422382672
1 0.8115671641791045 0.30866425992779783 0.028606965174129355 0.04693140794223827
0 0.8177860696517413 0.4720216606498195 0.09825870646766169 0.38086642599277976
1 0.11380597014925373 0.3862815884476534 0.05099502487562189 0.08303249097472924
0 0.10572139303482588 0.5992779783393501 0.1318407960199005 0.5234657039711191
1 0.7344527363184079 0.27978339350180503 0.01616915422885572 0.02888086642599278
0 0.7350746268656716 0.3564981949458484 0.04975124378109453 0.1931407942238267
1 0.9110696517412935 0.2824909747292419 0.011194029850746268 0.019855595667870037
0 0.9098258706467661 0.3492779783393502 0.033582089552238806 0.14981949458483754