1 0.10470779220779221 0.3675 0.017857142857142856 0.035
0 0.10876623376623376 0.4675 0.05519480519480519 0.245
1 0.17857142857142858 0.35625 0.01948051948051948 0.0375
0 0.17532467532467533 0.46 0.048701298701298704 0.26
1 0.15584415584415584 0.35875 0.022727272727272728 0.0425
0 0.16477272727272727 0.48125 0.0762987012987013 0.2975
1 0.21915584415584416 0.36 0.016233766233766232 0.03
0 0.21996753246753248 0.45625 0.040584415584415584 0.2375
1 0.20373376623376624 0.35625 0.021103896103896104 0.0375
0 0.20454545454545456 0.475 0.05519480519480519 0.285
1 0.2767857142857143 0.36625 0.017857142857142856 0.0275
0 0.2711038961038961 0.4575 0.048701298701298704 0.26
1 0.25892857142857145 0.33 0.024350649350649352 0.045
0 0.25243506493506496 0.4625 0.08928571428571429 0.32
1 0.32142857142857145 0.35375 0.022727272727272728 0.0375
0 0.3125 0.4775 0.0633116883116883 0.295
1 0.3352272727272727 0.38375 0.021103896103896104 0.0375
0 0.32061688311688313 0.5025 0.0698051948051948 0.285
1 0.38636363636363635 0.3725 0.016233766233766232 0.03
0 0.39366883116883117 0.475 0.05357142857142857 0.26
1 0.39285714285714285 0.38375 0.01948051948051948 0.0425
0 0.38961038961038963 0.4925 0.06168831168831169 0.28
1 0.37743506493506496 0.3875 0.024350649350649352 0.045
0 0.3806818181818182 0.50875 0.0633116883116883 0.3025
1 0.4496753246753247 0.365 0.025974025974025976 0.05
0 0.4472402597402597 0.505 0.0633116883116883 0.335
1 0.48133116883116883 0.36875 0.021103896103896104 0.0425
0 0.4837662337662338 0.49375 0.048701298701298704 0.3025
1 0.4943181818181818 0.3725 0.027597402597402596 0.05
0 0.4902597402597403 0.51875 0.06818181818181818 0.3525
1 0.5430194805194806 0.36875 0.021103896103896104 0.0425
0 0.536525974025974 0.48625 0.05032467532467533 0.2825
1 0.577922077922078 0.3325 0.032467532467532464 0.045
0 0.5584415584415584 0.51 0.08116883116883117 0.41
1 0.599025974025974 0.3625 0.025974025974025976 0.055
0 0.5827922077922078 0.505 0.08116883116883117 0.36
1 0.6209415584415584 0.36125 0.030844155844155844 0.0575
0 0.609577922077922 0.535 0.07954545454545454 0.41
1 0.6534090909090909 0.38625 0.03409090909090909 0.0675
0 0.6461038961038961 0.56375 0.09090909090909091 0.4325
1 0.6834415584415584 0.39 0.045454545454545456 0.075
0 0.6737012987012987 0.595 0.08441558441558442 0.49
1 0.724025974025974 0.37625 0.02922077922077922 0.0525
0 0.7183441558441559 0.545 0.08603896103896104 0.4
1 0.7719155844155844 0.4075 0.04383116883116883 0.08
0 0.7467532467532467 0.63125 0.11363636363636363 0.5375
1 0.7881493506493507 0.3825 0.040584415584415584 0.065
0 0.7816558441558441 0.5875 0.07954545454545454 0.49
1 0.7978896103896104 0.3525 0.027597402597402596 0.055
0 0.797077922077922 0.525 0.06493506493506493 0.41
1 0.8181818181818182 0.37625 0.032467532467532464 0.0575
0 0.8116883116883117 0.5525 0.08441558441558442 0.42
1 0.8425324675324676 0.365 0.03571428571428571 0.06
0 0.8295454545454546 0.56375 0.08766233766233766 0.4675
1 0.8806818181818182 0.3575 0.037337662337662336 0.08
0 0.8628246753246753 0.59375 0.1185064935064935 0.5675
1 0.9326298701298701 0.36625 0.040584415584415584 0.0725
0 0.9310064935064936 0.57625 0.08928571428571429 0.5025
1 0.9042207792207793 0.36625 0.048701298701298704 0.0975
0 0.8936688311688312 0.6275 0.125 0.63
1 0.9983766233766234 0.38 0.003246753246753247 0.05
0 0.9756493506493507 0.58 0.048701298701298704 0.475