1 0.08046875 0.18958333333333333 0.03125 0.06527777777777778
0 0.06875 0.37916666666666665 0.13125 0.5138888888888888
1 0.01640625 0.5076388888888889 0.0328125 0.05416666666666667
0 0.06171875 0.7354166666666667 0.1234375 0.5291666666666667
1 0.104296875 0.5 0.03671875 0.08055555555555556
0 0.10625 0.7291666666666666 0.10625 0.5416666666666666
1 0.05 0.48194444444444445 0.0328125 0.075
0 0.05625 0.6861111111111111 0.1125 0.5138888888888888
1 0.06953125 0.4097222222222222 0.03125 0.07222222222222222
0 0.062109375 0.6319444444444444 0.08046875 0.5222222222222223
1 0.141015625 0.46875 0.02890625 0.06805555555555555
0 0.14140625 0.6645833333333333 0.1078125 0.5486111111111112
1 0.20859375 0.46597222222222223 0.0359375 0.0763888888888889
0 0.1859375 0.6618055555555555 0.1140625 0.6402777777777777
1 0.348828125 0.4701388888888889 0.03515625 0.0763888888888889
0 0.3328125 0.7 0.1171875 0.5472222222222223
1 0.25625 0.5368055555555555 0.0265625 0.05138888888888889
0 0.25859375 0.7541666666666667 0.109375 0.49166666666666664
1 0.037890625 0.3145833333333333 0.03359375 0.0763888888888889
0 0.04140625 0.5159722222222223 0.0828125 0.4875
1 0.107421875 0.3597222222222222 0.02890625 0.07222222222222222
0 0.0953125 0.5354166666666667 0.1 0.4736111111111111
1 0.190234375 0.38055555555555554 0.02734375 0.06944444444444445
0 0.1765625 0.5555555555555556 0.0984375 0.5833333333333334
1 0.28203125 0.38125 0.03125 0.06805555555555555
0 0.2734375 0.5506944444444445 0.096875 0.5902777777777778
1 0.264453125 0.41805555555555557 0.03828125 0.08333333333333333
0 0.25 0.6076388888888888 0.1140625 0.6402777777777777
1 0.3609375 0.4125 0.0296875 0.06388888888888888
0 0.35390625 0.5833333333333334 0.1 0.5083333333333333
1 0.326953125 0.3416666666666667 0.03515625 0.075
0 0.31875 0.48541666666666666 0.103125 0.5291666666666667
1 0.369921875 0.22083333333333333 0.03203125 0.07777777777777778
0 0.38984375 0.4097222222222222 0.1109375 0.46944444444444444
1 0.333203125 0.2590277777777778 0.02734375 0.06527777777777778
0 0.3453125 0.43194444444444446 0.075 0.41388888888888886
1 0.090625 0.30069444444444443 0.03125 0.059722222222222225
0 0.08671875 0.4326388888888889 0.1109375 0.5402777777777777
1 0.16796875 0.23819444444444443 0.025 0.0625
0 0.158984375 0.44375 0.09609375 0.5041666666666667
1 0.168359375 0.2388888888888889 0.02734375 0.06388888888888888
0 0.16484375 0.39791666666666664 0.084375 0.4597222222222222
1 0.238671875 0.21736111111111112 0.03203125 0.07083333333333333
0 0.2453125 0.40555555555555556 0.078125 0.45555555555555555
1 0.48125 0.3638888888888889 0.0328125 0.07777777777777778
0 0.477734375 0.45902777777777776 0.12890625 0.39305555555555555
1 0.83359375 0.5611111111111111 0.03125 0.06111111111111111
0 0.819140625 0.7576388888888889 0.10546875 0.4847222222222222
1 0.674609375 0.5944444444444444 0.03203125 0.07777777777777778
0 0.6671875 0.7597222222222222 0.1078125 0.48055555555555557
1 0.924609375 0.5375 0.03828125 0.08055555555555556
0 0.920703125 0.7458333333333333 0.09609375 0.5083333333333333
1 0.9671875 0.5013888888888889 0.0328125 0.06666666666666667
0 0.968359375 0.7333333333333333 0.06328125 0.5333333333333333
1 0.71328125 0.5215277777777778 0.0328125 0.0763888888888889
0 0.690234375 0.7402777777777778 0.13203125 0.5194444444444445
1 0.62109375 0.5659722222222222 0.0234375 0.06527777777777778
0 0.6046875 0.7319444444444444 0.09375 0.5361111111111111
1 0.58984375 0.48819444444444443 0.03125 0.07083333333333333
0 0.57109375 0.6902777777777778 0.1234375 0.5583333333333333
1 0.68046875 0.48819444444444443 0.03125 0.08194444444444444
0 0.674609375 0.6993055555555555 0.09609375 0.5152777777777777
1 0.750390625 0.5229166666666667 0.02890625 0.07361111111111111
0 0.755859375 0.6965277777777777 0.07890625 0.5347222222222222
1 0.823046875 0.48194444444444445 0.03203125 0.06944444444444445
0 0.822265625 0.6979166666666666 0.08828125 0.5152777777777777
1 0.911328125 0.48680555555555555 0.03046875 0.07916666666666666
0 0.909765625 0.7027777777777777 0.08203125 0.5194444444444445
1 0.968359375 0.5048611111111111 0.02890625 0.07916666666666666
0 0.96875 0.7152777777777778 0.0625 0.4861111111111111
1 0.60234375 0.3909722222222222 0.0328125 0.06805555555555555
0 0.581640625 0.575 0.09609375 0.43333333333333335
1 0.64375 0.4 0.0328125 0.07222222222222222
0 0.632421875 0.5979166666666667 0.09609375 0.4736111111111111
1 0.713671875 0.40625 0.03515625 0.0763888888888889
0 0.715625 0.6 0.1015625 0.4777777777777778
1 0.8421875 0.4263888888888889 0.0375 0.075
0 0.84140625 0.61875 0.0953125 0.4652777777777778
1 0.969140625 0.43194444444444446 0.03515625 0.07222222222222222
0 0.94921875 0.6208333333333333 0.1015625 0.5166666666666667
1 0.943359375 0.3506944444444444 0.03203125 0.06805555555555555
0 0.950390625 0.5659722222222222 0.08203125 0.5180555555555556
1 0.853515625 0.3451388888888889 0.03046875 0.059722222222222225
0 0.852734375 0.5645833333333333 0.09765625 0.5152777777777777
1 0.743359375 0.2986111111111111 0.02890625 0.06111111111111111
0 0.76015625 0.5375 0.128125 0.5611111111111111
1 0.667578125 0.3138888888888889 0.03203125 0.07222222222222222
0 0.65625 0.5430555555555555 0.1328125 0.5388888888888889
1 0.601171875 0.28194444444444444 0.03046875 0.07777777777777778
0 0.60546875 0.4673611111111111 0.09375 0.4597222222222222
1 0.8296875 0.27847222222222223 0.03125 0.06805555555555555
0 0.8375 0.4513888888888889 0.0796875 0.41944444444444445
1 0.7734375 0.2465277777777778 0.0328125 0.06805555555555555
0 0.771484375 0.4263888888888889 0.10234375 0.4361111111111111
1 0.742578125 0.29791666666666666 0.03046875 0.06805555555555555
0 0.734375 0.4479166666666667 0.0890625 0.5069444444444444
1 0.632421875 0.1909722222222222 0.02890625 0.0625
0 0.60859375 0.3763888888888889 0.1234375 0.49444444444444446
1 0.720703125 0.1840277777777778 0.03203125 0.07361111111111111
0 0.732421875 0.38680555555555557 0.15390625 0.4875
1 0.840234375 0.1909722222222222 0.02890625 0.06527777777777778
0 0.834375 0.3861111111111111 0.09375 0.46944444444444444
1 0.91796875 0.23055555555555557 0.028125 0.06666666666666667
0 0.909765625 0.3659722222222222 0.09296875 0.5180555555555556
0 0.971875 0.4222222222222222 0.05625 0.46944444444444444
1 0.990625 0.22361111111111112 0.01875 0.058333333333333334
0 0.96171875 0.39305555555555555 0.0765625 0.4583333333333333
1 0.90078125 0.19652777777777777 0.03125 0.07083333333333333
0 0.896484375 0.3819444444444444 0.08359375 0.44722222222222224