1 0.06103286384976526 0.7197916666666667 0.014084507042253521 0.027083333333333334
0 0.05927230046948357 0.7791666666666667 0.03169014084507042 0.15416666666666667
1 0.11619718309859155 0.71875 0.025821596244131457 0.04583333333333333
0 0.11502347417840375 0.8447916666666667 0.06572769953051644 0.3104166666666667
1 0.28169014084507044 0.715625 0.028169014084507043 0.052083333333333336
0 0.2764084507042254 0.8427083333333333 0.09272300469483569 0.3145833333333333
1 0.3215962441314554 0.7333333333333333 0.025821596244131457 0.04583333333333333
0 0.3315727699530516 0.85 0.06924882629107981 0.3
1 0.22946009389671362 0.709375 0.01056338028169014 0.01875
0 0.22652582159624413 0.759375 0.023474178403755867 0.12708333333333333
1 0.24354460093896713 0.7114583333333333 0.01056338028169014 0.01875
0 0.24413145539906103 0.7604166666666666 0.023474178403755867 0.125
1 0.3597417840375587 0.7052083333333333 0.008215962441314555 0.014583333333333334
0 0.3626760563380282 0.7520833333333333 0.025821596244131457 0.12083333333333333
1 0.40492957746478875 0.70625 0.007042253521126761 0.0125
0 0.4072769953051643 0.753125 0.025821596244131457 0.11041666666666666
1 0.4272300469483568 0.7072916666666667 0.01643192488262911 0.03125
0 0.41725352112676056 0.7875 0.04107981220657277 0.2
1 0.4536384976525822 0.7114583333333333 0.008215962441314555 0.014583333333333334
0 0.45011737089201875 0.7614583333333333 0.022300469483568074 0.12291666666666666
1 0.43720657276995306 0.7395833333333334 0.017605633802816902 0.1125
0 0.43720657276995306 0.7395833333333334 0.017605633802816902 0.1125
1 0.625 0.6864583333333333 0.015258215962441314 0.03125
0 0.6244131455399061 0.78125 0.04929577464788732 0.22916666666666666
1 0.6684272300469484 0.7125 0.02464788732394366 0.05416666666666667
0 0.6737089201877934 0.8395833333333333 0.09624413145539906 0.32083333333333336
1 0.6936619718309859 0.6708333333333333 0.03051643192488263 0.05416666666666667
0 0.6995305164319249 0.8197916666666667 0.09624413145539906 0.36041666666666666
1 0.7411971830985915 0.70625 0.017605633802816902 0.03333333333333333
0 0.7370892018779343 0.7822916666666667 0.03286384976525822 0.19375
1 0.8051643192488263 0.7010416666666667 0.01643192488262911 0.03125
0 0.8075117370892019 0.7802083333333333 0.06338028169014084 0.19791666666666666
1 0.9759389671361502 0.6802083333333333 0.012910798122065728 0.027083333333333334
0 0.9765258215962441 0.759375 0.03990610328638498 0.18958333333333333