1 0.8367768595041323 0.6188630490956072 0.04338842975206612 0.06976744186046512
0 0.8553719008264463 0.7855297157622739 0.27479338842975204 0.4134366925064599
1 0.7799586776859504 0.6124031007751938 0.03512396694214876 0.06201550387596899
0 0.7711776859504132 0.7680878552971576 0.11053719008264463 0.3785529715762274
1 0.8987603305785123 0.789405684754522 0.012396694214876033 0.020671834625323
0 0.9003099173553719 0.8397932816537468 0.03202479338842975 0.12403100775193798
1 0.7024793388429752 0.6162790697674418 0.03512396694214876 0.05167958656330749
0 0.702995867768595 0.7674418604651163 0.08987603305785125 0.3643410852713178
1 0.6833677685950413 0.5878552971576227 0.029958677685950414 0.046511627906976744
0 0.6787190082644629 0.7067183462532299 0.07231404958677685 0.29457364341085274
1 0.5976239669421488 0.5749354005167958 0.029958677685950414 0.05167958656330749
0 0.5909090909090909 0.7151162790697675 0.06611570247933884 0.33462532299741604
1 0.5831611570247934 0.6175710594315246 0.029958677685950414 0.04909560723514212
0 0.5702479338842975 0.7403100775193798 0.07851239669421488 0.32041343669250644
1 0.6033057851239669 0.6324289405684754 0.030991735537190084 0.050387596899224806
0 0.5950413223140496 0.8010335917312662 0.09710743801652892 0.3979328165374677
1 0.5082644628099173 0.6330749354005168 0.03305785123966942 0.06201550387596899
0 0.4984504132231405 0.7984496124031008 0.09400826446280992 0.40310077519379844
1 0.47520661157024796 0.6091731266149871 0.028925619834710745 0.050387596899224806
0 0.47262396694214875 0.7377260981912145 0.06921487603305786 0.3152454780361757
1 0.44576446280991733 0.6266149870801033 0.023760330578512397 0.03617571059431524
0 0.44008264462809915 0.7383720930232558 0.05371900826446281 0.26744186046511625
1 0.40392561983471076 0.6098191214470284 0.028925619834710745 0.05167958656330749
0 0.37758264462809915 0.7409560723514211 0.10433884297520661 0.31912144702842377
1 0.36828512396694213 0.5949612403100775 0.027892561983471075 0.04780361757105943
0 0.35795454545454547 0.7118863049095607 0.07954545454545454 0.28940568475452194
1 0.2980371900826446 0.622093023255814 0.023760330578512397 0.03229974160206718
0 0.2871900826446281 0.7131782945736435 0.08264462809917356 0.2558139534883721
1 0.26704545454545453 0.6382428940568475 0.01962809917355372 0.028423772609819122
0 0.25516528925619836 0.7299741602067183 0.05578512396694215 0.2144702842377261
1 0.2071280991735537 0.5975452196382429 0.025826446280991736 0.040051679586563305
0 0.19576446280991736 0.7118863049095607 0.07334710743801653 0.2739018087855297
1 0.1771694214876033 0.5290697674418605 0.03202479338842975 0.04780361757105943
0 0.1534090909090909 0.6750645994832042 0.10020661157024793 0.3423772609819121
1 0.14307851239669422 0.4903100775193798 0.042355371900826444 0.06847545219638243
0 0.1234504132231405 0.661498708010336 0.12706611570247933 0.4134366925064599
1 0.08987603305785125 0.4941860465116279 0.03512396694214876 0.05813953488372093
0 0.06869834710743801 0.648578811369509 0.12706611570247933 0.37467700258397935
1 0.03925619834710744 0.437984496124031 0.045454545454545456 0.06976744186046512
0 0.05526859504132232 0.6285529715762274 0.11053719008264463 0.44573643410852715