1 0.3173076923076923 0.3166109253065775 0.06846153846153846 0.11594202898550725
0 0.2907692307692308 0.5546265328874025 0.29384615384615387 0.6120401337792643
1 0.39115384615384613 0.379041248606466 0.06230769230769231 0.10033444816053512
0 0.42538461538461536 0.5836120401337793 0.25846153846153846 0.5273132664437012
1 0.5307692307692308 0.37848383500557414 0.05692307692307692 0.0858416945373467
0 0.5180769230769231 0.5819397993311036 0.17923076923076922 0.5061315496098104
1 0.6053846153846154 0.30434782608695654 0.046153846153846156 0.08472686733556299
0 0.5642307692307692 0.48717948717948717 0.2023076923076923 0.6287625418060201
1 0.7023076923076923 0.30434782608695654 0.05384615384615385 0.08695652173913043
0 0.7188461538461538 0.49665551839464883 0.17307692307692307 0.48272017837235226
1 0.7865384615384615 0.3188405797101449 0.057692307692307696 0.10925306577480491
0 0.8203846153846154 0.5473801560758083 0.3484615384615385 0.5997770345596433
1 0.6857692307692308 0.40746934225195097 0.06076923076923077 0.10590858416945373
0 0.6376923076923077 0.5529542920847269 0.33692307692307694 0.4080267558528428