1 0.361328125 0.4202473958333333 0.0458984375 0.07747395833333333
0 0.340087890625 0.5641276041666666 0.19580078125 0.3743489583333333
1 0.374267578125 0.3583984375 0.04052734375 0.06575520833333333
0 0.352294921875 0.4524739583333333 0.13232421875 0.2669270833333333
1 0.46337890625 0.392578125 0.041015625 0.06640625
0 0.472900390625 0.5071614583333334 0.12548828125 0.3216145833333333
1 0.533203125 0.3688151041666667 0.041015625 0.064453125
0 0.5400390625 0.4720052083333333 0.099609375 0.2955729166666667
1 0.602294921875 0.3134765625 0.05615234375 0.09309895833333333
0 0.661376953125 0.4690755208333333 0.20849609375 0.4095052083333333
1 0.667724609375 0.18619791666666666 0.01513671875 0.022135416666666668
0 0.669921875 0.2571614583333333 0.04296875 0.16796875
1 0.537841796875 0.16341145833333334 0.01611328125 0.028645833333333332
0 0.536376953125 0.240234375 0.05224609375 0.19140625
1 0.50732421875 0.18880208333333334 0.013671875 0.02734375
0 0.5009765625 0.2561848958333333 0.0400390625 0.16471354166666666