1 0.964 0.4166666666666667 0.012 0.01951951951951952
0 0.9625 0.47822822822822825 0.041 0.14864864864864866
1 0.9045 0.4894894894894895 0.031 0.05405405405405406
0 0.921 0.5743243243243243 0.078 0.22972972972972974
1 0.9895 0.5127627627627628 0.021 0.06756756756756757
0 0.965 0.5945945945945946 0.07 0.24324324324324326
1 0.884 0.5187687687687688 0.04 0.06456456456456457
0 0.887 0.6486486486486487 0.12 0.3333333333333333
1 0.814 0.5518018018018018 0.066 0.10960960960960961
0 0.8175 0.740990990990991 0.145 0.493993993993994
1 0.758 0.5960960960960962 0.066 0.10810810810810811
0 0.797 0.7680180180180181 0.226 0.46396396396396394
1 0.714 0.6193693693693694 0.09 0.17267267267267267
0 0.746 0.762012012012012 0.268 0.47597597597597596
1 0.4605 0.725975975975976 0.107 0.17267267267267267
0 0.4285 0.816066066066066 0.303 0.36786786786786785
1 0.214 0.6381381381381381 0.09 0.15615615615615616
0 0.2325 0.777027027027027 0.283 0.44594594594594594
1 0.26 0.6156156156156156 0.054 0.12012012012012012
0 0.2915 0.7717717717717718 0.199 0.45645645645645644
1 0.3035 0.5773273273273273 0.051 0.0915915915915916
0 0.333 0.7274774774774775 0.162 0.41291291291291293
1 0.459 0.5683183183183184 0.044 0.08258258258258258
0 0.4375 0.6906906906906907 0.129 0.35435435435435436
1 0.587 0.5773273273273273 0.042 0.08258258258258258
0 0.5625 0.6869369369369369 0.127 0.3108108108108108
1 0.6625 0.5615615615615616 0.049 0.09009009009009009
0 0.6805 0.7057057057057057 0.123 0.3813813813813814
1 0.9765 0.47822822822822825 0.019 0.03153153153153153
0 0.9715 0.5698198198198198 0.057 0.23273273273273273
1 0.6805 0.47297297297297297 0.017 0.02702702702702703
0 0.677 0.5097597597597597 0.042 0.10960960960960961
1 0.6605 0.47597597597597596 0.015 0.024024024024024024
0 0.664 0.5172672672672672 0.036 0.10960960960960961
1 0.6185 0.4774774774774775 0.017 0.02702702702702703
0 0.619 0.527027027027027 0.052 0.12912912912912913
1 0.5605 0.49099099099099097 0.013 0.02702702702702703
0 0.559 0.5232732732732732 0.04 0.09759759759759759
1 0.548 0.4827327327327327 0.014 0.02252252252252252
0 0.5455 0.5285285285285285 0.043 0.11711711711711711
1 0.5335 0.481981981981982 0.013 0.021021021021021023
0 0.5305 0.521021021021021 0.043 0.11411411411411411
1 0.403 0.48348348348348347 0.016 0.02702702702702703
0 0.403 0.5442942942942943 0.046 0.15465465465465467
1 0.3535 0.49624624624624625 0.017 0.025525525525525526
0 0.355 0.5578078078078078 0.054 0.15465465465465467
1 0.3065 0.49774774774774777 0.017 0.03153153153153153
0 0.3085 0.5548048048048048 0.051 0.15165165165165165
1 0.2315 0.515015015015015 0.035 0.05405405405405406
0 0.2465 0.5855855855855856 0.069 0.1981981981981982
1 0.189 0.5105105105105106 0.034 0.04804804804804805
0 0.1785 0.6171171171171171 0.101 0.2672672672672673
1 0.1215 0.515015015015015 0.027 0.042042042042042045
0 0.1275 0.5878378378378378 0.061 0.2057057057057057
1 0.058 0.5105105105105106 0.026 0.05105105105105105
0 0.0545 0.6043543543543544 0.081 0.24474474474474475
1 0.5255 0.4797297297297297 0.013 0.02252252252252252
0 0.529 0.5225225225225225 0.05 0.11411411411411411
1 0.977 0.4767267267267267 0.02 0.028528528528528527
0 0.971 0.5495495495495496 0.058 0.17717717717717718