1 0.11291666666666667 0.11644736842105263 0.07416666666666667 0.14868421052631578
0 0.11791666666666667 0.5177631578947368 0.21583333333333332 0.9565789473684211
1 0.24333333333333335 0.2026315789473684 0.06333333333333334 0.12105263157894737
0 0.25375 0.525 0.14916666666666667 0.7789473684210526
1 0.3883333333333333 0.09407894736842105 0.06333333333333334 0.13026315789473683
0 0.38 0.45723684210526316 0.18166666666666667 0.8618421052631579
1 0.4970833333333333 0.13355263157894737 0.0575 0.11447368421052631
0 0.505 0.4651315789473684 0.14166666666666666 0.8013157894736842
1 0.6091666666666666 0.13223684210526315 0.06166666666666667 0.12763157894736843
0 0.6379166666666667 0.49144736842105263 0.19583333333333333 0.8486842105263158
1 0.6729166666666667 0.09276315789473684 0.05416666666666667 0.10394736842105264
0 0.6529166666666667 0.4118421052631579 0.15416666666666667 0.7473684210526316
1 0.7379166666666667 0.10723684210526316 0.060833333333333336 0.12763157894736843
0 0.7541666666666667 0.44473684210526315 0.18166666666666667 0.8157894736842105
1 0.9095833333333333 0.10394736842105264 0.0575 0.11842105263157894
0 0.91125 0.47368421052631576 0.17416666666666666 0.8868421052631579