1 0.13666666666666666 0.21125 0.06 0.1025
0 0.13166666666666665 0.4775 0.2 0.65
1 0.21333333333333335 0.185 0.05 0.09
0 0.24833333333333332 0.46 0.21666666666666667 0.68
1 0.3433333333333333 0.185 0.05333333333333334 0.105
0 0.3591666666666667 0.465 0.30833333333333335 0.685
1 0.4508333333333333 0.14 0.04833333333333333 0.1
0 0.45 0.46 0.35333333333333333 0.75
1 0.5783333333333334 0.1375 0.05 0.1
0 0.5791666666666667 0.4625 0.14166666666666666 0.75
1 0.7 0.1525 0.04666666666666667 0.1
0 0.7 0.465 0.17333333333333334 0.735
1 0.8016666666666666 0.21625 0.05 0.1025
0 0.81 0.5075 0.13333333333333333 0.705
1 0.9091666666666667 0.18625 0.058333333333333334 0.1075
0 0.9216666666666666 0.5 0.14 0.75
1 0.86 0.38875 0.056666666666666664 0.1125
0 0.86 0.62 0.17333333333333334 0.595
1 0.7275 0.38125 0.055 0.1075
0 0.6908333333333333 0.61125 0.225 0.5825
1 0.5791666666666667 0.38125 0.055 0.1075
0 0.6125 0.60625 0.24166666666666667 0.5725
1 0.4533333333333333 0.41 0.043333333333333335 0.1
0 0.4691666666666667 0.62125 0.21166666666666667 0.5425
1 0.34 0.4225 0.05333333333333334 0.095
0 0.3408333333333333 0.6275 0.235 0.53
1 0.21833333333333332 0.4225 0.056666666666666664 0.11
0 0.24916666666666668 0.63 0.19166666666666668 0.545
1 0.11416666666666667 0.37 0.058333333333333334 0.11
0 0.14166666666666666 0.60875 0.2833333333333333 0.6175