1 0.9015625 0.3814553990610329 0.05 0.1056338028169014
0 0.90546875 0.6607981220657277 0.1421875 0.6784037558685446
1 0.83046875 0.3568075117370892 0.0546875 0.09389671361502347
0 0.83046875 0.6443661971830986 0.1046875 0.6737089201877934
1 0.78125 0.41901408450704225 0.05625 0.11032863849765258
0 0.78203125 0.6807511737089202 0.1484375 0.6384976525821596
1 0.728125 0.4096244131455399 0.046875 0.09154929577464789
0 0.73828125 0.6678403755868545 0.1203125 0.6314553990610329
1 0.678125 0.33215962441314556 0.053125 0.1056338028169014
0 0.6765625 0.6161971830985915 0.15625 0.6830985915492958
1 0.63359375 0.44835680751173707 0.0453125 0.08450704225352113
0 0.628125 0.6936619718309859 0.13125 0.5985915492957746
1 0.559375 0.37089201877934275 0.04375 0.09389671361502347
0 0.55859375 0.6408450704225352 0.1109375 0.6431924882629108
1 0.50625 0.40492957746478875 0.046875 0.09624413145539906
0 0.50703125 0.6748826291079812 0.1203125 0.6502347417840375
1 0.43984375 0.37089201877934275 0.0453125 0.0892018779342723
0 0.43671875 0.6467136150234741 0.1203125 0.6502347417840375
1 0.39375 0.41784037558685444 0.05 0.09389671361502347
0 0.3984375 0.6807511737089202 0.134375 0.6384976525821596
1 0.321875 0.38028169014084506 0.05 0.08450704225352113
0 0.3265625 0.6607981220657277 0.115625 0.6549295774647887
1 0.27421875 0.4084507042253521 0.0484375 0.10328638497652583
0 0.27109375 0.6737089201877934 0.1546875 0.6525821596244131
1 0.20390625 0.4107981220657277 0.0515625 0.09859154929577464
0 0.19765625 0.6784037558685446 0.1078125 0.6431924882629108
1 0.1640625 0.3568075117370892 0.053125 0.09859154929577464
0 0.17734375 0.6455399061032864 0.1171875 0.6807511737089202
1 0.1140625 0.3931924882629108 0.05625 0.10093896713615023
0 0.0921875 0.6678403755868545 0.159375 0.6643192488262911