1 0.16083916083916083 0.222 0.32167832167832167 0.444
0 0.3993006993006993 0.5 0.7986013986013986 1
1 0.3356643356643357 0.222 0.022377622377622378 0.036
0 0.34265734265734266 0.316 0.06433566433566433 0.236
1 0.427972027972028 0.205 0.019580419580419582 0.03
0 0.4286713286713287 0.294 0.06293706293706294 0.212
1 0.493006993006993 0.204 0.026573426573426574 0.04
0 0.4986013986013986 0.318 0.06013986013986014 0.272
1 0.5342657342657343 0.207 0.03076923076923077 0.054
0 0.5314685314685315 0.335 0.08951048951048951 0.322
1 0.5587412587412588 0.19 0.032167832167832165 0.044
0 0.5552447552447553 0.307 0.06153846153846154 0.294
1 0.5888111888111888 0.194 0.025174825174825177 0.044
0 0.5748251748251748 0.349 0.044755244755244755 0.378
1 0.606993006993007 0.191 0.039160839160839164 0.058
0 0.606993006993007 0.394 0.0951048951048951 0.476
1 0.6657342657342658 0.179 0.06433566433566433 0.098
0 0.6608391608391608 0.424 0.16643356643356644 0.592
1 0.7251748251748251 0.16 0.03496503496503497 0.048
0 0.7230769230769231 0.26 0.05314685314685315 0.26
1 0.8496503496503497 0.088 0.09090909090909091 0.152
0 0.8825174825174825 0.42 0.23216783216783216 0.836
1 0.8517482517482518 0.644 0.2153846153846154 0.38
0 0.7608391608391608 0.72 0.4783216783216783 0.56