1 0.5607277882797732 0.29075511644318985 0.09877126654064272 0.18489767113620326
0 0.5415879017013232 0.5864502470007057 0.29300567107750475 0.8270995059985886
1 0.7320415879017014 0.3952011291460833 0.07939508506616257 0.12420606916019761
0 0.7625236294896031 0.6584333098094566 0.30671077504725897 0.6831333803810868
1 0.8282136105860114 0.5215243472124206 0.03449905482041588 0.06916019760056458
0 0.8449905482041588 0.7353563867325336 0.11909262759924386 0.529287226534933
1 0.877835538752363 0.5606916019760056 0.03449905482041588 0.0529287226534933
0 0.9198960302457467 0.7547635850388144 0.16020793950850662 0.4763585038814397
1 0.9364366729678639 0.6019760056457304 0.017485822306238186 0.025405786873676783
0 0.9529773156899811 0.6954834156669019 0.07514177693761814 0.2335920959774171
1 0.9737712665406427 0.6107974594213126 0.021266540642722116 0.02611150317572336
0 0.9735349716446124 0.696894848270995 0.052930056710775046 0.21242060691601977
1 0.9903119092627599 0.5959774170783345 0.019376181474480152 0.03599153140437544
0 0.9858223062381852 0.6912491178546224 0.02835538752362949 0.22935779816513763
1 0.33175803402646503 0.24100211714890615 0.24669187145557656 0.4820042342978123
0 0.5 0.5 1 1