1 0.271484375 0.38799414348462663 0.01171875 0.020497803806734993
0 0.2705078125 0.438506588579795 0.03125 0.13616398243045388
1 0.02783203125 0.37920937042459735 0.0107421875 0.014641288433382138
0 0.02783203125 0.4238653001464129 0.0283203125 0.11859443631039532
1 0.0517578125 0.35871156661786235 0.015625 0.02342606149341142
0 0.0380859375 0.42313323572474376 0.05078125 0.1581259150805271
1 0.078125 0.37701317715959004 0.009765625 0.016105417276720352
0 0.07275390625 0.4238653001464129 0.0302734375 0.12152269399707175
1 0.12109375 0.363103953147877 0.025390625 0.03513909224011713
0 0.12158203125 0.4802342606149341 0.0830078125 0.2752562225475842
1 0.16650390625 0.390190336749634 0.0380859375 0.0629575402635432
0 0.1845703125 0.5775988286969254 0.130859375 0.4699853587115666
1 0.21875 0.35651537335285505 0.02734375 0.04538799414348463
0 0.228515625 0.48316251830161056 0.0703125 0.3074670571010249
1 0.24072265625 0.38653001464128844 0.0244140625 0.043923865300146414
0 0.23876953125 0.5073206442166911 0.0673828125 0.3001464128843338
1 0.98291015625 0.39092240117130306 0.0166015625 0.02342606149341142
0 0.98193359375 0.44216691068814057 0.0361328125 0.12884333821376281
1 0.95947265625 0.41874084919472915 0.0107421875 0.017569546120058566
0 0.95849609375 0.45900439238653 0.0498046875 0.10980966325036604
1 0.939453125 0.37701317715959004 0.017578125 0.024890190336749635
0 0.9306640625 0.438506588579795 0.044921875 0.15373352855051245
1 0.90234375 0.3806734992679356 0.01953125 0.032210834553440704
0 0.89697265625 0.45534407027818447 0.0615234375 0.18448023426061494
1 0.8515625 0.37774524158125916 0.01953125 0.02635431918008785
0 0.85107421875 0.4472913616398243 0.0576171875 0.17423133235724744
1 0.82080078125 0.3609077598828697 0.0263671875 0.03953147877013177
0 0.8193359375 0.4802342606149341 0.0703125 0.28111273792093705
1 0.78173828125 0.37920937042459735 0.0068359375 0.01171303074670571
0 0.78076171875 0.43045387994143486 0.0341796875 0.12005856515373353
1 0.7578125 0.3828696925329429 0.017578125 0.03367496339677892
0 0.75341796875 0.4787701317715959 0.0556640625 0.23133235724743778
1 0.7392578125 0.38433382137628114 0.01171875 0.021961932650073207
0 0.7392578125 0.42752562225475843 0.02734375 0.11420204978038068
1 0.6748046875 0.3953147877013177 0.013671875 0.020497803806734993
0 0.67333984375 0.45168374816983897 0.0302734375 0.14202049780380674
1 0.7119140625 0.36383601756954614 0.033203125 0.048316251830161056
0 0.705078125 0.5095168374816984 0.080078125 0.34260614934114203
1 0.642578125 0.369692532942899 0.021484375 0.03074670571010249
0 0.64208984375 0.46193265007320644 0.0478515625 0.21815519765739386
1 0.564453125 0.39092240117130306 0.009765625 0.017569546120058566
0 0.56494140625 0.43045387994143486 0.0185546875 0.09956076134699854
1 0.56005859375 0.38433382137628114 0.0107421875 0.016105417276720352
0 0.5576171875 0.43923865300146414 0.025390625 0.1376281112737921
1 0.55029296875 0.38433382137628114 0.0107421875 0.016105417276720352
0 0.55517578125 0.44363103953147875 0.0361328125 0.14055636896046853
1 0.53466796875 0.3740849194729136 0.0126953125 0.021961932650073207
0 0.52880859375 0.445095168374817 0.0380859375 0.1698389458272328
1 0.583984375 0.3857979502196193 0.015625 0.024890190336749635
0 0.57568359375 0.46046852122986826 0.0400390625 0.1800878477306003
1 0.587890625 0.37554904831625185 0.02734375 0.03367496339677892
0 0.58837890625 0.4743777452415813 0.0673828125 0.24011713030746706
1 0.484375 0.39092240117130306 0.013671875 0.020497803806734993
0 0.48974609375 0.445095168374817 0.0380859375 0.14348462664714495
1 0.4619140625 0.3806734992679356 0.013671875 0.02635431918008785
0 0.46875 0.4443631039531479 0.044921875 0.16251830161054173
1 0.4482421875 0.3857979502196193 0.01953125 0.027818448023426062
0 0.4482421875 0.465592972181552 0.048828125 0.18448023426061494
1 0.4423828125 0.3762811127379209 0.0234375 0.03513909224011713
0 0.44189453125 0.47584187408491946 0.0537109375 0.24890190336749635
1 0.5146484375 0.3850658857979502 0.0078125 0.01171303074670571
0 0.513671875 0.41874084919472915 0.015625 0.0849194729136164
1 0.38671875 0.34992679355783307 0.02734375 0.043923865300146414
0 0.38427734375 0.4838945827232797 0.0595703125 0.31478770131771594
1 0.3095703125 0.3169838945827233 0.046875 0.08931185944363104
0 0.31103515625 0.6090775988286969 0.1533203125 0.7174231332357247
1 0.53662109375 0.3938506588579795 0.0166015625 0.02635431918008785
0 0.53515625 0.4612005856515373 0.05078125 0.17276720351390923