1 0.1575 0.5029985007496252 0.063 0.08545727136431784
0 0.171 0.724887556221889 0.156 0.5502248875562219
1 0.2405 0.5487256371814093 0.035 0.050974512743628186
0 0.23 0.7203898050974513 0.094 0.42128935532233885
1 0.2925 0.4992503748125937 0.057 0.08995502248875563
0 0.285 0.724887556221889 0.134 0.5502248875562219
1 0.3575 0.4782608695652174 0.059 0.08995502248875563
0 0.348 0.7136431784107946 0.142 0.5727136431784108
1 0.478 0.48875562218890556 0.066 0.10194902548725637
0 0.4915 0.7083958020989505 0.183 0.5832083958020989
1 0.608 0.4827586206896552 0.074 0.1409295352323838
0 0.659 0.6986506746626686 0.312 0.6026986506746627
1 0.685 0.5727136431784108 0.026 0.047976011994003
0 0.701 0.7083958020989505 0.072 0.3313343328335832
1 0.663 0.6004497751124438 0.022 0.034482758620689655
0 0.659 0.7368815592203898 0.066 0.31334332833583206
1 0.8755 0.5292353823088456 0.051 0.11694152923538231
0 0.873 0.7308845577211395 0.168 0.5382308845577212
1 0.99 0.5659670164917541 0.02 0.08245877061469266
0 0.967 0.7578710644677661 0.066 0.48425787106446777