1 0.020396270396270396 0.8749066467513069 0.018648018648018648 0.014189693801344288
0 0.020687645687645688 0.921209858103062 0.041375291375291376 0.1075429424943988
1 0.020687645687645688 0.8743465272591486 0.020396270396270396 0.014563106796116505
0 0.018648018648018648 0.9167289021657954 0.03263403263403263 0.10007468259895444
1 0.04020979020979021 0.8777072442120986 0.022144522144522144 0.015309932785660941
0 0.045454545454545456 0.9245705750560119 0.055944055944055944 0.11127707244212098
1 0.06818181818181818 0.8743465272591486 0.01282051282051282 0.008588498879761016
0 0.07022144522144522 0.8976848394324123 0.02972027972027972 0.05750560119492158
1 0.09178321678321678 0.8861090365944735 0.018065268065268064 0.01344286781179985
0 0.0877039627039627 0.9238237490664675 0.03671328671328671 0.09185959671396565
1 0.11538461538461539 0.8823749066467513 0.017482517482517484 0.011202389843166542
0 0.11101398601398602 0.921396564600448 0.03787878787878788 0.09223300970873786
1 0.1046037296037296 0.8709858103061987 0.012237762237762238 0.009335324869305451
0 0.10693473193473194 0.8928304705003735 0.028554778554778556 0.05526512322628827
1 0.1381118881118881 0.871732636295743 0.026806526806526808 0.01755041075429425
0 0.1346153846153846 0.9169156086631814 0.05244755244755245 0.10941000746825989
1 0.14801864801864803 0.8848020911127707 0.030303030303030304 0.02352501867064974
0 0.13723776223776224 0.9353995519044063 0.09498834498834499 0.12920089619118746
1 0.18327505827505827 0.8810679611650486 0.018065268065268064 0.014563106796116505
0 0.17686480186480186 0.9238237490664675 0.04603729603729604 0.10455563853622106
1 0.20337995337995338 0.8866691560866318 0.022144522144522144 0.018297236743838687
0 0.2062937062937063 0.9352128454070202 0.04895104895104895 0.11837191934279313
1 0.21736596736596736 0.8881628080657207 0.018648018648018648 0.014563106796116505
0 0.22756410256410256 0.9230769230769231 0.05303030303030303 0.09410007468259896
1 0.2298951048951049 0.878454070201643 0.018065268065268064 0.013816280806572068
0 0.2368881118881119 0.9174757281553398 0.0472027972027972 0.09335324869305452
1 0.2747668997668998 0.8803211351755041 0.019230769230769232 0.013816280806572068
0 0.2727272727272727 0.9156086631814787 0.03263403263403263 0.08588498879761015
1 0.2925407925407925 0.8728528752800597 0.013986013986013986 0.010828976848394324
0 0.2913752913752914 0.9034727408513816 0.03263403263403263 0.07356235997012696
1 0.30215617715617715 0.8820014936519791 0.018065268065268064 0.01344286781179985
0 0.29953379953379955 0.9172890216579537 0.030303030303030304 0.08625840179238238
1 0.3167249417249417 0.8805078416728902 0.015734265734265736 0.01344286781179985
0 0.3173076923076923 0.914488424197162 0.033216783216783216 0.08439133681852129
1 0.3178904428904429 0.893764002987304 0.0168997668997669 0.013069454817027632
0 0.3126456876456876 0.9243838685586259 0.035547785547785545 0.0765496639283047
1 0.3484848484848485 0.887042569081404 0.02097902097902098 0.016056758775205376
0 0.34178321678321677 0.927931292008962 0.05652680652680653 0.10082150858849888
1 0.34353146853146854 0.8666915608663182 0.0168997668997669 0.011202389843166542
0 0.3446969696969697 0.8995519044062733 0.04603729603729604 0.07841672890216579
1 0.3583916083916084 0.8640776699029126 0.013986013986013986 0.01194921583271098
0 0.35984848484848486 0.8918969380134428 0.030885780885780884 0.06908140403286034
1 0.36917249417249415 0.8730395817774459 0.018065268065268064 0.01194921583271098
0 0.36480186480186483 0.9128080657206871 0.04428904428904429 0.09223300970873786
1 0.3551864801864802 0.8739731142643764 0.015734265734265736 0.009335324869305451
0 0.3513986013986014 0.9100074682598954 0.03496503496503497 0.08364451082897685
1 0.38956876456876455 0.8724794622852875 0.015734265734265736 0.01157580283793876
0 0.3924825174825175 0.9103808812546677 0.049533799533799536 0.08812546676624347
1 0.40967365967365965 0.8566094100074683 0.01282051282051282 0.008215085884988798
0 0.40705128205128205 0.8876026885735624 0.028554778554778556 0.07318894697535475
1 0.4131701631701632 0.8657580283793876 0.01282051282051282 0.00784167289021658
0 0.4163752913752914 0.9001120238984317 0.03205128205128205 0.07879014189693802
1 0.4198717948717949 0.8760268857356236 0.018065268065268064 0.01344286781179985
0 0.4222027972027972 0.9088872292755787 0.04020979020979021 0.08140403286034353
1 0.44900932400932403 0.8683719193427931 0.018065268065268064 0.010828976848394324
0 0.44522144522144524 0.9038461538461539 0.030303030303030304 0.0825242718446602
1 0.46445221445221446 0.8777072442120986 0.015151515151515152 0.010082150858849889
0 0.4618298368298368 0.9115011202389843 0.041375291375291376 0.07991038088125467
1 0.47115384615384615 0.8726661687826737 0.014568764568764568 0.01194921583271098
0 0.4726107226107226 0.9051530993278566 0.037296037296037296 0.07991038088125467
1 0.5005827505827506 0.8719193427931292 0.013986013986013986 0.010455563853622106
0 0.5017482517482518 0.9025392083644511 0.03613053613053613 0.07468259895444361
1 0.5151515151515151 0.8848020911127707 0.019813519813519812 0.013816280806572068
0 0.5192307692307693 0.9258775205377147 0.045454545454545456 0.09746079163554892
1 0.527972027972028 0.8719193427931292 0.01282051282051282 0.008961911874533234
0 0.5323426573426573 0.9017923823749067 0.033216783216783216 0.07094846900672143
1 0.5372960372960373 0.8719193427931292 0.013986013986013986 0.010455563853622106
0 0.5457459207459208 0.9010455563853622 0.03787878787878788 0.06945481702763256
1 0.5474941724941725 0.8711725168035848 0.012237762237762238 0.011202389843166542
0 0.5504079254079254 0.8995519044062733 0.03671328671328671 0.06945481702763256
1 0.6066433566433567 0.8754667662434653 0.018648018648018648 0.015309932785660941
0 0.6013986013986014 0.9219566840926064 0.05944055944055944 0.11053024645257654
1 0.5961538461538461 0.8623973114264376 0.013986013986013986 0.010828976848394324
0 0.5941142191142191 0.887042569081404 0.035547785547785545 0.062359970126960415
1 0.6273310023310024 0.8721060492905153 0.011072261072261072 0.009335324869305451
0 0.6305361305361306 0.8961911874533234 0.037296037296037296 0.06497386109036594
1 0.6751165501165501 0.8709858103061987 0.018065268065268064 0.012322628827483197
0 0.6806526806526807 0.905899925317401 0.04895104895104895 0.08513816280806571
1 0.692016317016317 0.8683719193427931 0.014568764568764568 0.01157580283793876
0 0.6911421911421911 0.8991784914115011 0.026806526806526808 0.07468259895444361
1 0.6558857808857809 0.8823749066467513 0.015734265734265736 0.011202389843166542
0 0.6587995337995338 0.9029126213592233 0.042540792540792544 0.05526512322628827
1 0.7185314685314685 0.864824495892457 0.01282051282051282 0.0074682598954443615
0 0.7147435897435898 0.8922703510082151 0.04020979020979021 0.06684092606422704
1 0.7208624708624709 0.8707991038088125 0.01048951048951049 0.008961911874533234
0 0.7191142191142191 0.8978715459297983 0.029137529137529136 0.06534727408513816
1 0.7272727272727273 0.8726661687826737 0.013986013986013986 0.009708737864077669
0 0.7275641025641025 0.9002987303958178 0.03904428904428905 0.06646751306945482
1 0.745920745920746 0.8663181478715459 0.013986013986013986 0.0074682598954443615
0 0.7494172494172494 0.8958177744585512 0.04195804195804196 0.06721433905899925
1 0.7546620046620046 0.8609036594473488 0.01282051282051282 0.008588498879761016
0 0.7546620046620046 0.8855489171023152 0.030303030303030304 0.06011949215832711
1 0.7759324009324009 0.8780806572068708 0.015734265734265736 0.010082150858849889
0 0.7782634032634033 0.9128080657206871 0.05652680652680653 0.0825242718446602
1 0.7840909090909091 0.8651979088872293 0.011072261072261072 0.010455563853622106
0 0.7835081585081585 0.8857356235997013 0.02156177156177156 0.0537714712471994
1 0.7942890442890443 0.8681852128454071 0.017482517482517484 0.012696041822255415
0 0.7974941724941725 0.8952576549663929 0.03205128205128205 0.06833457804331591
1 0.807983682983683 0.864824495892457 0.014568764568764568 0.009708737864077669
0 0.8068181818181818 0.8918969380134428 0.03205128205128205 0.06758775205377147
1 0.8371212121212122 0.8599701269604182 0.013403263403263404 0.008215085884988798
0 0.8368298368298368 0.8918969380134428 0.03496503496503497 0.07356235997012696
1 0.8374125874125874 0.8564227035100822 0.015151515151515152 0.009335324869305451
0 0.8374125874125874 0.8833084391336818 0.030303030303030304 0.06534727408513816
1 0.8613053613053613 0.871732636295743 0.017482517482517484 0.013816280806572068
0 0.8519813519813519 0.9103808812546677 0.04895104895104895 0.09260642270351008
1 0.8831585081585082 0.8625840179238238 0.012237762237762238 0.008961911874533234
0 0.8814102564102564 0.8885362210604929 0.02972027972027972 0.06310679611650485
1 0.881993006993007 0.8719193427931292 0.014568764568764568 0.01194921583271098
0 0.8834498834498834 0.9008588498879762 0.029137529137529136 0.0720687079910381
1 0.9085081585081585 0.8734129947722181 0.016317016317016316 0.014189693801344288
0 0.9064685314685315 0.9115011202389843 0.06585081585081586 0.09335324869305452
1 0.8988927738927739 0.8566094100074683 0.013403263403263404 0.009708737864077669
0 0.8965617715617715 0.8803211351755041 0.027389277389277388 0.05862584017923824
1 0.9262820512820513 0.8655713218820015 0.015734265734265736 0.011202389843166542
0 0.9294871794871795 0.8969380134428678 0.0337995337995338 0.07542942494398805
1 0.9475524475524476 0.8713592233009708 0.023310023310023312 0.013816280806572068
0 0.9557109557109557 0.9116878267363704 0.05011655011655012 0.09671396564600448
1 0.9423076923076923 0.8403659447348768 0.009324009324009324 0.00784167289021658
0 0.942016317016317 0.8590365944734877 0.02156177156177156 0.04667662434652726
1 0.9831002331002331 0.8659447348767737 0.013986013986013986 0.009708737864077669
0 0.9848484848484849 0.8956310679611651 0.030303030303030304 0.07132188200149366
1 0.8980186480186481 0.8704256908140403 0.015151515151515152 0.014189693801344288
0 0.8986013986013986 0.907580283793876 0.04079254079254079 0.09148618371919343
1 0.9574592074592074 0.8713592233009708 0.017482517482517484 0.013069454817027632
0 0.9632867132867133 0.9087005227781927 0.037296037296037296 0.08924570575056012