1 0.08641975308641975 0.6356877323420075 0.037037037037037035 0.06691449814126393
0 0.06790123456790123 0.7676579925650557 0.10617283950617284 0.36059479553903345
1 0.1425925925925926 0.5641263940520446 0.03333333333333333 0.06505576208178439
0 0.14074074074074075 0.7211895910780669 0.11604938271604938 0.4349442379182156
1 0.26358024691358023 0.3903345724907063 0.040740740740740744 0.07806691449814127
0 0.23209876543209876 0.5752788104089219 0.15308641975308643 0.48141263940520446
1 0.3493827160493827 0.41728624535315983 0.04197530864197531 0.06505576208178439
0 0.3648148148148148 0.5910780669144982 0.19382716049382717 0.6133828996282528
1 0.31419753086419755 0.4591078066914498 0.03333333333333333 0.07434944237918216
0 0.30987654320987656 0.645910780669145 0.08395061728395062 0.4739776951672863
1 0.4919753086419753 0.4563197026022305 0.03333333333333333 0.05390334572490706
0 0.48641975308641977 0.587360594795539 0.1111111111111111 0.5650557620817844
1 0.41172839506172837 0.5288104089219331 0.030864197530864196 0.0687732342007435
0 0.4191358024691358 0.6691449814126395 0.08024691358024691 0.3828996282527881
1 0.5320987654320988 0.4284386617100372 0.0345679012345679 0.05762081784386617
0 0.5432098765432098 0.595724907063197 0.0962962962962963 0.4107806691449814
1 0.5722222222222222 0.5185873605947955 0.028395061728395062 0.055762081784386616
0 0.5740740740740741 0.6468401486988847 0.08888888888888889 0.39776951672862454
1 0.6771604938271605 0.39684014869888473 0.040740740740740744 0.0687732342007435
0 0.6703703703703704 0.6356877323420075 0.23950617283950618 0.5650557620817844
1 0.737037037037037 0.4433085501858736 0.037037037037037035 0.05762081784386617
0 0.7283950617283951 0.5864312267657993 0.1037037037037037 0.5817843866171004
1 0.7746913580246914 0.5185873605947955 0.03580246913580247 0.06691449814126393
0 0.7709876543209877 0.6802973977695167 0.12222222222222222 0.36059479553903345
1 0.8592592592592593 0.3745353159851301 0.044444444444444446 0.0724907063197026
0 0.8561728395061728 0.5009293680297398 0.1419753086419753 0.5185873605947955
1 0.8290123456790124 0.8113382899628253 0.05308641975308642 0.09479553903345725
0 0.8135802469135802 0.8717472118959108 0.10864197530864197 0.25650557620817843
1 0.4024691358024691 0.7769516728624535 0.05925925925925926 0.10408921933085502
0 0.3987654320987654 0.8447955390334573 0.12345679012345678 0.3104089219330855
1 0.3 0.8234200743494424 0.06172839506172839 0.11524163568773234
0 0.26851851851851855 0.8671003717472119 0.17160493827160495 0.26579925650557623