1 0.8003982843137255 0.7379493464052288 0.11550245098039216 0.1556372549019608
0 0.8215379901960784 0.8259803921568627 0.24050245098039216 0.3480392156862745
1 0.6014093137254902 0.6917892156862745 0.06862745098039216 0.13276143790849673
0 0.5894607843137255 0.8114787581699346 0.23713235294117646 0.3770424836601307
1 0.7832414215686274 0.37254901960784315 0.050551470588235295 0.08660130718954248
0 0.7631740196078431 0.5900735294117647 0.14583333333333334 0.5322712418300654
1 0.6675857843137255 0.38500816993464054 0.04718137254901961 0.0763888888888889
0 0.6686580882352942 0.5902777777777778 0.10447303921568628 0.4991830065359477
1 0.5882352941176471 0.36968954248366015 0.04411764705882353 0.07516339869281045
0 0.5863970588235294 0.5375816993464052 0.08088235294117647 0.42483660130718953
1 0.5114889705882353 0.33905228758169936 0.04136029411764706 0.07026143790849673
0 0.5093443627450981 0.5120506535947712 0.09712009803921569 0.43423202614379086
1 0.4163602941176471 0.352124183006536 0.03799019607843137 0.0718954248366013
0 0.4068627450980392 0.5361519607843137 0.13419117647058823 0.45955882352941174
1 0.08118872549019608 0.30330882352941174 0.03860294117647059 0.06004901960784314
0 0.09068627450980392 0.47732843137254904 0.12438725490196079 0.42197712418300654
1 0.24601715686274508 0.47324346405228757 0.04350490196078431 0.05923202614379085
0 0.2337622549019608 0.6613562091503268 0.11825980392156862 0.44362745098039214
1 0.37699142156862747 0.21977124183006536 0.02849264705882353 0.05065359477124183
0 0.3756127450980392 0.35375816993464054 0.10355392156862746 0.32516339869281047
1 0.6303615196078431 0.23529411764705882 0.030330882352941176 0.056372549019607844
0 0.6410845588235294 0.3723447712418301 0.08486519607843138 0.3402777777777778
1 0.29488357843137253 0.2986111111111111 0.04381127450980392 0.07026143790849673
0 0.28799019607843135 0.38500816993464054 0.07230392156862746 0.26838235294117646
1 0.3322610294117647 0.3415032679738562 0.04136029411764706 0.0661764705882353
0 0.3313419117647059 0.4542483660130719 0.10631127450980392 0.3112745098039216
1 0.5393688725490197 0.2207924836601307 0.030943627450980393 0.051879084967320264
0 0.5353860294117647 0.33088235294117646 0.09283088235294118 0.2777777777777778
1 0.12668504901960784 0.6572712418300654 0.11795343137254902 0.13970588235294118
0 0.1948529411764706 0.7881944444444444 0.25796568627450983 0.4236111111111111
1 0.34068627450980393 0.6697303921568627 0.10784313725490197 0.1409313725490196
0 0.3711703431372549 0.795751633986928 0.23069852941176472 0.40522875816993464
1 0.34099264705882354 0.5038807189542484 0.04534313725490196 0.061683006535947715
0 0.34160539215686275 0.6883169934640523 0.1017156862745098 0.44689542483660133
1 0.5030637254901961 0.5488153594771242 0.04963235294117647 0.08129084967320262
0 0.5105698529411765 0.7326388888888888 0.10814950980392157 0.45302287581699346
1 0.5952818627450981 0.5030637254901961 0.05759803921568627 0.0951797385620915
0 0.6208639705882353 0.7256944444444444 0.16758578431372548 0.5486111111111112