1 0.9142307692307692 0.525 0.023846153846153847 0.0375
0 0.9196153846153846 0.6260416666666667 0.08538461538461538 0.2520833333333333
1 0.7880769230769231 0.5151041666666667 0.019230769230769232 0.030208333333333334
0 0.7973076923076923 0.603125 0.06230769230769231 0.2125
1 0.7584615384615384 0.5135416666666667 0.02 0.03125
0 0.755 0.6083333333333333 0.05307692307692308 0.22708333333333333
1 0.7119230769230769 0.47604166666666664 0.013076923076923076 0.020833333333333332
0 0.705 0.5447916666666667 0.04384615384615385 0.16666666666666666
1 0.6226923076923077 0.4895833333333333 0.03307692307692308 0.05
0 0.6330769230769231 0.6447916666666667 0.09846153846153846 0.3770833333333333
1 0.6607692307692308 0.46822916666666664 0.03230769230769231 0.04895833333333333
0 0.6696153846153846 0.6260416666666667 0.10230769230769231 0.37083333333333335
1 0.525 0.4713541666666667 0.019230769230769232 0.028125
0 0.5226923076923077 0.5630208333333333 0.05615384615384615 0.21979166666666666
1 0.34115384615384614 0.4828125 0.04846153846153846 0.08645833333333333
0 0.2865384615384615 0.7052083333333333 0.1823076923076923 0.54375
1 0.315 0.44375 0.036153846153846154 0.06458333333333334
0 0.3119230769230769 0.615625 0.11923076923076924 0.42083333333333334
1 0.2611538461538462 0.43854166666666666 0.019230769230769232 0.029166666666666667
0 0.25884615384615384 0.528125 0.04692307692307692 0.2125
1 0.2273076923076923 0.5020833333333333 0.040769230769230766 0.058333333333333334
0 0.2226923076923077 0.6630208333333333 0.0823076923076923 0.38645833333333335
1 0.18807692307692309 0.4296875 0.06076923076923077 0.10729166666666666
0 0.14653846153846153 0.68125 0.2423076923076923 0.6375
1 0.03230769230769231 0.45 0.026153846153846153 0.03125
0 0.031153846153846153 0.5364583333333334 0.06230769230769231 0.21041666666666667
1 0.013461538461538462 0.434375 0.014615384615384615 0.01875
0 0.013846153846153847 0.4864583333333333 0.027692307692307693 0.12916666666666668
1 0.09230769230769231 0.44479166666666664 0.021538461538461538 0.03125
0 0.07923076923076923 0.5223958333333333 0.06307692307692307 0.19270833333333334
1 0.11153846153846154 0.434375 0.012307692307692308 0.016666666666666666
0 0.11269230769230769 0.5151041666666667 0.03769230769230769 0.18229166666666666
1 0.21384615384615385 0.45416666666666666 0.016923076923076923 0.025
0 0.215 0.5182291666666666 0.03461538461538462 0.15520833333333334