1 0.24951171875 0.7712609970674487 0.0107421875 0.02346041055718475
0 0.244140625 0.7925219941348973 0.0390625 0.0747800586510264
1 0.310546875 0.7368035190615836 0.01953125 0.03372434017595308
0 0.32275390625 0.8269794721407625 0.0654296875 0.22287390029325513
1 0.37255859375 0.7023460410557185 0.0166015625 0.020527859237536656
0 0.3759765625 0.7983870967741935 0.0546875 0.23313782991202345
1 0.46630859375 0.7096774193548387 0.0244140625 0.04398826979472141
0 0.49267578125 0.8343108504398827 0.0830078125 0.30791788856304986
1 0.63623046875 0.7360703812316716 0.0224609375 0.03812316715542522
0 0.61962890625 0.8306451612903226 0.0751953125 0.23607038123167157
1 0.662109375 0.6546920821114369 0.033203125 0.051319648093841645
0 0.6591796875 0.8086510263929618 0.107421875 0.3651026392961877
1 0.76171875 0.6759530791788856 0.048828125 0.08211143695014662
0 0.80078125 0.8130498533724341 0.171875 0.37390029325513197
1 0.826171875 0.6627565982404692 0.041015625 0.07624633431085044
0 0.85302734375 0.8093841642228738 0.1064453125 0.3812316715542522
1 0.876953125 0.7030791788856305 0.048828125 0.07771260997067449
0 0.89892578125 0.8306451612903226 0.1396484375 0.3387096774193548