1 0.07665260196905767 0.515 0.035161744022503515 0.075
0 0.06821378340365682 0.73375 0.13642756680731363 0.5325
1 0.14556962025316456 0.53125 0.03234880450070324 0.0675
0 0.13572433192686356 0.7425 0.12236286919831224 0.515
1 0.16244725738396623 0.475 0.035161744022503515 0.075
0 0.16526019690576652 0.68375 0.0829817158931083 0.5075
1 0.26441631504922647 0.5 0.03375527426160337 0.065
0 0.24331926863572434 0.7025 0.11814345991561181 0.49
1 0.23347398030942335 0.485 0.030942334739803096 0.065
0 0.22784810126582278 0.67 0.0759493670886076 0.46
1 0.23769338959212377 0.44 0.02812939521800281 0.055
0 0.2348804500703235 0.61 0.07876230661040788 0.415
1 0.32208157524613223 0.47 0.03656821378340366 0.085
0 0.3319268635724332 0.65875 0.09563994374120956 0.4825
1 0.4022503516174402 0.41375 0.02812939521800281 0.0625
0 0.4015471167369902 0.605 0.07454289732770746 0.475
1 0.23980309423347398 0.34625 0.01828410689170183 0.0375
0 0.23628691983122363 0.46875 0.05063291139240506 0.2975
1 0.26933895921237694 0.3475 0.01828410689170183 0.035
0 0.27355836849507736 0.4675 0.040787623066104076 0.29
1 0.2841068917018284 0.3875 0.01969057665260197 0.04
0 0.2812939521800281 0.49 0.053445850914205346 0.255
1 0.3073136427566807 0.36125 0.015471167369901548 0.0375
0 0.30520393811533053 0.46625 0.03656821378340366 0.2575
1 0.33473980309423346 0.3825 0.01969057665260197 0.04
0 0.35794655414908577 0.47875 0.08016877637130802 0.2375
1 0.34810126582278483 0.33 0.01828410689170183 0.045
0 0.350210970464135 0.44125 0.05063291139240506 0.2925
1 0.38748241912798875 0.36375 0.02109704641350211 0.0425
0 0.4078762306610408 0.465 0.07032348804500703 0.25
1 0.4444444444444444 0.3525 0.01969057665260197 0.045
0 0.459915611814346 0.435 0.07313642756680731 0.22
1 0.4866385372714487 0.33625 0.01969057665260197 0.0425
0 0.5063291139240507 0.43 0.0759493670886076 0.235
1 0.4880450070323488 0.38125 0.02812939521800281 0.0575
0 0.49156118143459915 0.5475 0.0829817158931083 0.405
1 0.480309423347398 0.4375 0.029535864978902954 0.055
0 0.480309423347398 0.6275 0.08860759493670886 0.475
1 0.5337552742616034 0.435 0.026722925457102673 0.065
0 0.5351617440225035 0.6225 0.07172995780590717 0.455
1 0.5724331926863573 0.42375 0.030942334739803096 0.0525
0 0.5717299578059072 0.57 0.06610407876230662 0.39
1 0.6019690576652602 0.435 0.030942334739803096 0.07
0 0.6075949367088608 0.605 0.08720112517580872 0.415
1 0.5246132208157525 0.325 0.02250351617440225 0.045
0 0.5464135021097046 0.40875 0.07172995780590717 0.2225
1 0.5668073136427567 0.34625 0.01969057665260197 0.0475
0 0.590014064697609 0.43625 0.07172995780590717 0.2475
1 0.6434599156118144 0.34375 0.02109704641350211 0.0475
0 0.6364275668073136 0.43875 0.06891701828410689 0.2475
1 0.6406469760900141 0.34125 0.02109704641350211 0.0475
0 0.670182841068917 0.4375 0.0829817158931083 0.255
1 0.630801687763713 0.40125 0.026722925457102673 0.0575
0 0.6350210970464135 0.53875 0.07735583684950774 0.3475
1 0.6835443037974683 0.3925 0.02812939521800281 0.06
0 0.6884669479606188 0.51625 0.06891701828410689 0.3275
1 0.7679324894514767 0.38 0.03375527426160337 0.06
0 0.7623066104078763 0.58875 0.10407876230661041 0.4825
1 0.8073136427566807 0.4075 0.030942334739803096 0.065
0 0.8073136427566807 0.60625 0.07313642756680731 0.4675
1 0.860056258790436 0.38375 0.035161744022503515 0.0675
0 0.8593530239099859 0.59 0.08438818565400844 0.49
1 0.939521800281294 0.3825 0.03375527426160337 0.065
0 0.9416315049226441 0.58625 0.10267229254571027 0.4825
1 0.8481012658227848 0.30875 0.01969057665260197 0.0425
0 0.8586497890295358 0.4475 0.04922644163150492 0.325
1 0.820675105485232 0.27375 0.01828410689170183 0.0425
0 0.8263009845288326 0.39625 0.057665260196905765 0.2975
1 0.7939521800281294 0.2825 0.01828410689170183 0.04
0 0.7953586497890295 0.40875 0.05485232067510549 0.2975
1 0.7714486638537271 0.26875 0.02390998593530239 0.0425
0 0.7735583684950773 0.39625 0.053445850914205346 0.3025
1 0.7531645569620253 0.2925 0.026722925457102673 0.05
0 0.7637130801687764 0.42125 0.05907172995780591 0.3225
1 0.7151898734177216 0.27375 0.02109704641350211 0.0425
0 0.7215189873417721 0.415 0.05907172995780591 0.325
1 0.6884669479606188 0.26625 0.01828410689170183 0.0375
0 0.6947960618846695 0.385 0.05063291139240506 0.285
1 0.6561181434599156 0.29 0.01828410689170183 0.04
0 0.6582278481012658 0.39875 0.05063291139240506 0.2725
1 0.6082981715893109 0.29875 0.01828410689170183 0.0375
0 0.609704641350211 0.3975 0.0379746835443038 0.24
1 0.6842475386779184 0.445 0.035161744022503515 0.07
0 0.6814345991561181 0.6325 0.0829817158931083 0.45
1 0.8551336146272855 0.48375 0.04781997187060478 0.0975
0 0.9142053445850914 0.715 0.17158931082981715 0.57
1 0.8909985935302391 0.50875 0.04360056258790436 0.0875
0 0.9226441631504922 0.72375 0.15471167369901548 0.5225
1 0.779887482419128 0.51 0.0379746835443038 0.085
0 0.8052039381153305 0.71125 0.15049226441631505 0.4975
1 0.6786216596343179 0.53375 0.040787623066104076 0.0875
0 0.680731364275668 0.7225 0.12376933895921238 0.475
1 0.5562587904360057 0.525 0.03234880450070324 0.08
0 0.5590717299578059 0.71875 0.09142053445850915 0.4825
1 0.4620253164556962 0.525 0.035161744022503515 0.07
0 0.4704641350210971 0.71625 0.12236286919831224 0.4825