1 0.011904761904761904 0.5316091954022989 0.007246376811594203 0.013409961685823755
0 0.017080745341614908 0.5622605363984674 0.021739130434782608 0.08237547892720307
1 0.10610766045548654 0.4932950191570881 0.034161490683229816 0.06321839080459771
0 0.07556935817805382 0.6637931034482759 0.13043478260869565 0.40804597701149425
1 0.2028985507246377 0.5086206896551724 0.024844720496894408 0.05172413793103448
0 0.18167701863354038 0.6475095785440613 0.12318840579710146 0.3371647509578544
1 0.2857142857142857 0.4885057471264368 0.020703933747412008 0.04597701149425287
0 0.2644927536231884 0.60727969348659 0.12732919254658384 0.2950191570881226
1 0.30175983436853004 0.49137931034482757 0.034161490683229816 0.06321839080459771
0 0.2727743271221532 0.6513409961685823 0.16252587991718426 0.3831417624521073
1 0.5093167701863354 0.5478927203065134 0.010351966873706004 0.022988505747126436
0 0.5025879917184265 0.60727969348659 0.023809523809523808 0.14559386973180077
1 0.5351966873706004 0.514367816091954 0.026915113871635612 0.05172413793103448
0 0.5098343685300207 0.6542145593869731 0.10248447204968944 0.33524904214559387
1 0.6361283643892339 0.5900383141762452 0.009316770186335404 0.01532567049808429
0 0.6371635610766045 0.6331417624521073 0.023809523809523808 0.10919540229885058
1 0.6837474120082816 0.5009578544061303 0.036231884057971016 0.06704980842911877
0 0.6495859213250518 0.6982758620689655 0.11076604554865424 0.47701149425287354
1 0.7769151138716356 0.5067049808429118 0.027950310559006212 0.05172413793103448
0 0.7536231884057971 0.6599616858237548 0.17184265010351968 0.36590038314176243
1 0.7210144927536232 0.5613026819923371 0.011387163561076604 0.022988505747126436
0 0.7204968944099379 0.6216475095785441 0.026915113871635612 0.1475095785440613
1 0.7463768115942029 0.5699233716475096 0.010351966873706004 0.02490421455938697
0 0.7479296066252588 0.6254789272030651 0.030020703933747412 0.14367816091954022
1 0.9575569358178054 0.5651340996168582 0.012422360248447204 0.019157088122605363
0 0.9591097308488613 0.6254789272030651 0.034161490683229816 0.14367816091954022
1 0.9912008281573499 0.5651340996168582 0.011387163561076604 0.019157088122605363
0 0.9870600414078675 0.6187739463601533 0.025879917184265012 0.13409961685823754