1 0.10751488095238096 0.2584325396825397 0.07118055555555555 0.10085978835978836
0 0.11061507936507936 0.5978835978835979 0.22123015873015872 0.8042328042328042
1 0.2847222222222222 0.4621362433862434 0.06299603174603174 0.1001984126984127
0 0.2867063492063492 0.6967592592592593 0.22271825396825398 0.6064814814814815
1 0.46999007936507936 0.44990079365079366 0.06398809523809523 0.11276455026455026
0 0.48648313492063494 0.6929563492063492 0.19419642857142858 0.6140873015873016
1 0.6271081349206349 0.4441137566137566 0.05282738095238095 0.10251322751322751
0 0.652405753968254 0.687665343915344 0.2041170634920635 0.5988756613756614
1 0.7719494047619048 0.44312169312169314 0.05431547619047619 0.09325396825396826
0 0.8172123015873016 0.6779100529100529 0.23759920634920634 0.5859788359788359
1 0.8793402777777778 0.27761243386243384 0.05133928571428571 0.08697089947089948
0 0.9010416666666666 0.5279431216931217 0.1527777777777778 0.6160714285714286
1 0.7595486111111112 0.3210978835978836 0.04092261904761905 0.0667989417989418
0 0.7531001984126984 0.5367063492063492 0.11631944444444445 0.5092592592592593
1 0.6579861111111112 0.31812169312169314 0.04265873015873016 0.07341269841269842
0 0.652405753968254 0.533068783068783 0.09647817460317461 0.5112433862433863
1 0.5558035714285714 0.2681878306878307 0.04365079365079365 0.083994708994709
0 0.5538194444444444 0.5089285714285714 0.13045634920634921 0.5720899470899471
1 0.4381200396825397 0.238260582010582 0.047867063492063495 0.08035714285714286
0 0.4439484126984127 0.4930555555555556 0.11805555555555555 0.621031746031746
1 0.3723958333333333 0.27562830687830686 0.047371031746031744 0.08630952380952381
0 0.37475198412698413 0.5165343915343915 0.13938492063492064 0.582010582010582
1 0.2672371031746032 0.2648809523809524 0.05431547619047619 0.09325396825396826
0 0.2681051587301587 0.5403439153439153 0.17509920634920634 0.6640211640211641