1 0.17827560240963855 0.6531124497991968 0.026731927710843373 0.0572289156626506
0 0.17074548192771086 0.7443105756358769 0.08358433734939759 0.249665327978581
1 0.2560240963855422 0.6408969210174029 0.024849397590361446 0.05555555555555555
0 0.24877635542168675 0.7352744310575636 0.0728539156626506 0.249665327978581
1 0.2944277108433735 0.6544511378848729 0.023343373493975902 0.05053547523427041
0 0.2941453313253012 0.7342704149933066 0.05026355421686747 0.21352074966532797
1 0.309582078313253 0.5689424364123159 0.021272590361445784 0.04685408299866131
0 0.3100527108433735 0.6636546184738956 0.048569277108433735 0.23694779116465864
1 0.3541039156626506 0.6822289156626506 0.022213855421686746 0.05120481927710843
0 0.348644578313253 0.7635542168674698 0.05421686746987952 0.21586345381526104
1 0.35043298192771083 0.6298527443105756 0.021272590361445784 0.050200803212851405
0 0.3444088855421687 0.7125167336010709 0.05704066265060241 0.2182061579651941
1 0.3824359939759036 0.6355421686746988 0.019390060240963857 0.040829986613119144
0 0.38403614457831325 0.7126840696117804 0.05082831325301205 0.20649263721552877
1 0.4190512048192771 0.6915997322623829 0.024096385542168676 0.055890227576974566
0 0.4112387048192771 0.7622155287817939 0.06795933734939759 0.20247657295850066
1 0.46724397590361444 0.7011378848728246 0.01957831325301205 0.05287817938420348
0 0.45698418674698793 0.7761044176706827 0.06381777108433735 0.20615796519410978
1 0.5070594879518072 0.6817269076305221 0.02390813253012048 0.0535475234270415
0 0.5126129518072289 0.7588688085676037 0.06137048192771084 0.214524765729585
1 0.563441265060241 0.6656626506024096 0.02447289156626506 0.059571619812583666
0 0.5628765060240963 0.7523427041499331 0.06739457831325302 0.23427041499330656
1 0.6054216867469879 0.6698460508701473 0.025602409638554216 0.053882195448460506
0 0.6134224397590361 0.7657295850066934 0.0702183734939759 0.25234270414993304
1 0.6613328313253012 0.6725234270414994 0.02635542168674699 0.0645917001338688
0 0.6791227409638554 0.7737617135207496 0.07661897590361445 0.27041499330655955
1 0.6794051204819277 0.5968875502008032 0.02635542168674699 0.06057563587684069
0 0.7054781626506024 0.7168674698795181 0.08565512048192771 0.3032128514056225
1 0.6168109939759037 0.5793172690763052 0.02315512048192771 0.05488621151271754
0 0.6231174698795181 0.696285140562249 0.056852409638554216 0.2921686746987952
1 0.5779367469879518 0.5721218206157965 0.022213855421686746 0.05187416331994645
0 0.5844314759036144 0.6740294511378849 0.052522590361445784 0.2617135207496653
1 0.6441076807228916 0.5209170013386881 0.020896084337349397 0.0498661311914324
0 0.6472138554216867 0.6340361445783133 0.05421686746987952 0.2814591700133869
1 0.6009977409638554 0.5311244979919679 0.02051957831325301 0.04819277108433735
0 0.6042921686746988 0.6385542168674698 0.05421686746987952 0.26907630522088355
1 0.5851844879518072 0.4636880856760375 0.022025602409638554 0.0498661311914324
0 0.5906438253012049 0.5923694779116466 0.060805722891566265 0.3172690763052209
1 0.5422628012048193 0.4713855421686747 0.021649096385542167 0.04718875502008032
0 0.5425451807228916 0.5958835341365462 0.05308734939759036 0.29819277108433734
1 0.4903990963855422 0.4916331994645248 0.022213855421686746 0.049531459170013385
0 0.4947289156626506 0.6106091030789826 0.05271084337349398 0.28748326639892907
1 0.47505647590361444 0.5624163319946452 0.022778614457831324 0.054551539491298526
0 0.48277484939759036 0.6501004016064257 0.04988704819277109 0.23393574297188754
1 0.4452183734939759 0.5420013386880856 0.019954819277108432 0.04718875502008032
0 0.4442771084337349 0.6449129852744311 0.04969879518072289 0.2583668005354752
1 0.40041415662650603 0.5291164658634538 0.021837349397590362 0.04819277108433735
0 0.40493222891566266 0.6311914323962516 0.05082831325301205 0.2570281124497992
1 0.36916415662650603 0.5374832663989291 0.019954819277108432 0.050200803212851405
0 0.3671875 0.6313587684069611 0.04348644578313253 0.2392904953145917
1 0.22985692771084337 0.5001673360107095 0.005647590361445783 0.011713520749665328
0 0.23277484939759036 0.5359772423025435 0.01976656626506024 0.08668005354752342
1 0.22731551204819278 0.5090361445783133 0.004329819277108434 0.0107095046854083
0 0.22562123493975902 0.5401606425702812 0.019390060240963857 0.07429718875502007
1 0.19465361445783133 0.5297858099062919 0.0037650602409638554 0.008032128514056224
0 0.1930534638554217 0.536144578313253 0.016001506024096387 0.023427041499330656
1 0.1771460843373494 0.5279451137884873 0.0037650602409638554 0.005689424364123159
0 0.1773343373493976 0.5359772423025435 0.012801204819277108 0.023092369477911646
1 0.1800640060240964 0.5302878179384204 0.0028237951807228916 0.006358768406961178
0 0.1798757530120482 0.5369812583668006 0.009224397590361446 0.02108433734939759
1 0.1512612951807229 0.5026773761713521 0.0028237951807228916 0.006024096385542169
0 0.15314382530120482 0.5202476572958501 0.01223644578313253 0.045850066934404285
1 0.12292921686746988 0.501338688085676 0.00338855421686747 0.006693440428380187
0 0.12509412650602408 0.5200803212851406 0.011106927710843373 0.04618473895582329
1 0.11361069277108433 0.5035140562248996 0.0035768072289156625 0.006358768406961178
0 0.11511671686746988 0.5214190093708166 0.013365963855421686 0.04350736278447122
1 0.11511671686746988 0.49916331994645247 0.0035768072289156625 0.007028112449799197
0 0.1170933734939759 0.517235609103079 0.009789156626506024 0.044511378848728245
1 0.10589231927710843 0.5041834002677377 0.003200301204819277 0.007028112449799197
0 0.10608057228915663 0.5205823293172691 0.012989457831325301 0.043842034805890225
1 0.34544427710843373 0.5130522088353414 0.0018825301204819277 0.0033467202141900937
0 0.3451618975903614 0.5252677376171352 0.005459337349397591 0.029116465863453816
1 0.35071536144578314 0.5153949129852744 0.0018825301204819277 0.004016064257028112
0 0.3511859939759036 0.5261044176706827 0.0062123493975903615 0.02744310575635877
1 0.5320971385542169 0.6532797858099063 0.022778614457831324 0.050200803212851405
0 0.5335090361445783 0.7290829986613119 0.053463855421686746 0.21586345381526104
1 0.6261295180722891 0.5409973226238286 0.00338855421686747 0.007028112449799197
0 0.6256588855421686 0.5619143239625167 0.012989457831325301 0.05220883534136546
1 0.8943900602409639 0.5102074966532798 0.006400602409638554 0.012382864792503346
0 0.8969314759036144 0.5413319946452476 0.013365963855421686 0.07864792503346721
1 0.869164156626506 0.5436746987951807 0.0037650602409638554 0.007697456492637216
0 0.8685052710843374 0.5515394912985274 0.013365963855421686 0.025435073627844713
1 0.8504329819277109 0.5416666666666666 0.003953313253012048 0.007028112449799197
0 0.8504329819277109 0.5510374832663989 0.014871987951807228 0.02710843373493976
1 0.8538215361445783 0.5436746987951807 0.003953313253012048 0.007697456492637216
0 0.8539156626506024 0.5513721552878179 0.01016566265060241 0.024431057563587683