1 0.2485986547085202 0.35853040540540543 0.043721973094170405 0.16722972972972974
0 0.2485986547085202 0.35853040540540543 0.043721973094170405 0.16722972972972974
1 0.07006726457399103 0.3422719594594595 0.052690582959641255 0.1701858108108108
0 0.07006726457399103 0.3422719594594595 0.052690582959641255 0.1701858108108108
1 0.04302130044843049 0.5867820945945946 0.008688340807174889 0.015625
0 0.04386210762331839 0.629856418918919 0.03615470852017937 0.10261824324324324
1 0.05128923766816144 0.588893581081081 0.008408071748878924 0.014780405405405405
0 0.048486547085201795 0.6277449324324325 0.014573991031390135 0.0941722972972973
1 0.0952914798206278 0.5844594594594594 0.005605381165919282 0.008445945945945946
0 0.09417040358744394 0.6097972972972973 0.010650224215246636 0.060810810810810814
1 0.10496076233183857 0.5840371621621622 0.005325112107623318 0.008445945945945946
0 0.10524103139013453 0.6083192567567568 0.012612107623318386 0.0620777027027027
1 0.125 0.5884712837837838 0.00616591928251121 0.009712837837837838
0 0.12570067264573992 0.6127533783783784 0.01821748878923767 0.059966216216216214
1 0.22071188340807174 0.5945945945945946 0.006446188340807175 0.010135135135135136
0 0.21804932735426008 0.621410472972973 0.011771300448430493 0.06376689189189189
1 0.22617713004484305 0.5981841216216216 0.005605381165919282 0.008868243243243243
0 0.2258968609865471 0.6226773648648649 0.010089686098654708 0.060388513513513514
1 0.2539237668161435 0.5950168918918919 0.005044843049327354 0.007601351351351352
0 0.2523822869955157 0.6203547297297297 0.009248878923766817 0.05827702702702703
1 0.2609304932735426 0.5914273648648649 0.00616591928251121 0.011402027027027027
0 0.257707399103139 0.6169763513513513 0.01149103139013453 0.06418918918918919
1 0.26751681614349776 0.5992398648648649 0.005325112107623318 0.007601351351351352
0 0.2669562780269058 0.6205658783783784 0.009248878923766817 0.05447635135135135
1 0.8352017937219731 0.5840371621621622 0.06053811659192825 0.10219594594594594
0 0.8255325112107623 0.7643581081081081 0.179652466367713 0.47128378378378377
1 0.9464686098654709 0.6239442567567568 0.030269058295964126 0.041807432432432436
0 0.9445067264573991 0.7671030405405406 0.0773542600896861 0.3391047297297297
1 0.9464686098654709 0.6233108108108109 0.03139013452914798 0.04222972972972973
0 0.9597813901345291 0.7991976351351351 0.0804372197309417 0.4016047297297297