1 0.34106614017769005 0.5114879649890591 0.08193484698914116 0.11925601750547046
0 0.3168805528134255 0.7215536105032823 0.23297137216189537 0.5568927789934355
1 0.5222112537018756 0.4923413566739606 0.08292201382033564 0.11159737417943107
0 0.5498519249753209 0.7095185995623632 0.25863770977295164 0.5809628008752735
1 0.7122408687068115 0.28938730853391686 0.0700888450148075 0.10175054704595186
0 0.7161895360315893 0.5902625820568927 0.18657453109575517 0.7210065645514223
1 0.577492596248766 0.24781181619256018 0.07107601184600197 0.10175054704595186
0 0.5844027640671273 0.5076586433260394 0.24086870681145114 0.6301969365426696
1 0.4091806515301086 0.2286652078774617 0.0700888450148075 0.1050328227571116
0 0.4318854886475814 0.5596280087527352 0.19842053307008883 0.7932166301969366
1 0.2561697926949654 0.27078774617067836 0.07403751233958539 0.10175054704595186
0 0.23346495557749258 0.5847921225382933 0.21421520236920039 0.7407002188183808