1 0.43884615384615383 0.7042380522993688 0.026923076923076925 0.034265103697024346
0 0.4296153846153846 0.7993688007213706 0.12076923076923077 0.22993688007213706
1 0.4153846153846154 0.7128043282236249 0.024615384615384615 0.029756537421100092
0 0.4115384615384615 0.778629395852119 0.08461538461538462 0.1956717763751127
1 0.3923076923076923 0.6871055004508566 0.023076923076923078 0.025247971145175834
0 0.40923076923076923 0.7660054102795311 0.08615384615384615 0.21009918845807032
1 0.32076923076923075 0.6614066726780884 0.023076923076923078 0.029756537421100092
0 0.31423076923076926 0.7416591523895402 0.10076923076923076 0.21009918845807032
1 0.15923076923076923 0.6825969341749324 0.02 0.027051397655545536
0 0.15884615384615386 0.7569882777276826 0.09307692307692307 0.1884580703336339
1 0.08538461538461538 0.6627592425608656 0.02 0.027051397655545536
0 0.09076923076923077 0.7389540126239855 0.05692307692307692 0.19026149684400362
1 0.6761538461538461 0.5924256086564472 0.013846153846153847 0.019837691614066726
0 0.6753846153846154 0.6492335437330928 0.03538461538461538 0.1442741208295762
1 0.9669230769230769 0.6771866546438232 0.024615384615384615 0.030658250676284943
0 0.965 0.7569882777276826 0.054615384615384614 0.20468890892696123
1 0.9023076923076923 0.5973850315599639 0.018461538461538463 0.020739404869251576
0 0.9046153846153846 0.6627592425608656 0.03230769230769231 0.1587015329125338
1 0.3230769230769231 0.5256988277727682 0.009230769230769232 0.014427412082957619
0 0.32269230769230767 0.560414788097385 0.02846153846153846 0.08926961226330027
1 0.3576923076923077 0.5027051397655545 0.007692307692307693 0.008115419296663661
0 0.35846153846153844 0.5342651036970244 0.026153846153846153 0.07844905320108206
1 0.4257692307692308 0.4977457168620379 0.01 0.012623985572587917
0 0.42846153846153845 0.5270513976555455 0.038461538461538464 0.07303877366997295
1 0.558076923076923 0.4873760144274121 0.005384615384615384 0.0063119927862939585
0 0.5561538461538461 0.5081154192966637 0.018461538461538463 0.060414788097385035
1 0.8534615384615385 0.5450856627592425 0.011538461538461539 0.017132551848512173
0 0.8530769230769231 0.5874661857529305 0.03076923076923077 0.1055004508566276
1 0.8957692307692308 0.5311091073038774 0.01 0.012623985572587917
0 0.8919230769230769 0.5689810640216412 0.02846153846153846 0.09738503155996393
1 0.9619230769230769 0.5581605049594229 0.014615384615384615 0.016230838593327322
0 0.9576923076923077 0.6036970243462579 0.033846153846153845 0.109107303877367
1 0.9688461538461538 0.5838593327321911 0.014615384615384615 0.020739404869251576
0 0.9696153846153847 0.6433724075743913 0.045384615384615384 0.14697926059513075
1 0.9080769230769231 0.5365193868349865 0.01 0.012623985572587917
0 0.9057692307692308 0.569882777276826 0.025384615384615384 0.0829576194770063
1 0.7657692307692308 0.560414788097385 0.013076923076923076 0.015329125338142471
0 0.7646153846153846 0.5978358881875564 0.027692307692307693 0.09377817853922453
1 0.8753846153846154 0.5004508566275925 0.007692307692307693 0.010820559062218215
0 0.8769230769230769 0.5279531109107304 0.018461538461538463 0.07303877366997295
1 0.9723076923076923 0.6158701532912534 0.015384615384615385 0.02164111812443643
0 0.9726923076923077 0.6722272317403066 0.03923076923076923 0.13796212804328223
1 0.9338461538461539 0.6118124436429215 0.02 0.020739404869251576
0 0.9315384615384615 0.6713255184851218 0.043076923076923075 0.15599639314697927
1 0.8226923076923077 0.5982867448151488 0.013076923076923076 0.018935978358881875
0 0.821923076923077 0.6361587015329125 0.031538461538461536 0.10009017132551848
1 0.8073076923076923 0.5897204688908927 0.014615384615384615 0.019837691614066726
0 0.8073076923076923 0.6280432822362488 0.03 0.1018935978358882
1 0.7923076923076923 0.5766456266907124 0.012307692307692308 0.018935978358881875
0 0.7911538461538462 0.6127141568981064 0.025384615384615384 0.1018935978358882
1 0.8284615384615385 0.566726780883679 0.009230769230769232 0.015329125338142471
0 0.8292307692307692 0.6045987376014428 0.024615384615384615 0.1018935978358882
1 0.7384615384615385 0.5351668169522092 0.010769230769230769 0.011722272317403066
0 0.7380769230769231 0.5676284941388638 0.02076923076923077 0.08926961226330027
1 0.7823076923076923 0.5613165013525698 0.012307692307692308 0.013525698827772768
0 0.7826923076923077 0.5996393146979261 0.01769230769230769 0.09377817853922453