1 0.07857142857142857 0.8983050847457628 0.011111111111111112 0.0387409200968523
0 0.07857142857142857 0.8983050847457628 0.011111111111111112 0.0387409200968523
1 0.08492063492063492 0.8958837772397095 0.014285714285714285 0.03389830508474576
0 0.08492063492063492 0.8958837772397095 0.014285714285714285 0.03389830508474576
1 0.04285714285714286 0.9055690072639225 0.012698412698412698 0.024213075060532687
0 0.04285714285714286 0.9055690072639225 0.012698412698412698 0.024213075060532687
1 0.11666666666666667 0.9782082324455206 0.011111111111111112 0.029055690072639227
0 0.11666666666666667 0.9782082324455206 0.011111111111111112 0.029055690072639227
1 0.18571428571428572 0.9818401937046005 0.015873015873015872 0.03631961259079903
0 0.18571428571428572 0.9818401937046005 0.015873015873015872 0.03631961259079903
1 0.2 0.9648910411622276 0.006349206349206349 0.012106537530266344
0 0.2 0.9782082324455206 0.015873015873015872 0.043583535108958835
1 0.33015873015873015 0.8886198547215496 0.012698412698412698 0.0387409200968523
0 0.33015873015873015 0.8886198547215496 0.012698412698412698 0.0387409200968523