1 0.5096774193548387 0.4474187380497132 0.021505376344086023 0.03441682600382409
0 0.5080645161290323 0.5688336520076482 0.07419354838709677 0.28489483747609945
1 0.29731182795698924 0.46175908221797324 0.011827956989247311 0.021032504780114723
0 0.29838709677419356 0.5239005736137667 0.035483870967741936 0.15296367112810708
1 0.27741935483870966 0.47609942638623326 0.008602150537634409 0.015296367112810707
0 0.27956989247311825 0.5191204588910134 0.021505376344086023 0.11663479923518165
1 0.2672043010752688 0.49521988527724664 0.0032258064516129032 0.0076481835564053535
0 0.26666666666666666 0.51434034416826 0.010752688172043012 0.05736137667304015
1 0.23763440860215054 0.49235181644359466 0.0064516129032258064 0.009560229445506692
0 0.23978494623655913 0.5181644359464627 0.017204301075268817 0.06883365200764818
1 0.2172043010752688 0.4646271510516252 0.010752688172043012 0.022944550669216062
0 0.21989247311827956 0.51434034416826 0.026881720430107527 0.13001912045889102
1 0.20053763440860214 0.46367112810707456 0.00967741935483871 0.021032504780114723
0 0.19086021505376344 0.5162523900573613 0.041935483870967745 0.1338432122370937
1 0.17043010752688173 0.4980879541108987 0.005376344086021506 0.009560229445506692
0 0.1693548387096774 0.5133843212237094 0.011827956989247311 0.04780114722753346
1 0.15483870967741936 0.5086042065009561 0.0064516129032258064 0.011472275334608031
0 0.1543010752688172 0.5296367112810707 0.013978494623655914 0.06118546845124283
1 0.1424731182795699 0.4875717017208413 0.007526881720430108 0.011472275334608031
0 0.14677419354838708 0.5191204588910134 0.02043010752688172 0.07839388145315487
1 0.12526881720430108 0.4713193116634799 0.00967741935483871 0.01338432122370937
0 0.12473118279569892 0.51434034416826 0.02795698924731183 0.10325047801147227