1 0.2845 0.719640179910045 0.019 0.026986506746626688
0 0.28 0.787856071964018 0.046 0.16941529235382308
1 0.3035 0.5899550224887556 0.009 0.01649175412293853
0 0.3015 0.6334332833583208 0.025 0.10944527736131934
1 0.998 0.8980509745127436 0.004 0.035982008995502246
0 0.987 0.9377811094452774 0.026 0.12443778110944528
1 0.8665 0.9182908545727136 0.025 0.04047976011994003
0 0.868 0.9482758620689655 0.054 0.10344827586206896
1 0.867 0.876311844077961 0.02 0.034482758620689655
0 0.866 0.9272863568215892 0.056 0.1454272863568216
1 0.8275 0.8628185907046477 0.019 0.034482758620689655
0 0.8335 0.9205397301349325 0.047 0.15892053973013492
1 0.773 0.9437781109445277 0.02 0.043478260869565216
0 0.777 0.9580209895052474 0.062 0.08395802098950525
1 0.687 0.8793103448275862 0.02 0.031484257871064465
0 0.6895 0.9302848575712144 0.047 0.13943028485757122
1 0.6505 0.868815592203898 0.021 0.04047976011994003
0 0.651 0.9212893553223388 0.06 0.15742128935532235
1 0.722 0.6866566716641679 0.012 0.020989505247376312
0 0.7185 0.7346326836581709 0.033 0.1469265367316342
1 0.754 0.6694152923538231 0.012 0.019490254872563718
0 0.755 0.7286356821589205 0.044 0.15292353823088456
1 0.5785 0.7901049475262368 0.017 0.026986506746626688
0 0.573 0.8665667166416792 0.04 0.191904047976012
1 0.596 0.7758620689655172 0.024 0.025487256371814093
0 0.6 0.8643178410794603 0.052 0.21739130434782608
1 0.5995 0.6251874062968515 0.011 0.017991004497751123
0 0.5985 0.6731634182908546 0.031 0.12593703148425786
1 0.475 0.8568215892053973 0.018 0.031484257871064465
0 0.4715 0.9190404797601199 0.061 0.1619190404797601
1 0.4335 0.704647676161919 0.013 0.0239880059970015
0 0.4305 0.7668665667166417 0.049 0.15442278860569716
1 0.469 0.6934032983508246 0.016 0.025487256371814093
0 0.469 0.7541229385307346 0.034 0.15892053973013492
1 0.506 0.6799100449775113 0.012 0.022488755622188907
0 0.501 0.7406296851574213 0.042 0.15592203898050974
1 0.528 0.6664167916041979 0.014 0.022488755622188907
0 0.529 0.7301349325337332 0.036 0.15292353823088456
1 0.5685 0.6806596701649176 0.011 0.020989505247376312
0 0.566 0.7376311844077961 0.038 0.13493253373313344
1 0.5115 0.6986506746626686 0.013 0.0239880059970015
0 0.5085 0.760119940029985 0.031 0.15892053973013492
1 0.45 0.6049475262368815 0.01 0.019490254872563718
0 0.449 0.6581709145427287 0.036 0.12593703148425786
1 0.457 0.5997001499250375 0.01 0.014992503748125937
0 0.4595 0.6446776611694153 0.031 0.11094452773613193
1 0.391 0.5547226386806596 0.008 0.014992503748125937
0 0.387 0.6011994002998501 0.03 0.11394302848575712
1 0.399 0.5809595202398801 0.012 0.022488755622188907
0 0.3985 0.6229385307346327 0.031 0.12743628185907047
1 0.431 0.5794602698650675 0.012 0.01649175412293853
0 0.424 0.623688155922039 0.03 0.11394302848575712
1 0.505 0.6266866566716641 0.012 0.020989505247376312
0 0.5065 0.6724137931034483 0.039 0.12743628185907047