1 0.09033203125 0.2282051282051282 0.009765625 0.015384615384615385
0 0.09716796875 0.2531135531135531 0.0390625 0.0695970695970696
1 0.123779296875 0.23186813186813188 0.00830078125 0.01391941391941392
0 0.128662109375 0.25567765567765566 0.02685546875 0.06446886446886448
1 0.390625 0.28534798534798533 0.0087890625 0.01391941391941392
0 0.3955078125 0.31794871794871793 0.02734375 0.08351648351648351
1 0.4140625 0.28205128205128205 0.0087890625 0.013186813186813187
0 0.412353515625 0.3172161172161172 0.03271484375 0.08791208791208792
1 0.426025390625 0.2926739926739927 0.00634765625 0.009523809523809525
0 0.425048828125 0.3208791208791209 0.01806640625 0.07326007326007326
1 0.4501953125 0.28498168498168497 0.0068359375 0.011721611721611722
0 0.4541015625 0.31868131868131866 0.0234375 0.08351648351648351
1 0.468505859375 0.2934065934065934 0.00537109375 0.00805860805860806
0 0.468017578125 0.32051282051282054 0.01513671875 0.06666666666666667
1 0.482421875 0.29633699633699634 0.005859375 0.01098901098901099
0 0.483154296875 0.32234432234432236 0.01611328125 0.0673992673992674
1 0.536865234375 0.29743589743589743 0.00634765625 0.010256410256410256
0 0.53515625 0.3241758241758242 0.0166015625 0.06813186813186813
1 0.5654296875 0.2967032967032967 0.005859375 0.010256410256410256
0 0.56396484375 0.32344322344322346 0.0166015625 0.06666666666666667
1 0.576416015625 0.29816849816849816 0.00537109375 0.008791208791208791
0 0.57666015625 0.32454212454212455 0.0146484375 0.063003663003663
1 0.778076171875 0.21978021978021978 0.00634765625 0.011721611721611722
0 0.77880859375 0.2531135531135531 0.01953125 0.07985347985347985
1 0.768310546875 0.2754578754578755 0.00927734375 0.014652014652014652
0 0.772216796875 0.29633699633699634 0.03369140625 0.060805860805860805
1 0.790771484375 0.2641025641025641 0.00634765625 0.009523809523809525
0 0.78955078125 0.29084249084249086 0.017578125 0.07032967032967033
1 0.823974609375 0.22637362637362637 0.00732421875 0.013186813186813187
0 0.822021484375 0.2571428571428571 0.01806640625 0.07765567765567766
1 0.841552734375 0.26483516483516484 0.00732421875 0.01098901098901099
0 0.84130859375 0.2893772893772894 0.0224609375 0.06593406593406594
1 0.8544921875 0.27765567765567767 0.0068359375 0.011721611721611722
0 0.855224609375 0.295970695970696 0.01611328125 0.05274725274725275
1 0.899658203125 0.21245421245421245 0.00634765625 0.010256410256410256
0 0.9013671875 0.24102564102564103 0.025390625 0.08791208791208792
1 0.908447265625 0.2824175824175824 0.01904296875 0.05347985347985348
0 0.908447265625 0.2824175824175824 0.01904296875 0.05347985347985348
1 0.927978515625 0.2424908424908425 0.00732421875 0.011721611721611722
0 0.928466796875 0.27692307692307694 0.02001953125 0.08058608058608059
1 0.943603515625 0.2622710622710623 0.00732421875 0.011721611721611722
0 0.94384765625 0.28644688644688643 0.021484375 0.06446886446886448
1 0.958740234375 0.23846153846153847 0.00732421875 0.01098901098901099
0 0.958251953125 0.263003663003663 0.02392578125 0.063003663003663
1 0.9970703125 0.23956043956043957 0.005859375 0.011721611721611722
0 0.991943359375 0.26043956043956046 0.01611328125 0.05641025641025641
1 0.06787109375 0.3054945054945055 0.025390625 0.04395604395604396
0 0.06884765625 0.44395604395604393 0.0849609375 0.3311355311355311
1 0.116943359375 0.3080586080586081 0.02490234375 0.04468864468864469
0 0.12060546875 0.4461538461538462 0.0830078125 0.3238095238095238
1 0.14404296875 0.30256410256410254 0.0224609375 0.03956043956043956
0 0.14111328125 0.4271062271062271 0.0625 0.2945054945054945
1 0.16943359375 0.40366300366300367 0.0263671875 0.04542124542124542
0 0.16015625 0.5135531135531135 0.0927734375 0.2695970695970696
1 0.1953125 0.3992673992673993 0.0234375 0.03956043956043956
0 0.190185546875 0.48754578754578753 0.08544921875 0.22197802197802197
1 0.19775390625 0.3336996336996337 0.0205078125 0.035897435897435895
0 0.19921875 0.44285714285714284 0.048828125 0.2600732600732601
1 0.21337890625 0.3263736263736264 0.01953125 0.03882783882783883
0 0.21337890625 0.42857142857142855 0.048828125 0.2490842490842491
1 0.24072265625 0.3326007326007326 0.0185546875 0.03663003663003663
0 0.24267578125 0.4318681318681319 0.0498046875 0.2424908424908425
1 0.225341796875 0.44761904761904764 0.02490234375 0.04249084249084249
0 0.233154296875 0.5234432234432235 0.06396484375 0.19853479853479852
1 0.2724609375 0.3117216117216117 0.0205078125 0.040293040293040296
0 0.275390625 0.4186813186813187 0.0546875 0.25860805860805863
1 0.291259765625 0.33589743589743587 0.01904296875 0.03736263736263736
0 0.293212890625 0.4351648351648352 0.07177734375 0.24761904761904763
1 0.265869140625 0.4238095238095238 0.02197265625 0.03882783882783883
0 0.2724609375 0.5051282051282051 0.0625 0.20586080586080585
1 0.3232421875 0.30622710622710625 0.01953125 0.0336996336996337
0 0.32470703125 0.41611721611721614 0.05078125 0.26373626373626374
1 0.327880859375 0.3347985347985348 0.02001953125 0.03663003663003663
0 0.330078125 0.4461538461538462 0.052734375 0.2608058608058608
1 0.320556640625 0.426007326007326 0.02490234375 0.05054945054945055
0 0.317626953125 0.508058608058608 0.07177734375 0.2175824175824176
1 0.33935546875 0.4267399267399267 0.0205078125 0.041758241758241756
0 0.34130859375 0.5054945054945055 0.056640625 0.20659340659340658
1 0.3603515625 0.3087912087912088 0.01953125 0.034432234432234435
0 0.363037109375 0.4183150183150183 0.05908203125 0.2608058608058608
1 0.384765625 0.3249084249084249 0.0224609375 0.034432234432234435
0 0.388671875 0.44468864468864466 0.06640625 0.2754578754578755
1 0.372314453125 0.4461538461538462 0.02099609375 0.04395604395604396
0 0.38330078125 0.5194139194139195 0.0771484375 0.1978021978021978
1 0.409423828125 0.4633699633699634 0.02392578125 0.046153846153846156
0 0.40966796875 0.5307692307692308 0.0693359375 0.1912087912087912
1 0.39892578125 0.3230769230769231 0.0146484375 0.0336996336996337
0 0.3994140625 0.42417582417582417 0.048828125 0.24761904761904763
1 0.410888671875 0.3311355311355311 0.01806640625 0.03076923076923077
0 0.41357421875 0.43040293040293043 0.052734375 0.2336996336996337
1 0.437255859375 0.3333333333333333 0.01904296875 0.03663003663003663
0 0.439208984375 0.4347985347985348 0.06787109375 0.2424908424908425
1 0.448486328125 0.3249084249084249 0.01708984375 0.034432234432234435
0 0.4521484375 0.43223443223443225 0.0537109375 0.252014652014652
1 0.462890625 0.32454212454212455 0.0185546875 0.03223443223443224
0 0.47265625 0.42857142857142855 0.0595703125 0.24468864468864468
1 0.46875 0.4652014652014652 0.01953125 0.041025641025641026
0 0.47021484375 0.5307692307692308 0.056640625 0.17509157509157508
1 0.49267578125 0.3476190476190476 0.0185546875 0.035897435897435895
0 0.494384765625 0.4586080586080586 0.05126953125 0.2622710622710623
1 0.51123046875 0.3249084249084249 0.017578125 0.03296703296703297
0 0.509033203125 0.4271062271062271 0.05029296875 0.24615384615384617
1 0.531982421875 0.32454212454212455 0.01806640625 0.0380952380952381
0 0.53076171875 0.44395604395604393 0.056640625 0.2915750915750916
1 0.5185546875 0.4622710622710623 0.0244140625 0.041025641025641026
0 0.520263671875 0.526007326007326 0.05419921875 0.17582417582417584
1 0.586181640625 0.306959706959707 0.02001953125 0.0380952380952381
0 0.588623046875 0.41025641025641024 0.05810546875 0.25054945054945055
1 0.57421875 0.34835164835164834 0.0205078125 0.040293040293040296
0 0.578857421875 0.45714285714285713 0.05517578125 0.27106227106227104
1 0.558349609375 0.4655677655677656 0.02197265625 0.040293040293040296
0 0.56396484375 0.5336996336996337 0.0517578125 0.18095238095238095
1 0.637451171875 0.3117216117216117 0.02197265625 0.041758241758241756
0 0.64208984375 0.4208791208791209 0.0625 0.2717948717948718
1 0.63818359375 0.3487179487179487 0.0205078125 0.04249084249084249
0 0.639892578125 0.45384615384615384 0.05615234375 0.25274725274725274
1 0.61328125 0.44871794871794873 0.0234375 0.040293040293040296
0 0.614990234375 0.5212454212454213 0.05615234375 0.20146520146520147
1 0.6591796875 0.4564102564102564 0.0234375 0.04542124542124542
0 0.660888671875 0.5322344322344322 0.05322265625 0.19853479853479852
1 0.6796875 0.3120879120879121 0.021484375 0.03956043956043956
0 0.6826171875 0.4230769230769231 0.05078125 0.2644688644688645
1 0.698974609375 0.447985347985348 0.02001953125 0.040293040293040296
0 0.7041015625 0.5194139194139195 0.0537109375 0.189010989010989
1 0.7255859375 0.32124542124542127 0.0205078125 0.03736263736263736
0 0.718505859375 0.43443223443223444 0.05322265625 0.2681318681318681
1 0.732666015625 0.4490842490842491 0.02490234375 0.03956043956043956
0 0.7294921875 0.5347985347985348 0.048828125 0.2153846153846154
1 0.7587890625 0.3076923076923077 0.0224609375 0.041025641025641026
0 0.761474609375 0.42014652014652015 0.05419921875 0.2703296703296703
1 0.755126953125 0.4564102564102564 0.02490234375 0.04981684981684982
0 0.745361328125 0.5322344322344322 0.08642578125 0.21318681318681318
1 0.79248046875 0.33589743589743587 0.025390625 0.047619047619047616
0 0.785400390625 0.46593406593406594 0.07177734375 0.31355311355311355
1 0.792724609375 0.3355311355311355 0.02685546875 0.046886446886446886
0 0.7998046875 0.4424908424908425 0.07421875 0.31648351648351647
1 0.833740234375 0.3142857142857143 0.02685546875 0.04981684981684982
0 0.83251953125 0.4501831501831502 0.1396484375 0.33186813186813185
1 0.810302734375 0.43736263736263736 0.03076171875 0.05567765567765568
0 0.82177734375 0.5208791208791209 0.1337890625 0.22857142857142856
1 0.886962890625 0.2989010989010989 0.03173828125 0.06153846153846154
0 0.888427734375 0.4490842490842491 0.17236328125 0.3677655677655678
1 0.935302734375 0.30036630036630035 0.02978515625 0.05274725274725275
0 0.935302734375 0.4593406593406593 0.08642578125 0.37655677655677655