1 0.2140710382513661 0.35429936305732485 0.08442622950819673 0.14251592356687898
0 0.19467213114754098 0.6329617834394905 0.26420765027322407 0.7229299363057324
1 0.33524590163934426 0.3714171974522293 0.07650273224043716 0.12977707006369427
0 0.3685792349726776 0.6443073248407644 0.24207650273224043 0.7034235668789809
1 0.4516393442622951 0.3616640127388535 0.073224043715847 0.14211783439490447
0 0.4816939890710383 0.6305732484076433 0.26994535519125684 0.679140127388535
1 0.6005464480874317 0.3244426751592357 0.0814207650273224 0.14331210191082802
0 0.6371584699453552 0.6052945859872612 0.27759562841530055 0.7161624203821656
1 0.7387978142076502 0.35628980891719747 0.07704918032786885 0.13296178343949044
0 0.767896174863388 0.6192277070063694 0.23415300546448087 0.669187898089172
1 0.8629781420765027 0.375 0.06311475409836066 0.11942675159235669
0 0.8923497267759563 0.6094745222929936 0.21530054644808744 0.6106687898089171
1 0.9799180327868853 0.2919984076433121 0.04016393442622951 0.13415605095541402
0 0.9540983606557377 0.5433917197452229 0.09180327868852459 0.6480891719745223
1 0.8666666666666667 0.10788216560509555 0.06448087431693988 0.12101910828025478
0 0.858879781420765 0.46337579617834396 0.17513661202185793 0.8479299363057324
1 0.6506830601092897 0.09335191082802548 0.06256830601092896 0.11902866242038217
0 0.6755464480874317 0.4625796178343949 0.21448087431693988 0.8662420382165605
1 0.44508196721311477 0.12619426751592358 0.06612021857923497 0.13455414012738853
0 0.4755464480874317 0.4804936305732484 0.19754098360655736 0.8622611464968153
1 0.3554644808743169 0.11763535031847133 0.06721311475409836 0.13335987261146498
0 0.3487704918032787 0.4934315286624204 0.1778688524590164 0.8889331210191083
1 0.12459016393442623 0.17237261146496816 0.07213114754098361 0.14729299363057324
0 0.12185792349726776 0.535031847133758 0.24371584699453552 0.8797770700636943
1 0.033743169398907105 0.3986863057324841 0.06748633879781421 0.10549363057324841
0 0.13360655737704918 0.6719745222929936 0.26721311475409837 0.6528662420382165