1 0.013831258644536652 0.1522140221402214 0.027662517289073305 0.042435424354243544
0 0.05325034578146611 0.3339483394833948 0.10650069156293222 0.39114391143911437
1 0.12378976486860305 0.07287822878228782 0.051175656984785614 0.07933579335793357
0 0.1459197786998617 0.2822878228782288 0.12863070539419086 0.5018450184501845
1 0.16874135546334718 0.11715867158671586 0.027662517289073305 0.042435424354243544
0 0.19432918395573998 0.25830258302583026 0.0954356846473029 0.33948339483394835
1 0.3360995850622407 0.03505535055350553 0.04149377593360996 0.07011070110701106
0 0.3727524204702628 0.2444649446494465 0.13692946058091288 0.488929889298893
1 0.3623789764868603 0.04151291512915129 0.04979253112033195 0.08302583025830258
0 0.37621023513139695 0.27121771217712176 0.15767634854771784 0.5424354243542435
1 0.5242047026279392 0.1282287822878229 0.030428769017980636 0.05350553505535055
0 0.5200553250345782 0.23985239852398524 0.11341632088520055 0.2878228782287823
1 0.6542185338865837 0.033210332103321034 0.03319502074688797 0.06642066420664207
0 0.6645919778699861 0.22693726937269373 0.12309820193637622 0.45387453874538747
1 0.6984785615491009 0.03136531365313653 0.035961272475795295 0.06273062730627306
0 0.7081604426002767 0.18265682656826568 0.08575380359612725 0.36531365313653136
1 0.7475795297372061 0.03228782287822878 0.034578146611341634 0.046125461254612546
0 0.7455048409405256 0.1669741697416974 0.08022130013831259 0.32656826568265684
1 0.8409405255878285 0.02859778597785978 0.04426002766251729 0.05719557195571956
0 0.8665283540802213 0.2444649446494465 0.14522821576763487 0.488929889298893
1 0.9121715076071922 0.024907749077490774 0.034578146611341634 0.04981549815498155
0 0.9156293222683264 0.18265682656826568 0.08022130013831259 0.36531365313653136
1 0.9702627939142462 0.02214022140221402 0.029045643153526972 0.04428044280442804
0 0.970954356846473 0.17619926199261993 0.058091286307053944 0.35239852398523985
1 0.9889349930843707 0.03782287822878229 0.022130013831258646 0.07564575645756458
0 0.979253112033195 0.2481549815498155 0.04149377593360996 0.496309963099631
1 0.859612724757953 0.39206642066420666 0.11479944674965421 0.1900369003690037
0 0.8208852005532503 0.6457564575645757 0.3582295988934993 0.7084870848708487
1 0.7724757952973721 0.3607011070110701 0.051175656984785614 0.07564575645756458
0 0.7690179806362379 0.41974169741697415 0.15214384508990317 0.20848708487084872
1 0.6749654218533887 0.3505535055350554 0.08298755186721991 0.14022140221402213
0 0.7040110650069157 0.5156826568265682 0.27385892116182575 0.507380073800738
1 0.15352697095435686 0.511070110701107 0.09405255878284924 0.15129151291512916
0 0.26832641770401106 0.6743542435424354 0.5366528354080221 0.544280442804428
1 0.23443983402489627 0.3385608856088561 0.059474412171507604 0.1014760147601476
0 0.2676348547717842 0.47232472324723246 0.2669432918395574 0.4022140221402214