1 0.2065 0.5601769911504425 0.033 0.07964601769911504
0 0.208 0.7283185840707964 0.118 0.46194690265486726
1 0.305 0.5345132743362832 0.032 0.0743362831858407
0 0.309 0.7123893805309734 0.098 0.45132743362831856
1 0.3895 0.5592920353982301 0.035 0.07787610619469026
0 0.389 0.7123893805309734 0.09 0.40530973451327434
1 0.447 0.6044247787610619 0.036 0.09026548672566372
0 0.4495 0.7619469026548673 0.115 0.415929203539823
1 0.562 0.6168141592920354 0.042 0.07964601769911504
0 0.561 0.7672566371681416 0.152 0.40530973451327434
1 0.686 0.6159292035398231 0.044 0.08495575221238938
0 0.7025 0.7761061946902655 0.161 0.415929203539823
1 0.1985 0.4150442477876106 0.041 0.09026548672566372
0 0.182 0.6646017699115044 0.134 0.6035398230088496
1 0.287 0.4539823008849557 0.038 0.07964601769911504
0 0.29 0.6637168141592921 0.116 0.5097345132743363
1 0.351 0.5026548672566372 0.034 0.07079646017699115
0 0.35 0.6734513274336283 0.086 0.4336283185840708
1 0.417 0.46194690265486726 0.032 0.0743362831858407
0 0.4125 0.6504424778761062 0.097 0.4690265486725664
1 0.4875 0.45486725663716815 0.037 0.08141592920353982
0 0.492 0.6752212389380531 0.12 0.536283185840708
1 0.57 0.4646017699115044 0.034 0.07964601769911504
0 0.5685 0.6637168141592921 0.101 0.48849557522123893
1 0.627 0.5079646017699115 0.034 0.07787610619469026
0 0.6275 0.6858407079646017 0.085 0.45486725663716815
1 0.6615 0.46194690265486726 0.031 0.07079646017699115
0 0.6665 0.6592920353982301 0.089 0.48672566371681414
1 0.6945 0.5292035398230088 0.031 0.0743362831858407
0 0.7015 0.7132743362831858 0.095 0.46371681415929206
1 0.7455 0.45663716814159294 0.037 0.0743362831858407
0 0.7445 0.6628318584070797 0.087 0.49734513274336284
1 0.7815 0.46017699115044247 0.041 0.07787610619469026
0 0.798 0.6893805309734513 0.128 0.5433628318584071