1 0.5623931623931624 0.6496296296296297 0.037606837606837605 0.07555555555555556
0 0.5692307692307692 0.7637037037037037 0.12307692307692308 0.30962962962962964
1 0.4576923076923077 0.6637037037037037 0.03675213675213675 0.07703703703703704
0 0.45384615384615384 0.7659259259259259 0.11282051282051282 0.2874074074074074
1 0.33076923076923076 0.49703703703703705 0.039316239316239315 0.08148148148148149
0 0.32393162393162395 0.6570370370370371 0.0905982905982906 0.4162962962962963
1 0.4230769230769231 0.5081481481481481 0.03247863247863248 0.07703703703703704
0 0.42435897435897435 0.6614814814814814 0.07606837606837606 0.3925925925925926
1 0.5230769230769231 0.4874074074074074 0.03247863247863248 0.07111111111111111
0 0.5106837606837606 0.6355555555555555 0.08461538461538462 0.37925925925925924
1 0.5914529914529915 0.4525925925925926 0.035897435897435895 0.07555555555555556
0 0.5931623931623932 0.6244444444444445 0.08376068376068375 0.42814814814814817
1 0.6427350427350428 0.35185185185185186 0.03076923076923077 0.06666666666666667
0 0.647008547008547 0.554074074074074 0.08034188034188035 0.48
1 0.5871794871794872 0.35703703703703704 0.02905982905982906 0.06518518518518518
0 0.5841880341880342 0.5496296296296296 0.0811965811965812 0.46814814814814815
1 0.5038461538461538 0.3414814814814815 0.03162393162393162 0.07851851851851852
0 0.5085470085470085 0.5385185185185185 0.07863247863247863 0.4785185185185185
1 0.44871794871794873 0.36074074074074075 0.03076923076923077 0.0637037037037037
0 0.4465811965811966 0.5548148148148148 0.07948717948717948 0.4725925925925926
1 0.39145299145299145 0.39111111111111113 0.03418803418803419 0.07703703703703704
0 0.39914529914529917 0.5822222222222222 0.08034188034188035 0.46814814814814815
1 0.355982905982906 0.38666666666666666 0.029914529914529916 0.07407407407407407
0 0.3384615384615385 0.58 0.08376068376068375 0.4874074074074074
1 0.13162393162393163 0.36666666666666664 0.017094017094017096 0.028148148148148148
0 0.13333333333333333 0.45111111111111113 0.05299145299145299 0.20296296296296296
1 0.28846153846153844 0.36148148148148146 0.017948717948717947 0.035555555555555556
0 0.28974358974358977 0.45111111111111113 0.042735042735042736 0.21777777777777776
1 0.3094017094017094 0.36814814814814817 0.015384615384615385 0.03111111111111111
0 0.30854700854700856 0.44962962962962966 0.037606837606837605 0.20592592592592593
1 0.3170940170940171 0.3592592592592593 0.013675213675213675 0.028148148148148148
0 0.3162393162393162 0.44296296296296295 0.03418803418803419 0.20444444444444446
1 0.3764957264957265 0.36518518518518517 0.01282051282051282 0.028148148148148148
0 0.37606837606837606 0.4474074074074074 0.03247863247863248 0.20444444444444446
1 0.4235042735042735 0.37333333333333335 0.01452991452991453 0.02962962962962963
0 0.4269230769230769 0.457037037037037 0.03675213675213675 0.20592592592592593
1 0.7047008547008548 0.3466666666666667 0.01282051282051282 0.02074074074074074
0 0.7029914529914529 0.40814814814814815 0.03162393162393162 0.15555555555555556
1 0.8495726495726496 0.34 0.02564102564102564 0.04
0 0.8632478632478633 0.4651851851851852 0.07863247863247863 0.2962962962962963
1 0.9371794871794872 0.3474074074074074 0.01623931623931624 0.034074074074074076
0 0.9311965811965812 0.44222222222222224 0.0452991452991453 0.22962962962962963
1 0.9867521367521368 0.35333333333333333 0.01282051282051282 0.034074074074074076
0 0.9867521367521368 0.4237037037037037 0.026495726495726495 0.1837037037037037
1 0.9717948717948718 0.3414814814814815 0.015384615384615385 0.03111111111111111
0 0.9722222222222222 0.41333333333333333 0.04188034188034188 0.18074074074074073
1 0.8931623931623932 0.3540740740740741 0.011965811965811967 0.017777777777777778
0 0.8923076923076924 0.4162962962962963 0.037606837606837605 0.16296296296296298
1 0.8094017094017094 0.3888888888888889 0.013675213675213675 0.025185185185185185
0 0.8106837606837607 0.4444444444444444 0.029914529914529916 0.14222222222222222
1 0.814957264957265 0.35185185185185186 0.01282051282051282 0.025185185185185185
0 0.8166666666666667 0.4066666666666667 0.03333333333333333 0.14666666666666667
1 0.782051282051282 0.3385185185185185 0.011965811965811967 0.025185185185185185
0 0.7837606837606838 0.40296296296296297 0.035897435897435895 0.16
1 0.7589743589743589 0.36814814814814817 0.010256410256410256 0.01925925925925926
0 0.7542735042735043 0.41703703703703704 0.029914529914529916 0.12296296296296297
1 0.8076923076923077 0.29185185185185186 0.006837606837606838 0.011851851851851851
0 0.8076923076923077 0.32222222222222224 0.018803418803418803 0.08148148148148149
1 0.8311965811965812 0.337037037037037 0.007692307692307693 0.016296296296296295
0 0.8282051282051283 0.37777777777777777 0.022222222222222223 0.10666666666666667
1 0.7948717948717948 0.34444444444444444 0.003418803418803419 0.007407407407407408
0 0.7952991452991452 0.3592592592592593 0.011111111111111112 0.04296296296296296
1 0.7286324786324786 0.38074074074074077 0.01623931623931624 0.07407407407407407
0 0.7286324786324786 0.38074074074074077 0.01623931623931624 0.07407407407407407
1 0.7158119658119658 0.3377777777777778 0.009401709401709401 0.014814814814814815
0 0.7141025641025641 0.37851851851851853 0.017948717948717947 0.10518518518518519
1 0.6786324786324787 0.3422222222222222 0.006837606837606838 0.011851851851851851
0 0.6764957264957265 0.36666666666666664 0.01282051282051282 0.06962962962962962
1 0.6811965811965812 0.3496296296296296 0.005128205128205128 0.011851851851851851
0 0.6820512820512821 0.37037037037037035 0.013675213675213675 0.06222222222222222
1 0.5264957264957265 0.35259259259259257 0.005128205128205128 0.008888888888888889
0 0.5256410256410257 0.37407407407407406 0.011965811965811967 0.054814814814814816
1 0.5311965811965812 0.37037037037037035 0.011111111111111112 0.05037037037037037
0 0.5311965811965812 0.37037037037037035 0.011111111111111112 0.05037037037037037
1 0.5683760683760684 0.3459259259259259 0.003418803418803419 0.0044444444444444444
0 0.5666666666666667 0.362962962962963 0.010256410256410256 0.04148148148148148
1 0.26794871794871794 0.3674074074074074 0.004273504273504274 0.008888888888888889
0 0.26794871794871794 0.38296296296296295 0.009401709401709401 0.04888888888888889
1 0.27521367521367524 0.38296296296296295 0.011965811965811967 0.05185185185185185
0 0.27521367521367524 0.38296296296296295 0.011965811965811967 0.05185185185185185
1 0.10256410256410256 0.3622222222222222 0.003418803418803419 0.007407407407407408
0 0.10384615384615385 0.38222222222222224 0.01282051282051282 0.05037037037037037
1 0.11068376068376068 0.3896296296296296 0.01282051282051282 0.05925925925925926
0 0.11068376068376068 0.3896296296296296 0.01282051282051282 0.05925925925925926
1 0.06709401709401709 0.36518518518518517 0.005982905982905983 0.01037037037037037
0 0.06752136752136752 0.3874074074074074 0.013675213675213675 0.057777777777777775
1 0.07051282051282051 0.36518518518518517 0.004273504273504274 0.01037037037037037
0 0.07179487179487179 0.3851851851851852 0.013675213675213675 0.056296296296296296
1 0.05726495726495726 0.362962962962963 0.005128205128205128 0.011851851851851851
0 0.05641025641025641 0.3851851851851852 0.013675213675213675 0.05925925925925926
1 0.05811965811965812 0.36148148148148146 0.006837606837606838 0.011851851851851851
0 0.0594017094017094 0.38222222222222224 0.01282051282051282 0.05925925925925926
1 0.04700854700854701 0.36666666666666664 0.003418803418803419 0.007407407407407408
0 0.04786324786324787 0.3888888888888889 0.011965811965811967 0.057777777777777775
1 0.3282051282051282 0.36592592592592593 0.010256410256410256 0.03851851851851852
0 0.3282051282051282 0.36592592592592593 0.010256410256410256 0.03851851851851852
1 0.6128205128205129 0.37333333333333335 0.015384615384615385 0.06518518518518518
0 0.6128205128205129 0.37333333333333335 0.015384615384615385 0.06518518518518518
1 0.5611111111111111 0.3637037037037037 0.007692307692307693 0.037037037037037035
0 0.5611111111111111 0.3637037037037037 0.007692307692307693 0.037037037037037035
1 0.9256410256410257 0.34074074074074073 0.005128205128205128 0.011851851851851851
0 0.9247863247863248 0.3637037037037037 0.013675213675213675 0.0637037037037037
1 0.9145299145299145 0.3414814814814815 0.005128205128205128 0.01037037037037037
0 0.9123931623931624 0.3637037037037037 0.01282051282051282 0.06074074074074074
1 0.9098290598290598 0.3385185185185185 0.004273504273504274 0.007407407407407408
0 0.908974358974359 0.3622222222222222 0.011111111111111112 0.06074074074074074
1 0.92008547008547 0.36444444444444446 0.011111111111111112 0.06222222222222222
0 0.92008547008547 0.36444444444444446 0.011111111111111112 0.06222222222222222
1 0.7487179487179487 0.36592592592592593 0.008547008547008548 0.017777777777777778
0 0.7452991452991453 0.3940740740740741 0.015384615384615385 0.08
1 0.6846153846153846 0.35259259259259257 0.005128205128205128 0.008888888888888889
0 0.6833333333333333 0.3762962962962963 0.01282051282051282 0.06222222222222222