1 0.294189453125 0.43864805290227776 0.03857421875 0.07347538574577517
0 0.285400390625 0.6146216017634093 0.19580078125 0.43864805290227776
1 0.325927734375 0.38354151359294636 0.03662109375 0.06759735488611315
0 0.29541015625 0.583027185892726 0.1552734375 0.47832476120499634
1 0.380126953125 0.23365172667156503 0.06298828125 0.09845701689933872
0 0.406494140625 0.5326965466568699 0.16845703125 0.9301983835415136
1 0.591796875 0.4801616458486407 0.0478515625 0.1080088170462895
0 0.532470703125 0.6671565025716385 0.17822265625 0.665686994856723
1 0.528076171875 0.4665686994856723 0.04345703125 0.07053637031594416
0 0.53173828125 0.6531961792799412 0.125 0.458486407053637
1 0.60205078125 0.4294636296840558 0.0478515625 0.08596620132255695
0 0.617919921875 0.674504041146216 0.12744140625 0.5922116091109478
1 0.621337890625 0.4698750918442322 0.03173828125 0.05657604702424688
0 0.646484375 0.6373989713445996 0.1318359375 0.4151359294636297