1 0.7068181818181818 0.5638297872340425 0.010606060606060607 0.016548463356973995
0 0.7068181818181818 0.6016548463356974 0.04393939393939394 0.1016548463356974
1 0.6818181818181818 0.5531914893617021 0.00909090909090909 0.014184397163120567
0 0.6803030303030303 0.5921985815602837 0.03636363636363636 0.09692671394799054
1 0.6537878787878788 0.5484633569739953 0.010606060606060607 0.018912529550827423
0 0.6477272727272727 0.5957446808510638 0.04090909090909091 0.1182033096926714
1 0.6424242424242425 0.5449172576832151 0.00909090909090909 0.016548463356973995
0 0.6424242424242425 0.5815602836879432 0.030303030303030304 0.09456264775413711
1 0.6227272727272727 0.5460992907801419 0.00909090909090909 0.014184397163120567
0 0.6242424242424243 0.58274231678487 0.02727272727272727 0.09692671394799054
1 0.5765151515151515 0.5531914893617021 0.010606060606060607 0.018912529550827423
0 0.5772727272727273 0.5945626477541371 0.02727272727272727 0.11583924349881797
1 0.5575757575757576 0.5531914893617021 0.00909090909090909 0.014184397163120567
0 0.556060606060606 0.5874704491725768 0.01818181818181818 0.09219858156028368
1 0.5242424242424243 0.5401891252955082 0.00909090909090909 0.016548463356973995
0 0.5204545454545455 0.5791962174940898 0.031818181818181815 0.09929078014184398
1 0.503030303030303 0.5803782505910166 0.024242424242424242 0.09692671394799054
0 0.503030303030303 0.5803782505910166 0.024242424242424242 0.09692671394799054
1 0.48863636363636365 0.5260047281323877 0.010606060606060607 0.016548463356973995
0 0.48787878787878786 0.5709219858156028 0.02727272727272727 0.11583924349881797
1 0.42803030303030304 0.5437352245862884 0.007575757575757576 0.014184397163120567
0 0.42727272727272725 0.5803782505910166 0.024242424242424242 0.09692671394799054
1 0.4666666666666667 0.5449172576832151 0.00909090909090909 0.016548463356973995
0 0.4666666666666667 0.5815602836879432 0.024242424242424242 0.09456264775413711
1 0.4462121212121212 0.5283687943262412 0.007575757575757576 0.01182033096926714
0 0.44545454545454544 0.5484633569739953 0.024242424242424242 0.05673758865248227
1 0.4340909090909091 0.5283687943262412 0.007575757575757576 0.01182033096926714
0 0.4303030303030303 0.557919621749409 0.021212121212121213 0.08037825059101655
1 0.4257575757575758 0.5106382978723404 0.006060606060606061 0.009456264775413711
0 0.42424242424242425 0.5342789598108747 0.01818181818181818 0.07092198581560284
1 0.4068181818181818 0.524822695035461 0.007575757575757576 0.014184397163120567
0 0.4037878787878788 0.5685579196217494 0.019696969696969695 0.10638297872340426
1 0.36818181818181817 0.5354609929078015 0.015151515151515152 0.026004728132387706
0 0.37272727272727274 0.5957446808510638 0.05757575757575758 0.15602836879432624
1 0.24924242424242424 0.5484633569739953 0.010606060606060607 0.018912529550827423
0 0.24393939393939393 0.5981087470449172 0.048484848484848485 0.12293144208037825
1 0.4 0.516548463356974 0.006060606060606061 0.01182033096926714
0 0.39924242424242423 0.5437352245862884 0.016666666666666666 0.07092198581560284
1 0.45606060606060606 0.5283687943262412 0.00909090909090909 0.01182033096926714
0 0.45606060606060606 0.5484633569739953 0.021212121212121213 0.05673758865248227
1 0.6022727272727273 0.5354609929078015 0.007575757575757576 0.01182033096926714
0 0.6015151515151516 0.5602836879432624 0.021212121212121213 0.07092198581560284