1 0.06532258064516129 0.42473118279569894 0.11129032258064517 0.13978494623655913
0 0.12661290322580646 0.6752688172043011 0.2532258064516129 0.6494623655913978
1 0.23870967741935484 0.443010752688172 0.08064516129032258 0.12043010752688173
0 0.25806451612903225 0.689247311827957 0.16774193548387098 0.621505376344086
1 0.3233870967741935 0.4311827956989247 0.05967741935483871 0.09247311827956989
0 0.357258064516129 0.6612903225806451 0.17258064516129032 0.5827956989247312
1 0.34838709677419355 0.4731182795698925 0.07096774193548387 0.10752688172043011
0 0.3629032258064516 0.7032258064516129 0.14516129032258066 0.5935483870967742
1 0.4588709677419355 0.4483870967741935 0.06935483870967742 0.09247311827956989
0 0.49516129032258066 0.678494623655914 0.14516129032258066 0.5526881720430108
1 0.5185483870967742 0.4150537634408602 0.0467741935483871 0.07741935483870968
0 0.5330645161290323 0.6258064516129033 0.11451612903225807 0.5118279569892473
1 0.6362903225806451 0.41935483870967744 0.0532258064516129 0.07741935483870968
0 0.6532258064516129 0.635483870967742 0.14193548387096774 0.513978494623656
1 0.6862903225806452 0.3709677419354839 0.0467741935483871 0.07956989247311828
0 0.6935483870967742 0.5731182795698925 0.11290322580645161 0.4924731182795699
1 0.95 0.43333333333333335 0.041935483870967745 0.07096774193548387
0 0.9524193548387097 0.5440860215053763 0.09516129032258064 0.3010752688172043