1 0.8568877551020408 0.07390586292320396 0.075 0.14781172584640792
0 0.8954081632653061 0.49009083402146986 0.17142857142857143 0.9801816680429397
1 0.6880102040816326 0.13047068538398018 0.049489795918367344 0.11230388109000826
0 0.6961734693877552 0.46118909991742363 0.17295918367346938 0.8249380677126342
1 0.6471938775510204 0.15524360033030554 0.07397959183673469 0.1568951279933939
0 0.6469387755102041 0.5346820809248555 0.3112244897959184 0.930635838150289
1 0.4517857142857143 0.13253509496284063 0.05765306122448979 0.1147811725846408
0 0.46683673469387754 0.49876135425268375 0.18061224489795918 0.8687035507844756
1 0.3711734693877551 0.13872832369942195 0.060714285714285714 0.13872832369942195
0 0.36862244897959184 0.4690338563170933 0.18214285714285713 0.8026424442609413
1 0.3528061224489796 0.18662262592898432 0.06989795918367347 0.1453344343517754
0 0.3377551020408163 0.5016515276630884 0.1673469387755102 0.8249380677126342
1 0.24081632653061225 0.16680429397192403 0.15714285714285714 0.33360858794384807
0 0.310969387755102 0.5 0.5372448979591836 1