1 0.15833333333333333 0.4614814814814815 0.03666666666666667 0.0637037037037037
0 0.17777777777777778 0.5807407407407408 0.1111111111111111 0.30518518518518517
1 0.24666666666666667 0.43333333333333335 0.03777777777777778 0.054814814814814816
0 0.27 0.5496296296296296 0.11333333333333333 0.2962962962962963
1 0.24333333333333335 0.39111111111111113 0.028888888888888888 0.03851851851851852
0 0.26055555555555554 0.4888888888888889 0.09888888888888889 0.2577777777777778
1 0.30944444444444447 0.43555555555555553 0.027777777777777776 0.044444444444444446
0 0.335 0.542962962962963 0.09666666666666666 0.2859259259259259
1 0.37 0.4925925925925926 0.028888888888888888 0.045925925925925926
0 0.35944444444444446 0.5925925925925926 0.09888888888888889 0.27555555555555555
1 0.3761111111111111 0.6533333333333333 0.034444444444444444 0.05333333333333334
0 0.405 0.7251851851851852 0.15444444444444444 0.2474074074074074
1 0.41888888888888887 0.6111111111111112 0.035555555555555556 0.05185185185185185
0 0.4588888888888889 0.6562962962962963 0.13333333333333333 0.2577777777777778
1 0.4111111111111111 0.4748148148148148 0.028888888888888888 0.045925925925925926
0 0.41833333333333333 0.5866666666666667 0.11666666666666667 0.2903703703703704
1 0.38555555555555554 0.3985185185185185 0.035555555555555556 0.05333333333333334
0 0.38222222222222224 0.5162962962962963 0.10666666666666667 0.29777777777777775
1 0.355 0.4162962962962963 0.027777777777777776 0.044444444444444446
0 0.36833333333333335 0.5037037037037037 0.08333333333333333 0.24
1 0.3711111111111111 0.34074074074074073 0.028888888888888888 0.04148148148148148
0 0.38333333333333336 0.45037037037037037 0.09333333333333334 0.2814814814814815
1 0.45222222222222225 0.337037037037037 0.024444444444444446 0.04
0 0.4588888888888889 0.45925925925925926 0.08666666666666667 0.2992592592592593
1 0.45111111111111113 0.397037037037037 0.024444444444444446 0.03851851851851852
0 0.45222222222222225 0.5051851851851852 0.07555555555555556 0.28444444444444444
1 0.4677777777777778 0.4688888888888889 0.02666666666666667 0.04
0 0.4872222222222222 0.562962962962963 0.12333333333333334 0.2637037037037037
1 0.48777777777777775 0.3925925925925926 0.03111111111111111 0.047407407407407405
0 0.4816666666666667 0.5066666666666667 0.0811111111111111 0.2874074074074074
1 0.5188888888888888 0.4074074074074074 0.02666666666666667 0.03851851851851852
0 0.5172222222222222 0.5059259259259259 0.07444444444444444 0.26814814814814814
1 0.5455555555555556 0.3985185185185185 0.022222222222222223 0.04148148148148148
0 0.5411111111111111 0.4888888888888889 0.06666666666666667 0.24296296296296296
1 0.5794444444444444 0.4022222222222222 0.025555555555555557 0.04296296296296296
0 0.5905555555555555 0.4955555555555556 0.11 0.2562962962962963
1 0.5194444444444445 0.3214814814814815 0.027777777777777776 0.047407407407407405
0 0.525 0.44222222222222224 0.08555555555555555 0.2948148148148148
1 0.6227777777777778 0.47185185185185186 0.03222222222222222 0.045925925925925926
0 0.615 0.5725925925925925 0.09444444444444444 0.28
1 0.6383333333333333 0.41703703703703704 0.027777777777777776 0.04
0 0.6427777777777778 0.5288888888888889 0.08555555555555555 0.29333333333333333
1 0.6833333333333333 0.3933333333333333 0.022222222222222223 0.04
0 0.6844444444444444 0.48148148148148145 0.08222222222222222 0.23407407407407407
1 0.7038888888888889 0.4696296296296296 0.025555555555555557 0.05333333333333334
0 0.6894444444444444 0.5703703703703704 0.10777777777777778 0.31407407407407406
1 0.7327777777777778 0.44 0.027777777777777776 0.044444444444444446
0 0.73 0.5481481481481482 0.09555555555555556 0.28444444444444444
1 0.7827777777777778 0.46814814814814815 0.03222222222222222 0.056296296296296296
0 0.7888888888888889 0.5844444444444444 0.11333333333333333 0.3037037037037037