1 0.111328125 0.28662109375 0.21875 0.3017578125
0 0.244140625 0.5517578125 0.48828125 0.896484375
1 0.22591145833333334 0.24267578125 0.125 0.2431640625
0 0.23209635416666666 0.5458984375 0.291015625 0.908203125
1 0.28515625 0.275390625 0.08463541666666667 0.16796875
0 0.2887369791666667 0.58349609375 0.21419270833333334 0.8330078125
1 0.4049479166666667 0.279296875 0.13932291666666666 0.1875
0 0.4440104166666667 0.5654296875 0.29296875 0.869140625
1 0.5247395833333334 0.42822265625 0.13411458333333334 0.2412109375
0 0.5315755208333334 0.64892578125 0.283203125 0.7021484375
1 0.712890625 0.494140625 0.14453125 0.240234375
0 0.666015625 0.67822265625 0.40625 0.6435546875
1 0.7428385416666666 0.33544921875 0.13541666666666666 0.1787109375
0 0.755859375 0.6201171875 0.21223958333333334 0.759765625
1 0.8486328125 0.41943359375 0.11263020833333333 0.1787109375
0 0.8759765625 0.6552734375 0.23111979166666666 0.689453125