1 0.1694542253521127 0.21009389671361503 0.10651408450704225 0.18661971830985916
0 0.16725352112676056 0.5507629107981221 0.3336267605633803 0.8984741784037559
1 0.26672535211267606 0.3306924882629108 0.10651408450704225 0.19072769953051644
0 0.2735475352112676 0.6103286384976526 0.2944542253521127 0.7793427230046949
1 0.445862676056338 0.26467136150234744 0.11179577464788733 0.18779342723004694
0 0.44454225352112675 0.5707159624413145 0.2992957746478873 0.8585680751173709
1 0.5233274647887324 0.42194835680751175 0.11971830985915492 0.20305164319248825
0 0.5334507042253521 0.6449530516431925 0.3336267605633803 0.710093896713615
1 0.679137323943662 0.2620305164319249 0.11795774647887323 0.1965962441314554
0 0.6914612676056338 0.5757042253521126 0.29401408450704225 0.8485915492957746
1 0.8538732394366197 0.28257042253521125 0.12147887323943662 0.20363849765258216
0 0.8386883802816901 0.573943661971831 0.3226232394366197 0.852112676056338