1 0.73193359375 0.121875 0.0830078125 0.16875
0 0.76318359375 0.40390625 0.2060546875 0.7359375
1 0.80908203125 0.4328125 0.1298828125 0.2375
0 0.75341796875 0.65546875 0.4033203125 0.6890625
1 0.5732421875 0.27421875 0.0546875 0.1234375
0 0.5380859375 0.51953125 0.177734375 0.6015625
1 0.36669921875 0.73125 0.1533203125 0.2125
0 0.38525390625 0.809375 0.2607421875 0.38125
1 0.2314453125 0.43125 0.0859375 0.134375
0 0.20947265625 0.6671875 0.1943359375 0.628125
1 0.1787109375 0.396875 0.06640625 0.1125
0 0.20263671875 0.66953125 0.1748046875 0.6609375
1 0.068359375 0.43828125 0.13671875 0.2359375
0 0.11669921875 0.653125 0.2333984375 0.69375