1 0.08359375 0.6238636363636364 0.0265625 0.03409090909090909
0 0.08046875 0.7431818181818182 0.0953125 0.2772727272727273
1 0.08203125 0.6215909090909091 0.0234375 0.038636363636363635
0 0.07109375 0.7340909090909091 0.0921875 0.2772727272727273
1 0.14921875 0.6931818181818182 0.0171875 0.031818181818181815
0 0.14765625 0.7659090909090909 0.0765625 0.20909090909090908
1 0.2703125 0.6454545454545455 0.025 0.03636363636363636
0 0.2625 0.7545454545454545 0.121875 0.2636363636363636
1 0.28203125 0.6215909090909091 0.0234375 0.03409090909090909
0 0.2890625 0.7329545454545454 0.10625 0.27954545454545454
1 0.42890625 0.6363636363636364 0.0234375 0.03636363636363636
0 0.4421875 0.7420454545454546 0.1125 0.25681818181818183
1 0.46484375 0.6318181818181818 0.0265625 0.04090909090909091
0 0.46796875 0.7511363636363636 0.0859375 0.2840909090909091
1 0.5421875 0.6238636363636364 0.025 0.04318181818181818
0 0.553125 0.7397727272727272 0.065625 0.2840909090909091
1 0.67578125 0.6352272727272728 0.0234375 0.038636363636363635
0 0.6859375 0.7420454545454546 0.10625 0.26136363636363635
1 0.8109375 0.6295454545454545 0.028125 0.04090909090909091
0 0.81484375 0.75 0.1203125 0.2863636363636364
1 0.79140625 0.6034090909090909 0.0265625 0.038636363636363635
0 0.7953125 0.7193181818181819 0.0875 0.27954545454545454