1 0.10944444444444444 0.7753479125248509 0.034444444444444444 0.06759443339960239
0 0.08277777777777778 0.8677932405566601 0.11444444444444445 0.2644135188866799
1 0.006666666666666667 0.621272365805169 0.013333333333333334 0.02584493041749503
0 0.026111111111111113 0.705765407554672 0.052222222222222225 0.1988071570576541
1 0.04777777777777778 0.6332007952286283 0.017777777777777778 0.033797216699801194
0 0.04555555555555556 0.7027833001988072 0.05333333333333334 0.1848906560636183
1 0.075 0.5616302186878728 0.0077777777777777776 0.013916500994035786
0 0.07166666666666667 0.6023856858846919 0.027777777777777776 0.1073558648111332
1 0.1111111111111111 0.5705765407554672 0.006666666666666667 0.015904572564612324
0 0.10555555555555556 0.6073558648111332 0.017777777777777778 0.10139165009940358
1 0.10388888888888889 0.5666003976143141 0.01 0.015904572564612324
0 0.09944444444444445 0.6033797216699801 0.023333333333333334 0.09741550695825049
1 0.12444444444444444 0.5695825049701789 0.008888888888888889 0.013916500994035786
0 0.12444444444444444 0.6093439363817097 0.02666666666666667 0.10536779324055666
1 0.1511111111111111 0.5705765407554672 0.006666666666666667 0.011928429423459244
0 0.15055555555555555 0.6073558648111332 0.01888888888888889 0.09741550695825049
1 0.14833333333333334 0.5646123260437376 0.0077777777777777776 0.015904572564612324
0 0.14666666666666667 0.5974155069582505 0.022222222222222223 0.09343936381709742
1 0.17055555555555554 0.547713717693837 0.0077777777777777776 0.013916500994035786
0 0.1711111111111111 0.5914512922465208 0.024444444444444446 0.11332007952286283
1 0.18833333333333332 0.5944333996023857 0.01888888888888889 0.0874751491053678
0 0.18833333333333332 0.5944333996023857 0.01888888888888889 0.0874751491053678
1 0.19555555555555557 0.5566600397614314 0.008888888888888889 0.015904572564612324
0 0.195 0.5944333996023857 0.023333333333333334 0.09940357852882704
1 0.21333333333333335 0.5457256461232605 0.008888888888888889 0.013916500994035786
0 0.2111111111111111 0.5864811133200796 0.017777777777777778 0.09940357852882704
1 0.2222222222222222 0.55168986083499 0.006666666666666667 0.013916500994035786
0 0.22111111111111112 0.5874751491053678 0.02 0.08946322067594434
1 0.21833333333333332 0.5785288270377733 0.0077777777777777776 0.015904572564612324
0 0.22 0.6232604373757455 0.024444444444444446 0.10934393638170974
1 0.2361111111111111 0.5467196819085487 0.0077777777777777776 0.011928429423459244
0 0.2361111111111111 0.588469184890656 0.016666666666666666 0.09940357852882704
1 0.24 0.6013916500994035 0.015555555555555555 0.08548707753479125
0 0.24 0.6013916500994035 0.015555555555555555 0.08548707753479125
1 0.2538888888888889 0.5556660039761432 0.0077777777777777776 0.017892644135188866
0 0.255 0.5924453280318092 0.025555555555555557 0.09542743538767395
1 0.28833333333333333 0.5675944333996024 0.0077777777777777776 0.013916500994035786
0 0.2877777777777778 0.6043737574552683 0.017777777777777778 0.09542743538767395
1 0.2788888888888889 0.5646123260437376 0.008888888888888889 0.015904572564612324
0 0.27555555555555555 0.6163021868787276 0.022222222222222223 0.11928429423459244
1 0.3511111111111111 0.5149105367793241 0.0044444444444444444 0.007952286282306162
0 0.3511111111111111 0.5298210735586482 0.011111111111111112 0.04572564612326044
1 0.35944444444444446 0.5228628230616302 0.0077777777777777776 0.039761431411530816
0 0.35944444444444446 0.5228628230616302 0.0077777777777777776 0.039761431411530816
1 0.745 0.5526838966202783 0.016666666666666666 0.07952286282306163
0 0.745 0.5526838966202783 0.016666666666666666 0.07952286282306163
1 0.7622222222222222 0.5536779324055666 0.015555555555555555 0.0775347912524851
0 0.7622222222222222 0.5536779324055666 0.015555555555555555 0.0775347912524851
1 0.8066666666666666 0.5129224652087475 0.006666666666666667 0.011928429423459244
0 0.805 0.5397614314115308 0.023333333333333334 0.073558648111332
1 0.8283333333333334 0.5497017892644135 0.023333333333333334 0.0775347912524851
0 0.8283333333333334 0.5497017892644135 0.023333333333333334 0.0775347912524851
1 0.8477777777777777 0.5337972166998012 0.006666666666666667 0.009940357852882704
0 0.8455555555555555 0.5656063618290258 0.022222222222222223 0.0775347912524851
1 0.9366666666666666 0.5337972166998012 0.006666666666666667 0.009940357852882704
0 0.9366666666666666 0.5685884691848907 0.017777777777777778 0.0874751491053678
1 0.9488888888888889 0.5636182902584493 0.015555555555555555 0.08151093439363817
0 0.9488888888888889 0.5636182902584493 0.015555555555555555 0.08151093439363817
1 0.12111111111111111 0.6262425447316103 0.015555555555555555 0.027833001988071572
0 0.12055555555555555 0.6968190854870775 0.043333333333333335 0.1848906560636183