1 0.93603515625 0.4590551181102362 0.1279296875 0.31338582677165355
0 0.7958984375 0.647244094488189 0.408203125 0.705511811023622
1 0.48681640625 0.2984251968503937 0.1025390625 0.25984251968503935
0 0.4697265625 0.5779527559055118 0.34375 0.8440944881889764
1 0.21435546875 0.35196850393700785 0.1220703125 0.2283464566929134
0 0.177734375 0.5496062992125984 0.341796875 0.9007874015748032
1 0.1787109375 0.12283464566929134 0.083984375 0.1889763779527559
0 0.25927734375 0.4732283464566929 0.2626953125 0.8960629921259843
1 0.46533203125 0.07165354330708662 0.0732421875 0.14330708661417324
0 0.48876953125 0.4858267716535433 0.2587890625 0.9716535433070866
1 0.62451171875 0.17795275590551182 0.0654296875 0.13228346456692913
0 0.57861328125 0.44173228346456694 0.1650390625 0.6787401574803149
1 0.6728515625 0.4653543307086614 0.017578125 0.03622047244094488
0 0.673828125 0.5771653543307087 0.076171875 0.2692913385826772
1 0.71533203125 0.4448818897637795 0.0146484375 0.026771653543307086
0 0.7099609375 0.5228346456692914 0.048828125 0.1984251968503937
1 0.7412109375 0.4401574803149606 0.013671875 0.029921259842519685
0 0.7421875 0.510236220472441 0.044921875 0.1889763779527559
1 0.802734375 0.431496062992126 0.013671875 0.031496062992125984
0 0.80419921875 0.510236220472441 0.0615234375 0.1984251968503937
1 0.86962890625 0.4283464566929134 0.0205078125 0.04409448818897638
0 0.86962890625 0.5007874015748032 0.0498046875 0.1921259842519685