1 0.542741935483871 0.48194444444444445 0.1032258064516129 0.1361111111111111
0 0.5245967741935483 0.5722222222222222 0.375 0.8555555555555555
1 0.35161290322580646 0.06041666666666667 0.07419354838709677 0.12083333333333333
0 0.3625 0.5 0.23629032258064517 1
1 0.20766129032258066 0.6902777777777778 0.04435483870967742 0.08888888888888889
0 0.22379032258064516 0.8138888888888889 0.15080645161290324 0.37222222222222223
1 0.16693548387096774 0.9048611111111111 0.05 0.10416666666666667
0 0.18951612903225806 0.9215277777777777 0.11935483870967742 0.15694444444444444
1 0.06290322580645161 0.7055555555555556 0.05967741935483871 0.125
0 0.08629032258064516 0.8083333333333333 0.17258064516129032 0.38333333333333336
1 0.05806451612903226 0.7055555555555556 0.0467741935483871 0.09722222222222222
0 0.08830645161290322 0.8173611111111111 0.17661290322580644 0.36527777777777776