1 0.033203125 0.451171875 0.055989583333333336 0.09375
0 0.07291666666666667 0.701171875 0.14583333333333334 0.59765625
1 0.10481770833333333 0.3642578125 0.029947916666666668 0.052734375
0 0.10677083333333333 0.4716796875 0.0703125 0.275390625
1 0.12239583333333333 0.4833984375 0.044270833333333336 0.080078125
0 0.12890625 0.7197265625 0.1328125 0.560546875
1 0.16015625 0.4150390625 0.044270833333333336 0.080078125
0 0.154296875 0.6455078125 0.10546875 0.544921875
1 0.23828125 0.384765625 0.041666666666666664 0.08203125
0 0.228515625 0.6474609375 0.11067708333333333 0.615234375
1 0.25390625 0.4375 0.044270833333333336 0.08984375
0 0.23697916666666666 0.6904296875 0.1328125 0.619140625
1 0.2858072916666667 0.4462890625 0.05859375 0.107421875
0 0.3059895833333333 0.693359375 0.16666666666666666 0.61328125
1 0.3880208333333333 0.453125 0.0546875 0.09765625
0 0.3815104166666667 0.7001953125 0.2265625 0.599609375
1 0.4322916666666667 0.4267578125 0.044270833333333336 0.083984375
0 0.4264322916666667 0.6904296875 0.12109375 0.619140625
1 0.4928385416666667 0.4560546875 0.045572916666666664 0.083984375
0 0.4973958333333333 0.6708984375 0.10416666666666667 0.517578125
1 0.6256510416666666 0.4736328125 0.05078125 0.103515625
0 0.6009114583333334 0.7109375 0.16015625 0.578125
1 0.7024739583333334 0.4287109375 0.053385416666666664 0.095703125
0 0.6985677083333334 0.6884765625 0.12890625 0.623046875
1 0.765625 0.44921875 0.059895833333333336 0.12890625
0 0.76171875 0.69140625 0.23177083333333334 0.6171875
1 0.771484375 0.4384765625 0.04296875 0.080078125
0 0.7610677083333334 0.6728515625 0.20963541666666666 0.654296875
1 0.84375 0.4365234375 0.0390625 0.080078125
0 0.8483072916666666 0.66015625 0.11328125 0.53515625
1 0.91015625 0.443359375 0.049479166666666664 0.09765625
0 0.89453125 0.6953125 0.1328125 0.609375
1 0.953125 0.4921875 0.049479166666666664 0.1171875
0 0.93359375 0.71484375 0.1328125 0.5703125
1 0.5787760416666666 0.4990234375 0.04296875 0.064453125
0 0.5625 0.73046875 0.13802083333333334 0.5390625