1 0.7326530612244898 0.5560675883256528 0.04693877551020408 0.06451612903225806
0 0.7331632653061224 0.695852534562212 0.27448979591836736 0.6082949308755761
1 0.5173469387755102 0.543778801843318 0.04081632653061224 0.0706605222734255
0 0.5178571428571429 0.7019969278033794 0.15 0.41781874039938555
1 0.40255102040816326 0.5491551459293394 0.06224489795918367 0.08755760368663594
0 0.44387755102040816 0.7004608294930875 0.21836734693877552 0.5714285714285714
1 0.25510204081632654 0.5291858678955453 0.03469387755102041 0.0629800307219662
0 0.2413265306122449 0.6359447004608295 0.12959183673469388 0.2857142857142857
1 0.1469387755102041 0.5368663594470046 0.04285714285714286 0.07219662058371736
0 0.17806122448979592 0.674347158218126 0.18877551020408162 0.35944700460829493
1 0.1489795918367347 0.5345622119815668 0.03877551020408163 0.06758832565284179
0 0.13163265306122449 0.7488479262672811 0.26326530612244897 0.5023041474654378
1 0.2596938775510204 0.42626728110599077 0.013265306122448979 0.02304147465437788
0 0.25204081632653064 0.49385560675883255 0.05102040816326531 0.16436251920122888
1 0.375 0.4930875576036866 0.015306122448979591 0.02457757296466974
0 0.35714285714285715 0.5468509984639017 0.07346938775510205 0.1382488479262673
1 0.42397959183673467 0.5245775729646698 0.02346938775510204 0.0445468509984639
0 0.42551020408163265 0.6121351766513057 0.061224489795918366 0.23809523809523808
1 0.49795918367346936 0.500768049155146 0.022448979591836733 0.03686635944700461
0 0.4943877551020408 0.5768049155145929 0.07244897959183673 0.21044546850998463
1 0.5586734693877551 0.5314900153609831 0.02959183673469388 0.055299539170506916
0 0.5545918367346939 0.6551459293394777 0.09897959183673469 0.3087557603686636
1 0.6892857142857143 0.4731182795698925 0.011224489795918367 0.018433179723502304
0 0.6836734693877551 0.5291858678955453 0.036734693877551024 0.14285714285714285
1 0.7581632653061224 0.5560675883256528 0.022448979591836733 0.043010752688172046
0 0.7551020408163265 0.6359447004608295 0.09591836734693877 0.21505376344086022
1 0.7653061224489796 0.510752688172043 0.00816326530612245 0.016897081413210446
0 0.7668367346938776 0.5399385560675883 0.03163265306122449 0.08141321044546851
1 0.7913265306122449 0.49615975422427033 0.009183673469387756 0.015360983102918587
0 0.7954081632653062 0.522273425499232 0.03571428571428571 0.07987711213517665
1 0.925 0.532258064516129 0.013265306122448979 0.02304147465437788
0 0.9229591836734694 0.5729646697388633 0.058163265306122446 0.11367127496159754
1 0.9785714285714285 0.5 0.012244897959183673 0.019969278033794162
0 0.9790816326530613 0.532258064516129 0.02959183673469388 0.09370199692780339
1 0.9530612244897959 0.5314900153609831 0.014285714285714285 0.021505376344086023
0 0.9454081632653061 0.5745007680491552 0.04795918367346939 0.11367127496159754
1 0.9954081632653061 0.5414746543778802 0.009183673469387756 0.026113671274961597
0 0.9836734693877551 0.5867895545314901 0.0326530612244898 0.1228878648233487