1 0.04979292168674699 0.49497991967871485 0.007718373493975903 0.014056224899598393
0 0.04875753012048193 0.5426706827309237 0.025602409638554216 0.11278447121820616
1 0.12264683734939759 0.5045180722891566 0.009600903614457831 0.018406961178045515
0 0.12208207831325302 0.5555555555555556 0.02390813253012048 0.12182061579651941
1 0.13083584337349397 0.5048527443105756 0.007530120481927711 0.013052208835341365
0 0.13177710843373494 0.5399933065595717 0.019201807228915662 0.08801874163319946
1 0.1849585843373494 0.48761713520749667 0.008471385542168674 0.01606425702811245
0 0.18420557228915663 0.5436746987951807 0.020143072289156627 0.13353413654618473
1 0.2339984939759036 0.48761713520749667 0.010918674698795181 0.020080321285140562
0 0.2369164156626506 0.5384872824631861 0.02240210843373494 0.12382864792503347
1 0.22458584337349397 0.5048527443105756 0.00941265060240964 0.015060240963855422
0 0.2210090361445783 0.5465194109772423 0.02635542168674699 0.10107095046854082
1 0.3771649096385542 0.393239625167336 0.05139307228915663 0.07028112449799197
0 0.40464984939759036 0.6772088353413654 0.12895331325301204 0.6455823293172691
1 0.4147213855421687 0.4173360107095047 0.03802710843373494 0.050200803212851405
0 0.4271460843373494 0.6281793842034806 0.08885542168674698 0.6974564926372155
1 0.4364646084337349 0.4862784471218206 0.017884036144578314 0.03748326639892905
0 0.4321347891566265 0.6942771084337349 0.08490210843373494 0.4789156626506024
1 0.4372176204819277 0.4928045515394913 0.017131024096385544 0.029116465863453816
0 0.4375941265060241 0.6584672021419009 0.05176957831325301 0.29417670682730923
1 0.5494164156626506 0.4675368139223561 0.024284638554216868 0.05555555555555555
0 0.537085843373494 0.6166331994645248 0.08283132530120482 0.536479250334672
1 0.6106927710843374 0.45180722891566266 0.021837349397590362 0.038821954484605084
0 0.6138930722891566 0.5823293172690763 0.07944277108433735 0.3099062918340027
1 0.7179969879518072 0.39558232931726905 0.04781626506024096 0.09839357429718876
0 0.7371046686746988 0.6718540829986613 0.1748870481927711 0.6562918340026773
1 0.6059864457831325 0.4389223560910308 0.022213855421686746 0.046519410977242305
0 0.5945971385542169 0.5938755020080321 0.13121234939759036 0.5806559571619813