1 0.05555555555555555 0.5336538461538461 0.04722222222222222 0.09038461538461538
0 0.06319444444444444 0.7326923076923076 0.12638888888888888 0.5346153846153846
1 0.08333333333333333 0.5567307692307693 0.025 0.04038461538461539
0 0.07777777777777778 0.6413461538461539 0.05555555555555555 0.2173076923076923
1 0.10277777777777777 0.5625 0.027777777777777776 0.04038461538461539
0 0.10833333333333334 0.6480769230769231 0.06388888888888888 0.21923076923076923
1 0.14375 0.5596153846153846 0.020833333333333332 0.038461538461538464
0 0.1423611111111111 0.6134615384615385 0.04861111111111111 0.15
1 0.17291666666666666 0.5538461538461539 0.020833333333333332 0.03076923076923077
0 0.1625 0.6480769230769231 0.06111111111111111 0.22692307692307692
1 0.20347222222222222 0.5576923076923077 0.02638888888888889 0.038461538461538464
0 0.18333333333333332 0.6461538461538462 0.06944444444444445 0.21923076923076923
1 0.14444444444444443 0.5269230769230769 0.016666666666666666 0.026923076923076925
0 0.14652777777777778 0.5865384615384616 0.034722222222222224 0.15384615384615385
1 0.12222222222222222 0.5269230769230769 0.011111111111111112 0.015384615384615385
0 0.11666666666666667 0.5788461538461539 0.03333333333333333 0.12307692307692308
1 0.2013888888888889 0.5576923076923077 0.022222222222222223 0.03461538461538462
0 0.19166666666666668 0.6490384615384616 0.09166666666666666 0.22884615384615384
1 0.2791666666666667 0.4855769230769231 0.04722222222222222 0.10192307692307692
0 0.2590277777777778 0.7153846153846154 0.13472222222222222 0.5692307692307692
1 0.3104166666666667 0.4846153846153846 0.04583333333333333 0.07692307692307693
0 0.3111111111111111 0.7182692307692308 0.08888888888888889 0.5634615384615385
1 0.41180555555555554 0.5153846153846153 0.0375 0.06923076923076923
0 0.4013888888888889 0.7278846153846154 0.08333333333333333 0.5096153846153846
1 0.5173611111111112 0.5721153846153846 0.03194444444444444 0.06346153846153846
0 0.49722222222222223 0.739423076923077 0.09166666666666666 0.4096153846153846
1 0.5493055555555556 0.5538461538461539 0.029166666666666667 0.05
0 0.5472222222222223 0.7201923076923077 0.06944444444444445 0.3942307692307692
1 0.5729166666666666 0.5211538461538462 0.02361111111111111 0.038461538461538464
0 0.56875 0.6788461538461539 0.06527777777777778 0.3769230769230769
1 0.5770833333333333 0.48846153846153845 0.020833333333333332 0.03076923076923077
0 0.59375 0.635576923076923 0.09027777777777778 0.32884615384615384
1 0.9006944444444445 0.5826923076923077 0.02638888888888889 0.038461538461538464
0 0.8909722222222223 0.6692307692307692 0.09305555555555556 0.2230769230769231
1 0.015277777777777777 0.46153846153846156 0.005555555555555556 0.007692307692307693
0 0.013888888888888888 0.4826923076923077 0.013888888888888888 0.05384615384615385