1 0.29025 0.2865 0.0355 0.06233333333333333
0 0.301875 0.4608333333333333 0.11875 0.42633333333333334
1 0.3325 0.3065 0.0325 0.059
0 0.3335 0.467 0.097 0.39
1 0.382125 0.3273333333333333 0.03825 0.06733333333333333
0 0.410125 0.4821666666666667 0.12025 0.385
1 0.43675 0.294 0.0365 0.06533333333333333
0 0.428125 0.47383333333333333 0.11675 0.42833333333333334
1 0.501875 0.2798333333333333 0.03625 0.06166666666666667
0 0.515625 0.4628333333333333 0.13375 0.43566666666666665
1 0.54625 0.32016666666666665 0.0355 0.050333333333333334
0 0.55225 0.485 0.1005 0.40066666666666667
1 0.59875 0.31166666666666665 0.033 0.058
0 0.607125 0.49233333333333335 0.09775 0.42133333333333334
1 0.646375 0.2798333333333333 0.03925 0.061
0 0.673125 0.475 0.15825 0.4746666666666667