1 0.24818181818181817 0.31036834924965895 0.04909090909090909 0.09686221009549795
0 0.24545454545454545 0.5798090040927695 0.12727272727272726 0.654843110504775
1 0.3513636363636364 0.2646657571623465 0.05 0.0927694406548431
0 0.36363636363636365 0.5600272851296043 0.13636363636363635 0.694406548431105
1 0.4713636363636364 0.257162346521146 0.04818181818181818 0.09140518417462483
0 0.4772727272727273 0.5491132332878581 0.12363636363636364 0.713506139154161
1 0.5836363636363636 0.26193724420190995 0.05090909090909091 0.09549795361527967
0 0.6295454545454545 0.557980900409277 0.2081818181818182 0.6984993178717599
1 0.6968181818181818 0.27353342428376537 0.04818181818181818 0.09140518417462483
0 0.6945454545454546 0.5648021828103683 0.24727272727272728 0.684856753069577
1 0.7622727272727273 0.2987721691678035 0.05 0.0927694406548431
0 0.74 0.5886766712141883 0.20363636363636364 0.6807639836289222