1 0.6768211920529801 0.087 0.03708609271523179 0.078
0 0.6834437086092715 0.278 0.10860927152317881 0.488
1 0.433112582781457 0.321 0.039735099337748346 0.098
0 0.4556291390728477 0.403 0.2119205298013245 0.282
1 0.33642384105960266 0.339 0.03708609271523179 0.09
0 0.356953642384106 0.422 0.14437086092715232 0.264
1 0.20264900662251656 0.244 0.03443708609271523 0.08
0 0.2337748344370861 0.351 0.17880794701986755 0.302
1 0.1205298013245033 0.328 0.05033112582781457 0.096
0 0.20198675496688742 0.431 0.2423841059602649 0.31
1 0.1 0.377 0.038410596026490065 0.074
0 0.12847682119205298 0.443 0.14304635761589404 0.238