1 0.92236328125 0.3609077598828697 0.0380859375 0.06881405563689605
0 0.93212890625 0.5732064421669106 0.1142578125 0.5080527086383602
1 0.84375 0.369692532942899 0.037109375 0.06588579795021962
0 0.8447265625 0.5702781844802343 0.08203125 0.4670571010248902
1 0.7861328125 0.37042459736456806 0.037109375 0.06734992679355783
0 0.787109375 0.5710102489019033 0.087890625 0.4743777452415813
1 0.7646484375 0.34773060029282576 0.037109375 0.0629575402635432
0 0.77685546875 0.5358711566617862 0.0888671875 0.4568081991215227
1 0.7568359375 0.287701317715959 0.03125 0.05124450951683748
0 0.76416015625 0.4670571010248902 0.0791015625 0.4216691068814056
1 0.71728515625 0.3740849194729136 0.0341796875 0.060029282576866766
0 0.72021484375 0.5761346998535871 0.0810546875 0.4699853587115666
1 0.68505859375 0.3579795021961933 0.0380859375 0.06881405563689605
0 0.6875 0.5387994143484627 0.076171875 0.43923865300146414
1 0.6337890625 0.3784773060029283 0.03515625 0.06881405563689605
0 0.63818359375 0.5592972181551976 0.0830078125 0.4363103953147877
1 0.58154296875 0.37042459736456806 0.0361328125 0.06442166910688141
0 0.57373046875 0.554904831625183 0.0830078125 0.44216691068814057
1 0.5078125 0.36749633967789164 0.03515625 0.07027818448023426
0 0.53564453125 0.5541727672035139 0.2021484375 0.45534407027818447
1 0.43701171875 0.35431918008784774 0.0361328125 0.06734992679355783
0 0.42919921875 0.5534407027818448 0.1025390625 0.47144948755490484
1 0.3662109375 0.37774524158125916 0.0390625 0.07027818448023426
0 0.36279296875 0.5710102489019033 0.0791015625 0.46266471449487556
1 0.306640625 0.3850658857979502 0.03515625 0.06734992679355783
0 0.29248046875 0.582723279648609 0.0927734375 0.47144948755490484
1 0.21240234375 0.3740849194729136 0.0341796875 0.07759882869692533
0 0.21240234375 0.5695461200585652 0.0986328125 0.4773060029282577
1 0.1416015625 0.3645680819912152 0.04296875 0.07613469985358712
0 0.12744140625 0.5805270863836017 0.1162109375 0.5168374816983895
1 0.03173828125 0.3323572474377745 0.0439453125 0.08199121522693997
0 0.048828125 0.5600292825768668 0.09765625 0.5461200585651538
1 0.08642578125 0.3389458272327965 0.0400390625 0.07174231332357248
0 0.08056640625 0.5505124450951684 0.0830078125 0.5065885797950219
1 0.17529296875 0.35651537335285505 0.0400390625 0.06588579795021962
0 0.1748046875 0.5534407027818448 0.08203125 0.46266471449487556
1 0.2470703125 0.363103953147877 0.033203125 0.06149341142020498
0 0.24462890625 0.5497803806734992 0.0693359375 0.4407027818448023
1 0.3095703125 0.33382137628111275 0.033203125 0.06442166910688141
0 0.3046875 0.5292825768667643 0.083984375 0.46412884333821375
1 0.38037109375 0.3389458272327965 0.0341796875 0.0629575402635432
0 0.37744140625 0.5168374816983895 0.0771484375 0.43045387994143486
1 0.46435546875 0.34773060029282576 0.0302734375 0.060029282576866766
0 0.46630859375 0.5124450951683748 0.0771484375 0.3953147877013177
1 0.69775390625 0.25988286969253294 0.0302734375 0.0629575402635432
0 0.71044921875 0.4443631039531479 0.0751953125 0.4407027818448023
1 0.64306640625 0.2613469985358712 0.0302734375 0.05710102489019034
0 0.65283203125 0.4428989751098097 0.0849609375 0.4289897510980966
1 0.595703125 0.29062957540263545 0.02734375 0.05710102489019034
0 0.59619140625 0.4685212298682284 0.0712890625 0.41874084919472915
1 0.5625 0.2562225475841874 0.029296875 0.05856515373352855
0 0.5654296875 0.45168374816983897 0.078125 0.46412884333821375
1 0.53076171875 0.2847730600292826 0.0341796875 0.06588579795021962
0 0.5322265625 0.47218155197657397 0.076171875 0.4494875549048316
1 0.48876953125 0.2591508052708638 0.0302734375 0.0527086383601757
0 0.490234375 0.445095168374817 0.08203125 0.43923865300146414
1 0.435546875 0.25768667642752563 0.02734375 0.0527086383601757
0 0.43115234375 0.42093704245973645 0.0615234375 0.40263543191800877
1 0.37451171875 0.26939970717423134 0.0322265625 0.06149341142020498
0 0.37451171875 0.43265007320644217 0.0791015625 0.39970717423133234
1 0.32568359375 0.2664714494875549 0.0302734375 0.055636896046852125
0 0.3232421875 0.43704245973645683 0.07421875 0.4143484626647145
1 0.27587890625 0.28111273792093705 0.0302734375 0.055636896046852125
0 0.27978515625 0.4582723279648609 0.0849609375 0.41874084919472915
1 0.22265625 0.30600292825768666 0.03125 0.05856515373352855
0 0.2236328125 0.47218155197657397 0.08203125 0.3938506588579795
1 0.18212890625 0.2540263543191801 0.0322265625 0.05710102489019034
0 0.18359375 0.4289897510980966 0.09765625 0.41874084919472915