1 0.07803867403314917 0.2753623188405797 0.034530386740331494 0.07453416149068323
0 0.08149171270718232 0.4575569358178054 0.10220994475138122 0.45134575569358176
1 0.18232044198895028 0.2349896480331263 0.03591160220994475 0.07246376811594203
0 0.17403314917127072 0.4420289855072464 0.10497237569060773 0.4865424430641822
1 0.24861878453038674 0.2670807453416149 0.03867403314917127 0.07453416149068323
0 0.24930939226519336 0.458592132505176 0.10911602209944751 0.4699792960662526
1 0.30386740331491713 0.2494824016563147 0.03591160220994475 0.07246376811594203
0 0.29765193370165743 0.45134575569358176 0.106353591160221 0.4886128364389234
1 0.3756906077348066 0.2432712215320911 0.03038674033149171 0.060041407867494824
0 0.3763812154696133 0.44824016563146996 0.09806629834254144 0.5031055900621118
1 0.4696132596685083 0.23395445134575568 0.04143646408839779 0.07039337474120083
0 0.47099447513812154 0.4409937888198758 0.11049723756906077 0.5134575569358178
1 0.6167127071823204 0.2122153209109731 0.03729281767955801 0.08074534161490683
0 0.6111878453038674 0.43167701863354035 0.10359116022099447 0.5320910973084886
1 0.7071823204419889 0.2194616977225673 0.03867403314917127 0.08281573498964803
0 0.7154696132596685 0.43478260869565216 0.10773480662983426 0.525879917184265
1 0.7762430939226519 0.2660455486542443 0.03591160220994475 0.06418219461697723
0 0.7693370165745856 0.432712215320911 0.09116022099447514 0.43478260869565216
1 0.8418508287292817 0.2474120082815735 0.04005524861878453 0.07660455486542443
0 0.8453038674033149 0.4554865424430642 0.10773480662983426 0.5010351966873706
1 0.9371546961325967 0.2463768115942029 0.04005524861878453 0.07453416149068323
0 0.9261049723756906 0.45962732919254656 0.13950276243093923 0.505175983436853
1 0.3708563535911602 0.6066252587991718 0.05662983425414365 0.09523809523809523
0 0.3860497237569061 0.7474120082815735 0.15331491712707182 0.44306418219461696
1 0.4910220994475138 0.572463768115942 0.05662983425414365 0.09316770186335403
0 0.5483425414364641 0.7246376811594203 0.26243093922651933 0.4927536231884058