1 0.17345340642129992 0.5308139534883721 0.008613938919342208 0.015116279069767442
0 0.17032106499608457 0.5645348837209302 0.01957713390759593 0.0872093023255814
1 0.16953797963978073 0.5238372093023256 0.007047768206734534 0.010465116279069767
0 0.1707126076742365 0.5505813953488372 0.018794048551292093 0.07093023255813953
1 0.18872357086922475 0.5284883720930232 0.007830853563038372 0.012790697674418604
0 0.18872357086922475 0.5517441860465117 0.014095536413469069 0.06395348837209303
1 0.20164447924823806 0.525 0.018010963194988253 0.029069767441860465
0 0.1985121378230227 0.6122093023255814 0.05716523101018011 0.21976744186046512
1 0.2995301487862177 0.5127906976744186 0.011746280344557557 0.020930232558139535
0 0.2971808927173062 0.5697674418604651 0.0274079874706343 0.14186046511627906
1 0.32850430696945965 0.5476744186046512 0.008613938919342208 0.013953488372093023
0 0.3273296789350039 0.5732558139534883 0.023492560689115115 0.06976744186046512
1 0.355912294440094 0.5848837209302326 0.011746280344557557 0.018604651162790697
0 0.3496476115896633 0.6040697674418605 0.04620203602192639 0.06395348837209303
1 0.37588097102584184 0.5819767441860465 0.01096319498825372 0.015116279069767442
0 0.3645262333594362 0.5994186046511628 0.04463586530931871 0.056976744186046514
1 0.3774471417384495 0.55 0.009397024275646046 0.020930232558139535
0 0.3903680501174628 0.5767441860465117 0.03837118245888802 0.08139534883720931
1 0.42599843382928737 0.5093023255813953 0.007830853563038372 0.011627906976744186
0 0.42521534847298353 0.538953488372093 0.017227877838684416 0.0755813953488372
1 0.480814408770556 0.5127906976744186 0.006264682850430697 0.011627906976744186
0 0.4831636648394675 0.5406976744186046 0.015661707126076743 0.07209302325581396
1 0.47102584181675805 0.5122093023255814 0.007047768206734534 0.010465116279069767
0 0.4729835552075176 0.5372093023255814 0.017227877838684416 0.06511627906976744
1 0.32341425215348474 0.7063953488372093 0.02662490211433046 0.03837209302325582
0 0.2509788566953798 0.7436046511627907 0.18402505873140174 0.12441860465116279
1 0.3888018794048551 0.6436046511627908 0.0274079874706343 0.047674418604651166
0 0.34886452623335945 0.6883720930232559 0.10728269381362568 0.1372093023255814
1 0.4048551292090838 0.6197674418604651 0.017227877838684416 0.02558139534883721
0 0.3586530931871574 0.6575581395348837 0.11746280344557557 0.12209302325581395
1 0.4447924823805795 0.5401162790697674 0.009397024275646046 0.015116279069767442
0 0.442443226311668 0.5662790697674419 0.020360219263899765 0.07441860465116279
1 0.4647611589663273 0.5581395348837209 0.008613938919342208 0.013953488372093023
0 0.45262333594361787 0.5732558139534883 0.036021926389976505 0.053488372093023255
1 0.4694596711041504 0.5122093023255814 0.007047768206734534 0.012790697674418604
0 0.4718089271730619 0.5401162790697674 0.014878621769772905 0.07325581395348837
1 0.4804228660924041 0.5133720930232558 0.007047768206734534 0.010465116279069767
0 0.4804228660924041 0.5377906976744186 0.018010963194988253 0.0686046511627907
1 0.4682850430696946 0.5767441860465117 0.04698512137823023 0.03953488372093023
0 0.4682850430696946 0.5767441860465117 0.04698512137823023 0.03953488372093023
1 0.4573218480814409 0.5622093023255814 0.01096319498825372 0.01744186046511628
0 0.4510571652310102 0.5761627906976744 0.036021926389976505 0.05
1 0.4694596711041504 0.5686046511627907 0.010180109631949883 0.01627906976744186
0 0.4557556773688332 0.583139534883721 0.042286609240407204 0.047674418604651166
1 0.5062646828504307 0.5581395348837209 0.008613938919342208 0.013953488372093023
0 0.5070477682067346 0.5720930232558139 0.021143304620203602 0.04883720930232558
1 0.4980422866092404 0.5616279069767441 0.006264682850430697 0.009302325581395349
0 0.4976507439310885 0.5738372093023256 0.02427564604541895 0.04302325581395349
1 0.4831636648394675 0.5918604651162791 0.01096319498825372 0.018604651162790697
0 0.480814408770556 0.6046511627906976 0.04698512137823023 0.04883720930232558
1 0.47376664056382145 0.6313953488372093 0.018794048551292093 0.030232558139534883
0 0.4729835552075176 0.6656976744186046 0.07204385277995301 0.10116279069767442
1 0.4577133907595928 0.7127906976744186 0.03523884103367267 0.06046511627906977
0 0.4412685982772122 0.7936046511627907 0.16836335160532498 0.22906976744186047
1 0.2494126859827721 0.5581395348837209 0.06812842599843383 0.12093023255813953
0 0.2826938136256852 0.7401162790697674 0.24432263116679717 0.5197674418604651
1 0.5211433046202036 0.5110465116279069 0.007047768206734534 0.012790697674418604
0 0.519577133907596 0.5366279069767442 0.01331245105716523 0.0686046511627907
1 0.5219263899765074 0.5645348837209302 0.010180109631949883 0.015116279069767442
0 0.5176194205168363 0.5819767441860465 0.02662490211433046 0.05465116279069768
1 0.5281910728269381 0.575 0.010180109631949883 0.012790697674418604
0 0.5254502740798747 0.5947674418604652 0.020360219263899765 0.05930232558139535
1 0.5841816758026624 0.6023255813953489 0.017227877838684416 0.027906976744186046
0 0.5540328895849648 0.6383720930232558 0.08692247454972592 0.10697674418604651
1 0.6088488645262333 0.6162790697674418 0.021143304620203602 0.030232558139534883
0 0.5563821456538762 0.6784883720930233 0.13390759592795615 0.15930232558139534
1 0.6178543461237275 0.6406976744186047 0.02662490211433046 0.03953488372093023
0 0.566953797963978 0.6872093023255814 0.15035238841033674 0.14186046511627906
1 0.6323414252153484 0.6575581395348837 0.03210649960845732 0.047674418604651166
0 0.5857478465152701 0.7040697674418605 0.14722004698512137 0.15232558139534882
1 0.668363351605325 0.7220930232558139 0.02427564604541895 0.04883720930232558
0 0.5798747063429914 0.7587209302325582 0.2231793265465936 0.1569767441860465
1 0.6867658574784652 0.6982558139534883 0.031323414252153486 0.05465116279069768
0 0.6358653093187158 0.7837209302325582 0.18480814408770557 0.23255813953488372
1 0.7658574784651527 0.7511627906976744 0.042286609240407204 0.07209302325581396
0 0.6577916992952232 0.833139534883721 0.28191072826938135 0.24767441860465117
1 0.7866092404072044 0.6186046511627907 0.01957713390759593 0.03488372093023256
0 0.7392325763508223 0.6802325581395349 0.12059514487079091 0.16046511627906976
1 0.7376664056382146 0.6093023255813953 0.018794048551292093 0.03255813953488372
0 0.7129992169146437 0.6494186046511627 0.0947533281127643 0.11976744186046512
1 0.7376664056382146 0.611046511627907 0.018794048551292093 0.029069767441860465
0 0.7032106499608457 0.6436046511627908 0.09240407204385279 0.0941860465116279
1 0.7043852779953015 0.5901162790697675 0.01644479248238058 0.022093023255813953
0 0.6746280344557557 0.622093023255814 0.07909162098668755 0.09534883720930233
1 0.6855912294440094 0.5744186046511628 0.014878621769772905 0.020930232558139535
0 0.6648394675019577 0.6116279069767442 0.06108065779169929 0.1
1 0.6217697729052467 0.502906976744186 0.006264682850430697 0.010465116279069767
0 0.619812059514487 0.5302325581395348 0.018010963194988253 0.06976744186046512
1 0.653876272513704 0.5005813953488372 0.006264682850430697 0.010465116279069767
0 0.653876272513704 0.5290697674418605 0.02192638997650744 0.07209302325581396
1 0.6687548942834769 0.5075581395348837 0.006264682850430697 0.010465116279069767
0 0.6687548942834769 0.5319767441860465 0.015661707126076743 0.06627906976744186
1 0.6867658574784652 0.513953488372093 0.007830853563038372 0.013953488372093023
0 0.6879404855129209 0.5424418604651163 0.02427564604541895 0.0755813953488372
1 0.7012529365700861 0.5005813953488372 0.008613938919342208 0.010465116279069767
0 0.7024275646045419 0.5325581395348837 0.020360219263899765 0.08139534883720931
1 0.6891151135473766 0.4982558139534884 0.006264682850430697 0.010465116279069767
0 0.6855912294440094 0.522093023255814 0.018010963194988253 0.06511627906976744
1 0.7196554424432263 0.5540697674418604 0.009397024275646046 0.015116279069767442
0 0.7192638997650744 0.575 0.01957713390759593 0.06162790697674419
1 0.7333594361785435 0.5686046511627907 0.010180109631949883 0.01627906976744186
0 0.7290524667188724 0.583139534883721 0.03288958496476116 0.05
1 0.7364917776037588 0.5563953488372093 0.007047768206734534 0.015116279069767442
0 0.7388410336726703 0.5744186046511628 0.022709475332811275 0.053488372093023255
1 0.7580266249021144 0.5575581395348838 0.01096319498825372 0.015116279069767442
0 0.7458888018794049 0.5767441860465117 0.04150352388410337 0.053488372093023255
1 0.7576350822239624 0.5529069767441861 0.008613938919342208 0.015116279069767442
0 0.7490211433046202 0.5651162790697675 0.03210649960845732 0.044186046511627906
1 0.7772122161315583 0.575 0.008613938919342208 0.015116279069767442
0 0.774079874706343 0.5906976744186047 0.028974158183241974 0.05813953488372093
1 0.7760375880971025 0.5552325581395349 0.009397024275646046 0.015116279069767442
0 0.7701644479248239 0.5738372093023256 0.030540328895849646 0.056976744186046514
1 0.745497259201253 0.5 0.004698512137823023 0.0069767441860465115
0 0.7458888018794049 0.5244186046511627 0.01331245105716523 0.06511627906976744
1 0.7513703993735317 0.5058139534883721 0.00548159749412686 0.009302325581395349
0 0.7513703993735317 0.5284883720930232 0.018010963194988253 0.06162790697674419
1 0.7576350822239624 0.5011627906976744 0.00548159749412686 0.009302325581395349
0 0.7580266249021144 0.5186046511627908 0.014095536413469069 0.04883720930232558
1 0.7650743931088488 0.5005813953488372 0.006264682850430697 0.010465116279069767
0 0.7650743931088488 0.522093023255814 0.015661707126076743 0.06046511627906977
1 0.7732967893500392 0.5040697674418605 0.007047768206734534 0.010465116279069767
0 0.7658574784651527 0.5279069767441861 0.025058731401722788 0.06511627906976744
1 0.7803445575567737 0.49767441860465117 0.007047768206734534 0.011627906976744186
0 0.7803445575567737 0.5255813953488372 0.01331245105716523 0.07209302325581396
1 0.7870007830853563 0.49767441860465117 0.007830853563038372 0.013953488372093023
0 0.7885669537979639 0.5331395348837209 0.017227877838684416 0.0872093023255814
1 0.7924823805794832 0.4930232558139535 0.006264682850430697 0.009302325581395349
0 0.793657008613939 0.5226744186046511 0.018010963194988253 0.07093023255813953
1 0.8046202036021927 0.5075581395348837 0.003915426781519186 0.005813953488372093
0 0.8046202036021927 0.5244186046511627 0.010180109631949883 0.046511627906976744
1 0.8320281910728269 0.4703488372093023 0.021143304620203602 0.03604651162790698
0 0.8394675019577134 0.5732558139534883 0.06108065779169929 0.24883720930232558
1 0.8958496476115897 0.7877906976744186 0.02662490211433046 0.056976744186046514
0 0.8774471417384495 0.8732558139534884 0.1417384494909945 0.2534883720930233
1 0.9177760375880971 0.33662790697674416 0.11276429130775255 0.17093023255813952
0 0.913469068128426 0.6232558139534884 0.173061863743148 0.7534883720930232