1 0.5233333333333333 0.3665178571428571 0.07333333333333333 0.10446428571428572
0 0.689 0.653125 0.5206666666666667 0.6919642857142857
1 0.7436666666666667 0.3665178571428571 0.06866666666666667 0.07232142857142858
0 0.8213333333333334 0.44241071428571427 0.35733333333333334 0.23482142857142857
1 0.745 0.2700892857142857 0.04733333333333333 0.07053571428571428
0 0.7376666666666667 0.365625 0.16866666666666666 0.27589285714285716
1 0.372 0.27633928571428573 0.06133333333333333 0.09553571428571428
0 0.33766666666666667 0.4513392857142857 0.17133333333333334 0.45803571428571427
1 0.511 0.28660714285714284 0.03666666666666667 0.06964285714285715
0 0.492 0.36473214285714284 0.17866666666666667 0.23839285714285716
1 0.4796666666666667 0.09598214285714286 0.034 0.049107142857142856
0 0.47333333333333333 0.2544642857142857 0.08933333333333333 0.3821428571428571
1 0.572 0.13125 0.030666666666666665 0.05357142857142857
0 0.568 0.25089285714285714 0.07866666666666666 0.3107142857142857