1 0.03225806451612903 0.16074600355239788 0.02224694104560623 0.037300177619893425
0 0.03837597330367074 0.27708703374777977 0.06340378197997776 0.2841918294849023
1 0.09065628476084539 0.16518650088809947 0.027808676307007785 0.0497335701598579
0 0.09343715239154617 0.2877442273534636 0.07119021134593993 0.3019538188277087
1 0.15350389321468297 0.19005328596802842 0.02224694104560623 0.04262877442273535
0 0.1496106785317019 0.2912966252220249 0.05672969966629588 0.25932504440497334
1 0.04671857619577308 0.3197158081705151 0.042269187986651836 0.10301953818827708
0 0.05339265850945495 0.5355239786856127 0.1067853170189099 0.8117229129662522
1 0.07842046718576196 0.32149200710479575 0.06117908787541713 0.11012433392539965
0 0.08342602892102335 0.566607460035524 0.1668520578420467 0.866785079928952
1 0.1507230255839822 0.3285968028419183 0.047830923248053395 0.09591474245115453
0 0.1546162402669633 0.5639431616341031 0.10456062291434928 0.7584369449378331
1 0.1985539488320356 0.29928952042628776 0.054505005561735265 0.09769094138543517
0 0.21023359288097887 0.5603907637655418 0.12458286985539488 0.8579040852575488
1 0.2725250278086763 0.2975133214920071 0.048943270300333706 0.09769094138543517
0 0.27419354838709675 0.522202486678508 0.10344827586206896 0.8170515097690941
1 0.3259176863181313 0.29573712255772644 0.05561735261401557 0.11900532859680284
0 0.3231368186874305 0.5346358792184724 0.12791991101223582 0.8596802841918295
1 0.38487208008898777 0.29307282415630553 0.048943270300333706 0.11012433392539965
0 0.3843159065628476 0.5373001776198935 0.10344827586206896 0.783303730017762
1 0.4482758620689655 0.29573712255772644 0.05339265850945495 0.11190053285968028
0 0.44493882091212456 0.5488454706927176 0.14905450500556172 0.8419182948490231
1 0.5044493882091212 0.2619893428063943 0.05228031145717464 0.10479573712255773
0 0.5088987764182424 0.522202486678508 0.1167964404894327 0.8063943161634103
1 0.5567296996662959 0.3063943161634103 0.054505005561735265 0.108348134991119
0 0.5611790878754171 0.5523978685612788 0.1657397107897664 0.8419182948490231
1 0.6212458286985539 0.2744227353463588 0.05005561735261402 0.108348134991119
0 0.6195773081201335 0.5373001776198935 0.14015572858731926 0.8010657193605684
1 0.67853170189099 0.3188277087033748 0.05116796440489433 0.108348134991119
0 0.6807563959955506 0.5426287744227354 0.14905450500556172 0.8472468916518651
1 0.7330367074527252 0.2886323268206039 0.04671857619577308 0.10479573712255773
0 0.731924360400445 0.5195381882770871 0.11790878754171301 0.8294849023090586
1 0.7903225806451613 0.30817051509769094 0.054505005561735265 0.11900532859680284
0 0.7947719688542826 0.5399644760213144 0.14126807563959956 0.8596802841918295
1 0.8542825361512792 0.31349911190053287 0.05116796440489433 0.10124333925399645
0 0.8576195773081201 0.5115452930728241 0.11123470522803114 0.8312611012433393
1 0.9160177975528365 0.3037300177619893 0.054505005561735265 0.11367673179396093
0 0.9182424916573971 0.5568383658969804 0.15016685205784205 0.8259325044404974