1 0.8903002309468823 0.710431654676259 0.03464203233256351 0.025179856115107913
0 0.9330254041570438 0.806115107913669 0.13394919168591224 0.21942446043165467
1 0.7754041570438799 0.7406474820143885 0.026558891454965358 0.023741007194244605
0 0.8181293302540416 0.8237410071942446 0.1397228637413395 0.21151079136690648
1 0.7551963048498845 0.7773381294964029 0.06004618937644342 0.046762589928057555
0 0.7707852193995381 0.8755395683453238 0.2644341801385681 0.2489208633093525
1 0.5669745958429562 0.7751798561151079 0.057736720554272515 0.045323741007194246
0 0.5785219399538106 0.8723021582733813 0.15704387990762125 0.25539568345323743
1 0.4682448036951501 0.7399280575539569 0.03579676674364896 0.03093525179856115
0 0.47632794457274824 0.860431654676259 0.1628175519630485 0.27913669064748203
1 0.26096997690531176 0.7697841726618705 0.03233256351039261 0.02302158273381295
0 0.27829099307159355 0.8406474820143884 0.10161662817551963 0.18345323741007194
1 0.3579676674364896 0.7669064748201438 0.03002309468822171 0.02877697841726619
0 0.35161662817551964 0.8471223021582733 0.10277136258660508 0.19928057553956835
1 0.43013856812933027 0.7482014388489209 0.04041570438799076 0.031654676258992806
0 0.43475750577367206 0.8370503597122302 0.07274826789838337 0.21654676258992805
1 0.3972286374133949 0.7589928057553957 0.020785219399538105 0.02158273381294964
0 0.3943418013856813 0.8237410071942446 0.05658198614318707 0.15683453237410072
1 0.5213625866050808 0.7370503597122302 0.021939953810623556 0.019424460431654675
0 0.5300230946882217 0.7877697841726619 0.06697459584295612 0.12661870503597122
1 0.6304849884526559 0.7392086330935251 0.03464203233256351 0.02805755395683453
0 0.6472286374133949 0.8284172661870504 0.10046189376443418 0.21223021582733814
1 0.5854503464203233 0.7287769784172662 0.009237875288683603 0.007194244604316547
0 0.5935334872979214 0.75 0.03002309468822171 0.05107913669064748
1 0.7147806004618937 0.718705035971223 0.013856812933025405 0.010071942446043165
0 0.7165127020785219 0.7438848920863309 0.028868360277136258 0.06330935251798561
1 0.7367205542725174 0.7172661870503597 0.009237875288683603 0.007194244604316547
0 0.7349884526558892 0.7431654676258993 0.028868360277136258 0.060431654676258995
1 0.7615473441108545 0.7147482014388489 0.010392609699769052 0.006474820143884892
0 0.7638568129330254 0.7410071942446043 0.03117782909930716 0.0618705035971223
1 0.7754041570438799 0.7122302158273381 0.012702078521939953 0.008633093525179856
0 0.789838337182448 0.7345323741007195 0.046189376443418015 0.05467625899280575
1 0.5560046189376443 0.7323741007194244 0.012702078521939953 0.008633093525179856
0 0.5531177829099307 0.7521582733812949 0.023094688221709007 0.05251798561151079
1 0.2107390300230947 0.7575539568345324 0.012702078521939953 0.008633093525179856
0 0.20785219399538107 0.7805755395683454 0.03233256351039261 0.05611510791366906
1 0.21882217090069284 0.7553956834532374 0.012702078521939953 0.008633093525179856
0 0.21824480369515012 0.7773381294964029 0.03002309468822171 0.0539568345323741
1 0.2546189376443418 0.75431654676259 0.010392609699769052 0.006474820143884892
0 0.2540415704387991 0.7726618705035971 0.03002309468822171 0.04748201438848921
1 0.03926096997690531 0.7586330935251798 0.006928406466512702 0.005035971223021582
0 0.037528868360277134 0.7730215827338129 0.021939953810623556 0.038129496402877695
1 0.021939953810623556 0.7744604316546763 0.02771362586605081 0.03669064748201439
0 0.021939953810623556 0.7744604316546763 0.02771362586605081 0.03669064748201439