1 0.09700315457413249 0.14751184834123224 0.09621451104100946 0.08175355450236967
0 0.1529968454258675 0.36433649289099523 0.305993690851735 0.5343601895734598
1 0.2870662460567823 0.26481042654028436 0.0946372239747634 0.08412322274881516
0 0.19006309148264985 0.4472748815165877 0.32018927444794953 0.4537914691943128
1 0.44085173501577285 0.28672985781990523 0.11829652996845426 0.0947867298578199
0 0.4148264984227129 0.4976303317535545 0.42902208201892744 0.5355450236966824
1 0.4960567823343849 0.38981042654028436 0.10883280757097792 0.1018957345971564
0 0.47791798107255523 0.6095971563981043 0.24290220820189273 0.5699052132701422
1 0.7074132492113565 0.47334123222748814 0.14037854889589904 0.12440758293838862
0 0.5922712933753943 0.6729857819905213 0.4589905362776025 0.5308056872037915
1 0.8548895899053628 0.5977488151658767 0.277602523659306 0.19786729857819904
0 0.5954258675078864 0.745260663507109 0.8091482649842271 0.509478672985782
1 0.37933753943217663 0.6469194312796208 0.1750788643533123 0.15876777251184834
0 0.3746056782334385 0.7796208530805687 0.749211356466877 0.44075829383886256
1 0.138801261829653 0.6332938388625592 0.1829652996845426 0.14099526066350712
0 0.3777602523659306 0.7796208530805687 0.7555205047318612 0.44075829383886256
1 0.3083596214511041 0.47334123222748814 0.11198738170347003 0.11018957345971564
0 0.32413249211356465 0.5598341232227488 0.6482649842271293 0.42298578199052134
1 0.3832807570977918 0.5112559241706162 0.12618296529968454 0.10781990521327015
0 0.27681388012618297 0.6640995260663507 0.5536277602523659 0.42298578199052134