1 0.88359375 0.5010416666666667 0.1046875 0.16458333333333333
0 0.89765625 0.703125 0.2046875 0.59375
1 0.834375 0.5572916666666666 0.075 0.11041666666666666
0 0.86796875 0.7458333333333333 0.2265625 0.5083333333333333
1 0.71171875 0.5666666666666667 0.0734375 0.125
0 0.721875 0.7479166666666667 0.175 0.5041666666666667
1 0.59765625 0.5291666666666667 0.0890625 0.15833333333333333
0 0.6140625 0.721875 0.209375 0.55625
1 0.75703125 0.45729166666666665 0.0453125 0.09375
0 0.7640625 0.6791666666666667 0.134375 0.5416666666666666
1 0.51171875 0.5166666666666667 0.0609375 0.10833333333333334
0 0.52265625 0.7166666666666667 0.1640625 0.5666666666666667
1 0.3984375 0.50625 0.065625 0.11666666666666667
0 0.40390625 0.7208333333333333 0.1546875 0.5583333333333333
1 0.36875 0.4197916666666667 0.0625 0.11041666666666666
0 0.37421875 0.675 0.1609375 0.65
1 0.2546875 0.5322916666666667 0.084375 0.14791666666666667
0 0.28046875 0.7270833333333333 0.2109375 0.5458333333333333
1 0.2625 0.5104166666666666 0.06875 0.12916666666666668
0 0.26875 0.71875 0.221875 0.5625
1 0.09140625 0.5114583333333333 0.0953125 0.16041666666666668
0 0.1203125 0.7104166666666667 0.240625 0.5791666666666667