1 0.9876923076923076 0.46129707112970714 0.024615384615384615 0.04184100418410042
0 0.9730769230769231 0.5774058577405857 0.05384615384615385 0.27824267782426776
1 0.9665384615384616 0.4503138075313807 0.02846153846153846 0.04288702928870293
0 0.9553846153846154 0.5669456066945606 0.08615384615384615 0.2803347280334728
1 0.7788461538461539 0.4503138075313807 0.02076923076923077 0.02615062761506276
0 0.7819230769230769 0.5465481171548117 0.06384615384615384 0.22280334728033474
1 0.7873076923076923 0.4408995815899582 0.019230769230769232 0.038702928870292884
0 0.7861538461538462 0.524581589958159 0.038461538461538464 0.2102510460251046
1 0.7680769230769231 0.4513598326359833 0.02076923076923077 0.030334728033472803
0 0.7669230769230769 0.5392259414225942 0.047692307692307694 0.21652719665271966
1 0.7361538461538462 0.44926778242677823 0.021538461538461538 0.034518828451882845
0 0.7323076923076923 0.5402719665271967 0.04461538461538461 0.2186192468619247
1 0.6973076923076923 0.4304393305439331 0.023846153846153847 0.036610878661087864
0 0.6942307692307692 0.5172594142259415 0.04384615384615385 0.2186192468619247
1 0.6688461538461539 0.428347280334728 0.03307692307692308 0.05753138075313807
0 0.6392307692307693 0.5821129707112971 0.10615384615384615 0.36715481171548114
1 0.37576923076923074 0.46234309623430964 0.03923076923076923 0.06903765690376569
0 0.4042307692307692 0.5920502092050209 0.11615384615384615 0.35564853556485354
1 0.4734615384615385 0.4084728033472803 0.02076923076923077 0.034518828451882845
0 0.47692307692307695 0.5177824267782427 0.07076923076923076 0.25732217573221755
1 0.5134615384615384 0.40794979079497906 0.019230769230769232 0.03138075313807531
0 0.515 0.5094142259414226 0.05153846153846154 0.24476987447698745
1 0.5523076923076923 0.43357740585774057 0.023076923076923078 0.038702928870292884
0 0.5523076923076923 0.5418410041841004 0.0876923076923077 0.26359832635983266
1 0.5807692307692308 0.45292887029288703 0.021538461538461538 0.03138075313807531
0 0.5834615384615385 0.5507322175732218 0.054615384615384614 0.23117154811715482
1 0.5988461538461538 0.41631799163179917 0.016153846153846154 0.02510460251046025
0 0.6007692307692307 0.50418410041841 0.046153846153846156 0.20711297071129708
1 0.6076923076923076 0.40324267782426776 0.007692307692307693 0.011506276150627616
0 0.6053846153846154 0.4351464435146444 0.016923076923076923 0.08368200836820083
1 0.6165384615384616 0.40219665271966526 0.01 0.015690376569037656
0 0.6142307692307692 0.4304393305439331 0.01769230769230769 0.07635983263598327
1 0.6057692307692307 0.4042887029288703 0.01 0.015690376569037656
0 0.5992307692307692 0.4309623430962343 0.018461538461538463 0.08368200836820083
1 0.578076923076923 0.49215481171548114 0.05153846153846154 0.22489539748953974
0 0.578076923076923 0.49215481171548114 0.05153846153846154 0.22489539748953974
1 0.20423076923076924 0.4571129707112971 0.02076923076923077 0.03556485355648536
0 0.22153846153846155 0.5528242677824268 0.08307692307692308 0.2395397489539749
1 0.19576923076923078 0.4205020920502092 0.014615384615384615 0.02301255230125523
0 0.19653846153846155 0.48221757322175735 0.031538461538461536 0.15271966527196654
1 0.24961538461538463 0.4330543933054393 0.02076923076923077 0.027196652719665274
0 0.24153846153846154 0.5062761506276151 0.05076923076923077 0.18200836820083682
1 0.23807692307692307 0.4147489539748954 0.016153846153846154 0.02405857740585774
0 0.24 0.4858786610878661 0.036923076923076927 0.1684100418410042
1 0.28923076923076924 0.39330543933054396 0.023076923076923078 0.03556485355648536
0 0.28923076923076924 0.5 0.06153846153846154 0.2594142259414226
1 0.3088461538461538 0.3891213389121339 0.022307692307692306 0.03138075313807531
0 0.3126923076923077 0.49006276150627615 0.05615384615384615 0.2395397489539749
1 0.3596153846153846 0.40115062761506276 0.025384615384615384 0.034518828451882845
0 0.35192307692307695 0.49843096234309625 0.05 0.23117154811715482
1 0.375 0.40219665271966526 0.01769230769230769 0.02615062761506276
0 0.37384615384615383 0.4989539748953975 0.043076923076923075 0.2280334728033473
1 0.3426923076923077 0.39644351464435146 0.008461538461538461 0.010460251046025104
0 0.3403846153846154 0.4225941422594142 0.023846153846153847 0.06694560669456066