1 0.17045454545454544 0.4184168012924071 0.026363636363636363 0.06462035541195477
0 0.15363636363636363 0.6219709208400647 0.09818181818181818 0.48465266558966075
1 0.2 0.4063004846526656 0.038181818181818185 0.06946688206785137
0 0.1890909090909091 0.6340872374798061 0.10363636363636364 0.5411954765751211
1 0.26 0.43295638126009695 0.03272727272727273 0.07108239095315025
0 0.23681818181818182 0.6203554119547657 0.07909090909090909 0.4588045234248788
1 0.29409090909090907 0.4281098546042003 0.028181818181818183 0.05492730210016155
0 0.3013636363636364 0.6058158319870759 0.07181818181818182 0.42326332794830374
1 0.37363636363636366 0.3715670436187399 0.04181818181818182 0.08077544426494346
0 0.36272727272727273 0.6138933764135702 0.11818181818181818 0.5718901453957996
1 0.3886363636363636 0.43537964458804523 0.026363636363636363 0.05977382875605816
0 0.3977272727272727 0.6292407108239095 0.09363636363636364 0.45395799676898224
1 0.4690909090909091 0.3925686591276252 0.03272727272727273 0.07754442649434572
0 0.48318181818181816 0.6138933764135702 0.10454545454545454 0.529886914378029
1 0.5931818181818181 0.3990306946688207 0.04090909090909091 0.08077544426494346
0 0.6013636363636363 0.6316639741518578 0.09545454545454546 0.5589660743134087
1 0.6522727272727272 0.4159935379644588 0.04090909090909091 0.08562197092084006
0 0.6536363636363637 0.6615508885298869 0.10727272727272727 0.5864297253634895
1 0.7386363636363636 0.5306946688206785 0.035454545454545454 0.06946688206785137
0 0.74 0.7051696284329564 0.07818181818181819 0.4345718901453958