1 0.17291666666666666 0.4 0.08541666666666667 0.1527777777777778
0 0.14270833333333333 0.6597222222222222 0.2375 0.6805555555555556
1 0.2578125 0.4201388888888889 0.071875 0.12083333333333333
0 0.25 0.6729166666666667 0.1625 0.6541666666666667
1 0.3848958333333333 0.35555555555555557 0.065625 0.12777777777777777
0 0.3692708333333333 0.6416666666666667 0.17395833333333333 0.7166666666666667
1 0.5078125 0.6326388888888889 0.215625 0.7347222222222223
0 0.5078125 0.6326388888888889 0.215625 0.7347222222222223
1 0.596875 0.375 0.075 0.13055555555555556
0 0.5729166666666666 0.6298611111111111 0.2125 0.7402777777777778
1 0.7223958333333333 0.33611111111111114 0.07604166666666666 0.1361111111111111
0 0.7067708333333333 0.6270833333333333 0.17395833333333333 0.7458333333333333
1 0.8317708333333333 0.325 0.096875 0.15
0 0.8494791666666667 0.6145833333333334 0.190625 0.7708333333333334