1 0.46275071633237824 0.5327868852459017 0.008595988538681949 0.012750455373406194
0 0.46131805157593125 0.5619307832422586 0.022922636103151862 0.07468123861566485
1 0.4713467048710602 0.5418943533697632 0.0057306590257879654 0.009107468123861567
0 0.4706303724928367 0.5710382513661202 0.01862464183381089 0.07468123861566485
1 0.501432664756447 0.5145719489981785 0.0057306590257879654 0.009107468123861567
0 0.5 0.5346083788706739 0.017191977077363897 0.060109289617486336
1 0.505730659025788 0.5154826958105647 0.008595988538681949 0.01092896174863388
0 0.505730659025788 0.5382513661202186 0.017191977077363897 0.060109289617486336
1 0.5522922636103151 0.5382513661202186 0.01002865329512894 0.012750455373406194
0 0.5515759312320917 0.5573770491803278 0.02005730659025788 0.0546448087431694
1 0.5358166189111748 0.546448087431694 0.008595988538681949 0.01092896174863388
0 0.5401146131805158 0.5683060109289617 0.03151862464183381 0.058287795992714025
1 0.5386819484240688 0.5701275045537341 0.025787965616045846 0.0546448087431694
0 0.5386819484240688 0.5701275045537341 0.025787965616045846 0.0546448087431694
1 0.5393982808022922 0.5646630236794171 0.0071633237822349575 0.01092896174863388
0 0.5379656160458453 0.5901639344262295 0.01862464183381089 0.06557377049180328
1 0.5415472779369628 0.5683060109289617 0.0057306590257879654 0.007285974499089253
0 0.5393982808022922 0.5938069216757741 0.01862464183381089 0.06557377049180328
1 0.5716332378223495 0.5437158469945356 0.008595988538681949 0.012750455373406194
0 0.5730659025787965 0.5610200364298725 0.02005730659025788 0.051001821493624776
1 0.5723495702005731 0.5601092896174863 0.01002865329512894 0.012750455373406194
0 0.5716332378223495 0.5828779599271403 0.022922636103151862 0.061930783242258654
1 0.579512893982808 0.5746812386156649 0.0071633237822349575 0.009107468123861567
0 0.579512893982808 0.5965391621129326 0.02148997134670487 0.07832422586520947
1 0.5888252148997135 0.5564663023679417 0.008595988538681949 0.012750455373406194
0 0.5888252148997135 0.587431693989071 0.02005730659025788 0.07832422586520947
1 0.5666189111747851 0.604735883424408 0.012893982808022923 0.018214936247723135
0 0.5659025787965616 0.6402550091074681 0.025787965616045846 0.09289617486338798
1 0.5601719197707736 0.6211293260473588 0.014326647564469915 0.014571948998178506
0 0.5587392550143266 0.6584699453551912 0.03151862464183381 0.0965391621129326
1 0.6590257879656161 0.6074681238615665 0.011461318051575931 0.01639344262295082
0 0.6575931232091691 0.6411657559198543 0.017191977077363897 0.08743169398907104
1 0.6697707736389685 0.6065573770491803 0.01002865329512894 0.014571948998178506
0 0.671919770773639 0.639344262295082 0.025787965616045846 0.08378870673952642
1 0.7012893982808023 0.6102003642987249 0.01002865329512894 0.014571948998178506
0 0.6998567335243553 0.639344262295082 0.024355300859598854 0.08014571948998178
1 0.673352435530086 0.6903460837887068 0.014326647564469915 0.018214936247723135
0 0.673352435530086 0.7131147540983607 0.04297994269340974 0.07103825136612021
1 0.6934097421203438 0.6812386156648452 0.011461318051575931 0.014571948998178506
0 0.6977077363896849 0.7067395264116576 0.02865329512893983 0.07285974499089254
1 0.7628939828080229 0.6229508196721312 0.012893982808022923 0.014571948998178506
0 0.7585959885386819 0.663023679417122 0.024355300859598854 0.10200364298724955
1 0.7686246418338109 0.6347905282331512 0.01002865329512894 0.01639344262295082
0 0.7686246418338109 0.6830601092896175 0.03008595988538682 0.12021857923497267
1 0.7679083094555874 0.6639344262295082 0.014326647564469915 0.01639344262295082
0 0.7700573065902578 0.7222222222222222 0.044412607449856735 0.14025500910746813
1 0.7879656160458453 0.6220400728597449 0.014326647564469915 0.020036429872495445
0 0.7893982808022922 0.6621129326047359 0.02865329512893983 0.10382513661202186
1 0.7972779369627507 0.6329690346083788 0.012893982808022923 0.01639344262295082
0 0.8001432664756447 0.6821493624772313 0.027220630372492838 0.122040072859745
1 0.7922636103151862 0.6675774134790529 0.014326647564469915 0.020036429872495445
0 0.7972779369627507 0.7213114754098361 0.03008595988538682 0.13114754098360656
1 0.826647564469914 0.6438979963570127 0.011461318051575931 0.01639344262295082
0 0.8230659025787965 0.6885245901639344 0.03581661891117478 0.11293260473588343
1 0.8574498567335244 0.6165755919854281 0.0071633237822349575 0.009107468123861567
0 0.8517191977077364 0.6411657559198543 0.024355300859598854 0.061930783242258654
1 0.8889684813753582 0.6329690346083788 0.012893982808022923 0.01639344262295082
0 0.8789398280802292 0.6867030965391621 0.050143266475644696 0.12750455373406194
1 0.3846704871060172 0.5619307832422586 0.0071633237822349575 0.009107468123861567
0 0.38108882521489973 0.5892531876138434 0.02005730659025788 0.07103825136612021
1 0.3997134670487106 0.558287795992714 0.008595988538681949 0.012750455373406194
0 0.40186246418338106 0.5856102003642987 0.02148997134670487 0.07103825136612021