1 0.6609090909090909 0.6040816326530613 0.02727272727272727 0.04353741496598639
0 0.7002272727272727 0.7074829931972789 0.16772727272727272 0.3741496598639456
1 0.5409090909090909 0.5853741496598639 0.02727272727272727 0.05238095238095238
0 0.5429545454545455 0.7129251700680272 0.10590909090909091 0.454421768707483
1 0.4470454545454545 0.5727891156462585 0.025 0.04897959183673469
0 0.44386363636363635 0.6642857142857143 0.10772727272727273 0.28095238095238095
1 0.49454545454545457 0.7248299319727891 0.017272727272727273 0.030612244897959183
0 0.48363636363636364 0.7799319727891156 0.05454545454545454 0.154421768707483
1 0.31772727272727275 0.6020408163265306 0.026363636363636363 0.050340136054421766
0 0.31636363636363635 0.7234693877551021 0.11 0.40068027210884355
1 0.3859090909090909 0.6346938775510204 0.01090909090909091 0.021768707482993196
0 0.38295454545454544 0.689795918367347 0.03227272727272727 0.1360544217687075
1 0.20931818181818182 0.6193877551020408 0.020454545454545454 0.03741496598639456
0 0.2040909090909091 0.7244897959183674 0.0890909090909091 0.2571428571428571
1 0.12068181818181818 0.6289115646258503 0.013181818181818182 0.025170068027210883
0 0.11363636363636363 0.6969387755102041 0.03090909090909091 0.16394557823129252
1 0.16568181818181818 0.6421768707482993 0.015 0.02312925170068027
0 0.17068181818181818 0.7275510204081632 0.04681818181818182 0.19659863945578232
1 0.4681818181818182 0.6717687074829932 0.015454545454545455 0.026530612244897958
0 0.4738636363636364 0.7255102040816327 0.056818181818181816 0.17755102040816326
1 0.5054545454545455 0.6513605442176871 0.007272727272727273 0.01292517006802721
0 0.5065909090909091 0.6826530612244898 0.014090909090909091 0.08095238095238096
1 0.5161363636363636 0.6384353741496599 0.009545454545454546 0.017006802721088437
0 0.52 0.6857142857142857 0.02181818181818182 0.11700680272108843
1 0.6022727272727273 0.6268707482993198 0.00909090909090909 0.018367346938775512
0 0.5997727272727272 0.6683673469387755 0.03954545454545454 0.11496598639455782
1 0.6220454545454546 0.6527210884353741 0.005909090909090909 0.01020408163265306
0 0.6243181818181818 0.6772108843537415 0.015909090909090907 0.06054421768707483
1 0.5820454545454545 0.6353741496598639 0.006818181818181818 0.010884353741496598
0 0.5822727272727273 0.6656462585034013 0.02090909090909091 0.0782312925170068
1 0.835 0.6292517006802721 0.008181818181818182 0.014965986394557823
0 0.8368181818181818 0.6666666666666666 0.02090909090909091 0.09115646258503401
1 0.815 0.6221088435374149 0.008181818181818182 0.01292517006802721
0 0.8177272727272727 0.6605442176870748 0.02181818181818182 0.09931972789115646
1 0.7970454545454545 0.6306122448979592 0.008636363636363636 0.0163265306122449
0 0.7970454545454545 0.6649659863945578 0.021363636363636362 0.09183673469387756
1 0.7781818181818182 0.6312925170068027 0.01 0.0163265306122449
0 0.7781818181818182 0.6666666666666666 0.026363636363636363 0.08843537414965986
1 0.8636363636363636 0.6265306122448979 0.005454545454545455 0.00816326530612245
0 0.8613636363636363 0.6530612244897959 0.023636363636363636 0.06802721088435375
1 0.9240909090909091 0.6346938775510204 0.008181818181818182 0.012244897959183673
0 0.9275 0.6636054421768708 0.023181818181818182 0.07551020408163266
1 0.9881818181818182 0.6598639455782312 0.023636363636363636 0.10340136054421768
0 0.9881818181818182 0.6598639455782312 0.023636363636363636 0.10340136054421768
1 0.9702272727272727 0.6156462585034014 0.007727272727272728 0.012244897959183673
0 0.9727272727272728 0.6527210884353741 0.026363636363636363 0.09319727891156462
1 0.8770454545454546 0.6295918367346939 0.006818181818181818 0.011564625850340135
0 0.8811363636363636 0.6530612244897959 0.019545454545454546 0.06394557823129252
1 0.8486363636363636 0.6289115646258503 0.006363636363636364 0.008843537414965987
0 0.8479545454545454 0.6554421768707483 0.01681818181818182 0.06462585034013606
1 0.6954545454545454 0.6340136054421769 0.005454545454545455 0.00816326530612245
0 0.6945454545454546 0.6557823129251701 0.017272727272727273 0.07482993197278912
1 0.37522727272727274 0.6319727891156462 0.005909090909090909 0.010884353741496598
0 0.3756818181818182 0.6615646258503401 0.019545454545454546 0.07142857142857142
1 0.2506818181818182 0.6340136054421769 0.006818181818181818 0.010884353741496598
0 0.24863636363636363 0.6639455782312925 0.02090909090909091 0.0761904761904762
1 0.26704545454545453 0.6319727891156462 0.007727272727272728 0.012244897959183673
0 0.26795454545454545 0.6629251700680272 0.021363636363636362 0.0782312925170068
1 0.18477272727272728 0.6299319727891156 0.015909090909090907 0.02857142857142857
0 0.18181818181818182 0.714625850340136 0.04454545454545455 0.20748299319727892
1 0.05522727272727273 0.6295918367346939 0.008636363636363636 0.015646258503401362
0 0.0575 0.6663265306122449 0.03227272727272727 0.09591836734693877
1 0.08727272727272728 0.6183673469387755 0.01 0.014965986394557823
0 0.0915909090909091 0.6639455782312925 0.03318181818181818 0.11428571428571428
1 0.07931818181818182 0.6568027210884354 0.010454545454545454 0.015646258503401362
0 0.07909090909090909 0.7054421768707483 0.028181818181818183 0.10068027210884353
1 0.5906818181818182 0.6374149659863946 0.006818181818181818 0.010884353741496598
0 0.5925 0.6741496598639456 0.025 0.09115646258503401