1 0.24295774647887325 0.9708333333333333 0.01643192488262911 0.0375
0 0.24237089201877934 0.9729166666666667 0.04342723004694836 0.05416666666666667
1 0.32629107981220656 0.9677083333333333 0.03990610328638498 0.06458333333333334
0 0.32629107981220656 0.9677083333333333 0.03990610328638498 0.06458333333333334
1 0.5892018779342723 0.9291666666666667 0.018779342723004695 0.03333333333333333
0 0.5845070422535211 0.9510416666666667 0.04225352112676056 0.09791666666666667
1 0.07394366197183098 0.93125 0.01643192488262911 0.041666666666666664
0 0.08039906103286384 0.9541666666666667 0.04107981220657277 0.09166666666666666
1 0.09976525821596244 0.828125 0.01643192488262911 0.035416666666666666
0 0.10269953051643192 0.8958333333333334 0.05516431924882629 0.17916666666666667
1 0.1960093896713615 0.85 0.014084507042253521 0.029166666666666667
0 0.19718309859154928 0.9166666666666666 0.035211267605633804 0.16666666666666666
1 0.2300469483568075 0.90625 0.01643192488262911 0.03333333333333333
0 0.2300469483568075 0.9427083333333334 0.04460093896713615 0.11458333333333333
1 0.31572769953051644 0.8770833333333333 0.01643192488262911 0.025
0 0.3174882629107981 0.928125 0.04107981220657277 0.14375
1 0.36795774647887325 0.8770833333333333 0.01995305164319249 0.0375
0 0.3615023474178404 0.9270833333333334 0.04225352112676056 0.14583333333333334
1 0.3996478873239437 0.9125 0.015258215962441314 0.03333333333333333
0 0.397887323943662 0.9447916666666667 0.046948356807511735 0.11041666666666666
1 0.4284037558685446 0.846875 0.01643192488262911 0.03125
0 0.41960093896713613 0.9114583333333334 0.04342723004694836 0.17708333333333334
1 0.4565727699530516 0.865625 0.02112676056338028 0.03958333333333333
0 0.45011737089201875 0.9229166666666667 0.04107981220657277 0.15416666666666667
1 0.49295774647887325 0.8416666666666667 0.014084507042253521 0.029166666666666667
0 0.49471830985915494 0.9104166666666667 0.04107981220657277 0.17916666666666667
1 0.4636150234741784 0.828125 0.01643192488262911 0.03125
0 0.4612676056338028 0.896875 0.04460093896713615 0.17708333333333334
1 0.3626760563380282 0.84375 0.01643192488262911 0.025
0 0.36502347417840375 0.90625 0.03755868544600939 0.1625
1 0.3902582159624413 0.821875 0.015258215962441314 0.03125
0 0.3926056338028169 0.8885416666666667 0.036384976525821594 0.18541666666666667
1 0.4272300469483568 0.7760416666666666 0.01643192488262911 0.03125
0 0.4284037558685446 0.8489583333333334 0.03755868544600939 0.18541666666666667
1 0.4753521126760563 0.765625 0.011737089201877934 0.027083333333333334
0 0.465962441314554 0.8291666666666667 0.03286384976525822 0.175
1 0.5252347417840375 0.75 0.012910798122065728 0.025
0 0.5205399061032864 0.815625 0.03169014084507042 0.16875
1 0.38086854460093894 0.74375 0.012910798122065728 0.025
0 0.38438967136150237 0.8 0.036384976525821594 0.1625
1 0.3198356807511737 0.803125 0.015258215962441314 0.03125
0 0.3221830985915493 0.871875 0.03873239436619718 0.17708333333333334
1 0.27816901408450706 0.7916666666666666 0.014084507042253521 0.025
0 0.2852112676056338 0.8552083333333333 0.04225352112676056 0.16458333333333333
1 0.24589201877934272 0.7875 0.012910798122065728 0.025
0 0.2529342723004695 0.8583333333333333 0.04812206572769953 0.17916666666666667
1 0.20481220657276994 0.7833333333333333 0.015258215962441314 0.029166666666666667
0 0.20892018779342722 0.8625 0.046948356807511735 0.19583333333333333
1 0.16725352112676056 0.8 0.015258215962441314 0.029166666666666667
0 0.16607981220657278 0.8635416666666667 0.04107981220657277 0.18125
1 0.16314553990610328 0.7479166666666667 0.014084507042253521 0.029166666666666667
0 0.16607981220657278 0.8114583333333333 0.03873239436619718 0.16458333333333333
1 0.13380281690140844 0.7083333333333334 0.01643192488262911 0.0375
0 0.1396713615023474 0.7833333333333333 0.0539906103286385 0.2
1 0.09154929577464789 0.675 0.011737089201877934 0.025
0 0.09448356807511737 0.7364583333333333 0.04812206572769953 0.16458333333333333
1 0.17018779342723006 0.646875 0.011737089201877934 0.022916666666666665
0 0.16842723004694835 0.70625 0.045774647887323945 0.15
1 0.22476525821596244 0.640625 0.01056338028169014 0.027083333333333334
0 0.22241784037558684 0.6989583333333333 0.03403755868544601 0.14791666666666667
1 0.23650234741784038 0.6364583333333333 0.008215962441314555 0.022916666666666665
0 0.23415492957746478 0.6958333333333333 0.03403755868544601 0.1375
1 0.29401408450704225 0.7270833333333333 0.008215962441314555 0.020833333333333332
0 0.2916666666666667 0.7875 0.04342723004694836 0.175
1 0.3028169014084507 0.6854166666666667 0.014084507042253521 0.03333333333333333
0 0.3039906103286385 0.7458333333333333 0.035211267605633804 0.15416666666666667
1 0.33098591549295775 0.6875 0.011737089201877934 0.020833333333333332
0 0.3345070422535211 0.7520833333333333 0.03755868544600939 0.15416666666666667
1 0.38791079812206575 0.7010416666666667 0.012910798122065728 0.022916666666666665
0 0.38615023474178406 0.7520833333333333 0.03286384976525822 0.1375
1 0.3931924882629108 0.68125 0.011737089201877934 0.025
0 0.3890845070422535 0.7385416666666667 0.02699530516431925 0.14791666666666667
1 0.4119718309859155 0.6583333333333333 0.009389671361502348 0.020833333333333332
0 0.4131455399061033 0.7177083333333333 0.035211267605633804 0.14791666666666667
1 0.4595070422535211 0.6604166666666667 0.015258215962441314 0.025
0 0.4612676056338028 0.7239583333333334 0.04225352112676056 0.15625
1 0.4665492957746479 0.6291666666666667 0.012910798122065728 0.029166666666666667
0 0.4630281690140845 0.6833333333333333 0.03403755868544601 0.1375
1 0.5023474178403756 0.6114583333333333 0.011737089201877934 0.027083333333333334
0 0.5017605633802817 0.6770833333333334 0.04107981220657277 0.16666666666666666
1 0.48532863849765256 0.596875 0.01056338028169014 0.022916666666666665
0 0.482981220657277 0.65 0.029342723004694836 0.13333333333333333
1 0.43896713615023475 0.6145833333333334 0.011737089201877934 0.020833333333333332
0 0.43603286384976525 0.665625 0.02699530516431925 0.13125
1 0.41784037558685444 0.6229166666666667 0.014084507042253521 0.025
0 0.4166666666666667 0.6770833333333334 0.035211267605633804 0.14166666666666666
1 0.3890845070422535 0.6260416666666667 0.012910798122065728 0.022916666666666665
0 0.3873239436619718 0.6802083333333333 0.035211267605633804 0.14791666666666667
1 0.36326291079812206 0.6447916666666667 0.015258215962441314 0.027083333333333334
0 0.36384976525821594 0.7104166666666667 0.028169014084507043 0.1625
1 0.32922535211267606 0.6395833333333333 0.012910798122065728 0.025
0 0.32629107981220656 0.69375 0.025821596244131457 0.14166666666666666
1 0.30927230046948356 0.5770833333333333 0.01056338028169014 0.020833333333333332
0 0.3086854460093897 0.6291666666666667 0.03286384976525822 0.13333333333333333
1 0.3421361502347418 0.5979166666666667 0.015258215962441314 0.029166666666666667
0 0.3397887323943662 0.6510416666666666 0.03403755868544601 0.13958333333333334
1 0.352112676056338 0.5708333333333333 0.011737089201877934 0.025
0 0.34917840375586856 0.6239583333333333 0.029342723004694836 0.13958333333333334
1 0.5064553990610329 0.5291666666666667 0.008215962441314555 0.016666666666666666
0 0.5017605633802817 0.5729166666666666 0.02699530516431925 0.11666666666666667
1 0.4395539906103286 0.496875 0.008215962441314555 0.014583333333333334
0 0.43896713615023475 0.540625 0.03755868544600939 0.11458333333333333
1 0.4014084507042254 0.528125 0.011737089201877934 0.022916666666666665
0 0.3996478873239437 0.565625 0.03403755868544601 0.10625
1 0.3732394366197183 0.5322916666666667 0.009389671361502348 0.01875
0 0.3732394366197183 0.58125 0.025821596244131457 0.125
1 0.34800469483568075 0.5125 0.01056338028169014 0.020833333333333332
0 0.3503521126760563 0.5697916666666667 0.029342723004694836 0.13958333333333334
1 0.3392018779342723 0.515625 0.011737089201877934 0.022916666666666665
0 0.3392018779342723 0.55625 0.025821596244131457 0.11666666666666667
1 0.4765258215962441 0.459375 0.009389671361502348 0.01875
0 0.4753521126760563 0.5010416666666667 0.03755868544600939 0.11458333333333333
1 0.3210093896713615 0.45416666666666666 0.008215962441314555 0.016666666666666666
0 0.3257042253521127 0.4979166666666667 0.02699530516431925 0.1125
1 0.3034037558685446 0.453125 0.008215962441314555 0.01875
0 0.3039906103286385 0.49270833333333336 0.028169014084507043 0.10625
1 0.2869718309859155 0.553125 0.01056338028169014 0.022916666666666665
0 0.2875586854460094 0.6020833333333333 0.035211267605633804 0.12916666666666668
1 0.2852112676056338 0.5333333333333333 0.011737089201877934 0.020833333333333332
0 0.2846244131455399 0.58125 0.029342723004694836 0.125
1 0.2511737089201878 0.5166666666666667 0.009389671361502348 0.016666666666666666
0 0.25234741784037557 0.5708333333333333 0.028169014084507043 0.13333333333333333
1 0.18368544600938966 0.6010416666666667 0.012910798122065728 0.022916666666666665
0 0.18544600938967137 0.6604166666666667 0.03755868544600939 0.15
1 0.1936619718309859 0.59375 0.009389671361502348 0.020833333333333332
0 0.1960093896713615 0.6458333333333334 0.025821596244131457 0.12916666666666668
1 0.12910798122065728 0.6135416666666667 0.009389671361502348 0.022916666666666665
0 0.12793427230046947 0.6614583333333334 0.03990610328638498 0.13125
1 0.09448356807511737 0.6322916666666667 0.015258215962441314 0.027083333333333334
0 0.10328638497652583 0.690625 0.04460093896713615 0.15625
1 0.08274647887323944 0.59375 0.012910798122065728 0.025
0 0.08626760563380281 0.64375 0.03169014084507042 0.13333333333333333
1 0.07629107981220658 0.55 0.011737089201877934 0.025
0 0.07453051643192488 0.6020833333333333 0.03169014084507042 0.13333333333333333
1 0.04284037558685446 0.5739583333333333 0.012910798122065728 0.027083333333333334
0 0.05046948356807512 0.6302083333333334 0.03286384976525822 0.14375
1 0.014084507042253521 0.5802083333333333 0.009389671361502348 0.01875
0 0.020539906103286387 0.6427083333333333 0.04107981220657277 0.16458333333333333
1 0.10152582159624413 0.5125 0.01056338028169014 0.020833333333333332
0 0.09624413145539906 0.5552083333333333 0.028169014084507043 0.11458333333333333
1 0.11384976525821597 0.5114583333333333 0.009389671361502348 0.01875
0 0.11384976525821597 0.5552083333333333 0.023474178403755867 0.11875
1 0.1572769953051643 0.5208333333333334 0.009389671361502348 0.016666666666666666
0 0.15786384976525822 0.5635416666666667 0.029342723004694836 0.11458333333333333
1 0.13556338028169015 0.5604166666666667 0.01056338028169014 0.020833333333333332
0 0.142018779342723 0.6072916666666667 0.03990610328638498 0.12291666666666666
1 0.22593896713615025 0.5291666666666667 0.01056338028169014 0.020833333333333332
0 0.22652582159624413 0.5802083333333333 0.028169014084507043 0.13541666666666666
1 0.2153755868544601 0.48541666666666666 0.01056338028169014 0.020833333333333332
0 0.215962441314554 0.525 0.03286384976525822 0.10833333333333334
1 0.2312206572769953 0.4708333333333333 0.009389671361502348 0.020833333333333332
0 0.22946009389671362 0.5104166666666666 0.02464788732394366 0.10833333333333334
1 0.1784037558685446 0.415625 0.007042253521126761 0.014583333333333334
0 0.17781690140845072 0.45 0.029342723004694836 0.09583333333333334
1 0.20246478873239437 0.4114583333333333 0.01056338028169014 0.014583333333333334
0 0.20246478873239437 0.44375 0.02699530516431925 0.0875
1 0.21830985915492956 0.428125 0.009389671361502348 0.014583333333333334
0 0.21830985915492956 0.45625 0.028169014084507043 0.08333333333333333
1 0.21713615023474178 0.384375 0.007042253521126761 0.014583333333333334
0 0.215962441314554 0.41770833333333335 0.02112676056338028 0.08541666666666667
1 0.19307511737089203 0.36770833333333336 0.005868544600938967 0.014583333333333334
0 0.1954225352112676 0.396875 0.022300469483568074 0.08541666666666667
1 0.159037558685446 0.36875 0.008215962441314555 0.0125
0 0.1596244131455399 0.4 0.023474178403755867 0.07916666666666666
1 0.17136150234741784 0.33958333333333335 0.004694835680751174 0.0125
0 0.17253521126760563 0.37083333333333335 0.02112676056338028 0.08333333333333333
1 0.14730046948356806 0.34375 0.005868544600938967 0.0125
0 0.142018779342723 0.37916666666666665 0.025821596244131457 0.0875
1 0.10504694835680752 0.3375 0.005868544600938967 0.0125
0 0.10152582159624413 0.3645833333333333 0.017605633802816902 0.075
1 0.13086854460093897 0.32395833333333335 0.005868544600938967 0.010416666666666666
0 0.12852112676056338 0.35 0.017605633802816902 0.075
1 0.0880281690140845 0.30625 0.007042253521126761 0.0125
0 0.0886150234741784 0.3385416666666667 0.022300469483568074 0.08125
1 0.0715962441314554 0.32083333333333336 0.007042253521126761 0.0125
0 0.07511737089201878 0.3541666666666667 0.02112676056338028 0.08333333333333333
1 0.056338028169014086 0.31979166666666664 0.004694835680751174 0.010416666666666666
0 0.058098591549295774 0.353125 0.022300469483568074 0.08125
1 0.03169014084507042 0.32395833333333335 0.007042253521126761 0.014583333333333334
0 0.03286384976525822 0.3541666666666667 0.02112676056338028 0.07916666666666666
1 0.014671361502347418 0.3458333333333333 0.01056338028169014 0.025
0 0.01643192488262911 0.3645833333333333 0.018779342723004695 0.07083333333333333
1 0.01936619718309859 0.38125 0.005868544600938967 0.0125
0 0.02171361502347418 0.4083333333333333 0.02699530516431925 0.09166666666666666
1 0.028755868544600938 0.28229166666666666 0.005868544600938967 0.010416666666666666
0 0.02523474178403756 0.309375 0.017605633802816902 0.08125
1 0.04284037558685446 0.29270833333333335 0.005868544600938967 0.010416666666666666
0 0.04460093896713615 0.3177083333333333 0.018779342723004695 0.06875
1 0.04401408450704225 0.2916666666666667 0.005868544600938967 0.0125
0 0.04753521126760563 0.31354166666666666 0.017605633802816902 0.06875
1 0.06514084507042253 0.26666666666666666 0.005868544600938967 0.0125
0 0.06044600938967136 0.28958333333333336 0.015258215962441314 0.06666666666666667
1 0.09624413145539906 0.31354166666666666 0.014084507042253521 0.06041666666666667
0 0.09624413145539906 0.31354166666666666 0.014084507042253521 0.06041666666666667
1 0.2705399061032864 0.35520833333333335 0.005868544600938967 0.010416666666666666
0 0.2681924882629108 0.38958333333333334 0.017605633802816902 0.09166666666666666
1 0.2828638497652582 0.35520833333333335 0.007042253521126761 0.014583333333333334
0 0.28169014084507044 0.38333333333333336 0.02112676056338028 0.07916666666666666
1 0.2323943661971831 0.3229166666666667 0.007042253521126761 0.0125
0 0.2323943661971831 0.3489583333333333 0.023474178403755867 0.07708333333333334
1 0.21948356807511737 0.31666666666666665 0.004694835680751174 0.008333333333333333
0 0.22007042253521128 0.340625 0.017605633802816902 0.06458333333333334
1 0.19072769953051644 0.3020833333333333 0.005868544600938967 0.008333333333333333
0 0.18838028169014084 0.32395833333333335 0.017605633802816902 0.06041666666666667
1 0.2007042253521127 0.325 0.01643192488262911 0.0625
0 0.2007042253521127 0.325 0.01643192488262911 0.0625
1 0.3274647887323944 0.37916666666666665 0.007042253521126761 0.0125
0 0.3268779342723005 0.409375 0.015258215962441314 0.08125
1 0.3034037558685446 0.3385416666666667 0.005868544600938967 0.010416666666666666
0 0.3034037558685446 0.3645833333333333 0.017605633802816902 0.075
1 0.29694835680751175 0.38958333333333334 0.007042253521126761 0.0125
0 0.29225352112676056 0.42291666666666666 0.023474178403755867 0.08333333333333333
1 0.3444835680751174 0.37916666666666665 0.008215962441314555 0.016666666666666666
0 0.3427230046948357 0.41458333333333336 0.028169014084507043 0.09166666666666666
1 0.3685446009389671 0.41770833333333335 0.007042253521126761 0.014583333333333334
0 0.3673708920187793 0.45729166666666665 0.023474178403755867 0.10208333333333333
1 0.3855633802816901 0.396875 0.005868544600938967 0.010416666666666666
0 0.38673708920187794 0.43125 0.01995305164319249 0.0875
1 0.4125586854460094 0.39166666666666666 0.008215962441314555 0.0125
0 0.4119718309859155 0.43020833333333336 0.025821596244131457 0.09791666666666667
1 0.43485915492957744 0.39895833333333336 0.008215962441314555 0.01875
0 0.43309859154929575 0.44479166666666664 0.025821596244131457 0.11458333333333333
1 0.426056338028169 0.365625 0.007042253521126761 0.014583333333333334
0 0.42488262910798125 0.39895833333333336 0.01643192488262911 0.08541666666666667
1 0.47183098591549294 0.390625 0.007042253521126761 0.014583333333333334
0 0.47124413145539906 0.425 0.017605633802816902 0.09166666666666666
1 0.4841549295774648 0.3875 0.008215962441314555 0.0125
0 0.4876760563380282 0.425 0.02464788732394366 0.09166666666666666
1 0.5357981220657277 0.425 0.008215962441314555 0.016666666666666666
0 0.5334507042253521 0.46875 0.03403755868544601 0.10833333333333334
1 0.5557511737089202 0.3802083333333333 0.008215962441314555 0.01875
0 0.5551643192488263 0.415625 0.02112676056338028 0.09791666666666667
1 0.54518779342723 0.37395833333333334 0.008215962441314555 0.014583333333333334
0 0.5434272300469484 0.41041666666666665 0.018779342723004695 0.09166666666666666
1 0.5258215962441315 0.37604166666666666 0.007042253521126761 0.014583333333333334
0 0.5240610328638498 0.40625 0.017605633802816902 0.07916666666666666
1 0.6009389671361502 0.39895833333333336 0.007042253521126761 0.010416666666666666
0 0.5980046948356808 0.43125 0.02699530516431925 0.0875
1 0.6296948356807511 0.396875 0.008215962441314555 0.014583333333333334
0 0.6273474178403756 0.4322916666666667 0.01995305164319249 0.08958333333333333
1 0.6431924882629108 0.425 0.009389671361502348 0.016666666666666666
0 0.6408450704225352 0.45729166666666665 0.02112676056338028 0.08958333333333333
1 0.5710093896713615 0.34479166666666666 0.005868544600938967 0.010416666666666666
0 0.5721830985915493 0.37604166666666666 0.01995305164319249 0.08125
1 0.49413145539906106 0.32916666666666666 0.004694835680751174 0.008333333333333333
0 0.49295774647887325 0.3572916666666667 0.018779342723004695 0.06875
1 0.4788732394366197 0.34375 0.007042253521126761 0.0125
0 0.4782863849765258 0.36875 0.01995305164319249 0.06666666666666667
1 0.4642018779342723 0.32708333333333334 0.008215962441314555 0.0125
0 0.46068075117370894 0.36354166666666665 0.017605633802816902 0.08541666666666667
1 0.4448356807511737 0.32916666666666666 0.007042253521126761 0.0125
0 0.4442488262910798 0.35520833333333335 0.017605633802816902 0.07291666666666667
1 0.43485915492957744 0.2989583333333333 0.005868544600938967 0.010416666666666666
0 0.431924882629108 0.328125 0.01643192488262911 0.07708333333333334
1 0.5809859154929577 0.559375 0.009389671361502348 0.022916666666666665
0 0.5809859154929577 0.6072916666666667 0.03286384976525822 0.12708333333333333
1 0.5181924882629108 0.365625 0.017605633802816902 0.06458333333333334
0 0.5181924882629108 0.365625 0.017605633802816902 0.06458333333333334
1 0.5369718309859155 0.340625 0.005868544600938967 0.010416666666666666
0 0.5352112676056338 0.36770833333333336 0.01643192488262911 0.07291666666666667
1 0.7306338028169014 0.5145833333333333 0.01056338028169014 0.020833333333333332
0 0.7200704225352113 0.5677083333333334 0.03873239436619718 0.13125
1 0.7165492957746479 0.4708333333333333 0.008215962441314555 0.016666666666666666
0 0.7171361502347418 0.5125 0.025821596244131457 0.10833333333333334
1 0.7071596244131455 0.47291666666666665 0.008215962441314555 0.016666666666666666
0 0.7036384976525821 0.515625 0.02464788732394366 0.11458333333333333
1 0.6954225352112676 0.44583333333333336 0.008215962441314555 0.016666666666666666
0 0.6936619718309859 0.48020833333333335 0.023474178403755867 0.09375
1 0.7106807511737089 0.44479166666666664 0.005868544600938967 0.010416666666666666
0 0.7071596244131455 0.47604166666666664 0.01995305164319249 0.08958333333333333
1 0.7282863849765259 0.44166666666666665 0.008215962441314555 0.016666666666666666
0 0.7294600938967136 0.47708333333333336 0.022300469483568074 0.09166666666666666
1 0.801056338028169 0.475 0.008215962441314555 0.016666666666666666
0 0.7987089201877934 0.5145833333333333 0.02464788732394366 0.1
1 0.8186619718309859 0.4739583333333333 0.008215962441314555 0.014583333333333334
0 0.818075117370892 0.5166666666666667 0.025821596244131457 0.10416666666666667
1 0.9724178403755869 0.4708333333333333 0.01056338028169014 0.016666666666666666
0 0.971830985915493 0.5104166666666666 0.03051643192488263 0.10416666666666667
1 0.9565727699530516 0.50625 0.011737089201877934 0.020833333333333332
0 0.9536384976525821 0.5416666666666666 0.01995305164319249 0.1
1 0.943075117370892 0.5125 0.01056338028169014 0.016666666666666666
0 0.9395539906103286 0.5645833333333333 0.02464788732394366 0.12916666666666668
1 0.9237089201877934 0.5333333333333333 0.009389671361502348 0.016666666666666666
0 0.9213615023474179 0.5791666666666667 0.025821596244131457 0.11666666666666667
1 0.8990610328638498 0.5385416666666667 0.009389671361502348 0.01875
0 0.8890845070422535 0.5875 0.03403755868544601 0.125
1 0.8679577464788732 0.496875 0.01056338028169014 0.01875
0 0.8615023474178404 0.5427083333333333 0.03755868544600939 0.11875
1 0.8761737089201878 0.490625 0.008215962441314555 0.014583333333333334
0 0.8720657276995305 0.5239583333333333 0.02112676056338028 0.11458333333333333
1 0.8685446009389671 0.43333333333333335 0.009389671361502348 0.016666666666666666
0 0.8632629107981221 0.4739583333333333 0.02699530516431925 0.09791666666666667
1 0.9184272300469484 0.44166666666666665 0.01056338028169014 0.016666666666666666
0 0.9166666666666666 0.48125 0.028169014084507043 0.10833333333333334
1 0.9448356807511737 0.38125 0.007042253521126761 0.0125
0 0.9424882629107981 0.4125 0.018779342723004695 0.0875
1 0.9330985915492958 0.3802083333333333 0.007042253521126761 0.014583333333333334
0 0.9266431924882629 0.41041666666666665 0.022300469483568074 0.09166666666666666
1 0.914906103286385 0.346875 0.008215962441314555 0.014583333333333334
0 0.9096244131455399 0.38229166666666664 0.023474178403755867 0.08958333333333333
1 0.8791079812206573 0.384375 0.009389671361502348 0.014583333333333334
0 0.8755868544600939 0.41770833333333335 0.025821596244131457 0.08958333333333333
1 0.8902582159624414 0.38333333333333336 0.008215962441314555 0.016666666666666666
0 0.8879107981220657 0.41770833333333335 0.01995305164319249 0.09375
1 0.9518779342723005 0.321875 0.023474178403755867 0.06458333333333334
0 0.9518779342723005 0.321875 0.023474178403755867 0.06458333333333334
1 0.9776995305164319 0.284375 0.007042253521126761 0.010416666666666666
0 0.9776995305164319 0.30625 0.014084507042253521 0.06666666666666667
1 0.9225352112676056 0.2708333333333333 0.004694835680751174 0.008333333333333333
0 0.9190140845070423 0.29375 0.014084507042253521 0.058333333333333334
1 0.8603286384976526 0.30833333333333335 0.004694835680751174 0.008333333333333333
0 0.8573943661971831 0.33229166666666665 0.01995305164319249 0.06458333333333334
1 0.8444835680751174 0.39895833333333336 0.008215962441314555 0.014583333333333334
0 0.8415492957746479 0.4395833333333333 0.025821596244131457 0.10416666666666667
1 0.8192488262910798 0.4114583333333333 0.007042253521126761 0.014583333333333334
0 0.8215962441314554 0.44166666666666665 0.023474178403755867 0.08333333333333333
1 0.7940140845070423 0.40729166666666666 0.008215962441314555 0.014583333333333334
0 0.7887323943661971 0.446875 0.025821596244131457 0.09791666666666667
1 0.829225352112676 0.31979166666666664 0.005868544600938967 0.010416666666666666
0 0.8233568075117371 0.35 0.02464788732394366 0.07916666666666666
1 0.7822769953051644 0.4083333333333333 0.01995305164319249 0.08333333333333333
0 0.7822769953051644 0.4083333333333333 0.01995305164319249 0.08333333333333333
1 0.8098591549295775 0.3416666666666667 0.007042253521126761 0.0125
0 0.8104460093896714 0.371875 0.015258215962441314 0.07708333333333334
1 0.8004694835680751 0.33958333333333335 0.007042253521126761 0.0125
0 0.8022300469483568 0.3697916666666667 0.015258215962441314 0.07708333333333334
1 0.7828638497652582 0.30520833333333336 0.004694835680751174 0.010416666666666666
0 0.7805164319248826 0.32916666666666666 0.018779342723004695 0.07083333333333333
1 0.7646713615023474 0.38125 0.005868544600938967 0.0125
0 0.761150234741784 0.4197916666666667 0.02464788732394366 0.09791666666666667
1 0.7447183098591549 0.3854166666666667 0.005868544600938967 0.0125
0 0.7447183098591549 0.428125 0.01995305164319249 0.10208333333333333
1 0.70481220657277 0.4083333333333333 0.017605633802816902 0.08333333333333333
0 0.70481220657277 0.4083333333333333 0.017605633802816902 0.08333333333333333
1 0.6907276995305164 0.378125 0.008215962441314555 0.014583333333333334
0 0.6883802816901409 0.4114583333333333 0.017605633802816902 0.08541666666666667
1 0.7599765258215962 0.34270833333333334 0.008215962441314555 0.014583333333333334
0 0.7588028169014085 0.37395833333333334 0.017605633802816902 0.07708333333333334
1 0.7494131455399061 0.3302083333333333 0.008215962441314555 0.014583333333333334
0 0.7464788732394366 0.35833333333333334 0.01643192488262911 0.07916666666666666
1 0.7171361502347418 0.32708333333333334 0.007042253521126761 0.0125
0 0.7165492957746479 0.35625 0.01995305164319249 0.07916666666666666
1 0.7247652582159625 0.38645833333333335 0.005868544600938967 0.010416666666666666
0 0.7235915492957746 0.42083333333333334 0.017605633802816902 0.08333333333333333
1 0.698943661971831 0.321875 0.005868544600938967 0.010416666666666666
0 0.6977699530516432 0.34375 0.015258215962441314 0.0625
1 0.6977699530516432 0.3489583333333333 0.005868544600938967 0.010416666666666666
0 0.6960093896713615 0.378125 0.014084507042253521 0.07291666666666667
1 0.7089201877934272 0.31666666666666665 0.007042253521126761 0.0125
0 0.7083333333333334 0.34479166666666666 0.015258215962441314 0.07291666666666667
1 0.6807511737089202 0.32708333333333334 0.007042253521126761 0.0125
0 0.6801643192488263 0.3572916666666667 0.015258215962441314 0.08125
1 0.5980046948356808 0.29791666666666666 0.005868544600938967 0.0125
0 0.5956572769953051 0.31979166666666664 0.015258215962441314 0.06458333333333334
1 0.5522300469483568 0.2989583333333333 0.005868544600938967 0.010416666666666666
0 0.5539906103286385 0.3229166666666667 0.01643192488262911 0.0625
1 0.5669014084507042 0.29791666666666666 0.007042253521126761 0.0125
0 0.5669014084507042 0.3260416666666667 0.014084507042253521 0.07291666666666667
1 0.5463615023474179 0.28854166666666664 0.005868544600938967 0.010416666666666666
0 0.5446009389671361 0.3145833333333333 0.011737089201877934 0.06666666666666667
1 0.511150234741784 0.28854166666666664 0.005868544600938967 0.010416666666666666
0 0.511150234741784 0.31145833333333334 0.015258215962441314 0.06458333333333334
1 0.30633802816901406 0.7010416666666667 0.03051643192488263 0.11875
0 0.30633802816901406 0.7010416666666667 0.03051643192488263 0.11875
1 0.3086854460093897 0.40625 0.007042253521126761 0.016666666666666666
0 0.3075117370892019 0.4427083333333333 0.028169014084507043 0.08958333333333333
1 0.7318075117370892 0.39375 0.008215962441314555 0.016666666666666666
0 0.732981220657277 0.42291666666666666 0.02464788732394366 0.09166666666666666
1 0.3908450704225352 0.4864583333333333 0.009389671361502348 0.01875
0 0.3931924882629108 0.525 0.03051643192488263 0.10416666666666667