1 0.046908315565031986 0.27682403433476394 0.08102345415778252 0.2145922746781116
0 0.07622601279317698 0.5772532188841202 0.15245202558635396 0.8454935622317596
1 0.12686567164179105 0.22854077253218885 0.07249466950959488 0.19098712446351931
0 0.13059701492537312 0.5600858369098712 0.15458422174840086 0.8798283261802575
1 0.26492537313432835 0.24356223175965666 0.07782515991471216 0.19957081545064378
0 0.2659914712153518 0.5633047210300429 0.20788912579957355 0.8733905579399142
1 0.3326226012793177 0.22424892703862662 0.07462686567164178 0.19957081545064378
0 0.31663113006396587 0.5568669527896996 0.1300639658848614 0.8862660944206009
1 0.40831556503198296 0.2167381974248927 0.0767590618336887 0.2017167381974249
0 0.3997867803837953 0.5568669527896996 0.16631130063965885 0.8862660944206009
1 0.48667377398720685 0.2832618025751073 0.07356076759061833 0.18025751072961374
0 0.488272921108742 0.5890557939914163 0.11300639658848614 0.8218884120171673
1 0.5069296375266524 0.4721030042918455 0.08635394456289978 0.24892703862660945
0 0.5042643923240938 0.6663090128755365 0.26439232409381663 0.6673819742489271
1 0.6705756929637526 0.26824034334763946 0.07462686567164178 0.2017167381974249
0 0.6593816631130064 0.572961373390558 0.17164179104477612 0.8540772532188842
1 0.7606609808102346 0.2478540772532189 0.08208955223880597 0.20386266094420602
0 0.7606609808102346 0.5675965665236051 0.1929637526652452 0.8648068669527897
1 0.8662046908315565 0.24892703862660945 0.0906183368869936 0.21030042918454936
0 0.8864605543710021 0.5590128755364807 0.1460554371002132 0.8819742489270386
1 0.9520255863539445 0.26609442060085836 0.08742004264392324 0.22317596566523606
0 0.9275053304904051 0.5665236051502146 0.14498933901918976 0.8669527896995708
1 0.9936034115138592 0.26609442060085836 0.01279317697228145 0.20600858369098712
0 0.9664179104477612 0.5761802575107297 0.06716417910447761 0.8476394849785408
1 0.332089552238806 0.21781115879828325 0.07142857142857142 0.20815450643776823
0 0.31396588486140725 0.5504291845493562 0.1162046908315565 0.8991416309012875
1 0.6236673773987207 0.15021459227467812 0.08102345415778252 0.21888412017167383
0 0.6284648187633263 0.5075107296137339 0.21641791044776118 0.9849785407725322