1 0.11674008810572688 0.31926952141057935 0.05726872246696035 0.1070528967254408
0 0.1038913362701909 0.6171284634760705 0.1593245227606461 0.7657430730478589
1 0.2250367107195301 0.3501259445843829 0.04919236417033774 0.11083123425692695
0 0.2209985315712188 0.6423173803526449 0.14390602055800295 0.7153652392947103
1 0.25697503671071953 0.28211586901763225 0.039647577092511016 0.0982367758186398
0 0.2610132158590308 0.5491183879093199 0.14170337738619676 0.6523929471032746
1 0.30580029368575623 0.6227959697732998 0.05066079295154185 0.12216624685138538
0 0.3263582966226138 0.7764483627204031 0.1696035242290749 0.44710327455919396
1 0.3263582966226138 0.7487405541561712 0.04919236417033774 0.11209068010075567
0 0.34177679882525697 0.8444584382871536 0.13582966226138032 0.3110831234256927
1 0.40859030837004406 0.5 0.04919236417033774 0.0982367758186398
0 0.3997797356828194 0.698992443324937 0.13876651982378854 0.5340050377833753
1 0.5227606461086637 0.5554156171284634 0.04552129221732746 0.0982367758186398
0 0.5249632892804699 0.7229219143576826 0.13362701908957417 0.4534005037783375
1 0.6545521292217328 0.45780856423173805 0.04331864904552129 0.07682619647355164
0 0.6501468428781204 0.6700251889168766 0.11820851688693099 0.5717884130982368
1 0.7756975036710719 0.2739294710327456 0.04772393538913363 0.11209068010075567
0 0.76431718061674 0.6020151133501259 0.15859030837004406 0.7707808564231738
1 0.6791483113069016 0.23992443324937027 0.04405286343612335 0.09445843828715365
0 0.6883259911894273 0.5157430730478589 0.1328928046989721 0.663727959697733
1 0.8002936857562408 0.25 0.04552129221732746 0.11964735516372796
0 0.7856093979441997 0.5484886649874056 0.2011747430249633 0.7292191435768262
1 0.9038179148311307 0.15365239294710328 0.05873715124816446 0.11838790931989925
0 0.9016152716593245 0.5409319899244333 0.16593245227606462 0.9181360201511335
1 0.7037444933920705 0.2304785894206549 0.011013215859030838 0.020151133501259445
0 0.7048458149779736 0.27329974811083124 0.020558002936857563 0.11083123425692695