1 0.9352557127312296 0.31385281385281383 0.042437431991294884 0.19480519480519481
0 0.9396082698585418 0.6028138528138528 0.10772578890097932 0.7943722943722944
1 0.852829162132753 0.2510822510822511 0.040805223068552776 0.20346320346320346
0 0.8468443960826986 0.5746753246753247 0.0984766050054407 0.8506493506493507
1 0.7902611534276387 0.23917748917748918 0.03862894450489663 0.16666666666666666
0 0.7867247007616975 0.5757575757575758 0.09031556039173014 0.8484848484848485
1 0.7217083786724701 0.20995670995670995 0.03645266594124048 0.19913419913419914
0 0.7168117519042437 0.5508658008658008 0.0941240478781284 0.8982683982683982
1 0.6670293797606094 0.31277056277056275 0.03373231773667029 0.18831168831168832
0 0.6596844396082698 0.6006493506493507 0.09085963003264418 0.7987012987012987
1 0.6137105549510338 0.2305194805194805 0.03808487486398259 0.17965367965367965
0 0.6036452665941241 0.5692640692640693 0.11806311207834602 0.8614718614718615
1 0.5655603917301415 0.23917748917748918 0.03645266594124048 0.17965367965367965
0 0.5666485310119695 0.5735930735930735 0.09194776931447225 0.8528138528138528
1 0.49319912948857453 0.2878787878787879 0.03754080522306855 0.18614718614718614
0 0.4915669205658324 0.5963203463203464 0.08868335146898804 0.8073593073593074
1 0.4243743199129489 0.3354978354978355 0.029379760609358 0.16883116883116883
0 0.4249183895538629 0.6222943722943723 0.07725788900979326 0.7554112554112554
1 0.37295973884657235 0.20562770562770563 0.03645266594124048 0.20346320346320346
0 0.3642546245919478 0.5454545454545454 0.08759521218715996 0.9090909090909091
1 0.28998911860718174 0.16558441558441558 0.03917301414581066 0.2012987012987013
0 0.29026115342763875 0.5313852813852814 0.0897714907508161 0.9372294372294372
1 0.22007616974972796 0.1406926406926407 0.040805223068552776 0.19913419913419914
0 0.21844396082698586 0.5151515151515151 0.08324265505984767 0.9696969696969697
1 0.16784548422198042 0.24025974025974026 0.03862894450489663 0.2077922077922078
0 0.16539717083786726 0.5638528138528138 0.0957562568008705 0.8722943722943723
1 0.11643090315560392 0.2727272727272727 0.041349292709466814 0.19913419913419914
0 0.10772578890097932 0.5844155844155844 0.08922742110990206 0.8311688311688312
1 0.05359085963003264 0.29653679653679654 0.04842219804134929 0.21212121212121213
0 0.05794341675734494 0.5941558441558441 0.11153427638737759 0.8116883116883117