1 0.015277777777777777 0.4847222222222222 0.009722222222222222 0.01574074074074074
0 0.025347222222222222 0.5226851851851851 0.03680555555555556 0.09907407407407408
1 0.4204861111111111 0.5194444444444445 0.035416666666666666 0.046296296296296294
0 0.43159722222222224 0.6875 0.1284722222222222 0.38796296296296295
1 0.46319444444444446 0.512962962962963 0.03611111111111111 0.03888888888888889
0 0.45694444444444443 0.5986111111111111 0.09027777777777778 0.425
1 0.534375 0.5069444444444444 0.034027777777777775 0.03981481481481482
0 0.525 0.6148148148148148 0.08194444444444444 0.4537037037037037
1 0.5708333333333333 0.5212962962962963 0.03194444444444444 0.03148148148148148
0 0.565625 0.6435185185185185 0.09236111111111112 0.3111111111111111
1 0.8670138888888889 0.48518518518518516 0.04652777777777778 0.06296296296296296
0 0.8722222222222222 0.674537037037037 0.12361111111111112 0.44537037037037036
1 0.8243055555555555 0.5263888888888889 0.030555555555555555 0.04537037037037037
0 0.8159722222222222 0.6425925925925926 0.07777777777777778 0.2851851851851852