1 0.07388888888888889 0.5740740740740741 0.04555555555555556 0.0637037037037037
0 0.07611111111111112 0.6637037037037037 0.11888888888888889 0.2577777777777778
1 0.19111111111111112 0.5711111111111111 0.044444444444444446 0.0725925925925926
0 0.19333333333333333 0.6570370370370371 0.10444444444444445 0.25037037037037035
1 0.09777777777777778 0.47555555555555556 0.044444444444444446 0.07111111111111111
0 0.10333333333333333 0.5911111111111111 0.1111111111111111 0.3111111111111111
1 0.15166666666666667 0.24962962962962962 0.04555555555555556 0.06962962962962962
0 0.17888888888888888 0.44814814814814813 0.19333333333333333 0.48148148148148145
1 0.22944444444444445 0.31555555555555553 0.043333333333333335 0.06814814814814815
0 0.23333333333333334 0.4688888888888889 0.11555555555555555 0.38666666666666666
1 0.20777777777777778 0.4674074074074074 0.044444444444444446 0.07555555555555556
0 0.215 0.5933333333333334 0.09666666666666666 0.33925925925925926
1 0.29055555555555557 0.4792592592592593 0.05 0.07555555555555556
0 0.295 0.5977777777777777 0.11 0.3214814814814815
1 0.30944444444444447 0.6081481481481481 0.04555555555555556 0.0725925925925926
0 0.31333333333333335 0.6792592592592592 0.10888888888888888 0.21481481481481482
1 0.34055555555555556 0.337037037037037 0.03666666666666667 0.06666666666666667
0 0.3416666666666667 0.4474074074074074 0.0811111111111111 0.29333333333333333
1 0.3711111111111111 0.4688888888888889 0.042222222222222223 0.06666666666666667
0 0.37277777777777776 0.5785185185185185 0.08555555555555555 0.30074074074074075
1 0.415 0.5466666666666666 0.04777777777777778 0.08296296296296296
0 0.4061111111111111 0.6437037037037037 0.10555555555555556 0.28296296296296297
1 0.44555555555555554 0.3385185185185185 0.042222222222222223 0.06666666666666667
0 0.44 0.46296296296296297 0.10666666666666667 0.3244444444444444
1 0.45222222222222225 0.4762962962962963 0.044444444444444446 0.06666666666666667
0 0.46 0.562962962962963 0.08666666666666667 0.24592592592592594
1 0.5155555555555555 0.4651851851851852 0.04888888888888889 0.09185185185185185
0 0.5222222222222223 0.6014814814814815 0.1511111111111111 0.37333333333333335
1 0.5322222222222223 0.3451851851851852 0.04 0.06814814814814815
0 0.535 0.4792592592592593 0.09888888888888889 0.3451851851851852
1 0.5916666666666667 0.3362962962962963 0.04111111111111111 0.06518518518518518
0 0.6061111111111112 0.4696296296296296 0.08777777777777777 0.3377777777777778
1 0.61 0.457037037037037 0.044444444444444446 0.07851851851851852
0 0.6144444444444445 0.5688888888888889 0.1111111111111111 0.31703703703703706
1 0.6355555555555555 0.5355555555555556 0.04666666666666667 0.0637037037037037
0 0.6383333333333333 0.6392592592592593 0.10555555555555556 0.2859259259259259
1 0.6961111111111111 0.3214814814814815 0.043333333333333335 0.07111111111111111
0 0.6916666666666667 0.45037037037037037 0.09888888888888889 0.3377777777777778
1 0.7738888888888888 0.30814814814814817 0.04111111111111111 0.07407407407407407
0 0.7766666666666666 0.43407407407407406 0.10444444444444445 0.33185185185185184
1 0.8683333333333333 0.2948148148148148 0.043333333333333335 0.06518518518518518
0 0.87 0.4237037037037037 0.10444444444444445 0.3377777777777778
1 0.7166666666666667 0.4748148148148148 0.04666666666666667 0.0725925925925926
0 0.7077777777777777 0.5748148148148148 0.08444444444444445 0.28444444444444444
1 0.7816666666666666 0.46296296296296297 0.04555555555555556 0.06962962962962962
0 0.7838888888888889 0.5614814814814815 0.08777777777777777 0.2785185185185185
1 0.8555555555555555 0.45555555555555555 0.044444444444444446 0.0725925925925926
0 0.8527777777777777 0.5637037037037037 0.08777777777777777 0.30074074074074075
1 0.9344444444444444 0.44666666666666666 0.04666666666666667 0.07555555555555556
0 0.9433333333333334 0.5488888888888889 0.10444444444444445 0.29185185185185186
1 0.7205555555555555 0.5866666666666667 0.04555555555555556 0.07407407407407407
0 0.7283333333333334 0.6592592592592592 0.10111111111111111 0.23703703703703705
1 0.8111111111111111 0.554074074074074 0.044444444444444446 0.07111111111111111
0 0.8133333333333334 0.6474074074074074 0.10666666666666667 0.2607407407407407
1 0.9027777777777778 0.5562962962962963 0.052222222222222225 0.07555555555555556
0 0.9161111111111111 0.6548148148148148 0.11 0.2814814814814815