1 0.5714285714285714 0.09709618874773139 0.04897959183673469 0.11433756805807622
0 0.5505102040816326 0.3139745916515426 0.13163265306122449 0.5662431941923775
1 0.6928571428571428 0.08348457350272233 0.05918367346938776 0.14882032667876588
0 0.6433673469387755 0.33484573502722326 0.1663265306122449 0.6696914700544465
1 0.8408163265306122 0.1279491833030853 0.0836734693877551 0.17967332123411978
0 0.7653061224489796 0.3911070780399274 0.26326530612244897 0.7459165154264973
1 0.9607142857142857 0.29219600725952816 0.07857142857142857 0.1705989110707804
0 0.8693877551020408 0.5127041742286751 0.2612244897959184 0.6225045372050817
1 0.75 0.056261343012704176 0.053061224489795916 0.10526315789473684
0 0.7112244897959183 0.29764065335753176 0.19387755102040816 0.5952813067150635
1 0.8852040816326531 0.15517241379310345 0.06020408163265306 0.132486388384755
0 0.8066326530612244 0.3811252268602541 0.22142857142857142 0.588021778584392
1 0.9724489795918367 0.22232304900181488 0.05510204081632653 0.16878402903811252
0 0.8693877551020408 0.4246823956442831 0.2612244897959184 0.588021778584392
1 0.948469387755102 0.10072595281306715 0.06428571428571428 0.10707803992740472
0 0.8724489795918368 0.29764065335753176 0.22857142857142856 0.5408348457350273
1 0.16989795918367348 0.17604355716878403 0.11122448979591837 0.21052631578947367
0 0.18112244897959184 0.4618874773139746 0.2540816326530612 0.7931034482758621
1 0.05 0.3647912885662432 0.1 0.22867513611615245
0 0.15357142857142858 0.6143375680580763 0.30714285714285716 0.7713248638838476
1 0.04897959183673469 0.1869328493647913 0.09795918367346938 0.20689655172413793
0 0.12755102040816327 0.4437386569872958 0.25510204081632654 0.7422867513611615
1 0.32142857142857145 0.10980036297640654 0.0673469387755102 0.15063520871143377
0 0.31020408163265306 0.3720508166969147 0.17959183673469387 0.7005444646098004
1 0.39183673469387753 0.11705989110707804 0.05510204081632653 0.13611615245009073
0 0.37448979591836734 0.3457350272232305 0.12653061224489795 0.5970961887477314
1 0.4714285714285714 0.0662431941923775 0.05918367346938776 0.12522686025408347
0 0.45408163265306123 0.3039927404718693 0.12040816326530612 0.6079854809437386
1 0.5193877551020408 0.05172413793103448 0.044897959183673466 0.10344827586206896
0 0.503061224489796 0.27858439201451907 0.10612244897959183 0.5571687840290381
1 0.6096938775510204 0.041742286751361164 0.03571428571428571 0.08348457350272233
0 0.5846938775510204 0.2540834845735027 0.10612244897959183 0.5081669691470054
1 0.034183673469387756 0.06261343012704174 0.06836734693877551 0.12522686025408347
0 0.10357142857142858 0.3248638838475499 0.20714285714285716 0.6497277676950998
1 0.2545918367346939 0.03901996370235935 0.04183673469387755 0.0780399274047187
0 0.25051020408163266 0.20780399274047187 0.08469387755102041 0.41560798548094374
1 0.1933673469387755 0.11705989110707804 0.08061224489795918 0.16878402903811252
0 0.21326530612244898 0.3811252268602541 0.1653061224489796 0.6969147005444646
1 0.3 0.06170598911070781 0.06326530612244897 0.12341197822141561
0 0.2836734693877551 0.30943738656987296 0.11632653061224489 0.6188747731397459
1 0.6081632653061224 0.0426497277676951 0.036734693877551024 0.0852994555353902
0 0.6 0.24954627949183303 0.07755102040816327 0.49909255898366606
1 0.9168367346938775 0.034482758620689655 0.015306122448979591 0.029038112522686024
0 0.8989795918367347 0.14791288566243194 0.06938775510204082 0.2631578947368421
1 0.6479591836734694 0.05263157894736842 0.053061224489795916 0.10526315789473684
0 0.6209183673469387 0.2985480943738657 0.14591836734693878 0.5970961887477314