1 0.10743519781718963 0.2598639455782313 0.03751705320600273 0.08979591836734693
0 0.10743519781718963 0.5312925170068027 0.10027285129604366 0.6489795918367347
1 0.1800818553888131 0.2578231292517007 0.03137789904502047 0.08299319727891157
0 0.1834924965893588 0.5108843537414965 0.1009549795361528 0.6244897959183674
1 0.24624829467939974 0.2585034013605442 0.034106412005457026 0.08707482993197278
0 0.2486357435197817 0.5061224489795918 0.08390177353342429 0.5877551020408164
1 0.32298772169167805 0.29523809523809524 0.02660300136425648 0.07891156462585033
0 0.31855388813096863 0.5129251700680272 0.07776261937244201 0.5387755102040817
1 0.3956343792633015 0.29183673469387755 0.03137789904502047 0.07210884353741497
0 0.3935879945429741 0.5170068027210885 0.08458390177353342 0.5387755102040817
1 0.44236016371077763 0.4163265306122449 0.034788540245566164 0.08707482993197278
0 0.43860845839017737 0.6115646258503401 0.10368349249658936 0.5020408163265306
1 0.4863574351978172 0.2836734693877551 0.034106412005457026 0.08299319727891157
0 0.4795361527967258 0.5333333333333333 0.1009549795361528 0.5986394557823129
1 0.5139836289222374 0.24489795918367346 0.029331514324693043 0.07891156462585033
0 0.5180763983628922 0.4748299319727891 0.07025920873124147 0.5523809523809524
1 0.5528649386084584 0.28775510204081634 0.030695770804911322 0.07482993197278912
0 0.5569577080491133 0.5224489795918368 0.10163710777626193 0.5578231292517006
1 0.6258526603001364 0.2619047619047619 0.032060027285129605 0.07755102040816327
0 0.6272169167803547 0.5047619047619047 0.09208731241473397 0.5795918367346938
1 0.531718963165075 0.43605442176870746 0.0252387448840382 0.08027210884353742
0 0.5324010914051842 0.6204081632653061 0.09345156889495225 0.47346938775510206
1 0.630968622100955 0.42993197278911566 0.03137789904502047 0.08435374149659863
0 0.6258526603001364 0.6312925170068027 0.09481582537517053 0.4925170068027211
1 0.692019099590723 0.2727891156462585 0.03342428376534789 0.09115646258503401
0 0.689631650750341 0.5197278911564626 0.09549795361527967 0.5959183673469388
1 0.76193724420191 0.30612244897959184 0.034106412005457026 0.09795918367346938
0 0.7663710777626194 0.5374149659863946 0.09072305593451568 0.5850340136054422
1 0.7247612551159618 0.4095238095238095 0.03615279672578445 0.09251700680272108
0 0.7223738062755798 0.6238095238095238 0.11596180081855388 0.5346938775510204
1 0.815143246930423 0.4142857142857143 0.03819918144611187 0.08843537414965986
0 0.8257162346521146 0.6278911564625851 0.12210095497953616 0.5265306122448979
1 0.8983628922237381 0.44285714285714284 0.03137789904502047 0.08571428571428572
0 0.9041609822646658 0.6435374149659864 0.11255115961800818 0.5170068027210885
1 0.1490450204638472 0.4170068027210884 0.04024556616643929 0.09387755102040816
0 0.13983628922237382 0.6231292517006802 0.11323328785811733 0.527891156462585
1 0.23635743519781718 0.42108843537414964 0.03615279672578445 0.08843537414965986
0 0.2329467939972715 0.6244897959183674 0.10845839017735334 0.5142857142857142
1 0.3345839017735334 0.40748299319727893 0.03751705320600273 0.09659863945578231
0 0.33185538881309684 0.6122448979591837 0.10709413369713507 0.5142857142857142