1 0.8489583333333334 0.49453125 0.00625 0.0109375
0 0.8458333333333333 0.52265625 0.01875 0.0796875
1 0.815625 0.46171875 0.014583333333333334 0.0234375
0 0.8166666666666667 0.52265625 0.025 0.1515625
1 0.8067708333333333 0.4578125 0.011458333333333333 0.01875
0 0.8114583333333333 0.5203125 0.04375 0.153125
1 0.8723958333333334 0.55703125 0.06145833333333333 0.1140625
0 0.8604166666666667 0.74296875 0.13333333333333333 0.5140625
1 0.9734375 0.309375 0.053125 0.18125
0 0.9140625 0.60625 0.171875 0.7875
1 0.08489583333333334 0.35546875 0.096875 0.1515625
0 0.103125 0.6203125 0.20625 0.759375
1 0.296875 0.40078125 0.06666666666666667 0.1109375
0 0.2833333333333333 0.659375 0.1625 0.68125
1 0.528125 0.50859375 0.05625 0.0953125
0 0.5208333333333334 0.72890625 0.11458333333333333 0.5421875
1 0.6088541666666667 0.51875 0.053125 0.096875
0 0.6114583333333333 0.72890625 0.14166666666666666 0.5421875
1 0.7005208333333334 0.590625 0.053125 0.08125
0 0.71875 0.77109375 0.1375 0.4578125