1 0.14444444444444443 0.2672413793103448 0.04888888888888889 0.09310344827586207
0 0.12777777777777777 0.5612068965517242 0.1288888888888889 0.7051724137931035
1 0.225 0.3741379310344828 0.04111111111111111 0.07931034482758621
0 0.20666666666666667 0.6293103448275862 0.11777777777777777 0.6
1 0.3161111111111111 0.3612068965517241 0.04555555555555556 0.08448275862068966
0 0.31055555555555553 0.625 0.11 0.6189655172413793
1 0.4033333333333333 0.34913793103448276 0.044444444444444446 0.08103448275862069
0 0.4061111111111111 0.6155172413793103 0.10555555555555556 0.6413793103448275
1 0.505 0.3275862068965517 0.04777777777777778 0.0896551724137931
0 0.5072222222222222 0.6077586206896551 0.13 0.6672413793103448
1 0.6055555555555555 0.3439655172413793 0.042222222222222223 0.07758620689655173
0 0.6155555555555555 0.621551724137931 0.10888888888888888 0.656896551724138
1 0.6966666666666667 0.35258620689655173 0.044444444444444446 0.08103448275862069
0 0.7016666666666667 0.6155172413793103 0.10777777777777778 0.6413793103448275
1 0.805 0.3629310344827586 0.043333333333333335 0.08793103448275862
0 0.8038888888888889 0.621551724137931 0.12111111111111111 0.6189655172413793
1 0.8866666666666667 0.35344827586206895 0.044444444444444446 0.08620689655172414
0 0.8961111111111111 0.6224137931034482 0.10777777777777778 0.6517241379310345
1 0.7627777777777778 0.30775862068965515 0.04555555555555556 0.08793103448275862
0 0.7694444444444445 0.5810344827586207 0.12555555555555556 0.6482758620689655
1 0.6122222222222222 0.27586206896551724 0.044444444444444446 0.08275862068965517
0 0.615 0.5525862068965517 0.1322222222222222 0.656896551724138
1 0.45444444444444443 0.3137931034482759 0.04 0.07586206896551724
0 0.45 0.5698275862068966 0.10444444444444445 0.6120689655172413
1 0.3616666666666667 0.33017241379310347 0.043333333333333335 0.08103448275862069
0 0.3611111111111111 0.5879310344827586 0.11333333333333333 0.6241379310344828
1 0.25555555555555554 0.29224137931034483 0.044444444444444446 0.08793103448275862
0 0.2544444444444444 0.5672413793103448 0.13333333333333333 0.6482758620689655