1 0.08291666666666667 0.6525 0.034166666666666665 0.0575
0 0.06916666666666667 0.77875 0.10166666666666667 0.3175
1 0.125 0.585 0.02666666666666667 0.05
0 0.12125 0.715 0.0625 0.3175
1 0.1575 0.6675 0.03 0.05
0 0.15375 0.790625 0.0825 0.30375
1 0.19291666666666665 0.585 0.0275 0.05
0 0.1875 0.71625 0.08166666666666667 0.32
1 0.21583333333333332 0.570625 0.028333333333333332 0.05125
0 0.21208333333333335 0.70875 0.07583333333333334 0.33
1 0.24833333333333332 0.581875 0.028333333333333332 0.05125
0 0.24291666666666667 0.745625 0.08583333333333333 0.38375
1 0.24041666666666667 0.665625 0.0325 0.05875
0 0.23166666666666666 0.784375 0.08666666666666667 0.30375
1 0.29 0.5425 0.028333333333333332 0.0475
0 0.29291666666666666 0.65625 0.06583333333333333 0.2775
1 0.30666666666666664 0.591875 0.02666666666666667 0.05375
0 0.2975 0.716875 0.07 0.30625
1 0.30541666666666667 0.665 0.0325 0.0525
0 0.30666666666666664 0.8 0.07833333333333334 0.3275
1 0.385 0.665 0.03166666666666667 0.055
0 0.38416666666666666 0.79 0.07166666666666667 0.32
1 0.45416666666666666 0.680625 0.03 0.05625
0 0.4508333333333333 0.801875 0.075 0.30375
1 0.5304166666666666 0.67875 0.029166666666666667 0.0575
0 0.5341666666666667 0.800625 0.07833333333333334 0.31125
1 0.61125 0.685 0.029166666666666667 0.0525
0 0.6108333333333333 0.79625 0.08 0.285
1 0.68125 0.666875 0.0325 0.05125
0 0.6804166666666667 0.79 0.08083333333333333 0.305
1 0.7491666666666666 0.67875 0.03166666666666667 0.0525
0 0.7520833333333333 0.803125 0.07916666666666666 0.31125
1 0.8166666666666667 0.69625 0.03 0.055
0 0.8225 0.80375 0.07666666666666666 0.2775
1 0.91375 0.620625 0.029166666666666667 0.05625
0 0.9158333333333334 0.78375 0.07 0.385
1 0.8583333333333333 0.59875 0.03 0.05
0 0.86 0.7225 0.06833333333333333 0.305
1 0.7983333333333333 0.589375 0.028333333333333332 0.05125
0 0.7991666666666667 0.7125 0.07 0.305
1 0.7383333333333333 0.596875 0.025 0.04625
0 0.7395833333333334 0.71625 0.0625 0.295
1 0.7133333333333334 0.574375 0.02666666666666667 0.05125
0 0.7120833333333333 0.711875 0.0625 0.33125
1 0.6858333333333333 0.571875 0.02666666666666667 0.04875
0 0.6858333333333333 0.728125 0.075 0.37125
1 0.6416666666666667 0.575 0.025 0.0475
0 0.6416666666666667 0.71625 0.06666666666666667 0.335
1 0.615 0.585 0.02666666666666667 0.055
0 0.6125 0.724375 0.07 0.33375
1 0.57 0.541875 0.025 0.04125
0 0.5629166666666666 0.669375 0.08083333333333333 0.29875
1 0.55375 0.5675 0.029166666666666667 0.055
0 0.5495833333333333 0.68375 0.06916666666666667 0.29
1 0.51125 0.595 0.029166666666666667 0.05
0 0.5133333333333333 0.728125 0.06833333333333333 0.31875
1 0.5004166666666666 0.554375 0.0275 0.04625
0 0.4970833333333333 0.65375 0.06583333333333333 0.2475
1 0.47375 0.546875 0.024166666666666666 0.04875
0 0.475 0.6525 0.056666666666666664 0.2675
1 0.4575 0.595625 0.02666666666666667 0.05125
0 0.45708333333333334 0.706875 0.0675 0.28125
1 0.41375 0.56375 0.029166666666666667 0.0525
0 0.4125 0.71375 0.07 0.355
1 0.4354166666666667 0.53875 0.024166666666666666 0.0425
0 0.4325 0.66625 0.056666666666666664 0.3025
1 0.3775 0.538125 0.025 0.05125
0 0.3779166666666667 0.67625 0.059166666666666666 0.3375
1 0.3570833333333333 0.575 0.0275 0.05
0 0.3575 0.724375 0.07333333333333333 0.36625
1 0.33416666666666667 0.57375 0.02666666666666667 0.0525
0 0.33208333333333334 0.69625 0.060833333333333336 0.305