1 0.5283333333333333 0.16375 0.023333333333333334 0.0425
0 0.5283333333333333 0.275 0.056666666666666664 0.275
1 0.44083333333333335 0.19875 0.03166666666666667 0.0525
0 0.4558333333333333 0.30875 0.085 0.3175
1 0.2125 0.2225 0.035 0.05
0 0.22416666666666665 0.40375 0.13166666666666665 0.4225
1 0.22583333333333333 0.20125 0.058333333333333334 0.0875
0 0.27 0.45625 0.17333333333333334 0.6175
1 0.33 0.2075 0.08333333333333333 0.145
0 0.3925 0.55875 0.24833333333333332 0.8625
1 0.37833333333333335 0.20625 0.09666666666666666 0.1625
0 0.4658333333333333 0.55625 0.33166666666666667 0.8875
1 0.585 0.15 0.05 0.09
0 0.5858333333333333 0.405 0.14833333333333334 0.61
1 0.6441666666666667 0.145 0.025 0.045
0 0.6483333333333333 0.26875 0.06666666666666667 0.3025
1 0.7116666666666667 0.12 0.03 0.05
0 0.7141666666666666 0.26125 0.075 0.3475
1 0.7341666666666666 0.08625 0.021666666666666667 0.0325
0 0.7325 0.1775 0.04833333333333333 0.22
1 0.7658333333333334 0.07375 0.03166666666666667 0.0525
0 0.7741666666666667 0.22875 0.085 0.3725
1 0.8091666666666667 0.1 0.065 0.115
0 0.7916666666666666 0.3825 0.22333333333333333 0.71
1 0.8583333333333333 0.07875 0.03 0.0425
0 0.8616666666666667 0.17125 0.04666666666666667 0.2525
1 0.8733333333333333 0.15375 0.05333333333333334 0.0725
0 0.8975 0.355 0.14166666666666666 0.5
1 0.9316666666666666 0.07 0.05333333333333334 0.085
0 0.9183333333333333 0.295 0.14666666666666667 0.56