1 0.237927292457949 0.3048 0.04720564297341291 0.1024
0 0.23440043407487793 0.586 0.1562669560499186 0.684
1 0.3355941399891481 0.276 0.04503526858383071 0.0896
0 0.3228431904503527 0.5444 0.1475854584915898 0.6344
1 0.4430276722734672 0.2944 0.05805751492132393 0.0992
0 0.43841562669560497 0.5888 0.16494845360824742 0.6896
1 0.5491047205642974 0.2592 0.04666304937601736 0.0816
0 0.5526315789473685 0.532 0.13402061855670103 0.64
1 0.6247965274009767 0.276 0.05588714053174173 0.1072
0 0.6307650569723278 0.5624 0.15463917525773196 0.6896
1 0.6706456863809007 0.2092 0.03906673901247965 0.0872
0 0.6776994031470429 0.448 0.15084102007596312 0.5888
1 0.5013564839934889 0.2656 0.03689636462289745 0.0672
0 0.49972870320130225 0.476 0.09766684753119913 0.5424
1 0.3448182311448725 0.1864 0.04286489419424851 0.0768
0 0.3578404774823657 0.4064 0.11882799782962561 0.52
1 0.35919696147585456 0.1196 0.033640803038524146 0.0616
0 0.35485621269669015 0.2976 0.10309278350515463 0.4336
1 0.45740640260444926 0.134 0.032555615843733045 0.0744
0 0.4508952794357027 0.3272 0.11502984264785676 0.4752
1 0.6134020618556701 0.1492 0.0352685838307108 0.0712
0 0.6166576234400434 0.3744 0.12099837221920781 0.5312
1 0.6833966359196961 0.0912 0.0352685838307108 0.0672
0 0.6836679327183939 0.3284 0.10960390667390124 0.548
1 0.5488334237655995 0.0948 0.02984264785675529 0.0648
0 0.5488334237655995 0.284 0.09603906673901248 0.4592
1 0.5203472599023331 0.1224 0.026044492674986434 0.0512
0 0.5200759631036354 0.2708 0.08301682040151927 0.3704