1 0.82625 0.34681697612732093 0.004166666666666667 0.006631299734748011
0 0.8275 0.3660477453580902 0.01 0.05570291777188329
1 0.8216666666666667 0.37002652519893897 0.01 0.050397877984084884
0 0.8216666666666667 0.37002652519893897 0.01 0.050397877984084884
1 0.7525 0.3879310344827586 0.015 0.0623342175066313
0 0.7525 0.3879310344827586 0.015 0.0623342175066313
1 0.07291666666666667 0.4290450928381963 0.06583333333333333 0.1206896551724138
0 0.09916666666666667 0.6790450928381963 0.19833333333333333 0.6419098143236074
1 0.20875 0.44761273209549074 0.059166666666666666 0.1206896551724138
0 0.21125 0.6836870026525199 0.1575 0.6326259946949602
1 0.265 0.4482758620689655 0.07166666666666667 0.14854111405835543
0 0.24708333333333332 0.6770557029177718 0.1525 0.6458885941644562
1 0.36125 0.4383289124668435 0.059166666666666666 0.1286472148541114
0 0.3725 0.6783819628647215 0.17333333333333334 0.6432360742705571
1 0.43333333333333335 0.3209549071618037 0.055 0.1246684350132626
0 0.4345833333333333 0.6240053050397878 0.1475 0.7519893899204244
1 0.5341666666666667 0.3421750663129973 0.06833333333333333 0.13793103448275862
0 0.5358333333333334 0.6319628647214854 0.155 0.7360742705570292
1 0.6745833333333333 0.48010610079575594 0.06416666666666666 0.1220159151193634
0 0.6620833333333334 0.6850132625994695 0.17083333333333334 0.629973474801061
1 0.7858333333333334 0.36273209549071617 0.07333333333333333 0.14456233421750664
0 0.74875 0.6412466843501327 0.2841666666666667 0.7175066312997348
1 0.9404166666666667 0.2891246684350133 0.08416666666666667 0.15119363395225463
0 0.9220833333333334 0.6047745358090185 0.15583333333333332 0.7904509283819628