1 0.172265625 0.3380208333333333 0.06796875 0.12395833333333334
0 0.12265625 0.6359375 0.2453125 0.728125
1 0.308203125 0.35052083333333334 0.06484375 0.103125
0 0.284375 0.646875 0.196875 0.70625
1 0.387890625 0.3765625 0.06328125 0.09895833333333333
0 0.379296875 0.6364583333333333 0.12265625 0.6354166666666666
1 0.43984375 0.39010416666666664 0.0609375 0.10520833333333333
0 0.421875 0.659375 0.234375 0.6645833333333333
1 0.7265625 0.3671875 0.08125 0.13229166666666667
0 0.823046875 0.6442708333333333 0.30703125 0.7114583333333333
1 0.658203125 0.4005208333333333 0.07734375 0.121875
0 0.72890625 0.665625 0.3359375 0.66875
1 0.600390625 0.3567708333333333 0.06015625 0.11145833333333334
0 0.6125 0.6255208333333333 0.1546875 0.6552083333333333
1 0.51328125 0.37083333333333335 0.0640625 0.1
0 0.519921875 0.6119791666666666 0.15234375 0.7010416666666667
1 0.84375 0.28125 0.0578125 0.10625
0 0.87109375 0.5739583333333333 0.21875 0.7145833333333333
1 0.653515625 0.28125 0.06171875 0.09166666666666666
0 0.741796875 0.5177083333333333 0.28359375 0.58125
1 0.6015625 0.21614583333333334 0.046875 0.08645833333333333
0 0.623046875 0.46979166666666666 0.18828125 0.6145833333333334
1 0.44453125 0.275 0.0515625 0.07916666666666666
0 0.443359375 0.49895833333333334 0.12578125 0.5354166666666667
1 0.38515625 0.2703125 0.046875 0.07604166666666666
0 0.37265625 0.48854166666666665 0.109375 0.5145833333333333