1 0.049301561216105176 0.29635258358662614 0.09860312243221035 0.24316109422492402
0 0.0924404272801972 0.5828267477203647 0.1848808545603944 0.8343465045592705
1 0.9969186524239935 0.3252279635258359 0.006162695152013147 0.0972644376899696
0 0.9619967132292523 0.6143617021276596 0.07600657354149548 0.6861702127659575
1 0.9083812654067379 0.3924772036474164 0.03286770747740345 0.07674772036474165
0 0.9016023007395234 0.5911854103343465 0.10065735414954807 0.5
1 0.9350862777321282 0.40425531914893614 0.0238290879211175 0.05167173252279635
0 0.9354971240755957 0.5600303951367781 0.05751848808545604 0.3799392097264438
1 0.885784716516023 0.3677811550151976 0.02629416598192276 0.06382978723404255
0 0.8864009860312243 0.5497720364741642 0.07929334428923583 0.4399696048632219
1 0.7857436318816763 0.4228723404255319 0.02341824157764996 0.06610942249240122
0 0.7888249794576828 0.5737082066869301 0.09120788824979457 0.41033434650455924
1 0.8196384552177486 0.4316109422492401 0.009860312243221035 0.02127659574468085
0 0.8202547247329499 0.4859422492401216 0.025883319638455218 0.1405775075987842
1 0.8186113393590797 0.4107142857142857 0.009449465899753493 0.020516717325227963
0 0.815735414954807 0.4684650455927052 0.03327855382087099 0.14361702127659576
1 0.7633525061626951 0.4228723404255319 0.009860312243221035 0.018996960486322188
0 0.7637633525061627 0.4722644376899696 0.027115858668857847 0.12689969604863222
1 0.7259654889071487 0.41527355623100304 0.009038619556285949 0.017477203647416412
0 0.7263763352506163 0.4745440729483283 0.02875924404272802 0.14361702127659576
1 0.688783894823336 0.4316109422492401 0.0078060805258833195 0.0182370820668693
0 0.6877567789646672 0.46998480243161095 0.018077239112571898 0.10106382978723404
1 0.6715283483976993 0.4228723404255319 0.010271158586688579 0.020516717325227963
0 0.668241577649959 0.4806231003039514 0.024239934264585046 0.15121580547112462
1 0.6526294165981923 0.41527355623100304 0.009449465899753493 0.023556231003039513
0 0.6497534921939194 0.4889817629179331 0.04067378800328677 0.18009118541033434
1 0.7142563681183237 0.4297112462006079 0.006162695152013147 0.014437689969604863
0 0.7132292522596549 0.46504559270516715 0.014790468364831553 0.09574468085106383
1 0.616885784716516 0.42401215805471126 0.0045193097781429745 0.010638297872340425
0 0.6154478225143796 0.45592705167173253 0.018898931799506986 0.0790273556231003
1 0.597986852917009 0.428951367781155 0.005341002465078061 0.011398176291793313
0 0.5996302382908792 0.45706686930091184 0.019309778142974528 0.07066869300911854
1 0.5864831552999178 0.42211246200607905 0.005341002465078061 0.011398176291793313
0 0.5864831552999178 0.4513677811550152 0.015201314708299097 0.07446808510638298
1 0.5934675431388661 0.43047112462006076 0.0045193097781429745 0.009878419452887538
0 0.5953163516844701 0.45706686930091184 0.015612161051766639 0.067629179331307
1 0.6216105176663927 0.42819148936170215 0.0049301561216105174 0.009878419452887538
0 0.6218159408381265 0.45782674772036475 0.010271158586688579 0.07218844984802432
1 0.6263352506162695 0.42325227963525835 0.0045193097781429745 0.00911854103343465
0 0.626746096959737 0.4555471124620061 0.013557929334428924 0.07826747720364742
1 0.6370172555464256 0.4380699088145897 0.005341002465078061 0.009878419452887538
0 0.6345521774856204 0.4635258358662614 0.013557929334428924 0.06382978723404255
1 0.6889893179950698 0.4175531914893617 0.004108463434675432 0.008358662613981762
0 0.6900164338537387 0.4601063829787234 0.020131470829909615 0.09954407294832827
1 0.7255546425636812 0.4198328267477204 0.008216926869350863 0.014437689969604863
0 0.7230895645028759 0.4684650455927052 0.01725554642563681 0.11322188449848024
1 0.34285127362366474 0.42857142857142855 0.0036976170912078883 0.007598784194528876
0 0.34346754313886607 0.4399696048632219 0.007395234182415777 0.03343465045592705
1 0.5002054231717338 0.4236322188449848 0.0045193097781429745 0.009878419452887538
0 0.5041084634346754 0.44832826747720367 0.018077239112571898 0.06231003039513678
1 0.5289646672144618 0.42249240121580545 0.005341002465078061 0.010638297872340425
0 0.5295809367296631 0.4433890577507599 0.009860312243221035 0.05547112462006079
1 0.5289646672144618 0.4217325227963526 0.0045193097781429745 0.010638297872340425
0 0.528759244042728 0.4411094224924012 0.012325390304026294 0.053951367781155016
1 0.5581347576006573 0.425531914893617 0.0036976170912078883 0.007598784194528876
0 0.55936729663106 0.44034954407294835 0.009449465899753493 0.04027355623100304
1 0.5842235004108464 0.42515197568389057 0.004108463434675432 0.006838905775075988
0 0.5840180772391126 0.4471884498480243 0.008627773212818405 0.06155015197568389
1 0.6107230895645028 0.4297112462006079 0.0045193097781429745 0.009878419452887538
0 0.6113393590797042 0.45592705167173253 0.010682004930156122 0.06534954407294832
1 0.33463434675431386 0.42401215805471126 0.0036976170912078883 0.007598784194528876
0 0.3338126540673788 0.43617021276595747 0.010271158586688579 0.037993920972644375