1 0.055338541666666664 0.3771186440677966 0.014322916666666666 0.025423728813559324
0 0.052734375 0.4353813559322034 0.02734375 0.1504237288135593
1 0.011067708333333334 0.3781779661016949 0.01171875 0.023305084745762712
0 0.016927083333333332 0.4396186440677966 0.033854166666666664 0.1504237288135593
1 0.955078125 0.6896186440677966 0.06380208333333333 0.13347457627118645
0 0.9290364583333334 0.8103813559322034 0.14192708333333334 0.3792372881355932
1 0.3723958333333333 0.4872881355932203 0.028645833333333332 0.046610169491525424
0 0.3743489583333333 0.6324152542372882 0.06380208333333333 0.3495762711864407
1 0.4055989583333333 0.4957627118644068 0.022135416666666668 0.05084745762711865
0 0.3997395833333333 0.6313559322033898 0.041666666666666664 0.3347457627118644
1 0.4290364583333333 0.5010593220338984 0.02734375 0.048728813559322036
0 0.427734375 0.6324152542372882 0.08723958333333333 0.3156779661016949
1 0.470703125 0.5 0.022135416666666668 0.038135593220338986
0 0.451171875 0.6345338983050848 0.06380208333333333 0.3156779661016949
1 0.4713541666666667 0.5010593220338984 0.018229166666666668 0.03177966101694915
0 0.4720052083333333 0.6440677966101694 0.07161458333333333 0.3305084745762712
1 0.5436197916666666 0.4915254237288136 0.01953125 0.03389830508474576
0 0.544921875 0.6239406779661016 0.07682291666666667 0.3156779661016949
1 0.333984375 0.5021186440677966 0.029947916666666668 0.0423728813559322
0 0.3372395833333333 0.6567796610169492 0.10677083333333333 0.3728813559322034