1 0.6565384615384615 0.21577847439916406 0.07307692307692308 0.1180773249738767
0 0.5938461538461538 0.4952978056426332 0.30615384615384617 0.723092998955068
1 0.29846153846153844 0.1922675026123302 0.06923076923076923 0.13584117032392895
0 0.2723076923076923 0.4952978056426332 0.4230769230769231 0.8171368861024033
1 0.7953846153846154 0.11180773249738767 0.046153846153846156 0.06896551724137931
0 0.7973076923076923 0.30929989550679204 0.11461538461538462 0.4890282131661442
1 0.9411538461538461 0.13636363636363635 0.03307692307692308 0.055381400208986416
0 0.9365384615384615 0.2878787878787879 0.08076923076923077 0.3667711598746082
1 0.8742307692307693 0.1426332288401254 0.03769230769230769 0.06374085684430512
0 0.8688461538461538 0.2836990595611285 0.08538461538461538 0.3605015673981191
1 0.02346153846153846 0.09456635318704285 0.031538461538461536 0.047021943573667714
0 0.035 0.2392894461859979 0.07 0.34273772204806685
1 0.07730769230769231 0.09717868338557993 0.03 0.04597701149425287
0 0.08346153846153846 0.2309299895506792 0.07769230769230769 0.3490073145245559
1 0.52 0.1724137931034483 0.02923076923076923 0.04597701149425287
0 0.5119230769230769 0.27011494252873564 0.057692307692307696 0.24555903866248693
1 0.43423076923076925 0.13584117032392895 0.03307692307692308 0.05851619644723093
0 0.4469230769230769 0.26384535005224663 0.07692307692307693 0.322884012539185
1 0.3976923076923077 0.13793103448275862 0.027692307692307693 0.04179728317659352
0 0.39884615384615385 0.26750261233019856 0.07153846153846154 0.3113897596656217
1 0.47423076923076923 0.07053291536050156 0.03 0.04075235109717868
0 0.4723076923076923 0.19435736677115986 0.06307692307692307 0.296760710553814
1 0.9826923076923076 0.2727272727272727 0.03461538461538462 0.40752351097178685
0 0.9826923076923076 0.2727272727272727 0.03461538461538462 0.40752351097178685
1 0.9684615384615385 0.08150470219435736 0.03230769230769231 0.054336468129571575
0 0.9642307692307692 0.2413793103448276 0.07153846153846154 0.3719958202716823
1 0.8930769230769231 0.08881922675026123 0.04 0.06269592476489028
0 0.8819230769230769 0.21577847439916406 0.09307692307692307 0.4315569487983281
1 0.9246153846153846 0.05956112852664577 0.036923076923076927 0.0522466039707419
0 0.9230769230769231 0.18808777429467086 0.07538461538461538 0.3406478578892372
1 0.9711538461538461 0.047021943573667714 0.03923076923076923 0.0522466039707419
0 0.9692307692307692 0.1812957157784744 0.06153846153846154 0.34796238244514105
1 0.7557692307692307 0.13061650992685475 0.03769230769230769 0.05851619644723093
0 0.7673076923076924 0.27481713688610243 0.10846153846153846 0.35318704284221525
1 0.8115384615384615 0.10397074190177638 0.033846153846153845 0.055381400208986416
0 0.8073076923076923 0.23772204806687566 0.08076923076923077 0.3437826541274817
1 0.8442307692307692 0.08045977011494253 0.02846153846153846 0.050156739811912224
0 0.8369230769230769 0.23145245559038663 0.06615384615384616 0.3625914315569488
1 0.686923076923077 0.1206896551724138 0.038461538461538464 0.051201671891327065
0 0.688076923076923 0.26750261233019856 0.09 0.35318704284221525
1 0.6223076923076923 0.10867293625914315 0.03076923076923077 0.050156739811912224
0 0.6176923076923077 0.25914315569487983 0.09538461538461539 0.3657262277951933
1 0.5834615384615385 0.08725182863113898 0.03 0.04493207941483804
0 0.5773076923076923 0.22675026123301986 0.07461538461538461 0.33019853709508884
1 0.6753846153846154 0.07210031347962383 0.033846153846153845 0.0438871473354232
0 0.6573076923076923 0.18443051201671892 0.09153846153846154 0.3605015673981191
1 0.7438461538461538 0.08725182863113898 0.03538461538461538 0.04493207941483804
0 0.7392307692307692 0.2283176593521421 0.08923076923076922 0.3437826541274817
1 0.5119230769230769 0.022988505747126436 0.03307692307692308 0.04597701149425287
0 0.5119230769230769 0.16823406478578892 0.05615384615384615 0.33646812957157785
1 0.43423076923076925 0.06739811912225706 0.02846153846153846 0.04075235109717868
0 0.4419230769230769 0.17972831765935215 0.06538461538461539 0.30094043887147337
1 0.38769230769230767 0.09404388714733543 0.026153846153846153 0.04179728317659352
0 0.38961538461538464 0.2173458725182863 0.07307692307692308 0.30094043887147337
1 0.37038461538461537 0.07889237199582028 0.02846153846153846 0.04911180773249739
0 0.37346153846153846 0.203239289446186 0.07461538461538461 0.3124346917450366
1 0.1280769230769231 0.09926854754440961 0.026923076923076925 0.04179728317659352
0 0.12 0.2413793103448276 0.08461538461538462 0.3343782654127482
1 0.49038461538461536 0.12434691745036573 0.03 0.0438871473354232
0 0.48384615384615387 0.24085684430512017 0.06153846153846154 0.2894461859979101
1 0.5265384615384615 0.10658307210031348 0.02846153846153846 0.04179728317659352
0 0.5226923076923077 0.2304075235109718 0.08076923076923077 0.30616509926854757
1 0.5553846153846154 0.09247648902821316 0.02923076923076923 0.047021943573667714
0 0.5538461538461539 0.1896551724137931 0.06923076923076923 0.2831765935214211
1 0.5526923076923077 0.08986415882967608 0.025384615384615384 0.04179728317659352
0 0.5484615384615384 0.1980146290491118 0.06 0.2664576802507837
1 0.6169230769230769 0.07732497387669801 0.036923076923076927 0.054336468129571575
0 0.6061538461538462 0.19017763845350052 0.09384615384615384 0.28422152560083597
1 0.11423076923076923 0.08725182863113898 0.02076923076923077 0.038662486938349006
0 0.10576923076923077 0.19435736677115986 0.05615384615384615 0.25914315569487983