1 0.899 0.7886056971514243 0.014 0.0239880059970015
0 0.9015 0.8643178410794603 0.049 0.18440779610194902
1 0.8635 0.8065967016491754 0.013 0.0239880059970015
0 0.8705 0.8778110944527736 0.045 0.1724137931034483
1 0.8115 0.8058470764617691 0.015 0.022488755622188907
0 0.8165 0.8800599700149925 0.041 0.17691154422788605
1 0.784 0.828335832083958 0.016 0.025487256371814093
0 0.795 0.9055472263868066 0.056 0.1889055472263868
1 0.7605 0.8088455772113943 0.021 0.02848575712143928
0 0.7625 0.8950524737631185 0.075 0.2098950524737631
1 0.7245 0.8133433283358321 0.013 0.022488755622188907
0 0.7255 0.8905547226386806 0.039 0.18590704647676162
1 0.6975 0.8395802098950524 0.019 0.03298350824587706
0 0.7055 0.9092953523238381 0.053 0.18140929535232383
1 0.632 0.8290854572713643 0.02 0.03298350824587706
0 0.6345 0.9047976011994003 0.051 0.1904047976011994
1 0.6695 0.8260869565217391 0.013 0.0239880059970015
0 0.667 0.9032983508245878 0.038 0.17841079460269865
1 0.6005 0.8395802098950524 0.015 0.0239880059970015
0 0.6015 0.9092953523238381 0.035 0.1664167916041979
1 0.5155 0.8343328335832084 0.021 0.034482758620689655
0 0.5275 0.9055472263868066 0.069 0.1889055472263868
1 0.4375 0.8508245877061469 0.027 0.043478260869565216
0 0.435 0.9100449775112444 0.076 0.17991004497751126
1 0.561 0.848575712143928 0.01 0.014992503748125937
0 0.564 0.904047976011994 0.036 0.12893553223388307
1 0.578 0.843328335832084 0.01 0.01649175412293853
0 0.5815 0.8905547226386806 0.025 0.11394302848575712
1 0.457 0.8463268365817092 0.014 0.022488755622188907
0 0.4565 0.9122938530734632 0.029 0.1634182908545727
1 0.484 0.8515742128935532 0.012 0.020989505247376312
0 0.4855 0.9182908545727136 0.031 0.16041979010494753
1 0.3935 0.8673163418290855 0.009 0.01649175412293853
0 0.3945 0.9137931034482759 0.027 0.1184407796101949
1 0.3755 0.9017991004497751 0.019 0.08245877061469266
0 0.3755 0.9017991004497751 0.019 0.08245877061469266
1 0.342 0.8673163418290855 0.014 0.025487256371814093
0 0.342 0.9257871064467766 0.036 0.14842578710644677
1 0.295 0.856071964017991 0.016 0.026986506746626688
0 0.296 0.9197901049475262 0.044 0.16041979010494753
1 0.263 0.8710644677661169 0.014 0.020989505247376312
0 0.26 0.9287856071964018 0.036 0.1424287856071964
1 0.2235 0.8755622188905547 0.009 0.014992503748125937
0 0.22 0.9137931034482759 0.026 0.0944527736131934
1 0.198 0.8748125937031485 0.034 0.06146926536731634
0 0.1845 0.9205397301349325 0.093 0.15892053973013492
1 0.1375 0.881559220389805 0.019 0.035982008995502246
0 0.1405 0.9302848575712144 0.057 0.13943028485757122
1 0.1075 0.9010494752623688 0.011 0.017991004497751123
0 0.114 0.9422788605697151 0.04 0.11544227886056972
1 0.052 0.9017991004497751 0.012 0.022488755622188907
0 0.057 0.9452773613193404 0.038 0.10944527736131934
1 0.073 0.8800599700149925 0.008 0.014992503748125937
0 0.07 0.9152923538230885 0.024 0.09145427286356822
1 0.1215 0.8755622188905547 0.009 0.014992503748125937
0 0.1185 0.9115442278860569 0.019 0.095952023988006
1 0.317 0.8650674662668666 0.01 0.014992503748125937
0 0.314 0.9077961019490255 0.018 0.10644677661169415
1 0.329 0.868815592203898 0.012 0.01649175412293853
0 0.327 0.9130434782608695 0.026 0.11094452773613193
1 0.939 0.7841079460269865 0.01 0.014992503748125937
0 0.9405 0.8298350824587706 0.025 0.10944527736131934
1 0.8355 0.8095952023988006 0.011 0.014992503748125937
0 0.838 0.8598200899550225 0.022 0.13043478260869565
1 0.927 0.7968515742128935 0.008 0.013493253373313344
0 0.93 0.8403298350824587 0.026 0.10944527736131934
1 0.939 0.7856071964017991 0.008 0.01199400299850075
0 0.937 0.8260869565217391 0.024 0.09895052473763119
1 0.0445 0.8853073463268366 0.013 0.019490254872563718
0 0.033 0.9355322338830585 0.042 0.12893553223388307
1 0.0995 0.8785607196401799 0.011 0.017991004497751123
0 0.093 0.9295352323838081 0.04 0.13493253373313344
1 0.0995 0.8770614692653673 0.011 0.017991004497751123
0 0.099 0.9295352323838081 0.03 0.12893553223388307
1 0.394 0.8703148425787106 0.01 0.01649175412293853
0 0.3955 0.9077961019490255 0.021 0.09745127436281859
1 0.4655 0.8523238380809596 0.011 0.022488755622188907
0 0.4645 0.9152923538230885 0.025 0.16041979010494753