1 0.6522222222222223 0.5385802469135802 0.044444444444444446 0.08333333333333333
0 0.6822222222222222 0.6589506172839507 0.24666666666666667 0.345679012345679
1 0.81 0.12422839506172839 0.03333333333333333 0.05401234567901234
0 0.8166666666666667 0.283179012345679 0.09555555555555556 0.38425925925925924
1 0.6127777777777778 0.11033950617283951 0.03 0.038580246913580245
0 0.6294444444444445 0.26851851851851855 0.11666666666666667 0.37962962962962965
1 0.6638888888888889 0.12191358024691358 0.01888888888888889 0.024691358024691357
0 0.6638888888888889 0.2183641975308642 0.06333333333333334 0.22376543209876543
1 0.3827777777777778 0.1257716049382716 0.027777777777777776 0.05401234567901234
0 0.3838888888888889 0.283179012345679 0.11888888888888889 0.375
1 0.43944444444444447 0.125 0.014444444444444444 0.021604938271604937
0 0.43722222222222223 0.19907407407407407 0.056666666666666664 0.18209876543209877
1 0.2722222222222222 0.1697530864197531 0.03333333333333333 0.06172839506172839
0 0.30277777777777776 0.3287037037037037 0.11444444444444445 0.3950617283950617
1 0.16111111111111112 0.20910493827160495 0.03111111111111111 0.044753086419753084
0 0.16833333333333333 0.3487654320987654 0.09444444444444444 0.3395061728395062
1 0.26055555555555554 0.1705246913580247 0.025555555555555557 0.038580246913580245
0 0.2738888888888889 0.31867283950617287 0.09 0.3441358024691358
1 0.31277777777777777 0.14814814814814814 0.01888888888888889 0.021604938271604937
0 0.31333333333333335 0.2152777777777778 0.05555555555555555 0.16203703703703703
1 0.20166666666666666 0.16820987654320987 0.012222222222222223 0.018518518518518517
0 0.1988888888888889 0.21373456790123457 0.035555555555555556 0.12191358024691358
1 0.21666666666666667 0.16358024691358025 0.006666666666666667 0.009259259259259259
0 0.21777777777777776 0.19135802469135801 0.028888888888888888 0.07407407407407407
1 0.12555555555555556 0.1712962962962963 0.006666666666666667 0.009259259259259259
0 0.12666666666666668 0.2006172839506173 0.02666666666666667 0.07407407407407407
1 0.1 0.2006172839506173 0.017777777777777778 0.07098765432098765
0 0.1 0.2006172839506173 0.017777777777777778 0.07098765432098765