1 0.13307291666666668 0.7203703703703703 0.013020833333333334 0.018518518518518517
0 0.13333333333333333 0.799074074074074 0.0375 0.18888888888888888
1 0.17057291666666666 0.6759259259259259 0.0296875 0.06666666666666667
0 0.17369791666666667 0.8194444444444444 0.0890625 0.3611111111111111
1 0.23697916666666666 0.6509259259259259 0.03125 0.07037037037037037
0 0.23515625 0.8074074074074075 0.10572916666666667 0.3851851851851852
1 0.3734375 0.5143518518518518 0.05416666666666667 0.12685185185185185
0 0.3533854166666667 0.7208333333333333 0.22760416666666666 0.5583333333333333
1 0.4979166666666667 0.5791666666666667 0.03854166666666667 0.0787037037037037
0 0.48515625 0.7671296296296296 0.13072916666666667 0.46574074074074073
1 0.5549479166666667 0.6569444444444444 0.0359375 0.07685185185185185
0 0.55234375 0.8064814814814815 0.09427083333333333 0.387037037037037
1 0.59453125 0.7277777777777777 0.0328125 0.06851851851851852
0 0.571875 0.8444444444444444 0.11145833333333334 0.3111111111111111
1 0.71171875 0.5842592592592593 0.0671875 0.13703703703703704
0 0.7018229166666666 0.7541666666666667 0.21927083333333333 0.49166666666666664