1 0.5320833333333334 0.545 0.04083333333333333 0.075
0 0.5041666666666667 0.7275 0.16833333333333333 0.545
1 0.7095833333333333 0.6325 0.0525 0.0825
0 0.71375 0.791875 0.11583333333333333 0.41625
1 0.7283333333333334 0.63875 0.04 0.07
0 0.755 0.799375 0.1 0.40125
1 0.4245833333333333 0.58625 0.019166666666666665 0.035
0 0.42333333333333334 0.70375 0.06333333333333334 0.275
1 0.3570833333333333 0.566875 0.0225 0.03875
0 0.35291666666666666 0.683125 0.0675 0.27875
1 0.3145833333333333 0.554375 0.020833333333333332 0.03875
0 0.30083333333333334 0.674375 0.07166666666666667 0.28875
1 0.09666666666666666 0.570625 0.09333333333333334 0.16875
0 0.11166666666666666 0.738125 0.22333333333333333 0.52375