1 0.50625 0.0852803738317757 0.0109375 0.02336448598130841
0 0.513671875 0.14544392523364486 0.04296875 0.15070093457943926
1 0.496875 0.07126168224299065 0.0109375 0.02102803738317757
0 0.498046875 0.14077102803738317 0.03828125 0.16705607476635514
1 0.728515625 0.12091121495327103 0.02109375 0.03387850467289719
0 0.721484375 0.19509345794392524 0.06328125 0.1822429906542056
1 0.92734375 0.07827102803738317 0.0296875 0.056074766355140186
0 0.916796875 0.23773364485981308 0.11328125 0.39135514018691586
1 0.976171875 0.30957943925233644 0.04765625 0.08177570093457943
0 0.91875 0.5210280373831776 0.1625 0.5163551401869159
1 0.9453125 0.5449766355140186 0.0734375 0.11565420560747663
0 0.935546875 0.7406542056074766 0.12890625 0.5186915887850467
1 0.49453125 0.7353971962616822 0.0765625 0.14369158878504673
0 0.55859375 0.8276869158878505 0.26875 0.3446261682242991
1 0.098828125 0.5438084112149533 0.09765625 0.1483644859813084
0 0.172265625 0.727803738317757 0.34453125 0.544392523364486
1 0.38828125 0.4929906542056075 0.0484375 0.08411214953271028
0 0.417578125 0.7225467289719626 0.19296875 0.5549065420560748
1 0.45546875 0.4433411214953271 0.0453125 0.07827102803738317
0 0.490625 0.6985981308411215 0.1609375 0.6004672897196262
1 0.530859375 0.3078271028037383 0.03671875 0.06658878504672897
0 0.53828125 0.4678738317757009 0.153125 0.39369158878504673
1 0.43515625 0.2675233644859813 0.0265625 0.04906542056074766
0 0.4296875 0.4357476635514019 0.103125 0.3925233644859813
1 0.338671875 0.38901869158878505 0.04765625 0.07476635514018691
0 0.356640625 0.655373831775701 0.19453125 0.6401869158878505
1 0.341796875 0.3142523364485981 0.04453125 0.06542056074766354
0 0.3359375 0.48364485981308414 0.1859375 0.411214953271028
1 0.234765625 0.7073598130841121 0.04765625 0.07359813084112149
0 0.36953125 0.6845794392523364 0.3171875 0.3925233644859813
1 0.205859375 0.6244158878504673 0.04453125 0.0689252336448598
0 0.242578125 0.7248831775700935 0.18671875 0.35864485981308414
1 0.23046875 0.37792056074766356 0.04375 0.06658878504672897
0 0.2578125 0.5642523364485982 0.1828125 0.45794392523364486
1 0.2421875 0.31366822429906543 0.03125 0.052570093457943924
0 0.258203125 0.4725467289719626 0.12109375 0.39369158878504673
1 0.075390625 0.35689252336448596 0.04921875 0.08060747663551401
0 0.07578125 0.584696261682243 0.1359375 0.552570093457944
1 0.04921875 0.24591121495327103 0.04375 0.07126168224299065
0 0.062890625 0.4713785046728972 0.12578125 0.5105140186915887
1 0.831640625 0.08703271028037383 0.01796875 0.026869158878504672
0 0.830859375 0.1419392523364486 0.04609375 0.1413551401869159