1 0.40635838150289016 0.7633093525179856 0.024277456647398842 0.015827338129496403
0 0.4046242774566474 0.814748201438849 0.08323699421965318 0.12446043165467625
1 0.4982658959537572 0.7755395683453238 0.013872832369942197 0.008633093525179856
0 0.49653179190751445 0.8064748201438849 0.047398843930635835 0.07482014388489208
1 0.5682080924855492 0.7834532374100719 0.017341040462427744 0.014388489208633094
0 0.5676300578034682 0.820863309352518 0.048554913294797684 0.09064748201438849
1 0.6497109826589595 0.7802158273381294 0.016184971098265895 0.01223021582733813
0 0.6514450867052023 0.8237410071942446 0.05433526011560694 0.10071942446043165
1 0.6260115606936416 0.7848920863309352 0.021965317919075144 0.012949640287769784
0 0.6219653179190752 0.8237410071942446 0.04393063583815029 0.09352517985611511
1 0.7543352601156069 0.7877697841726619 0.019653179190751446 0.014388489208633094
0 0.7630057803468208 0.831294964028777 0.07861271676300578 0.10719424460431655
1 0.7034682080924856 0.787410071942446 0.015028901734104046 0.01223021582733813
0 0.7028901734104046 0.8219424460431655 0.03930635838150289 0.0856115107913669
1 0.7271676300578035 0.793884892086331 0.018497109826589597 0.01223021582733813
0 0.7277456647398844 0.8298561151079137 0.04277456647398844 0.08705035971223021
1 0.7757225433526012 0.7827338129496403 0.020809248554913295 0.012949640287769784
0 0.7820809248554913 0.8201438848920863 0.047398843930635835 0.09352517985611511
1 0.8433526011560694 0.7841726618705036 0.017341040462427744 0.012949640287769784
0 0.8439306358381503 0.823021582733813 0.05317919075144509 0.09352517985611511
1 0.21445086705202313 0.7730215827338129 0.010404624277456647 0.006474820143884892
0 0.22601156069364162 0.7974820143884892 0.04046242774566474 0.05971223021582734
1 0.1508670520231214 0.7726618705035971 0.008092485549132947 0.0057553956834532375
0 0.14682080924855492 0.7859712230215827 0.023121387283236993 0.03669064748201439
1 0.6745664739884393 0.7820143884892087 0.012716763005780347 0.008633093525179856
0 0.6722543352601156 0.8046762589928057 0.028901734104046242 0.05827338129496403
1 0.569364161849711 0.7838129496402878 0.017341040462427744 0.01223021582733813
0 0.5786127167630057 0.8133093525179856 0.07514450867052024 0.07410071942446043