1 0.951953125 0.6546762589928058 0.01796875 0.07194244604316546
0 0.958984375 0.7134292565947242 0.04921875 0.2038369304556355
1 0.9390625 0.5839328537170264 0.01875 0.06474820143884892
0 0.939453125 0.6618705035971223 0.03203125 0.2302158273381295
1 0.923046875 0.6211031175059952 0.01796875 0.0671462829736211
0 0.9234375 0.7026378896882494 0.04375 0.23501199040767387
1 0.943359375 0.3645083932853717 0.01796875 0.0671462829736211
0 0.946875 0.5347721822541966 0.05 0.42685851318944845
1 0.9046875 0.4940047961630695 0.015625 0.05755395683453238
0 0.90703125 0.5815347721822542 0.040625 0.2517985611510791
1 0.903515625 0.3489208633093525 0.01484375 0.05995203836930456
0 0.90234375 0.5299760191846523 0.059375 0.4364508393285372
1 0.9 0.5815347721822542 0.0203125 0.05995203836930456
0 0.896875 0.6618705035971223 0.0390625 0.23980815347721823
1 0.886328125 0.6714628297362111 0.01796875 0.05755395683453238
0 0.8921875 0.7314148681055156 0.05 0.19664268585131894
1 0.881640625 0.5251798561151079 0.01953125 0.07673860911270983
0 0.883984375 0.6139088729016786 0.03671875 0.2685851318944844
1 0.859375 0.5191846522781774 0.021875 0.06954436450839328
0 0.858203125 0.6127098321342925 0.03671875 0.26618705035971224
1 0.86796875 0.3237410071942446 0.01875 0.06235011990407674
0 0.869921875 0.4592326139088729 0.04765625 0.34292565947242204
1 0.857421875 0.657074340527578 0.01796875 0.06235011990407674
0 0.86328125 0.7158273381294964 0.0359375 0.20863309352517986
1 0.846875 0.6258992805755396 0.015625 0.0671462829736211
0 0.84921875 0.6882494004796164 0.03125 0.21103117505995203
1 0.83046875 0.6342925659472423 0.0171875 0.06474820143884892
0 0.830078125 0.7062350119904077 0.04453125 0.2278177458033573
1 0.83046875 0.5227817745803357 0.0171875 0.06235011990407674
0 0.83203125 0.6127098321342925 0.034375 0.26139088729016785
1 0.826953125 0.4136690647482014 0.01484375 0.05995203836930456
0 0.828125 0.5011990407673861 0.0375 0.2589928057553957
1 0.843359375 0.35851318944844124 0.01640625 0.05995203836930456
0 0.844140625 0.49760191846522783 0.03046875 0.35251798561151076
1 0.811328125 0.31774580335731417 0.01953125 0.05515587529976019
0 0.8109375 0.4592326139088729 0.0453125 0.34772182254196643
1 0.800390625 0.4364508393285372 0.01484375 0.06235011990407674
0 0.79921875 0.5299760191846523 0.0328125 0.2637889688249401
1 0.80078125 0.5347721822541966 0.015625 0.06235011990407674
0 0.801171875 0.6247002398081535 0.04765625 0.2565947242206235
1 0.8125 0.5551558752997602 0.0171875 0.06474820143884892
0 0.813671875 0.6462829736211031 0.04140625 0.2709832134292566
1 0.790625 0.6810551558752997 0.0203125 0.05755395683453238
0 0.79296875 0.7517985611510791 0.053125 0.21342925659472423
1 0.753515625 0.6990407673860911 0.01796875 0.06954436450839328
0 0.755859375 0.7577937649880095 0.04921875 0.20623501199040767
1 0.775390625 0.5959232613908872 0.01796875 0.06954436450839328
0 0.77578125 0.6762589928057554 0.0375 0.23980815347721823
1 0.770703125 0.5227817745803357 0.01796875 0.05755395683453238
0 0.766796875 0.6067146282973621 0.03515625 0.24940047961630696
1 0.7765625 0.4244604316546763 0.0140625 0.05755395683453238
0 0.776953125 0.5215827338129496 0.03359375 0.26618705035971224
1 0.785546875 0.39448441247002397 0.01484375 0.05515587529976019
0 0.78359375 0.4940047961630695 0.025 0.2685851318944844
1 0.762109375 0.4052757793764988 0.01328125 0.05275779376498801
0 0.758203125 0.5011990407673861 0.02421875 0.2541966426858513
1 0.759765625 0.3405275779376499 0.01484375 0.05755395683453238
0 0.758984375 0.48201438848920863 0.03671875 0.3501199040767386
1 0.755078125 0.4304556354916067 0.01640625 0.06474820143884892
0 0.749609375 0.5371702637889688 0.03984375 0.302158273381295
1 0.728125 0.3105515587529976 0.015625 0.05995203836930456
0 0.72890625 0.4364508393285372 0.04375 0.3261390887290168
1 0.733984375 0.3645083932853717 0.01328125 0.05275779376498801
0 0.734375 0.4856115107913669 0.0328125 0.2997601918465228
1 0.733203125 0.38609112709832133 0.01640625 0.0671462829736211
0 0.726953125 0.5071942446043165 0.04296875 0.31414868105515587
1 0.721875 0.42805755395683454 0.015625 0.06474820143884892
0 0.72109375 0.5431654676258992 0.0359375 0.30935251798561153
1 0.73515625 0.5191846522781774 0.015625 0.05995203836930456
0 0.73671875 0.6067146282973621 0.0375 0.2541966426858513
1 0.74921875 0.6067146282973621 0.0140625 0.05275779376498801
0 0.74765625 0.6714628297362111 0.028125 0.2014388489208633
1 0.74140625 0.6438848920863309 0.0171875 0.06474820143884892
0 0.74375 0.7158273381294964 0.03125 0.2182254196642686
1 0.72421875 0.5863309352517986 0.015625 0.05995203836930456
0 0.722265625 0.6654676258992805 0.02734375 0.23261390887290168
1 0.719140625 0.645083932853717 0.01953125 0.07194244604316546
0 0.71953125 0.7170263788968825 0.04375 0.22062350119904076
1 0.710546875 0.605515587529976 0.01640625 0.05995203836930456
0 0.710546875 0.6834532374100719 0.03984375 0.2302158273381295
1 0.698828125 0.5671462829736211 0.01640625 0.05515587529976019
0 0.702734375 0.6510791366906474 0.03203125 0.2422062350119904
1 0.703125 0.5227817745803357 0.0171875 0.06235011990407674
0 0.720703125 0.6115107913669064 0.05859375 0.2541966426858513
1 0.698828125 0.39568345323741005 0.01796875 0.05755395683453238
0 0.687109375 0.526378896882494 0.04453125 0.3333333333333333
1 0.704296875 0.37290167865707435 0.01484375 0.05515587529976019
0 0.7 0.49160671462829736 0.034375 0.302158273381295
1 0.6859375 0.5371702637889688 0.015625 0.05755395683453238
0 0.688671875 0.6139088729016786 0.03671875 0.22062350119904076
1 0.67734375 0.5935251798561151 0.0140625 0.05995203836930456
0 0.678125 0.6594724220623501 0.0328125 0.20623501199040767
1 0.678515625 0.6714628297362111 0.01640625 0.06235011990407674
0 0.674609375 0.7326139088729017 0.05234375 0.19424460431654678
1 0.646875 0.6366906474820144 0.01875 0.05995203836930456
0 0.648046875 0.709832134292566 0.03984375 0.22062350119904076
1 0.6046875 0.6091127098321343 0.01875 0.07194244604316546
0 0.604296875 0.6942446043165468 0.04453125 0.2517985611510791
1 0.652734375 0.5623501199040767 0.01484375 0.06474820143884892
0 0.651953125 0.6606714628297362 0.03671875 0.2709832134292566
1 0.666015625 0.5323741007194245 0.01640625 0.06235011990407674
0 0.665625 0.6211031175059952 0.0265625 0.2541966426858513
1 0.641796875 0.5287769784172662 0.01328125 0.05995203836930456
0 0.64375 0.6235011990407674 0.040625 0.2685851318944844
1 0.623046875 0.5503597122302158 0.01796875 0.06954436450839328
0 0.619140625 0.6486810551558753 0.03984375 0.2805755395683453
1 0.5890625 0.5755395683453237 0.0171875 0.0671462829736211
0 0.59296875 0.6606714628297362 0.040625 0.2517985611510791
1 0.556640625 0.6151079136690647 0.01953125 0.05995203836930456
0 0.558984375 0.6870503597122302 0.03671875 0.20863309352517986
1 0.557421875 0.5287769784172662 0.01640625 0.05995203836930456
0 0.560546875 0.6223021582733813 0.03828125 0.2565947242206235
1 0.53359375 0.564748201438849 0.015625 0.05995203836930456
0 0.533984375 0.6546762589928058 0.03671875 0.2541966426858513
1 0.523828125 0.5095923261390888 0.01640625 0.06954436450839328
0 0.525390625 0.6103117505995204 0.03828125 0.27577937649880097
1 0.50234375 0.5515587529976019 0.015625 0.06235011990407674
0 0.501171875 0.6426858513189448 0.03203125 0.27817745803357313
1 0.479296875 0.5947242206235012 0.01484375 0.05755395683453238
0 0.480859375 0.6714628297362111 0.02890625 0.22541966426858512
1 0.465625 0.5899280575539568 0.015625 0.05755395683453238
0 0.46796875 0.6774580335731415 0.0390625 0.2565947242206235
1 0.44609375 0.5707434052757794 0.015625 0.05755395683453238
0 0.444921875 0.6594724220623501 0.03828125 0.2541966426858513
1 0.41640625 0.6163069544364509 0.0140625 0.05755395683453238
0 0.415625 0.6798561151079137 0.034375 0.21342925659472423
1 0.383203125 0.6127098321342925 0.01953125 0.06954436450839328
0 0.38671875 0.6798561151079137 0.034375 0.2182254196642686
1 0.356640625 0.6534772182254197 0.01484375 0.06474820143884892
0 0.359375 0.7062350119904077 0.03125 0.17985611510791366
1 0.33984375 0.592326139088729 0.0203125 0.05275779376498801
0 0.3453125 0.6750599520383693 0.040625 0.23261390887290168
1 0.3328125 0.5563549160671463 0.015625 0.05755395683453238
0 0.333203125 0.6438848920863309 0.03984375 0.24700239808153476
1 0.32109375 0.6019184652278178 0.015625 0.06235011990407674
0 0.321484375 0.6786570743405276 0.03359375 0.22541966426858512
1 0.293359375 0.5719424460431655 0.01796875 0.07434052757793765
0 0.294921875 0.6486810551558753 0.04765625 0.2997601918465228
1 0.280859375 0.5635491606714629 0.01015625 0.03836930455635491
0 0.280078125 0.6486810551558753 0.02890625 0.24700239808153476
1 0.269140625 0.5911270983213429 0.01796875 0.06954436450839328
0 0.266796875 0.6462829736211031 0.05390625 0.2997601918465228
1 0.262109375 0.48201438848920863 0.01484375 0.06235011990407674
0 0.2546875 0.6270983213429256 0.040625 0.2805755395683453
1 0.23515625 0.6282973621103117 0.0171875 0.0671462829736211
0 0.2375 0.6918465227817746 0.04375 0.2038369304556355
1 0.217578125 0.5863309352517986 0.01484375 0.05515587529976019
0 0.220703125 0.6618705035971223 0.03984375 0.23501199040767387
1 0.19296875 0.6199040767386091 0.015625 0.06474820143884892
0 0.193359375 0.6834532374100719 0.03828125 0.2014388489208633
1 0.1890625 0.564748201438849 0.0171875 0.06474820143884892
0 0.1953125 0.645083932853717 0.034375 0.23501199040767387
1 0.175 0.5815347721822542 0.015625 0.06474820143884892
0 0.173046875 0.6558752997601919 0.03515625 0.23741007194244604
1 0.14765625 0.63189448441247 0.0171875 0.06474820143884892
0 0.15 0.6906474820143885 0.0421875 0.19184652278177458
1 0.11875 0.6378896882494005 0.015625 0.05755395683453238
0 0.11640625 0.6942446043165468 0.0421875 0.18465227817745802
1 0.068359375 0.6774580335731415 0.01953125 0.06474820143884892
0 0.080078125 0.7206235011990407 0.04921875 0.1606714628297362
1 0.066796875 0.6019184652278178 0.01640625 0.05755395683453238
0 0.0640625 0.6678657074340527 0.0390625 0.2038369304556355
1 0.09765625 0.6079136690647482 0.015625 0.05515587529976019
0 0.09765625 0.670263788968825 0.03125 0.18944844124700239
1 0.126171875 0.5863309352517986 0.01484375 0.05515587529976019
0 0.1265625 0.6522781774580336 0.03125 0.2014388489208633
1 0.13828125 0.605515587529976 0.0140625 0.045563549160671464
0 0.1375 0.6594724220623501 0.025 0.2014388489208633
1 0.6640625 0.3369304556354916 0.015625 0.05995203836930456
0 0.66484375 0.4628297362110312 0.03125 0.3261390887290168
1 0.657421875 0.3609112709832134 0.01640625 0.05995203836930456
0 0.655859375 0.44004796163069543 0.05859375 0.3908872901678657
1 0.648828125 0.36211031175059955 0.00859375 0.03357314148681055
0 0.65078125 0.48081534772182255 0.0296875 0.2853717026378897
1 0.638671875 0.3920863309352518 0.01953125 0.06474820143884892
0 0.63671875 0.5035971223021583 0.0984375 0.2973621103117506
1 0.621484375 0.434052757793765 0.01484375 0.07194244604316546
0 0.623046875 0.5059952038369304 0.05546875 0.37410071942446044
1 0.6171875 0.33213429256594723 0.0140625 0.05515587529976019
0 0.616796875 0.46642685851318944 0.03671875 0.3333333333333333
1 0.617578125 0.3273381294964029 0.01171875 0.045563549160671464
0 0.61875 0.43884892086330934 0.040625 0.3501199040767386
1 0.625 0.3657074340527578 0.015625 0.05995203836930456
0 0.62578125 0.486810551558753 0.0296875 0.3117505995203837
1 0.582421875 0.40167865707434053 0.01640625 0.06954436450839328
0 0.5828125 0.5323741007194245 0.046875 0.3405275779376499
1 0.580859375 0.3609112709832134 0.01796875 0.05995203836930456
0 0.583203125 0.49760191846522783 0.04296875 0.3381294964028777
1 0.5546875 0.4352517985611511 0.0171875 0.06954436450839328
0 0.552734375 0.539568345323741 0.03671875 0.2973621103117506
1 0.537890625 0.43884892086330934 0.01484375 0.06235011990407674
0 0.540234375 0.5407673860911271 0.02890625 0.27577937649880097
1 0.524609375 0.44844124700239807 0.01484375 0.05755395683453238
0 0.5234375 0.526378896882494 0.0328125 0.35251798561151076
1 0.49453125 0.40167865707434053 0.015625 0.05995203836930456
0 0.49609375 0.4904076738609113 0.0515625 0.38609112709832133
1 0.471484375 0.4784172661870504 0.01640625 0.06954436450839328
0 0.4625 0.565947242206235 0.0484375 0.2589928057553957
1 0.465234375 0.43764988009592326 0.01015625 0.045563549160671464
0 0.466015625 0.526378896882494 0.03203125 0.23261390887290168
1 0.455078125 0.4316546762589928 0.01484375 0.05275779376498801
0 0.455078125 0.5251798561151079 0.03046875 0.2541966426858513
1 0.446875 0.4616306954436451 0.01875 0.05515587529976019
0 0.43359375 0.5515587529976019 0.0484375 0.2829736211031175
1 0.4359375 0.4616306954436451 0.0125 0.050359712230215826
0 0.4359375 0.5155875299760192 0.028125 0.2589928057553957
1 0.417578125 0.486810551558753 0.01171875 0.04316546762589928
0 0.41875 0.5407673860911271 0.0296875 0.2517985611510791
1 0.404296875 0.4856115107913669 0.01640625 0.05995203836930456
0 0.409765625 0.5863309352517986 0.03359375 0.2709832134292566
1 0.405859375 0.4304556354916067 0.01328125 0.050359712230215826
0 0.406640625 0.5155875299760192 0.02890625 0.23501199040767387
1 0.39375 0.473621103117506 0.0109375 0.0407673860911271
0 0.39453125 0.5419664268585132 0.0296875 0.2446043165467626
1 0.37890625 0.486810551558753 0.0140625 0.05275779376498801
0 0.37890625 0.5983213429256595 0.0375 0.290167865707434
1 0.366796875 0.5011990407673861 0.01328125 0.047961630695443645
0 0.367578125 0.5731414868105515 0.02890625 0.21103117505995203
1 0.367578125 0.4580335731414868 0.01640625 0.05755395683453238
0 0.36953125 0.5359712230215827 0.028125 0.2182254196642686
1 0.351171875 0.45083932853717024 0.01484375 0.06235011990407674
0 0.34921875 0.5611510791366906 0.034375 0.2973621103117506
1 0.339453125 0.473621103117506 0.01015625 0.0407673860911271
0 0.341796875 0.5575539568345323 0.02578125 0.2278177458033573
1 0.343359375 0.41007194244604317 0.01328125 0.05275779376498801
0 0.342578125 0.4952038369304556 0.02734375 0.2278177458033573
1 0.3046875 0.5215827338129496 0.0140625 0.050359712230215826
0 0.302734375 0.6139088729016786 0.03203125 0.2685851318944844
1 0.314453125 0.4832134292565947 0.01640625 0.05515587529976019
0 0.312890625 0.5815347721822542 0.02890625 0.26618705035971224
1 0.31953125 0.434052757793765 0.0140625 0.05275779376498801
0 0.320703125 0.539568345323741 0.02734375 0.2685851318944844
1 0.31640625 0.4064748201438849 0.0140625 0.045563549160671464
0 0.31640625 0.5011990407673861 0.0265625 0.2446043165467626
1 0.30234375 0.44964028776978415 0.0140625 0.05515587529976019
0 0.301171875 0.5347721822541966 0.02578125 0.23501199040767387
1 0.28984375 0.460431654676259 0.0140625 0.05755395683453238
0 0.291796875 0.5635491606714629 0.03515625 0.2733812949640288
1 0.28671875 0.407673860911271 0.0125 0.05755395683453238
0 0.2875 0.4880095923261391 0.0328125 0.2853717026378897
1 0.273828125 0.447242206235012 0.01484375 0.05995203836930456
0 0.27421875 0.5371702637889688 0.0265625 0.24940047961630696
1 0.26328125 0.48081534772182255 0.015625 0.05995203836930456
0 0.264453125 0.564748201438849 0.03046875 0.2278177458033573
1 0.26015625 0.4148681055155875 0.015625 0.05755395683453238
0 0.259375 0.5179856115107914 0.0328125 0.2733812949640288
1 0.237109375 0.4940047961630695 0.01484375 0.05275779376498801
0 0.236328125 0.5899280575539568 0.03203125 0.2637889688249401
1 0.226171875 0.46522781774580335 0.01484375 0.05755395683453238
0 0.228125 0.5539568345323741 0.0328125 0.2541966426858513
1 0.20625 0.48081534772182255 0.0140625 0.05515587529976019
0 0.207421875 0.5707434052757794 0.03515625 0.2541966426858513
1 0.207421875 0.4088729016786571 0.01328125 0.050359712230215826
0 0.209765625 0.46402877697841727 0.02734375 0.2853717026378897
1 0.229296875 0.4244604316546763 0.01484375 0.047961630695443645
0 0.231640625 0.5167865707434053 0.02890625 0.24700239808153476
1 0.2359375 0.3980815347721823 0.0140625 0.05755395683453238
0 0.232421875 0.45323741007194246 0.03671875 0.28776978417266186
1 0.198046875 0.420863309352518 0.01640625 0.05515587529976019
0 0.19921875 0.5335731414868106 0.0421875 0.2949640287769784
1 0.197265625 0.4196642685851319 0.01640625 0.06235011990407674
0 0.190625 0.511990407673861 0.0296875 0.2565947242206235
1 0.183984375 0.43764988009592326 0.01640625 0.05515587529976019
0 0.18203125 0.5275779376498801 0.0265625 0.23980815347721823
1 0.183203125 0.44004796163069543 0.01796875 0.05515587529976019
0 0.180078125 0.511990407673861 0.02421875 0.2422062350119904
1 0.164453125 0.4616306954436451 0.01328125 0.05515587529976019
0 0.1671875 0.5503597122302158 0.0296875 0.24700239808153476
1 0.161328125 0.4244604316546763 0.01328125 0.05275779376498801
0 0.163671875 0.513189448441247 0.03046875 0.2541966426858513
1 0.1421875 0.44364508393285373 0.015625 0.06235011990407674
0 0.140625 0.5551558752997602 0.0359375 0.30935251798561153
1 0.13515625 0.4064748201438849 0.0140625 0.05995203836930456
0 0.13515625 0.5275779376498801 0.0390625 0.3261390887290168
1 0.10546875 0.4184652278177458 0.0171875 0.06954436450839328
0 0.1046875 0.5347721822541966 0.04375 0.33093525179856115
1 0.094140625 0.3393285371702638 0.01640625 0.05515587529976019
0 0.09296875 0.5071942446043165 0.040625 0.40047961630695444
1 0.125 0.34292565947242204 0.015625 0.05755395683453238
0 0.12421875 0.4712230215827338 0.0359375 0.3237410071942446
1 0.1546875 0.3261390887290168 0.0171875 0.05755395683453238
0 0.154296875 0.4628297362110312 0.04296875 0.3405275779376499
1 0.1875 0.35251798561151076 0.0140625 0.05755395683453238
0 0.18671875 0.47961630695443647 0.034375 0.3261390887290168
1 0.225 0.3249400479616307 0.0140625 0.05515587529976019
0 0.22421875 0.4412470023980815 0.0375 0.29256594724220625
1 0.257421875 0.33093525179856115 0.01328125 0.05755395683453238
0 0.25859375 0.4412470023980815 0.0359375 0.29256594724220625
1 0.292578125 0.3237410071942446 0.01484375 0.05755395683453238
0 0.291796875 0.44844124700239807 0.03828125 0.3213429256594724
1 0.304296875 0.35851318944844124 0.01640625 0.06474820143884892
0 0.303515625 0.47721822541966424 0.02890625 0.3069544364508393
1 0.329296875 0.32973621103117506 0.01640625 0.05515587529976019
0 0.328125 0.46642685851318944 0.0390625 0.3333333333333333
1 0.351171875 0.36810551558752996 0.01640625 0.06474820143884892
0 0.346875 0.49160671462829736 0.0375 0.3261390887290168
1 0.365625 0.30815347721822545 0.0125 0.05515587529976019
0 0.36484375 0.42326139088729015 0.0265625 0.2949640287769784
1 0.37109375 0.3393285371702638 0.0125 0.05515587529976019
0 0.3703125 0.4364508393285372 0.025 0.2637889688249401
1 0.386328125 0.34172661870503596 0.01484375 0.05995203836930456
0 0.38515625 0.4568345323741007 0.0375 0.2997601918465228
1 0.4046875 0.3057553956834532 0.0125 0.050359712230215826
0 0.404296875 0.41007194244604317 0.03515625 0.2733812949640288
1 0.42578125 0.3513189448441247 0.0125 0.050359712230215826
0 0.4265625 0.4448441247002398 0.0359375 0.26139088729016785
1 0.439453125 0.2973621103117506 0.01328125 0.05275779376498801
0 0.4390625 0.4088729016786571 0.03125 0.2853717026378897
1 0.455859375 0.34652278177458035 0.01328125 0.05995203836930456
0 0.45546875 0.4616306954436451 0.0359375 0.2949640287769784
1 0.469921875 0.3393285371702638 0.01328125 0.05515587529976019
0 0.466796875 0.44364508393285373 0.03046875 0.27817745803357313
1 0.48515625 0.31774580335731417 0.0140625 0.050359712230215826
0 0.48671875 0.41606714628297364 0.03125 0.2517985611510791
1 0.495703125 0.3441247002398082 0.01484375 0.05515587529976019
0 0.494140625 0.460431654676259 0.03515625 0.29256594724220625
1 0.511328125 0.33213429256594723 0.01484375 0.05515587529976019
0 0.51328125 0.44364508393285373 0.0328125 0.28776978417266186
1 0.534765625 0.3441247002398082 0.01484375 0.06474820143884892
0 0.536328125 0.4580335731414868 0.03828125 0.302158273381295
1 0.5578125 0.3225419664268585 0.0140625 0.05515587529976019
0 0.5578125 0.42805755395683454 0.040625 0.2709832134292566
1 0.574609375 0.31774580335731417 0.01484375 0.06474820143884892
0 0.575390625 0.43285371702637887 0.04921875 0.2997601918465228