1 0.447265625 0.4703757225433526 0.013671875 0.02167630057803468
0 0.44677734375 0.513728323699422 0.0224609375 0.11705202312138728
1 0.458984375 0.46965317919075145 0.01171875 0.017341040462427744
0 0.45849609375 0.5166184971098265 0.0166015625 0.11416184971098266
1 0.484375 0.4602601156069364 0.009765625 0.01878612716763006
0 0.47705078125 0.513728323699422 0.0322265625 0.1315028901734104
1 0.4970703125 0.46459537572254334 0.009765625 0.01878612716763006
0 0.49658203125 0.5158959537572254 0.0263671875 0.13005780346820808
1 0.53173828125 0.48265895953757226 0.0107421875 0.017341040462427744
0 0.52880859375 0.528179190751445 0.0283203125 0.1199421965317919
1 0.548828125 0.48554913294797686 0.009765625 0.017341040462427744
0 0.54638671875 0.5325144508670521 0.0302734375 0.1199421965317919
1 0.5703125 0.48627167630057805 0.013671875 0.02167630057803468
0 0.572265625 0.5382947976878613 0.03125 0.1315028901734104
1 0.61962890625 0.5028901734104047 0.0107421875 0.017341040462427744
0 0.61572265625 0.5498554913294798 0.0322265625 0.1199421965317919
1 0.62646484375 0.5014450867052023 0.0126953125 0.02023121387283237
0 0.62353515625 0.5491329479768786 0.0244140625 0.12138728323699421
1 0.654296875 0.5202312138728323 0.01171875 0.014450867052023121
0 0.65185546875 0.5664739884393064 0.0224609375 0.11271676300578035
1 0.6787109375 0.5267341040462428 0.01171875 0.02167630057803468
0 0.67724609375 0.5700867052023122 0.0400390625 0.11416184971098266
1 0.6826171875 0.528179190751445 0.013671875 0.01878612716763006
0 0.685546875 0.5679190751445087 0.029296875 0.1069364161849711
1 0.7197265625 0.5390173410404624 0.009765625 0.02023121387283237
0 0.71826171875 0.5744219653179191 0.0263671875 0.0968208092485549
1 0.79931640625 0.5657514450867052 0.0107421875 0.015895953757225433
0 0.80322265625 0.5975433526011561 0.0224609375 0.08236994219653179
1 0.7529296875 0.5411849710982659 0.0078125 0.015895953757225433
0 0.74951171875 0.5736994219653179 0.0185546875 0.0953757225433526
1 0.78564453125 0.5802023121387283 0.0166015625 0.0968208092485549
0 0.78564453125 0.5802023121387283 0.0166015625 0.0968208092485549
1 0.8466796875 0.5635838150289018 0.009765625 0.014450867052023121
0 0.8447265625 0.6083815028901735 0.0234375 0.10982658959537572
1 0.9091796875 0.6488439306358381 0.013671875 0.02601156069364162
0 0.91162109375 0.7023121387283237 0.0400390625 0.13872832369942195
1 0.73583984375 0.6380057803468208 0.0107421875 0.015895953757225433
0 0.7373046875 0.6972543352601156 0.02734375 0.13728323699421965
1 0.73291015625 0.619942196531792 0.0107421875 0.017341040462427744
0 0.7314453125 0.6828034682080925 0.037109375 0.14884393063583815
1 0.5712890625 0.7073699421965318 0.013671875 0.01878612716763006
0 0.5556640625 0.7377167630057804 0.0546875 0.08815028901734104
1 0.5390625 0.7066473988439307 0.01171875 0.023121387283236993
0 0.544921875 0.7312138728323699 0.046875 0.0838150289017341
1 0.53955078125 0.7052023121387283 0.0146484375 0.023121387283236993
0 0.5302734375 0.7225433526011561 0.0546875 0.06358381502890173
1 0.56884765625 0.6697976878612717 0.0107421875 0.01878612716763006
0 0.56884765625 0.6965317919075145 0.0302734375 0.07514450867052024
1 0.53662109375 0.6755780346820809 0.0107421875 0.01878612716763006
0 0.53125 0.6958092485549133 0.033203125 0.06502890173410404
1 0.068359375 0.5997109826589595 0.015625 0.02023121387283237
0 0.06298828125 0.6546242774566474 0.0517578125 0.13872832369942195
1 0.2177734375 0.6242774566473989 0.021484375 0.06936416184971098
0 0.2177734375 0.6242774566473989 0.021484375 0.06936416184971098
1 0.18505859375 0.6242774566473989 0.0302734375 0.06936416184971098
0 0.18505859375 0.6242774566473989 0.0302734375 0.06936416184971098
1 0.14453125 0.5989884393063584 0.0078125 0.01300578034682081
0 0.142578125 0.634393063583815 0.02734375 0.0838150289017341
1 0.248046875 0.46170520231213874 0.009765625 0.015895953757225433
0 0.2470703125 0.49710982658959535 0.029296875 0.08959537572254335
1 0.24072265625 0.43352601156069365 0.0107421875 0.017341040462427744
0 0.2431640625 0.48121387283236994 0.033203125 0.11849710982658959
1 0.13720703125 0.444364161849711 0.0107421875 0.02167630057803468
0 0.13818359375 0.4841040462427746 0.0302734375 0.1069364161849711
1 0.185546875 0.4270231213872832 0.01171875 0.01878612716763006
0 0.1845703125 0.47471098265895956 0.029296875 0.12283236994219653
1 0.15771484375 0.43641618497109824 0.0087890625 0.017341040462427744
0 0.16064453125 0.4833815028901734 0.0244140625 0.11127167630057803
1 0.33544921875 0.45809248554913296 0.0107421875 0.02023121387283237
0 0.3349609375 0.49710982658959535 0.029296875 0.10115606936416185
1 0.9296875 0.6177745664739884 0.01171875 0.01878612716763006
0 0.93017578125 0.6632947976878613 0.0283203125 0.11560693641618497
1 0.37939453125 0.4486994219653179 0.0107421875 0.01878612716763006
0 0.37646484375 0.49421965317919075 0.0302734375 0.11560693641618497
1 0.400390625 0.467485549132948 0.009765625 0.015895953757225433
0 0.40185546875 0.5057803468208093 0.0263671875 0.0953757225433526