1 0.82568359375 0.19161184210526316 0.0498046875 0.11348684210526316
0 0.86474609375 0.5049342105263158 0.2705078125 0.7631578947368421
1 0.7060546875 0.21628289473684212 0.046875 0.11348684210526316
0 0.7275390625 0.5427631578947368 0.357421875 0.7730263157894737
1 0.75830078125 0.6381578947368421 0.0478515625 0.1118421052631579
0 0.7958984375 0.7886513157894737 0.17578125 0.42269736842105265
1 0.5947265625 0.2236842105263158 0.052734375 0.11513157894736842
0 0.55615234375 0.5501644736842105 0.2978515625 0.7713815789473685
1 0.36083984375 0.20230263157894737 0.0498046875 0.1118421052631579
0 0.34326171875 0.524671052631579 0.2314453125 0.7861842105263158
1 0.49755859375 0.6208881578947368 0.0458984375 0.12006578947368421
0 0.4912109375 0.7639802631578947 0.173828125 0.4720394736842105
1 0.32958984375 0.6233552631578947 0.0498046875 0.12171052631578948
0 0.33447265625 0.774671052631579 0.1455078125 0.4506578947368421
1 0.12744140625 0.6011513157894737 0.0615234375 0.1069078947368421
0 0.125 0.7598684210526315 0.19921875 0.48026315789473684
1 0.23828125 0.23766447368421054 0.056640625 0.11677631578947369
0 0.24609375 0.5518092105263158 0.126953125 0.7582236842105263
1 0.146484375 0.23355263157894737 0.05078125 0.11513157894736842
0 0.1328125 0.5509868421052632 0.154296875 0.7664473684210527