1 0.076171875 0.5110677083333334 0.1171875 0.19921875
0 0.162109375 0.7037760416666666 0.32421875 0.5924479166666666
1 0.2724609375 0.4446614583333333 0.099609375 0.17057291666666666
0 0.24755859375 0.6764322916666666 0.2744140625 0.6471354166666666
1 0.36865234375 0.3815104166666667 0.0849609375 0.140625
0 0.361328125 0.6399739583333334 0.2109375 0.7200520833333334
1 0.52734375 0.3444010416666667 0.076171875 0.13932291666666666
0 0.48876953125 0.6139322916666666 0.2451171875 0.69140625
1 0.6357421875 0.361328125 0.0859375 0.13151041666666666
0 0.59375 0.6328125 0.201171875 0.6848958333333334
1 0.70458984375 0.3736979166666667 0.0830078125 0.1640625
0 0.71435546875 0.63671875 0.2177734375 0.6953125
1 0.82861328125 0.4270833333333333 0.1181640625 0.19270833333333334
0 0.8134765625 0.662109375 0.255859375 0.67578125
1 0.93115234375 0.5052083333333334 0.1337890625 0.23177083333333334
0 0.88134765625 0.693359375 0.2373046875 0.61328125