1 0.917057902973396 0.1532258064516129 0.09076682316118936 0.13306451612903225
0 0.8912363067292645 0.5413306451612904 0.21752738654147105 0.9173387096774194
1 0.7464788732394366 0.17641129032258066 0.07198748043818466 0.11895161290322581
0 0.7574334898278561 0.501008064516129 0.18153364632237873 0.7883064516129032
1 0.607981220657277 0.20362903225806453 0.07042253521126761 0.12096774193548387
0 0.6165884194053208 0.4848790322580645 0.17214397496087636 0.6995967741935484
1 0.48826291079812206 0.21673387096774194 0.07198748043818466 0.12701612903225806
0 0.4890453834115806 0.501008064516129 0.17996870109546165 0.7237903225806451
1 0.33098591549295775 0.17137096774193547 0.07355242566510173 0.14112903225806453
0 0.33098591549295775 0.49193548387096775 0.18309859154929578 0.8306451612903226
1 0.1784037558685446 0.21774193548387097 0.07511737089201878 0.13306451612903225
0 0.16040688575899845 0.49899193548387094 0.19874804381846636 0.7358870967741935
1 0.16666666666666666 0.5151209677419355 0.09546165884194054 0.15524193548387097
0 0.1486697965571205 0.7116935483870968 0.25039123630672927 0.5766129032258065
1 0.38341158059467917 0.4899193548387097 0.09702660406885759 0.16532258064516128
0 0.3794992175273865 0.6975806451612904 0.2269170579029734 0.6048387096774194
1 0.5712050078247262 0.5252016129032258 0.09076682316118936 0.15120967741935484
0 0.5594679186228482 0.719758064516129 0.18935837245696402 0.5604838709677419
1 0.7175273865414711 0.4747983870967742 0.07981220657276995 0.14717741935483872
0 0.7183098591549296 0.6955645161290323 0.19092331768388107 0.6088709677419355