1 0.3828125 0.3133680555555556 0.0625 0.09895833333333333
0 0.358154296875 0.5065104166666666 0.32080078125 0.9869791666666666
1 0.518798828125 0.6796875 0.07958984375 0.1875
0 0.631591796875 0.7756076388888888 0.35107421875 0.4487847222222222
1 0.1943359375 0.5099826388888888 0.0361328125 0.07378472222222222
0 0.20361328125 0.6649305555555556 0.09375 0.4114583333333333
1 0.3125 0.4900173611111111 0.0224609375 0.044270833333333336
0 0.306884765625 0.6536458333333334 0.09619140625 0.4253472222222222
1 0.509765625 0.4995659722222222 0.03125 0.06163194444444445
0 0.5087890625 0.6532118055555556 0.08203125 0.3776041666666667
1 0.67138671875 0.5373263888888888 0.025390625 0.046875
0 0.668212890625 0.6610243055555556 0.07177734375 0.3567708333333333
1 0.75439453125 0.4891493055555556 0.025390625 0.06510416666666667
0 0.74853515625 0.6436631944444444 0.083984375 0.3897569444444444
1 0.22119140625 0.4322916666666667 0.0283203125 0.07118055555555555
0 0.2255859375 0.6006944444444444 0.0810546875 0.4322916666666667