1 0.4551282051282051 0.45901639344262296 0.05128205128205128 0.0702576112412178
0 0.5056089743589743 0.6346604215456675 0.15865384615384615 0.5573770491803278
1 0.46153846153846156 0.4168618266978923 0.04487179487179487 0.0702576112412178
0 0.5056089743589743 0.6194379391100703 0.15224358974358973 0.5175644028103045
1 0.36778846153846156 0.6100702576112412 0.03685897435897436 0.06791569086651054
0 0.34375 0.7868852459016393 0.12980769230769232 0.4262295081967213
1 0.23477564102564102 0.6533957845433255 0.04326923076923077 0.07962529274004684
0 0.23157051282051283 0.8032786885245902 0.09775641025641026 0.39344262295081966
1 0.23557692307692307 0.5971896955503513 0.041666666666666664 0.07494145199063232
0 0.2532051282051282 0.7763466042154566 0.11217948717948718 0.44730679156908665
1 0.125 0.7224824355971897 0.03205128205128205 0.06791569086651054
0 0.13381410256410256 0.8395784543325527 0.08814102564102565 0.32084309133489464
1 0.029647435897435896 0.6498829039812647 0.049679487179487176 0.07259953161592506
0 0.03926282051282051 0.8032786885245902 0.07852564102564102 0.39344262295081966
1 0.049679487179487176 0.6346604215456675 0.028846153846153848 0.05620608899297424
0 0.05368589743589743 0.7985948477751756 0.08173076923076923 0.4028103044496487
1 0.08814102564102565 0.6053864168618267 0.041666666666666664 0.07259953161592506
0 0.09775641025641026 0.7810304449648712 0.08653846153846154 0.4379391100702576
1 0.11458333333333333 0.6487119437939111 0.04326923076923077 0.06557377049180328
0 0.1233974358974359 0.8044496487119438 0.09294871794871795 0.3911007025761124
1 0.16346153846153846 0.6135831381733021 0.03205128205128205 0.05620608899297424
0 0.1546474358974359 0.7810304449648712 0.07532051282051282 0.4098360655737705
1 0.21153846153846154 0.5866510538641686 0.02564102564102564 0.04918032786885246
0 0.21153846153846154 0.7377049180327869 0.0641025641025641 0.36533957845433257
1 0.266025641025641 0.6124121779859485 0.02564102564102564 0.0351288056206089
0 0.26282051282051283 0.7693208430913349 0.07692307692307693 0.36768149882903983