1 0.02001953125 0.669921875 0.0400390625 0.08723958333333333
0 0.05126953125 0.8020833333333334 0.1025390625 0.3958333333333333
1 0.08056640625 0.6673177083333334 0.0537109375 0.10286458333333333
0 0.07421875 0.8072916666666666 0.09765625 0.3854166666666667
1 0.150390625 0.5989583333333334 0.052734375 0.1015625
0 0.15185546875 0.767578125 0.0888671875 0.4466145833333333
1 0.2578125 0.4088541666666667 0.05859375 0.09114583333333333
0 0.25927734375 0.662109375 0.1298828125 0.6106770833333334
1 0.29248046875 0.662109375 0.0673828125 0.09765625
0 0.28515625 0.8046875 0.169921875 0.390625
1 0.39208984375 0.486328125 0.0634765625 0.12109375
0 0.38671875 0.7109375 0.14453125 0.578125
1 0.52001953125 0.5970052083333334 0.0595703125 0.10807291666666667
0 0.51611328125 0.7662760416666666 0.1142578125 0.4674479166666667
1 0.62890625 0.7122395833333334 0.044921875 0.07291666666666667
0 0.626953125 0.8294270833333334 0.09765625 0.3411458333333333
1 0.50244140625 0.3736979166666667 0.0634765625 0.1171875
0 0.4873046875 0.6315104166666666 0.185546875 0.6458333333333334
1 0.68359375 0.3463541666666667 0.0625 0.09895833333333333
0 0.66357421875 0.6321614583333334 0.1650390625 0.7330729166666666
1 0.81103515625 0.439453125 0.0537109375 0.09244791666666667
0 0.787109375 0.6907552083333334 0.12890625 0.59765625
1 0.845703125 0.4934895833333333 0.046875 0.0859375
0 0.8291015625 0.6940104166666666 0.08203125 0.4973958333333333
1 0.90087890625 0.4817708333333333 0.0478515625 0.08333333333333333
0 0.89453125 0.689453125 0.107421875 0.5143229166666666
1 0.98291015625 0.5071614583333334 0.0341796875 0.08463541666666667
0 0.96337890625 0.7037760416666666 0.0732421875 0.4934895833333333