1 0.806884765625 0.1315018315018315 0.09814453125 0.14285714285714285
0 0.819580078125 0.5278388278388279 0.20166015625 0.9443223443223443
1 0.7490234375 0.12893772893772895 0.0703125 0.13772893772893774
0 0.7578125 0.5241758241758242 0.1767578125 0.9384615384615385
1 0.6689453125 0.15567765567765568 0.0625 0.13553113553113552
0 0.685302734375 0.5084249084249084 0.18994140625 0.8688644688644689
1 0.6005859375 0.11208791208791209 0.0673828125 0.13626373626373625
0 0.628662109375 0.4736263736263736 0.16259765625 0.8608058608058609
1 0.49853515625 0.1443223443223443 0.0615234375 0.12893772893772895
0 0.5009765625 0.4758241758241758 0.1875 0.810989010989011
1 0.441162109375 0.15787545787545787 0.06298828125 0.10329670329670329
0 0.4267578125 0.4772893772893773 0.14453125 0.7494505494505495
1 0.328857421875 0.1684981684981685 0.06005859375 0.11721611721611722
0 0.324462890625 0.4728937728937729 0.15380859375 0.7333333333333333
1 0.215087890625 0.13772893772893774 0.05712890625 0.09230769230769231
0 0.2080078125 0.45897435897435895 0.14453125 0.7421245421245422