1 0.8649122807017544 0.3352272727272727 0.03508771929824561 0.11136363636363636
0 0.9092105263157895 0.6204545454545455 0.1763157894736842 0.7
1 0.781140350877193 0.3397727272727273 0.04298245614035088 0.1340909090909091
0 0.8013157894736842 0.6011363636363637 0.13771929824561405 0.6659090909090909
1 0.7087719298245614 0.3352272727272727 0.03333333333333333 0.12045454545454545
0 0.7342105263157894 0.6068181818181818 0.1280701754385965 0.6681818181818182
1 0.6219298245614036 0.29318181818181815 0.03684210526315789 0.11818181818181818
0 0.6337719298245614 0.5931818181818181 0.11315789473684211 0.7272727272727273
1 0.5346491228070176 0.32045454545454544 0.039473684210526314 0.12727272727272726
0 0.5416666666666666 0.6238636363636364 0.10964912280701754 0.7386363636363636
1 0.4368421052631579 0.2806818181818182 0.04035087719298246 0.125
0 0.4381578947368421 0.6079545454545454 0.11491228070175438 0.7840909090909091
1 0.34210526315789475 0.35113636363636364 0.03859649122807018 0.1159090909090909
0 0.34342105263157896 0.6147727272727272 0.08859649122807017 0.675
1 0.25570175438596493 0.3613636363636364 0.04298245614035088 0.13636363636363635
0 0.25043859649122807 0.6386363636363637 0.11140350877192982 0.7045454545454546
1 0.16666666666666666 0.39204545454545453 0.04035087719298246 0.12045454545454545
0 0.16666666666666666 0.65 0.09298245614035087 0.6727272727272727
1 0.08201754385964913 0.36363636363636365 0.04473684210526316 0.12272727272727273
0 0.08114035087719298 0.6397727272727273 0.10263157894736842 0.6886363636363636
1 0.7793859649122807 0.06477272727272727 0.034210526315789476 0.1159090909090909
0 0.7785087719298246 0.4125 0.10263157894736842 0.8113636363636364
1 0.6846491228070175 0.10568181818181818 0.034210526315789476 0.11136363636363636
0 0.6855263157894737 0.4329545454545455 0.09210526315789473 0.7704545454545455
1 0.5982456140350877 0.09204545454545454 0.02982456140350877 0.10681818181818181
0 0.5973684210526315 0.4409090909090909 0.07543859649122807 0.8
1 0.525438596491228 0.12386363636363637 0.03859649122807018 0.11136363636363636
0 0.5302631578947369 0.45454545454545453 0.09912280701754386 0.7818181818181819
1 0.4482456140350877 0.12272727272727273 0.03684210526315789 0.10909090909090909
0 0.4451754385964912 0.45681818181818185 0.09385964912280702 0.7909090909090909
1 0.3653508771929825 0.1784090909090909 0.03245614035087719 0.11136363636363636
0 0.368859649122807 0.4875 0.0868421052631579 0.7477272727272727
1 0.29780701754385963 0.10113636363636364 0.03245614035087719 0.11136363636363636
0 0.2969298245614035 0.4318181818181818 0.09385964912280702 0.7954545454545454
1 0.21359649122807017 0.13068181818181818 0.039473684210526314 0.1159090909090909
0 0.2118421052631579 0.4693181818181818 0.12368421052631579 0.7931818181818182
1 0.1456140350877193 0.09318181818181819 0.03508771929824561 0.10909090909090909
0 0.14210526315789473 0.4420454545454545 0.10175438596491228 0.825