1 0.12451171875 0.1605902777777778 0.0615234375 0.14756944444444445
0 0.12353515625 0.5355902777777778 0.1689453125 0.9288194444444444
1 0.2294921875 0.1935763888888889 0.060546875 0.14756944444444445
0 0.23681640625 0.5512152777777778 0.1337890625 0.8697916666666666
1 0.357421875 0.1440972222222222 0.05859375 0.1284722222222222
0 0.35498046875 0.5164930555555556 0.1455078125 0.8975694444444444
1 0.466796875 0.14930555555555555 0.052734375 0.12152777777777778
0 0.4580078125 0.5026041666666666 0.1484375 0.8628472222222222
1 0.59326171875 0.1345486111111111 0.0595703125 0.1232638888888889
0 0.591796875 0.5026041666666666 0.1484375 0.859375
1 0.70556640625 0.20399305555555555 0.0458984375 0.11631944444444445
0 0.69140625 0.5364583333333334 0.138671875 0.7951388888888888
1 0.79541015625 0.19791666666666666 0.0537109375 0.1284722222222222
0 0.79931640625 0.5625 0.1259765625 0.875
1 0.8876953125 0.1015625 0.0625 0.1371527777777778
0 0.8916015625 0.5147569444444444 0.173828125 0.9704861111111112
1 0.3154296875 0.5512152777777778 0.056640625 0.140625
0 0.30712890625 0.7213541666666666 0.1767578125 0.5572916666666666
1 0.4501953125 0.5815972222222222 0.056640625 0.13541666666666666
0 0.4462890625 0.7534722222222222 0.138671875 0.4930555555555556
1 0.5703125 0.5711805555555556 0.052734375 0.1284722222222222
0 0.57275390625 0.7482638888888888 0.1416015625 0.5034722222222222
1 0.68701171875 0.5989583333333334 0.0576171875 0.15625
0 0.68115234375 0.7482638888888888 0.1630859375 0.5034722222222222