1 0.32644628099173556 0.2096273291925466 0.04648760330578512 0.06521739130434782
0 0.3318698347107438 0.4937888198757764 0.1678719008264463 0.9875776397515528
1 0.275051652892562 0.3218167701863354 0.031508264462809916 0.07065217391304347
0 0.24147727272727273 0.5353260869565217 0.14307851239669422 0.5023291925465838
1 0.40883264462809915 0.30357142857142855 0.033574380165289255 0.062111801242236024
0 0.40366735537190085 0.4984472049689441 0.09142561983471074 0.46273291925465837
1 0.42458677685950413 0.3373447204968944 0.01756198347107438 0.03183229813664596
0 0.4230371900826446 0.4277950310559006 0.04338842975206612 0.2329192546583851
1 0.506198347107438 0.29580745341614906 0.028925619834710745 0.049689440993788817
0 0.4940599173553719 0.4569099378881988 0.06559917355371901 0.3781055900621118
1 0.5327995867768595 0.3253105590062112 0.033574380165289255 0.06055900621118013
0 0.5247933884297521 0.48835403726708076 0.07954545454545454 0.4052795031055901
1 0.5534607438016529 0.3245341614906832 0.02737603305785124 0.055900621118012424
0 0.5565599173553719 0.4825310559006211 0.12035123966942149 0.3796583850931677
1 0.5694731404958677 0.2985248447204969 0.02221074380165289 0.03804347826086957
0 0.5707644628099173 0.4561335403726708 0.05371900826446281 0.3656832298136646
1 0.6022727272727273 0.3253105590062112 0.02169421487603306 0.037267080745341616
0 0.5901342975206612 0.4623447204968944 0.0625 0.32375776397515527
1 0.6136363636363636 0.33462732919254656 0.028925619834710745 0.043478260869565216
0 0.6045971074380165 0.484472049689441 0.07076446280991736 0.34782608695652173
1 0.6634814049586777 0.33812111801242234 0.021177685950413222 0.04114906832298137
0 0.6606404958677686 0.4670031055900621 0.08884297520661157 0.30357142857142855
1 0.6443698347107438 0.3179347826086957 0.029442148760330578 0.039596273291925464
0 0.6425619834710744 0.44798136645962733 0.05785123966942149 0.30745341614906835
1 0.8305785123966942 0.34433229813664595 0.02169421487603306 0.02872670807453416
0 0.8370351239669421 0.43711180124223603 0.05630165289256198 0.2236024844720497
1 0.9537706611570248 0.3458850931677019 0.0253099173553719 0.02562111801242236
0 0.956095041322314 0.4386645962732919 0.07334710743801653 0.2204968944099379
1 0.11441115702479339 0.328416149068323 0.018078512396694214 0.03571428571428571
0 0.12009297520661157 0.39479813664596275 0.11518595041322315 0.17624223602484473
1 0.05165289256198347 0.30201863354037267 0.01859504132231405 0.03260869565217391
0 0.045454545454545456 0.3555900621118012 0.06301652892561983 0.14906832298136646
1 0.07954545454545454 0.2888198757763975 0.01859504132231405 0.031055900621118012
0 0.07902892561983471 0.33812111801242234 0.05371900826446281 0.1343167701863354
1 0.12551652892561985 0.2923136645962733 0.01859504132231405 0.036490683229813664
0 0.12293388429752067 0.3427795031055901 0.05785123966942149 0.14673913043478262
1 0.07928719008264463 0.2892080745341615 0.017045454545454544 0.02872670807453416
0 0.0818698347107438 0.33229813664596275 0.04597107438016529 0.12577639751552794