1 0.25625 0.6166666666666667 0.115625 0.175
0 0.25859375 0.7604166666666666 0.2578125 0.4791666666666667
1 0.57734375 0.534375 0.0640625 0.10625
0 0.58046875 0.7375 0.1640625 0.525
1 0.534375 0.5229166666666667 0.05 0.09166666666666666
0 0.52109375 0.7364583333333333 0.1546875 0.5270833333333333
1 0.72109375 0.5333333333333333 0.0546875 0.07916666666666666
0 0.70703125 0.7447916666666666 0.1296875 0.5104166666666666
1 0.01328125 0.42083333333333334 0.0265625 0.0375
0 0.0359375 0.5416666666666666 0.071875 0.29583333333333334
1 0.92109375 0.49895833333333334 0.0546875 0.07291666666666667
0 0.9171875 0.7125 0.140625 0.5083333333333333
1 0.99921875 0.4875 0.0015625 0.058333333333333334
0 0.971875 0.6697916666666667 0.05625 0.43125
1 0.865625 0.446875 0.01875 0.03125
0 0.86328125 0.5333333333333333 0.0640625 0.2125
1 0.14140625 0.41770833333333335 0.0265625 0.03958333333333333
0 0.140625 0.53125 0.059375 0.2791666666666667
1 0.815625 0.4822916666666667 0.025 0.035416666666666666
0 0.80390625 0.58125 0.0734375 0.24166666666666667
1 0.453125 0.4864583333333333 0.04375 0.06041666666666667
0 0.45078125 0.6302083333333334 0.0859375 0.34791666666666665
1 0.3265625 0.5114583333333333 0.059375 0.08125
0 0.328125 0.7072916666666667 0.171875 0.4895833333333333
1 0.18125 0.43645833333333334 0.034375 0.05625
0 0.17578125 0.5864583333333333 0.1234375 0.3729166666666667
1 0.3046875 0.4666666666666667 0.04375 0.075
0 0.3078125 0.640625 0.121875 0.44375
1 0.63359375 0.47291666666666665 0.0328125 0.04583333333333333
0 0.63125 0.6177083333333333 0.065625 0.34375
1 0.37578125 0.44895833333333335 0.0359375 0.04791666666666667
0 0.365625 0.571875 0.0625 0.3020833333333333
1 0.4390625 0.4427083333333333 0.028125 0.04375
0 0.4484375 0.5708333333333333 0.065625 0.3125
1 0.4078125 0.4479166666666667 0.025 0.0375
0 0.403125 0.5572916666666666 0.053125 0.26458333333333334
1 0.73828125 0.484375 0.0328125 0.04791666666666667
0 0.740625 0.6177083333333333 0.096875 0.3229166666666667
1 0.81796875 0.4552083333333333 0.0265625 0.035416666666666666
0 0.809375 0.55 0.05625 0.22916666666666666
1 0.7625 0.45625 0.021875 0.03333333333333333
0 0.7640625 0.5385416666666667 0.0625 0.20625
1 0.27109375 0.44166666666666665 0.0265625 0.04583333333333333
0 0.26640625 0.5208333333333334 0.0609375 0.2125
1 0.2296875 0.41875 0.021875 0.03333333333333333
0 0.23359375 0.5052083333333334 0.0421875 0.21875
1 0.534375 0.46145833333333336 0.03125 0.04791666666666667
0 0.52734375 0.5583333333333333 0.0640625 0.25
1 0.590625 0.459375 0.028125 0.04375
0 0.59296875 0.5625 0.0703125 0.2625
1 0.66328125 0.4583333333333333 0.0265625 0.05
0 0.66171875 0.5552083333333333 0.0515625 0.25625
1 0.5359375 0.41875 0.015625 0.025
0 0.5359375 0.465625 0.040625 0.13125
1 0.49765625 0.4395833333333333 0.0203125 0.03333333333333333
0 0.49453125 0.515625 0.0359375 0.19791666666666666
1 0.675 0.45416666666666666 0.028125 0.05
0 0.67734375 0.5291666666666667 0.0484375 0.20416666666666666