1 0.13138297872340426 0.48963317384370014 0.06063829787234042 0.10207336523125997
0 0.10531914893617021 0.7177033492822966 0.19148936170212766 0.5645933014354066
1 0.18563829787234043 0.44577352472089316 0.047872340425531915 0.10047846889952153
0 0.1803191489361702 0.6953748006379585 0.12446808510638298 0.6092503987240829
1 0.26276595744680853 0.4433811802232855 0.059574468085106386 0.11164274322169059
0 0.2553191489361702 0.682615629984051 0.15106382978723404 0.6347687400318979
1 0.33191489361702126 0.4864433811802233 0.0574468085106383 0.10845295055821372
0 0.32393617021276594 0.7097288676236044 0.17553191489361702 0.580542264752791
1 0.4473404255319149 0.40271132376395535 0.0627659574468085 0.10685805422647528
0 0.45 0.6610845295055822 0.1702127659574468 0.6778309409888357
1 0.5861702127659575 0.47129186602870815 0.0574468085106383 0.11004784688995216
0 0.5765957446808511 0.7033492822966507 0.19148936170212766 0.5933014354066986
1 0.7287234042553191 0.4625199362041467 0.06382978723404255 0.11802232854864433
0 0.7367021276595744 0.6977671451355661 0.18404255319148935 0.6044657097288676
1 0.8723404255319149 0.45933014354066987 0.08297872340425531 0.1339712918660287
0 0.8707446808510638 0.69377990430622 0.21382978723404256 0.6124401913875598
1 0.8457446808510638 0.44178628389154706 0.07446808510638298 0.1467304625199362
0 0.8941489361702127 0.6762360446570973 0.21170212765957447 0.6475279106858054