1 0.9884615384615385 0.6400208986415883 0.007692307692307693 0.009404388714733543
0 0.9873076923076923 0.6698014629049112 0.025384615384615384 0.07523510971786834
1 0.9626923076923077 0.6248693834900731 0.008461538461538461 0.012539184952978056
0 0.9665384615384616 0.6588296760710554 0.026923076923076925 0.08881922675026123
1 0.946923076923077 0.6290491118077325 0.007692307692307693 0.012539184952978056
0 0.9507692307692308 0.6614420062695925 0.02 0.08359456635318704
1 0.9065384615384615 0.6567398119122257 0.01 0.017763845350052248
0 0.9061538461538462 0.6823406478578893 0.03230769230769231 0.0794148380355277
1 0.8976923076923077 0.622257053291536 0.009230769230769232 0.01567398119122257
0 0.8969230769230769 0.658307210031348 0.02923076923076923 0.09195402298850575
1 0.8838461538461538 0.6269592476489029 0.006153846153846154 0.008359456635318705
0 0.8846153846153846 0.658307210031348 0.015384615384615385 0.07105538140020899
1 0.8734615384615385 0.6238244514106583 0.01 0.014629049111807733
0 0.8684615384615385 0.6614420062695925 0.027692307692307693 0.09404388714733543
1 0.7742307692307693 0.6253918495297806 0.005384615384615384 0.0073145245559038665
0 0.7738461538461539 0.6478578892371996 0.015384615384615385 0.054336468129571575
1 0.7746153846153846 0.6165099268547545 0.006153846153846154 0.008359456635318705
0 0.7753846153846153 0.6363636363636364 0.02 0.06060606060606061
1 0.7465384615384615 0.6201671891327064 0.005384615384615384 0.0073145245559038665
0 0.7476923076923077 0.6415882967607106 0.013846153846153847 0.0522466039707419
1 0.7388461538461538 0.6180773249738767 0.005384615384615384 0.0073145245559038665
0 0.7388461538461538 0.6442006269592476 0.01769230769230769 0.06583072100313479
1 0.7176923076923077 0.6217345872518286 0.007692307692307693 0.01044932079414838
0 0.7169230769230769 0.6551724137931034 0.024615384615384615 0.08150470219435736
1 0.7276923076923076 0.6233019853709509 0.004615384615384616 0.0073145245559038665
0 0.7261538461538461 0.6478578892371996 0.015384615384615385 0.06269592476489028
1 0.6723076923076923 0.6201671891327064 0.004615384615384616 0.0073145245559038665
0 0.6707692307692308 0.6379310344827587 0.016923076923076923 0.047021943573667714
1 0.7 0.6128526645768025 0.004615384615384616 0.00522466039707419
0 0.6996153846153846 0.6306165099268548 0.008461538461538461 0.042842215256008356
1 0.6884615384615385 0.6337513061650992 0.013846153846153847 0.04075235109717868
0 0.6884615384615385 0.6337513061650992 0.013846153846153847 0.04075235109717868
1 0.6946153846153846 0.61337513061651 0.003076923076923077 0.0041797283176593526
0 0.6926923076923077 0.6280041797283177 0.01 0.04179728317659352
1 0.6796153846153846 0.61337513061651 0.0038461538461538464 0.006269592476489028
0 0.6796153846153846 0.6311389759665622 0.01 0.04597701149425287
1 0.6634615384615384 0.6144200626959248 0.0038461538461538464 0.006269592476489028
0 0.6626923076923077 0.6285266457680251 0.013076923076923076 0.04075235109717868
1 0.6519230769230769 0.6170323928944619 0.0038461538461538464 0.00522466039707419
0 0.6511538461538462 0.632183908045977 0.008461538461538461 0.03761755485893417
1 0.6457692307692308 0.6170323928944619 0.0038461538461538464 0.0073145245559038665
0 0.6461538461538462 0.6342737722048067 0.012307692307692308 0.04597701149425287
1 0.6376923076923077 0.6337513061650992 0.009230769230769232 0.047021943573667714
0 0.6376923076923077 0.6337513061650992 0.009230769230769232 0.047021943573667714
1 0.6046153846153847 0.625914315569488 0.010769230769230769 0.01671891327063741
0 0.5984615384615385 0.6692789968652038 0.03230769230769231 0.10553814002089865
1 0.625 0.622257053291536 0.008461538461538461 0.011494252873563218
0 0.63 0.668234064785789 0.043076923076923075 0.10762800417972831
1 0.63 0.6311389759665622 0.007692307692307693 0.03761755485893417
0 0.63 0.6311389759665622 0.007692307692307693 0.03761755485893417
1 0.5819230769230769 0.6285266457680251 0.006923076923076923 0.030303030303030304
0 0.5819230769230769 0.6285266457680251 0.006923076923076923 0.030303030303030304
1 0.6111538461538462 0.6170323928944619 0.0038461538461538464 0.00522466039707419
0 0.6107692307692307 0.6264367816091954 0.007692307692307693 0.03239289446185998
1 0.5161538461538462 0.6144200626959248 0.003076923076923077 0.0041797283176593526
0 0.5157692307692308 0.6201671891327064 0.008461538461538461 0.0219435736677116
1 0.5092307692307693 0.6201671891327064 0.006153846153846154 0.017763845350052248
0 0.5092307692307693 0.6201671891327064 0.006153846153846154 0.017763845350052248
1 0.5007692307692307 0.6238244514106583 0.009230769230769232 0.018808777429467086
0 0.5007692307692307 0.6238244514106583 0.009230769230769232 0.018808777429467086
1 0.4957692307692308 0.6159874608150471 0.011538461538461539 0.017763845350052248
0 0.49615384615384617 0.6603970741901777 0.027692307692307693 0.10867293625914315
1 0.48653846153846153 0.6191222570532915 0.002307692307692308 0.003134796238244514
0 0.4857692307692308 0.6248693834900731 0.006923076923076923 0.02089864158829676
1 0.47807692307692307 0.6233019853709509 0.008461538461538461 0.02612330198537095
0 0.47807692307692307 0.6233019853709509 0.008461538461538461 0.02612330198537095
1 0.46807692307692306 0.6154649947753396 0.0038461538461538464 0.0041797283176593526
0 0.46807692307692306 0.6238244514106583 0.008461538461538461 0.025078369905956112
1 0.4584615384615385 0.6238244514106583 0.007692307692307693 0.02089864158829676
0 0.4584615384615385 0.6238244514106583 0.007692307692307693 0.02089864158829676
1 0.46 0.622257053291536 0.007692307692307693 0.0219435736677116
0 0.46 0.622257053291536 0.007692307692307693 0.0219435736677116
1 0.385 0.6191222570532915 0.0038461538461538464 0.00522466039707419
0 0.38461538461538464 0.6300940438871473 0.007692307692307693 0.03343782654127482
1 0.38961538461538464 0.6233019853709509 0.008461538461538461 0.024033437826541274
0 0.38961538461538464 0.6233019853709509 0.008461538461538461 0.024033437826541274
1 0.40307692307692305 0.6206896551724138 0.006153846153846154 0.018808777429467086
0 0.40307692307692305 0.6206896551724138 0.006153846153846154 0.018808777429467086
1 0.3776923076923077 0.6170323928944619 0.004615384615384616 0.00522466039707419
0 0.37576923076923074 0.6280041797283177 0.01 0.03134796238244514
1 0.37 0.6154649947753396 0.003076923076923077 0.0041797283176593526
0 0.36846153846153845 0.6253918495297806 0.007692307692307693 0.030303030303030304
1 0.36346153846153845 0.6180773249738767 0.0038461538461538464 0.00522466039707419
0 0.3626923076923077 0.6306165099268548 0.01 0.034482758620689655
1 0.35923076923076924 0.6165099268547545 0.003076923076923077 0.0041797283176593526
0 0.3573076923076923 0.6264367816091954 0.008461538461538461 0.02821316614420063
1 0.34384615384615386 0.6274817136886103 0.009230769230769232 0.034482758620689655
0 0.34384615384615386 0.6274817136886103 0.009230769230769232 0.034482758620689655
1 0.33653846153846156 0.6144200626959248 0.0038461538461538464 0.006269592476489028
0 0.33576923076923076 0.6274817136886103 0.01 0.03657262277951933
1 0.3280769230769231 0.6191222570532915 0.0038461538461538464 0.00522466039707419
0 0.32846153846153847 0.6332288401253918 0.010769230769230769 0.03761755485893417
1 0.3230769230769231 0.6154649947753396 0.003076923076923077 0.0041797283176593526
0 0.3230769230769231 0.6269592476489029 0.010769230769230769 0.03970741901776385
1 0.3176923076923077 0.6180773249738767 0.004615384615384616 0.00522466039707419
0 0.3176923076923077 0.6327063740856844 0.010769230769230769 0.03657262277951933
1 0.31461538461538463 0.6185997910135841 0.003076923076923077 0.0041797283176593526
0 0.315 0.6300940438871473 0.01 0.03761755485893417
1 0.30538461538461537 0.6175548589341693 0.004615384615384616 0.006269592476489028
0 0.305 0.6316614420062696 0.011538461538461539 0.038662486938349006
1 0.34615384615384615 0.6400208986415883 0.013846153846153847 0.019853709508881923
0 0.345 0.6922675026123302 0.054615384615384614 0.13061650992685475
1 0.26615384615384613 0.6285266457680251 0.009230769230769232 0.030303030303030304
0 0.26615384615384613 0.6285266457680251 0.009230769230769232 0.030303030303030304
1 0.2792307692307692 0.6274817136886103 0.007692307692307693 0.02612330198537095
0 0.2792307692307692 0.6274817136886103 0.007692307692307693 0.02612330198537095
1 0.28692307692307695 0.6327063740856844 0.009230769230769232 0.01567398119122257
0 0.2834615384615385 0.6630094043887147 0.02846153846153846 0.08463949843260188
1 0.27576923076923077 0.6316614420062696 0.006923076923076923 0.011494252873563218
0 0.27576923076923077 0.6603970741901777 0.023846153846153847 0.08150470219435736
1 0.24461538461538462 0.6175548589341693 0.006153846153846154 0.008359456635318705
0 0.24423076923076922 0.6379310344827587 0.013076923076923076 0.05329153605015674
1 0.2580769230769231 0.6300940438871473 0.005384615384615384 0.01044932079414838
0 0.2553846153846154 0.6499477533960293 0.02 0.06060606060606061
1 0.21884615384615386 0.6185997910135841 0.005384615384615384 0.008359456635318705
0 0.21846153846153846 0.6368861024033438 0.018461538461538463 0.051201671891327065
1 0.21576923076923077 0.632183908045977 0.005384615384615384 0.008359456635318705
0 0.2153846153846154 0.6530825496342738 0.013846153846153847 0.05642633228840126
1 0.19576923076923078 0.6191222570532915 0.006923076923076923 0.009404388714733543
0 0.19692307692307692 0.6436781609195402 0.015384615384615385 0.06269592476489028
1 0.20076923076923076 0.6337513061650992 0.007692307692307693 0.011494252873563218
0 0.19384615384615383 0.6666666666666666 0.03230769230769231 0.08150470219435736
1 0.18307692307692308 0.6300940438871473 0.004615384615384616 0.008359456635318705
0 0.18615384615384614 0.6394984326018809 0.015384615384615385 0.03134796238244514
1 0.23923076923076922 0.6342737722048067 0.009230769230769232 0.014629049111807733
0 0.23923076923076922 0.667189132706374 0.03230769230769231 0.08672936259143156
1 0.23692307692307693 0.6253918495297806 0.010769230769230769 0.01567398119122257
0 0.23076923076923078 0.6609195402298851 0.03230769230769231 0.08881922675026123
1 0.17692307692307693 0.6191222570532915 0.006153846153846154 0.009404388714733543
0 0.17615384615384616 0.6452455590386625 0.018461538461538463 0.06583072100313479
1 0.15615384615384614 0.6238244514106583 0.009230769230769232 0.01044932079414838
0 0.15538461538461537 0.6598746081504702 0.02923076923076923 0.08672936259143156
1 0.13384615384615384 0.6264367816091954 0.007692307692307693 0.009404388714733543
0 0.135 0.6536050156739812 0.013076923076923076 0.06792058516196448
1 0.14384615384615385 0.632183908045977 0.006153846153846154 0.01044932079414838
0 0.14384615384615385 0.658307210031348 0.016923076923076923 0.07105538140020899
1 0.12576923076923077 0.6233019853709509 0.008461538461538461 0.011494252873563218
0 0.12307692307692308 0.6593521421107628 0.02 0.0877742946708464
1 0.09692307692307692 0.6269592476489029 0.007692307692307693 0.012539184952978056
0 0.095 0.6551724137931034 0.023846153846153847 0.07105538140020899
1 0.10461538461538461 0.6253918495297806 0.007692307692307693 0.011494252873563218
0 0.105 0.6515151515151515 0.016153846153846154 0.06792058516196448
1 0.08461538461538462 0.6253918495297806 0.009230769230769232 0.011494252873563218
0 0.08153846153846153 0.6562173458725182 0.024615384615384615 0.07732497387669801
1 0.07538461538461538 0.6243469174503657 0.007692307692307693 0.011494252873563218
0 0.07423076923076923 0.6551724137931034 0.01769230769230769 0.07523510971786834
1 0.06923076923076923 0.6217345872518286 0.009230769230769232 0.012539184952978056
0 0.07038461538461538 0.6499477533960293 0.019230769230769232 0.07523510971786834
1 0.06269230769230769 0.6269592476489029 0.008461538461538461 0.012539184952978056
0 0.060384615384615384 0.658307210031348 0.022307692307692306 0.0794148380355277
1 0.037307692307692306 0.6306165099268548 0.01 0.013584117032392894
0 0.03807692307692308 0.6640543364681296 0.02846153846153846 0.08463949843260188
1 0.02076923076923077 0.6248693834900731 0.010769230769230769 0.014629049111807733
0 0.01653846153846154 0.6609195402298851 0.025384615384615384 0.09090909090909091
1 0.6392307692307693 0.625914315569488 0.004615384615384616 0.006269592476489028
0 0.6392307692307693 0.6394984326018809 0.009230769230769232 0.035527690700104496