1 0.21870229007633588 0.5670103092783505 0.038931297709923665 0.07560137457044673
0 0.1450381679389313 0.763459335624284 0.19541984732824427 0.47308132875143183
1 0.233587786259542 0.5675830469644902 0.03358778625954199 0.06300114547537228
0 0.18244274809160305 0.7640320733104238 0.14045801526717558 0.4650630011454754
1 0.30763358778625954 0.6202749140893471 0.02748091603053435 0.053837342497136315
0 0.27061068702290075 0.7926689576174112 0.10458015267175573 0.4032073310423826
1 0.5961832061068703 0.6420389461626576 0.022900763358778626 0.035509736540664374
0 0.5900763358778626 0.7628865979381443 0.07633587786259542 0.4627720504009164
1 0.6522900763358779 0.7737686139747996 0.01603053435114504 0.030927835051546393
0 0.6553435114503817 0.8699885452462772 0.0648854961832061 0.2325315005727377
1 0.7377862595419847 0.6260022909507446 0.048091603053435114 0.09278350515463918
0 0.8049618320610687 0.7880870561282932 0.23435114503816795 0.4238258877434135
1 0.7866412213740458 0.6053837342497136 0.028244274809160305 0.042382588774341354
0 0.8267175572519084 0.7898052691867125 0.18931297709923664 0.42038946162657503
1 0.9935114503816794 0.8997709049255441 0.006870229007633588 0.012600229095074456
0 0.9935114503816794 0.9329896907216495 0.012977099236641221 0.0836197021764032
1 0.982824427480916 0.8946162657502864 0.008396946564885497 0.013745704467353952
0 0.9866412213740458 0.929553264604811 0.020610687022900764 0.0882016036655212
1 0.9706106870229008 0.9003436426116839 0.008396946564885497 0.013745704467353952
0 0.9744274809160305 0.9335624284077892 0.022137404580152672 0.08476517754868271
1 0.9572519083969465 0.8974799541809851 0.007633587786259542 0.012600229095074456
0 0.9603053435114504 0.9324169530355098 0.022900763358778626 0.08705612829324169
1 0.9412213740458015 0.9009163802978236 0.0061068702290076335 0.012600229095074456
0 0.9438931297709924 0.9347079037800687 0.020610687022900764 0.08476517754868271
1 0.9274809160305344 0.8934707903780069 0.007633587786259542 0.013745704467353952
0 0.9301526717557251 0.929553264604811 0.02366412213740458 0.09049255441008018
1 0.9087786259541984 0.8980526918671249 0.006870229007633588 0.011454753722794959
0 0.9118320610687023 0.9335624284077892 0.020610687022900764 0.08705612829324169
1 0.898473282442748 0.9037800687285223 0.007633587786259542 0.013745704467353952
0 0.9 0.9352806414662085 0.021374045801526718 0.08132875143184422
1 0.833206106870229 0.9014891179839634 0.006870229007633588 0.009163802978235968
0 0.8309160305343511 0.9306987399770905 0.025190839694656488 0.09278350515463918
1 0.7992366412213741 0.915807560137457 0.0061068702290076335 0.012600229095074456
0 0.7938931297709924 0.9404352806414662 0.02900763358778626 0.07101947308132875
1 0.7694656488549618 0.9140893470790378 0.007633587786259542 0.013745704467353952
0 0.7622137404580153 0.938717067583047 0.026717557251908396 0.06987399770904926
1 0.733969465648855 0.9238258877434136 0.0053435114503816794 0.012600229095074456
0 0.732824427480916 0.9432989690721649 0.022900763358778626 0.058419243986254296
1 0.6912213740458015 0.9209621993127147 0.006870229007633588 0.011454753722794959
0 0.6900763358778625 0.9415807560137457 0.01984732824427481 0.061855670103092786
1 0.6625954198473283 0.9284077892325315 0.004580152671755725 0.008018327605956471
0 0.6637404580152672 0.9467353951890034 0.01603053435114504 0.05154639175257732
1 0.6797709923664123 0.8928980526918672 0.0053435114503816794 0.010309278350515464
0 0.6793893129770993 0.9226804123711341 0.0183206106870229 0.07674684994272624
1 0.7015267175572519 0.8969072164948454 0.007633587786259542 0.013745704467353952
0 0.700381679389313 0.9226804123711341 0.017557251908396947 0.06987399770904926
1 0.7194656488549618 0.8888888888888888 0.006870229007633588 0.013745704467353952
0 0.716793893129771 0.9123711340206185 0.0183206106870229 0.06758304696449026
1 0.7366412213740458 0.8957617411225659 0.0061068702290076335 0.013745704467353952
0 0.7343511450381679 0.920389461626575 0.015267175572519083 0.06758304696449026
1 0.3515267175572519 0.9003436426116839 0.008396946564885497 0.016036655211912942
0 0.3484732824427481 0.9289805269186713 0.026717557251908396 0.08018327605956473
1 0.366412213740458 0.9020618556701031 0.010687022900763359 0.01718213058419244
0 0.36412213740458016 0.929553264604811 0.022900763358778626 0.07674684994272624
1 0.3732824427480916 0.9014891179839634 0.007633587786259542 0.013745704467353952
0 0.37213740458015265 0.929553264604811 0.02366412213740458 0.07674684994272624
1 0.3847328244274809 0.9066437571592211 0.007633587786259542 0.014891179839633447
0 0.3816793893129771 0.9329896907216495 0.024427480916030534 0.07216494845360824
1 0.39580152671755725 0.9066437571592211 0.006870229007633588 0.010309278350515464
0 0.39236641221374047 0.934135166093929 0.021374045801526718 0.07216494845360824
1 0.40572519083969466 0.9106529209621993 0.006870229007633588 0.013745704467353952
0 0.4034351145038168 0.936426116838488 0.022137404580152672 0.06987399770904926
1 0.42442748091603055 0.9129438717067583 0.0061068702290076335 0.011454753722794959
0 0.4209923664122137 0.9381443298969072 0.022137404580152672 0.06872852233676977
1 0.4316793893129771 0.911225658648339 0.006870229007633588 0.012600229095074456
0 0.42938931297709926 0.9358533791523482 0.020610687022900764 0.06414662084765177
1 0.4351145038167939 0.9358533791523482 0.016793893129770993 0.061855670103092786
0 0.4351145038167939 0.9358533791523482 0.016793893129770993 0.061855670103092786
1 0.449236641221374 0.9152348224513173 0.006870229007633588 0.013745704467353952
0 0.44732824427480916 0.9369988545246277 0.021374045801526718 0.061855670103092786
1 0.47938931297709925 0.9186712485681557 0.0061068702290076335 0.011454753722794959
0 0.4778625954198473 0.9392898052691867 0.0183206106870229 0.0572737686139748
1 0.4954198473282443 0.938717067583047 0.0061068702290076335 0.010309278350515464
0 0.4950381679389313 0.9501718213058419 0.020610687022900764 0.037800687285223365
1 0.517175572519084 0.9381443298969072 0.006870229007633588 0.013745704467353952
0 0.51793893129771 0.9490263459335624 0.022137404580152672 0.042382588774341354
1 0.5675572519083969 0.920389461626575 0.0053435114503816794 0.012600229095074456
0 0.5702290076335877 0.9415807560137457 0.016793893129770993 0.052691867124856816
1 0.5568702290076336 0.9192439862542955 0.006870229007633588 0.010309278350515464
0 0.5545801526717558 0.938717067583047 0.019083969465648856 0.056128293241695305
1 0.5419847328244275 0.9209621993127147 0.0061068702290076335 0.011454753722794959
0 0.5404580152671755 0.9398625429553265 0.016793893129770993 0.056128293241695305
1 0.5293893129770992 0.9226804123711341 0.0053435114503816794 0.010309278350515464
0 0.5297709923664122 0.9410080183276059 0.015267175572519083 0.053837342497136315
1 0.5152671755725191 0.9232531500572738 0.0061068702290076335 0.011454753722794959
0 0.516030534351145 0.9410080183276059 0.0183206106870229 0.05154639175257732
1 0.5022900763358779 0.9243986254295533 0.0061068702290076335 0.009163802978235968
0 0.5030534351145038 0.9421534936998854 0.015267175572519083 0.049255441008018326
1 0.4916030534351145 0.9232531500572738 0.0061068702290076335 0.011454753722794959
0 0.49236641221374045 0.9392898052691867 0.015267175572519083 0.048109965635738834
1 0.0416030534351145 0.8447880870561283 0.017557251908396947 0.030927835051546393
0 0.02900763358778626 0.8963344788087056 0.05801526717557252 0.143184421534937
1 0.37213740458015265 0.784077892325315 0.0053435114503816794 0.010309278350515464
0 0.36946564885496186 0.8075601374570447 0.012213740458015267 0.061855670103092786
1 0.37786259541984735 0.806987399770905 0.00916030534351145 0.056128293241695305
0 0.37786259541984735 0.806987399770905 0.00916030534351145 0.056128293241695305
1 0.383969465648855 0.7880870561282932 0.004580152671755725 0.006872852233676976
0 0.38282442748091605 0.8041237113402062 0.009923664122137405 0.050400916380297825
1 0.3946564885496183 0.8167239404352806 0.004580152671755725 0.006872852233676976
0 0.3938931297709924 0.8350515463917526 0.010687022900763359 0.050400916380297825
1 0.40954198473282444 0.8327605956471936 0.0053435114503816794 0.009163802978235968
0 0.4076335877862595 0.8516609392898052 0.013740458015267175 0.053837342497136315
1 0.4221374045801527 0.8505154639175257 0.004580152671755725 0.010309278350515464
0 0.4209923664122137 0.8751431844215349 0.01450381679389313 0.06414662084765177
1 0.4179389312977099 0.8373424971363116 0.0053435114503816794 0.009163802978235968
0 0.417175572519084 0.8585337915234822 0.012977099236641221 0.053837342497136315
1 0.4316793893129771 0.8642611683848798 0.012977099236641221 0.053837342497136315
0 0.4316793893129771 0.8642611683848798 0.012977099236641221 0.053837342497136315
1 0.4396946564885496 0.8528064146620847 0.0061068702290076335 0.010309278350515464
0 0.43931297709923667 0.8745704467353952 0.012977099236641221 0.056128293241695305
1 0.4530534351145038 0.8676975945017182 0.0053435114503816794 0.008018327605956471
0 0.45152671755725193 0.8883161512027491 0.012977099236641221 0.056128293241695305
1 0.46106870229007635 0.8888888888888888 0.0061068702290076335 0.011454753722794959
0 0.45916030534351143 0.9198167239404352 0.01603053435114504 0.07789232531500573
1 0.4732824427480916 0.8883161512027491 0.0061068702290076335 0.010309278350515464
0 0.47404580152671755 0.9123711340206185 0.016793893129770993 0.06987399770904926
1 0.4900763358778626 0.8877434135166093 0.0061068702290076335 0.011454753722794959
0 0.48893129770992366 0.9129438717067583 0.01603053435114504 0.07101947308132875
1 0.5022900763358779 0.8888888888888888 0.0061068702290076335 0.011454753722794959
0 0.5015267175572519 0.915807560137457 0.016793893129770993 0.06987399770904926
1 0.517557251908397 0.8888888888888888 0.0061068702290076335 0.011454753722794959
0 0.5156488549618321 0.915807560137457 0.017557251908396947 0.06987399770904926
1 0.5324427480916031 0.8894616265750286 0.006870229007633588 0.012600229095074456
0 0.5312977099236641 0.9123711340206185 0.0183206106870229 0.06529209621993128
1 0.5480916030534351 0.8917525773195877 0.0061068702290076335 0.010309278350515464
0 0.5465648854961832 0.913516609392898 0.015267175572519083 0.058419243986254296
1 0.5614503816793893 0.8854524627720504 0.006870229007633588 0.011454753722794959
0 0.5603053435114503 0.9123711340206185 0.015267175572519083 0.06758304696449026
1 0.45229007633587787 0.7852233676975945 0.0053435114503816794 0.010309278350515464
0 0.45152671755725193 0.8064146620847652 0.012977099236641221 0.0572737686139748
1 0.4648854961832061 0.868270332187858 0.0061068702290076335 0.009163802978235968
0 0.46526717557251906 0.8865979381443299 0.012977099236641221 0.050400916380297825
1 0.6572519083969466 0.7279495990836197 0.010687022900763359 0.04009163802978236
0 0.6572519083969466 0.7279495990836197 0.010687022900763359 0.04009163802978236
1 0.65 0.709049255441008 0.008396946564885497 0.029782359679266894
0 0.65 0.709049255441008 0.008396946564885497 0.029782359679266894
1 0.6416030534351145 0.7004581901489118 0.0022900763358778627 0.003436426116838488
0 0.6416030534351145 0.7101947308132875 0.008396946564885497 0.029782359679266894
1 0.6312977099236641 0.6981672394043528 0.004580152671755725 0.0057273768613974796
0 0.6320610687022901 0.7096219931271478 0.010687022900763359 0.035509736540664374
1 0.6702290076335878 0.763459335624284 0.004580152671755725 0.008018327605956471
0 0.6690839694656489 0.777205040091638 0.011450381679389313 0.042382588774341354
1 0.6763358778625954 0.7617411225658648 0.004580152671755725 0.006872852233676976
0 0.6767175572519084 0.7760595647193586 0.009923664122137405 0.037800687285223365
1 0.683206106870229 0.7674684994272624 0.004580152671755725 0.009163802978235968
0 0.6824427480916031 0.7783505154639175 0.010687022900763359 0.037800687285223365
1 0.9912213740458016 0.7943871706758304 0.0053435114503816794 0.010309278350515464
0 0.9931297709923664 0.8161512027491409 0.013740458015267175 0.056128293241695305
1 0.9782442748091603 0.8012600229095075 0.0053435114503816794 0.008018327605956471
0 0.9790076335877863 0.8195876288659794 0.01450381679389313 0.05154639175257732
1 0.9618320610687023 0.8018327605956472 0.0061068702290076335 0.009163802978235968
0 0.9618320610687023 0.8190148911798396 0.013740458015267175 0.048109965635738834
1 0.9583969465648855 0.8241695303550973 0.01450381679389313 0.046964490263459335
0 0.9583969465648855 0.8241695303550973 0.01450381679389313 0.046964490263459335
1 0.9393129770992367 0.8213058419243986 0.0053435114503816794 0.009163802978235968
0 0.9396946564885497 0.8361970217640321 0.015267175572519083 0.045819014891179836
1 0.9183206106870229 0.8350515463917526 0.013740458015267175 0.054982817869415807
0 0.9183206106870229 0.8350515463917526 0.013740458015267175 0.054982817869415807
1 0.9217557251908397 0.8127147766323024 0.0053435114503816794 0.010309278350515464
0 0.9229007633587786 0.8195876288659794 0.013740458015267175 0.046964490263459335
1 0.8858778625954199 0.8172966781214204 0.0053435114503816794 0.010309278350515464
0 0.8843511450381679 0.8361970217640321 0.012977099236641221 0.054982817869415807
1 0.8950381679389313 0.8344788087056129 0.0053435114503816794 0.008018327605956471
0 0.8950381679389313 0.8533791523482245 0.01450381679389313 0.050400916380297825
1 0.9110687022900763 0.8510882016036655 0.006870229007633588 0.011454753722794959
0 0.9114503816793893 0.870561282932417 0.015267175572519083 0.054982817869415807
1 0.917557251908397 0.8762886597938144 0.0061068702290076335 0.011454753722794959
0 0.9183206106870229 0.8946162657502864 0.015267175572519083 0.054982817869415807
1 0.933969465648855 0.8739977090492554 0.0053435114503816794 0.009163802978235968
0 0.9354961832061068 0.8963344788087056 0.01603053435114504 0.058419243986254296
1 0.9454198473282442 0.8757159221076747 0.006870229007633588 0.012600229095074456
0 0.9461832061068702 0.9009163802978236 0.01603053435114504 0.06529209621993128
1 0.9866412213740458 0.8688430698739977 0.006870229007633588 0.010309278350515464
0 0.9862595419847329 0.8957617411225659 0.015267175572519083 0.06872852233676977
1 0.9870229007633587 0.8843069873997709 0.0061068702290076335 0.009163802978235968
0 0.9877862595419847 0.9077892325315006 0.016793893129770993 0.06300114547537228
1 0.9633587786259542 0.8825887743413516 0.016793893129770993 0.06071019473081329
0 0.9633587786259542 0.8825887743413516 0.016793893129770993 0.06071019473081329
1 0.950381679389313 0.849942726231386 0.0061068702290076335 0.011454753722794959
0 0.9511450381679389 0.8739977090492554 0.015267175572519083 0.061855670103092786
1 0.9847328244274809 0.8550973654066437 0.015267175572519083 0.056128293241695305
0 0.9847328244274809 0.8550973654066437 0.015267175572519083 0.056128293241695305
1 0.9729007633587786 0.8327605956471936 0.006870229007633588 0.011454753722794959
0 0.9740458015267176 0.8528064146620847 0.015267175572519083 0.056128293241695305
1 0.900381679389313 0.8379152348224513 0.01603053435114504 0.058419243986254296
0 0.900381679389313 0.8379152348224513 0.01603053435114504 0.058419243986254296
1 0.9316793893129771 0.852233676975945 0.0053435114503816794 0.009163802978235968
0 0.9282442748091603 0.8757159221076747 0.0183206106870229 0.06071019473081329
1 0.9652671755725191 0.852233676975945 0.01450381679389313 0.0572737686139748
0 0.9652671755725191 0.852233676975945 0.01450381679389313 0.0572737686139748
1 0.7133587786259542 0.8562428407789232 0.006870229007633588 0.010309278350515464
0 0.7129770992366412 0.8802978235967927 0.0183206106870229 0.06300114547537228
1 0.7290076335877863 0.8550973654066437 0.0061068702290076335 0.010309278350515464
0 0.7270992366412213 0.8774341351660939 0.01603053435114504 0.0572737686139748
1 0.7465648854961832 0.8591065292096219 0.0061068702290076335 0.011454753722794959
0 0.7465648854961832 0.8814432989690721 0.0183206106870229 0.06529209621993128
1 0.7614503816793893 0.8562428407789232 0.006870229007633588 0.012600229095074456
0 0.7603053435114504 0.8808705612829324 0.0183206106870229 0.06414662084765177
1 0.7767175572519084 0.8591065292096219 0.0053435114503816794 0.009163802978235968
0 0.7782442748091603 0.8825887743413516 0.01450381679389313 0.06071019473081329
1 0.7938931297709924 0.8957617411225659 0.007633587786259542 0.011454753722794959
0 0.7931297709923664 0.9169530355097365 0.0183206106870229 0.058419243986254296
1 0.7946564885496183 0.8814432989690721 0.0061068702290076335 0.010309278350515464
0 0.7977099236641222 0.9020618556701031 0.0183206106870229 0.058419243986254296
1 0.7828244274809161 0.8865979381443299 0.0053435114503816794 0.009163802978235968
0 0.7824427480916031 0.9054982817869416 0.013740458015267175 0.05154639175257732
1 0.7736641221374045 0.8940435280641467 0.006870229007633588 0.012600229095074456
0 0.7748091603053435 0.913516609392898 0.0183206106870229 0.053837342497136315
1 0.7656488549618321 0.8871706758304696 0.0061068702290076335 0.010309278350515464
0 0.7652671755725191 0.9077892325315006 0.01450381679389313 0.053837342497136315
1 0.7625954198473283 0.8808705612829324 0.004580152671755725 0.009163802978235968
0 0.7622137404580153 0.8974799541809851 0.01450381679389313 0.049255441008018326
1 0.751145038167939 0.9026345933562429 0.0183206106870229 0.0572737686139748
0 0.751145038167939 0.9026345933562429 0.0183206106870229 0.0572737686139748
1 0.7442748091603053 0.8780068728522337 0.0061068702290076335 0.010309278350515464
0 0.7450381679389313 0.8963344788087056 0.015267175572519083 0.05154639175257732
1 0.5442748091603054 0.6912943871706758 0.0030534351145038168 0.0057273768613974796
0 0.5419847328244275 0.7038946162657503 0.010687022900763359 0.035509736540664374
1 0.8912213740458015 0.8482245131729668 0.006870229007633588 0.010309278350515464
0 0.8935114503816793 0.8671248568155785 0.01603053435114504 0.052691867124856816
1 0.8931297709923665 0.8694158075601375 0.0061068702290076335 0.011454753722794959
0 0.8938931297709923 0.8906071019473081 0.015267175572519083 0.056128293241695305
1 0.76793893129771 0.856815578465063 0.0061068702290076335 0.009163802978235968
0 0.7698473282442748 0.8780068728522337 0.01450381679389313 0.053837342497136315
1 0.716412213740458 0.8923253150057274 0.01603053435114504 0.052691867124856816
0 0.716412213740458 0.8923253150057274 0.01603053435114504 0.052691867124856816
1 0.7068702290076336 0.8745704467353952 0.0061068702290076335 0.010309278350515464
0 0.7068702290076336 0.8894616265750286 0.012213740458015267 0.044673539518900345
1 0.7286259541984733 0.8900343642611683 0.006870229007633588 0.011454753722794959
0 0.7290076335877863 0.9066437571592211 0.015267175572519083 0.046964490263459335
1 0.5561068702290076 0.8831615120274914 0.006870229007633588 0.009163802978235968
0 0.5561068702290076 0.9089347079037801 0.012977099236641221 0.06300114547537228
1 0.5969465648854961 0.7749140893470791 0.022900763358778626 0.0286368843069874
0 0.6091603053435114 0.8734249713631157 0.0717557251908397 0.23482245131729668