1 0.2923076923076923 0.406288532675709 0.08153846153846153 0.14919852034525277
0 0.23461538461538461 0.659062885326757 0.46923076923076923 0.6818742293464858
1 0.3607692307692308 0.5098643649815043 0.06307692307692307 0.1319358816276202
0 0.33692307692307694 0.5752157829839704 0.37846153846153846 0.8495684340320592
1 0.4411538461538462 0.5567200986436498 0.06692307692307692 0.1344019728729963
0 0.40923076923076923 0.7392108508014796 0.21076923076923076 0.5215782983970407
1 0.525 0.5536374845869297 0.06846153846153846 0.14303329223181258
0 0.5615384615384615 0.7311960542540074 0.18923076923076923 0.5376078914919852
1 0.5823076923076923 0.49506781750924783 0.0876923076923077 0.17879161528976573
0 0.6711538461538461 0.6923551171393342 0.2915384615384615 0.6152897657213316
1 0.6876923076923077 0.39519112207151663 0.09384615384615384 0.15659679408138102
0 0.8046153846153846 0.656596794081381 0.39076923076923076 0.686806411837238
1 0.7442307692307693 0.24784217016029594 0.09769230769230769 0.14303329223181258
0 0.8423076923076923 0.561652281134402 0.3153846153846154 0.8766954377311961