1 0.9921875 0.7489583333333333 0.015625 0.035416666666666666
0 0.98125 0.8552083333333333 0.0375 0.24791666666666667
1 0.82265625 0.7447916666666666 0.0109375 0.022916666666666665
0 0.825 0.7895833333333333 0.04375 0.1375
1 0.81953125 0.7427083333333333 0.0203125 0.027083333333333334
0 0.8109375 0.8270833333333333 0.05625 0.2
1 0.73515625 0.8229166666666666 0.0171875 0.020833333333333332
0 0.7375 0.8583333333333333 0.034375 0.09583333333333334
1 0.69375 0.7885416666666667 0.021875 0.027083333333333334
0 0.68046875 0.8354166666666667 0.0609375 0.12916666666666668
1 0.65078125 0.7229166666666667 0.0234375 0.029166666666666667
0 0.65625 0.8270833333333333 0.05 0.24166666666666667
1 0.60078125 0.75 0.0203125 0.03333333333333333
0 0.59375 0.8291666666666667 0.05 0.20416666666666666
1 0.56015625 0.7666666666666667 0.0140625 0.020833333333333332
0 0.56875 0.8083333333333333 0.046875 0.1125
1 0.71640625 0.7229166666666667 0.0109375 0.0125
0 0.71640625 0.7770833333333333 0.0328125 0.125
1 0.678125 0.778125 0.015625 0.022916666666666665
0 0.66796875 0.8270833333333333 0.0484375 0.1375
1 0.61875 0.7927083333333333 0.0125 0.01875
0 0.6265625 0.8354166666666667 0.053125 0.1125
1 0.5046875 0.7208333333333333 0.009375 0.0125
0 0.503125 0.7583333333333333 0.028125 0.09583333333333334
1 0.490625 0.7385416666666667 0.009375 0.014583333333333334
0 0.4921875 0.7760416666666666 0.028125 0.10208333333333333
1 0.4609375 0.7291666666666666 0.009375 0.0125
0 0.459375 0.7708333333333334 0.028125 0.10416666666666667
1 0.4296875 0.71875 0.03125 0.05
0 0.428125 0.8427083333333333 0.1 0.3145833333333333
1 0.346875 0.8333333333333334 0.025 0.05
0 0.35703125 0.9010416666666666 0.0921875 0.19791666666666666
1 0.25625 0.7322916666666667 0.034375 0.05625
0 0.259375 0.8510416666666667 0.1375 0.29791666666666666
1 0.16484375 0.7822916666666667 0.0234375 0.03958333333333333
0 0.16171875 0.8791666666666667 0.0671875 0.24166666666666667
1 0.1015625 0.7604166666666666 0.025 0.03333333333333333
0 0.09453125 0.8697916666666666 0.0703125 0.2604166666666667
1 0.078125 0.759375 0.025 0.035416666666666666
0 0.06640625 0.8447916666666667 0.0609375 0.21458333333333332
1 0.0078125 0.725 0.015625 0.025
0 0.0375 0.8333333333333334 0.075 0.24583333333333332
1 0.165625 0.7385416666666667 0.028125 0.03958333333333333
0 0.15390625 0.8447916666666667 0.0671875 0.2604166666666667
1 0.24140625 0.7322916666666667 0.0234375 0.04375
0 0.2296875 0.8447916666666667 0.071875 0.27708333333333335
1 0.37890625 0.7229166666666667 0.0203125 0.029166666666666667
0 0.3796875 0.7989583333333333 0.046875 0.18958333333333333
1 0.32109375 0.709375 0.0234375 0.03958333333333333
0 0.31640625 0.8145833333333333 0.0734375 0.26666666666666666
1 0.21328125 0.721875 0.0109375 0.014583333333333334
0 0.215625 0.7447916666666666 0.028125 0.07291666666666667
1 0.7453125 0.45625 0.05625 0.2
0 0.7453125 0.45625 0.05625 0.2
1 0.7421875 0.325 0.05625 0.19166666666666668
0 0.7421875 0.325 0.05625 0.19166666666666668