1 0.12302839116719243 0.4227129337539432 0.00946372239747634 0.00946372239747634
0 0.12381703470031545 0.4471608832807571 0.02996845425867508 0.06782334384858044
1 0.15694006309148265 0.44873817034700314 0.02365930599369085 0.033123028391167195
0 0.15694006309148265 0.44873817034700314 0.02365930599369085 0.033123028391167195
1 0.20425867507886436 0.41719242902208203 0.08990536277602523 0.09621451104100946
0 0.20347003154574134 0.6805993690851735 0.24290220820189273 0.638801261829653
1 0.4558359621451104 0.48974763406940064 0.06624605678233439 0.08990536277602523
0 0.4550473186119874 0.7097791798107256 0.2665615141955836 0.580441640378549
1 0.5607255520504731 0.40536277602523657 0.055205047318611984 0.07886435331230283
0 0.5709779179810726 0.5962145110410094 0.17350157728706625 0.47318611987381703
1 0.7925867507886435 0.4605678233438486 0.083596214511041 0.10725552050473186
0 0.8123028391167192 0.6987381703470031 0.277602523659306 0.6025236593059937
1 0.7397476340694006 0.43454258675078866 0.05362776025236593 0.07413249211356467
0 0.7389589905362776 0.6411671924290221 0.16561514195583596 0.49369085173501576
1 0.9203470031545742 0.4029968454258675 0.007886435331230283 0.011041009463722398
0 0.9211356466876972 0.4235015772870662 0.025236593059936908 0.055205047318611984
1 0.8919558359621451 0.4069400630914827 0.007886435331230283 0.00946372239747634
0 0.8935331230283912 0.42665615141955837 0.02050473186119874 0.052050473186119876
1 0.8801261829652997 0.415615141955836 0.006309148264984227 0.007886435331230283
0 0.8753943217665615 0.42902208201892744 0.025236593059936908 0.0473186119873817