1 0.206640625 0.31875 0.02265625 0.05694444444444444
0 0.211328125 0.46805555555555556 0.10078125 0.36666666666666664
1 0.234765625 0.3277777777777778 0.02734375 0.06666666666666667
0 0.228125 0.5 0.078125 0.41944444444444445
1 0.256640625 0.3333333333333333 0.01953125 0.044444444444444446
0 0.258203125 0.46597222222222223 0.06015625 0.32083333333333336
1 0.328125 0.36041666666666666 0.03125 0.059722222222222225
0 0.337890625 0.5493055555555556 0.11640625 0.44583333333333336
1 0.3671875 0.3458333333333333 0.028125 0.06111111111111111
0 0.358203125 0.5222222222222223 0.05390625 0.4222222222222222
1 0.394921875 0.3527777777777778 0.02421875 0.05
0 0.396484375 0.5111111111111111 0.07734375 0.37777777777777777
1 0.603515625 0.39166666666666666 0.02265625 0.04722222222222222
0 0.594921875 0.5215277777777778 0.09453125 0.3125
1 0.653515625 0.3625 0.02578125 0.044444444444444446
0 0.660546875 0.47847222222222224 0.06171875 0.28194444444444444
1 0.805859375 0.375 0.02890625 0.06666666666666667
0 0.81953125 0.5520833333333334 0.0734375 0.4263888888888889
1 0.95703125 0.33611111111111114 0.01875 0.03333333333333333
0 0.960546875 0.42430555555555555 0.05078125 0.22083333333333333
1 0.87578125 0.3402777777777778 0.00625 0.013888888888888888
0 0.8734375 0.3715277777777778 0.0140625 0.08194444444444444
1 0.97734375 0.3506944444444444 0.0046875 0.009722222222222222
0 0.975 0.37569444444444444 0.0171875 0.06527777777777778
1 0.984375 0.3784722222222222 0.00625 0.009722222222222222
0 0.9859375 0.39166666666666666 0.01875 0.03888888888888889