1 0.07416666666666667 0.5563492063492064 0.10333333333333333 0.21746031746031746
0 0.08875 0.7166666666666667 0.17583333333333334 0.5666666666666667
1 0.23708333333333334 0.6896825396825397 0.12416666666666666 0.2492063492063492
0 0.20458333333333334 0.7753968253968254 0.22916666666666666 0.4492063492063492
1 0.13625 0.5349206349206349 0.0525 0.1523809523809524
0 0.1275 0.7238095238095238 0.12166666666666667 0.5523809523809524
1 0.22833333333333333 0.4849206349206349 0.065 0.12857142857142856
0 0.21208333333333335 0.7031746031746032 0.13416666666666666 0.5936507936507937
1 0.35375 0.5063492063492063 0.0675 0.1619047619047619
0 0.33166666666666667 0.7063492063492064 0.18333333333333332 0.5873015873015873
1 0.4504166666666667 0.5023809523809524 0.07416666666666667 0.1349206349206349
0 0.47291666666666665 0.7174603174603175 0.16083333333333333 0.5650793650793651
1 0.5408333333333334 0.5007936507936508 0.055 0.1126984126984127
0 0.5491666666666667 0.719047619047619 0.12333333333333334 0.5619047619047619
1 0.5916666666666667 0.5904761904761905 0.07166666666666667 0.1365079365079365
0 0.6195833333333334 0.7603174603174603 0.1825 0.4793650793650794
1 0.66375 0.5023809523809524 0.0625 0.1126984126984127
0 0.6845833333333333 0.7174603174603175 0.15416666666666667 0.5650793650793651
1 0.69 0.4888888888888889 0.05 0.10476190476190476
0 0.6858333333333333 0.7071428571428572 0.16166666666666665 0.5857142857142857
1 0.7766666666666666 0.5111111111111111 0.125 0.23174603174603176
0 0.8266666666666667 0.6952380952380952 0.3466666666666667 0.6095238095238096
1 0.9045833333333333 0.5468253968253968 0.050833333333333335 0.10634920634920635
0 0.9025 0.7357142857142858 0.135 0.5285714285714286