1 0.19580078125 0.2584635416666667 0.0673828125 0.09505208333333333
0 0.1357421875 0.5794270833333334 0.271484375 0.75
1 0.271484375 0.291015625 0.06640625 0.10286458333333333
0 0.23095703125 0.578125 0.1650390625 0.7005208333333334
1 0.34423828125 0.3307291666666667 0.0615234375 0.10416666666666667
0 0.35498046875 0.595703125 0.2236328125 0.65234375
1 0.3740234375 0.23502604166666666 0.0546875 0.09244791666666667
0 0.38134765625 0.529296875 0.1572265625 0.6861979166666666
1 0.4287109375 0.2766927083333333 0.0625 0.10546875
0 0.3984375 0.57421875 0.291015625 0.7083333333333334
1 0.52099609375 0.2740885416666667 0.0576171875 0.11588541666666667
0 0.53759765625 0.572265625 0.2314453125 0.71484375
1 0.6240234375 0.3671875 0.0625 0.09114583333333333
0 0.62255859375 0.62890625 0.1591796875 0.6822916666666666
1 0.6767578125 0.2747395833333333 0.072265625 0.14583333333333334
0 0.73779296875 0.5911458333333334 0.2060546875 0.8177083333333334
1 0.71728515625 0.271484375 0.0908203125 0.15755208333333334
0 0.77001953125 0.5930989583333334 0.2294921875 0.8138020833333334