1 0.05523459383753501 0.364822247706422 0.09226190476190477 0.16485091743119265
0 0.09436274509803921 0.6393348623853211 0.18872549019607843 0.7213302752293578
1 0.3132878151260504 0.3615252293577982 0.09611344537815127 0.1938073394495413
0 0.265843837535014 0.6108084862385321 0.22776610644257703 0.7783830275229358
1 0.5498074229691877 0.5354071100917431 0.09331232492997199 0.14650229357798164
0 0.49290966386554624 0.7229071100917431 0.23616946778711484 0.5541857798165137
1 0.5855217086834734 0.3474770642201835 0.06810224089635854 0.1353211009174312
0 0.6186099439775911 0.6364678899082569 0.2186624649859944 0.7270642201834863
1 0.7288165266106442 0.3079128440366973 0.06337535014005602 0.14220183486238533
0 0.7894782913165266 0.5989105504587156 0.3121498599439776 0.7666284403669725
1 0.8652836134453782 0.33772935779816515 0.05549719887955182 0.11525229357798165
0 0.8883928571428571 0.6063646788990825 0.20640756302521007 0.6605504587155964
1 0.9796918767507002 0.33557912844036697 0.04061624649859944 0.12872706422018348
0 0.9608718487394958 0.5546158256880734 0.0782563025210084 0.5834288990825688
1 0.9234068627450981 0.26877866972477066 0.050595238095238096 0.09489678899082568
0 0.9206932773109243 0.4938360091743119 0.12640056022408963 0.5593463302752294
1 0.7914915966386554 0.2855504587155963 0.06407563025210083 0.10206422018348624
0 0.7983193277310925 0.5169151376146789 0.13900560224089636 0.5865825688073395
1 0.646796218487395 0.27393922018348627 0.0663515406162465 0.12413990825688073
0 0.6615896358543417 0.4984231651376147 0.16141456582633054 0.5880160550458715
1 0.5356267507002801 0.275802752293578 0.07090336134453781 0.12155963302752294
0 0.5444677871148459 0.5114678899082569 0.14635854341736695 0.5974770642201835
1 0.14985994397759103 0.349197247706422 0.06967787114845939 0.12442660550458716
0 0.14180672268907563 0.6105217889908257 0.17647058823529413 0.6625573394495413
1 0.18172268907563024 0.17502866972477063 0.059873949579831935 0.11897935779816514
0 0.19213935574229693 0.47835435779816515 0.10836834733893558 0.737098623853211
1 0.5709908963585434 0.07998853211009174 0.04639355742296919 0.10091743119266056
0 0.5639880952380952 0.34030963302752293 0.14303221288515405 0.6192660550458715
1 0.7442226890756303 0.14664564220183487 0.035364145658263305 0.07368119266055045
0 0.7340686274509803 0.3231077981651376 0.12184873949579832 0.4334862385321101
1 0.8560049019607843 0.1317373853211009 0.03238795518207283 0.07196100917431193
0 0.8580182072829131 0.2726490825688073 0.09278711484593838 0.38474770642201833
1 0.7270658263305322 0.01576834862385321 0.019257703081232494 0.03153669724770642
0 0.7199754901960784 0.08486238532110092 0.07895658263305322 0.16972477064220184
1 0.6088935574229691 0.10464449541284404 0.0273109243697479 0.053325688073394495
0 0.5981267507002801 0.19438073394495411 0.06285014005602241 0.24254587155963303
1 0.508140756302521 0.034690366972477064 0.020833333333333332 0.046444954128440366
0 0.509016106442577 0.11353211009174312 0.07930672268907563 0.21444954128440366
1 0.12902661064425772 0.1499426605504587 0.05357142857142857 0.09403669724770643
0 0.13471638655462184 0.37055619266055045 0.11537114845938376 0.549598623853211
1 0.22006302521008403 0.15553325688073394 0.029061624649859945 0.06221330275229358
0 0.22408963585434175 0.3018922018348624 0.0822829131652661 0.36410550458715596
1 0.023546918767507002 0.22219036697247707 0.03203781512605042 0.07052752293577981
0 0.042279411764705885 0.3387327981651376 0.08455882352941177 0.30590596330275227
1 0.42471988795518206 0.3646788990825688 0.07177871148459383 0.13589449541284404
0 0.4112394957983193 0.5870126146788991 0.21288515406162464 0.5840022935779816