1 0.04227642276422764 0.6121951219512195 0.024390243902439025 0.03414634146341464
0 0.03414634146341464 0.724390243902439 0.04878048780487805 0.2658536585365854
1 0.05203252032520325 0.6121951219512195 0.01788617886178862 0.03414634146341464
0 0.03048780487804878 0.7024390243902439 0.05934959349593496 0.22195121951219512
1 0.07276422764227643 0.624390243902439 0.023577235772357725 0.036585365853658534
0 0.06382113821138212 0.75 0.05609756097560976 0.2951219512195122
1 0.1 0.6128048780487805 0.02113821138211382 0.032926829268292684
0 0.0983739837398374 0.7189024390243902 0.056910569105691054 0.25
1 0.1861788617886179 0.6225609756097561 0.011382113821138212 0.018292682926829267
0 0.1821138211382114 0.6878048780487804 0.03739837398373984 0.15609756097560976
1 0.20934959349593496 0.6091463414634146 0.015447154471544716 0.023170731707317073
0 0.20894308943089432 0.6890243902439024 0.04552845528455285 0.1902439024390244
1 0.25040650406504067 0.6329268292682927 0.014634146341463415 0.02926829268292683
0 0.2483739837398374 0.698780487804878 0.034959349593495934 0.17073170731707318
1 0.29308943089430894 0.6359756097560976 0.015447154471544716 0.023170731707317073
0 0.2951219512195122 0.7109756097560975 0.03902439024390244 0.18048780487804877
1 0.3975609756097561 0.6341463414634146 0.014634146341463415 0.02195121951219512
0 0.39471544715447154 0.7060975609756097 0.052845528455284556 0.17073170731707318
1 0.4556910569105691 0.6170731707317073 0.015447154471544716 0.02926829268292683
0 0.4556910569105691 0.7018292682926829 0.038211382113821135 0.20365853658536584
1 0.46178861788617886 0.6353658536585366 0.02113821138211382 0.036585365853658534
0 0.4613821138211382 0.7158536585365853 0.038211382113821135 0.2073170731707317
1 0.48048780487804876 0.6103658536585366 0.014634146341463415 0.02804878048780488
0 0.4788617886178862 0.699390243902439 0.04227642276422764 0.21585365853658536
1 0.5109756097560976 0.6176829268292683 0.013821138211382113 0.023170731707317073
0 0.5158536585365854 0.675609756097561 0.04796747967479675 0.14634146341463414
1 0.5975609756097561 0.6231707317073171 0.016260162601626018 0.024390243902439025
0 0.6004065040650407 0.6920731707317073 0.034959349593495934 0.16707317073170733
1 0.7199186991869919 0.6128048780487805 0.013821138211382113 0.020731707317073172
0 0.7195121951219512 0.6615853658536586 0.030894308943089432 0.12073170731707317
1 0.8284552845528456 0.6414634146341464 0.02113821138211382 0.03170731707317073
0 0.8292682926829268 0.7329268292682927 0.08617886178861789 0.21707317073170732
1 0.42845528455284554 0.6609756097560976 0.02926829268292683 0.05121951219512195
0 0.45203252032520325 0.8073170731707318 0.13658536585365855 0.37073170731707317
1 0.5504065040650407 0.6420731707317073 0.032520325203252036 0.05975609756097561
0 0.5699186991869919 0.802439024390244 0.10894308943089431 0.3951219512195122
1 0.5796747967479675 0.6317073170731707 0.026016260162601626 0.04390243902439024
0 0.6073170731707317 0.7731707317073171 0.1008130081300813 0.33658536585365856
1 0.6764227642276422 0.6579268292682927 0.03902439024390244 0.06707317073170732
0 0.6857723577235773 0.8073170731707318 0.108130081300813 0.3853658536585366
1 0.7479674796747967 0.650609756097561 0.056910569105691054 0.09878048780487805
0 0.7691056910569106 0.7969512195121952 0.24227642276422764 0.4060975609756098
1 0.8804878048780488 0.697560975609756 0.05365853658536585 0.07073170731707316
0 0.9166666666666666 0.8286585365853658 0.15691056910569107 0.3426829268292683
1 0.975609756097561 0.624390243902439 0.04878048780487805 0.0975609756097561
0 0.9231707317073171 0.7804878048780488 0.15365853658536585 0.43902439024390244