1 0.042578125 0.7987089201877934 0.01640625 0.02699530516431925
0 0.046484375 0.880868544600939 0.04453125 0.20305164319248825
1 0.115625 0.8714788732394366 0.015625 0.022300469483568074
0 0.109765625 0.92018779342723 0.03515625 0.1267605633802817
1 0.23984375 0.909037558685446 0.0109375 0.01995305164319249
0 0.241015625 0.9342723004694836 0.02734375 0.07746478873239436
1 0.2546875 0.7869718309859155 0.0171875 0.029342723004694836
0 0.257421875 0.8779342723004695 0.04296875 0.215962441314554
1 0.221875 0.8092723004694836 0.0171875 0.03403755868544601
0 0.210546875 0.8896713615023474 0.05078125 0.20657276995305165
1 0.159765625 0.8327464788732394 0.01640625 0.02699530516431925
0 0.1640625 0.9084507042253521 0.034375 0.18309859154929578
1 0.291015625 0.7629107981220657 0.01796875 0.03051643192488263
0 0.2890625 0.8480046948356808 0.05 0.20539906103286384
1 0.3203125 0.7447183098591549 0.0125 0.01995305164319249
0 0.316796875 0.818075117370892 0.03828125 0.1807511737089202
1 0.36953125 0.8174882629107981 0.0171875 0.02699530516431925
0 0.371875 0.8908450704225352 0.0296875 0.1807511737089202
1 0.38828125 0.7987089201877934 0.0125 0.02699530516431925
0 0.3765625 0.8779342723004695 0.0578125 0.19718309859154928
1 0.401953125 0.7992957746478874 0.01484375 0.025821596244131457
0 0.407421875 0.8796948356807511 0.03828125 0.1936619718309859
1 0.365234375 0.7693661971830986 0.01328125 0.02464788732394366
0 0.366796875 0.8526995305164319 0.04296875 0.1983568075117371
1 0.384765625 0.7276995305164319 0.01328125 0.02112676056338028
0 0.3828125 0.784037558685446 0.034375 0.14788732394366197
1 0.366015625 0.7083333333333334 0.01171875 0.01995305164319249
0 0.357421875 0.7717136150234741 0.03984375 0.1607981220657277
1 0.314453125 0.6631455399061033 0.01015625 0.01643192488262911
0 0.308984375 0.7171361502347418 0.03515625 0.13380281690140844
1 0.265234375 0.6572769953051644 0.01015625 0.01643192488262911
0 0.265234375 0.7124413145539906 0.03359375 0.14553990610328638
1 0.2484375 0.6731220657276995 0.0078125 0.012910798122065728
0 0.248046875 0.7036384976525821 0.02109375 0.08333333333333333
1 0.26015625 0.625 0.009375 0.015258215962441314
0 0.262109375 0.6731220657276995 0.03203125 0.12323943661971831
1 0.313671875 0.6349765258215962 0.01015625 0.02112676056338028
0 0.310546875 0.6866197183098591 0.03203125 0.13145539906103287
1 0.3625 0.6742957746478874 0.0109375 0.022300469483568074
0 0.359375 0.7235915492957746 0.0359375 0.13732394366197184
1 0.386328125 0.6901408450704225 0.01015625 0.018779342723004695
0 0.384375 0.7347417840375586 0.028125 0.11971830985915492
1 0.38359375 0.664906103286385 0.009375 0.017605633802816902
0 0.384375 0.7024647887323944 0.0296875 0.10446009389671361
1 0.357421875 0.6414319248826291 0.01171875 0.017605633802816902
0 0.357421875 0.6848591549295775 0.02734375 0.10915492957746478
1 0.34296875 0.6197183098591549 0.009375 0.014084507042253521
0 0.341015625 0.67018779342723 0.03203125 0.12206572769953052
1 0.357421875 0.6050469483568075 0.01015625 0.017605633802816902
0 0.3609375 0.6525821596244131 0.028125 0.12206572769953052
1 0.310546875 0.6050469483568075 0.01015625 0.017605633802816902
0 0.31015625 0.6525821596244131 0.0265625 0.11737089201877934
1 0.24921875 0.5845070422535211 0.009375 0.01643192488262911
0 0.25 0.6302816901408451 0.0265625 0.11502347417840375
1 0.29296875 0.5880281690140845 0.0078125 0.014084507042253521
0 0.291796875 0.6338028169014085 0.02421875 0.11032863849765258
1 0.290625 0.5422535211267606 0.0078125 0.014084507042253521
0 0.290234375 0.5780516431924883 0.02265625 0.0903755868544601
1 0.30390625 0.5029342723004695 0.00625 0.01056338028169014
0 0.305078125 0.5416666666666666 0.02265625 0.09741784037558686
1 0.323046875 0.54518779342723 0.00703125 0.01056338028169014
0 0.32109375 0.5815727699530516 0.0234375 0.09507042253521127
1 0.275390625 0.5528169014084507 0.01953125 0.09154929577464789
0 0.275390625 0.5528169014084507 0.01953125 0.09154929577464789
1 0.265234375 0.49061032863849763 0.00703125 0.011737089201877934
0 0.265625 0.5234741784037559 0.021875 0.08685446009389672
1 0.246875 0.5481220657276995 0.0078125 0.011737089201877934
0 0.244921875 0.5856807511737089 0.02421875 0.09389671361502347
1 0.2453125 0.4923708920187793 0.0046875 0.008215962441314555
0 0.24609375 0.5158450704225352 0.015625 0.06924882629107981
1 0.2703125 0.636150234741784 0.015625 0.06807511737089202
0 0.2703125 0.636150234741784 0.015625 0.06807511737089202
1 0.85859375 0.9512910798122066 0.01875 0.03169014084507042
0 0.85546875 0.9647887323943662 0.0484375 0.07042253521126761
1 0.879296875 0.9694835680751174 0.03984375 0.06103286384976526
0 0.879296875 0.9694835680751174 0.03984375 0.06103286384976526
1 0.88359375 0.9166666666666666 0.0171875 0.035211267605633804
0 0.88515625 0.9460093896713615 0.0515625 0.107981220657277
1 0.85390625 0.9061032863849765 0.0265625 0.046948356807511735
0 0.84765625 0.937206572769953 0.05 0.1255868544600939