1 0.13333333333333333 0.1259259259259259 0.075 0.17407407407407408
0 0.10885416666666667 0.5111111111111111 0.21770833333333334 0.9777777777777777
1 0.2838541666666667 0.22592592592592592 0.059375 0.12222222222222222
0 0.2890625 0.575925925925926 0.159375 0.8481481481481481
1 0.2125 0.22870370370370371 0.05416666666666667 0.12407407407407407
0 0.2359375 0.5787037037037037 0.146875 0.8425925925925926
1 0.22083333333333333 0.18981481481481483 0.041666666666666664 0.09074074074074075
0 0.228125 0.5361111111111111 0.1125 0.7981481481481482
1 0.3302083333333333 0.2101851851851852 0.041666666666666664 0.09814814814814815
0 0.33541666666666664 0.49074074074074076 0.11041666666666666 0.6925925925925925
1 0.36875 0.25833333333333336 0.05416666666666667 0.11296296296296296
0 0.371875 0.5851851851851851 0.11875 0.774074074074074
1 0.4265625 0.28888888888888886 0.04895833333333333 0.12222222222222222
0 0.43125 0.6092592592592593 0.15625 0.7814814814814814
1 0.4265625 0.22777777777777777 0.046875 0.1
0 0.4270833333333333 0.5564814814814815 0.12083333333333333 0.7796296296296297
1 0.4739583333333333 0.18518518518518517 0.052083333333333336 0.1259259259259259
0 0.48489583333333336 0.537962962962963 0.11979166666666667 0.8425925925925926
1 0.5125 0.21574074074074073 0.05625 0.1388888888888889
0 0.5104166666666666 0.5675925925925925 0.14791666666666667 0.8648148148148148
1 0.5640625 0.10833333333333334 0.059375 0.13148148148148148
0 0.5838541666666667 0.4925925925925926 0.146875 0.9444444444444444
1 0.5875 0.21944444444444444 0.06458333333333334 0.1574074074074074
0 0.571875 0.5675925925925925 0.22708333333333333 0.8648148148148148
1 0.6651041666666667 0.16111111111111112 0.059375 0.13703703703703704
0 0.6885416666666667 0.5370370370370371 0.14375 0.9259259259259259
1 0.7223958333333333 0.2657407407407407 0.065625 0.15
0 0.721875 0.5925925925925926 0.14375 0.8148148148148148
1 0.796875 0.23796296296296296 0.06458333333333334 0.14629629629629629
0 0.8 0.5787037037037037 0.11041666666666666 0.8425925925925926
1 0.7989583333333333 0.1287037037037037 0.06875 0.13518518518518519
0 0.8119791666666667 0.525 0.153125 0.95
1 0.8932291666666666 0.1925925925925926 0.08645833333333333 0.2
0 0.9078125 0.5444444444444444 0.184375 0.9111111111111111