1 0.8760416666666667 0.09832635983263599 0.0375 0.0599721059972106
0 0.9036458333333334 0.25732217573221755 0.12604166666666666 0.38633193863319387
1 0.8291666666666667 0.10669456066945607 0.0375 0.06834030683403068
0 0.828125 0.2803347280334728 0.10833333333333334 0.42398884239888424
1 0.7515625 0.18758716875871687 0.03854166666666667 0.06555090655509066
0 0.7333333333333333 0.3668061366806137 0.12708333333333333 0.43235704323570434
1 0.7375 0.2384937238493724 0.03958333333333333 0.0697350069735007
0 0.74375 0.41841004184100417 0.09791666666666667 0.4351464435146444
1 0.6479166666666667 0.26359832635983266 0.03958333333333333 0.058577405857740586
0 0.65625 0.44421199442119946 0.10208333333333333 0.42538354253835425
1 0.6072916666666667 0.3075313807531381 0.03958333333333333 0.06834030683403068
0 0.590625 0.48465829846582986 0.11041666666666666 0.4309623430962343
1 0.5151041666666667 0.36750348675034866 0.040625 0.0794979079497908
0 0.5296875 0.5781032078103208 0.18229166666666666 0.5258019525801952
1 0.40572916666666664 0.3396094839609484 0.046875 0.08507670850767085
0 0.3875 0.5725244072524407 0.1375 0.5536959553695955
1 0.25677083333333334 0.3793584379358438 0.046875 0.08647140864714087
0 0.25729166666666664 0.6073919107391911 0.15208333333333332 0.5592747559274756
1 0.14375 0.34449093444909346 0.052083333333333336 0.08647140864714087
0 0.10260416666666666 0.6129707112970711 0.20520833333333333 0.6317991631799164