1 0.10214285714285715 0.38285714285714284 0.04428571428571428 0.0761904761904762
0 0.1 0.5828571428571429 0.13428571428571429 0.49142857142857144
1 0.20857142857142857 0.3657142857142857 0.04 0.06476190476190476
0 0.20357142857142857 0.5647619047619048 0.11 0.4819047619047619
1 0.26071428571428573 0.37142857142857144 0.041428571428571426 0.06095238095238095
0 0.2742857142857143 0.5523809523809524 0.1 0.4380952380952381
1 0.2914285714285714 0.38857142857142857 0.04 0.06095238095238095
0 0.2935714285714286 0.58 0.10142857142857142 0.4552380952380952
1 0.35285714285714287 0.38857142857142857 0.037142857142857144 0.06095238095238095
0 0.3221428571428571 0.5685714285714286 0.15857142857142856 0.4361904761904762
1 0.4057142857142857 0.35428571428571426 0.03142857142857143 0.05333333333333334
0 0.40285714285714286 0.5142857142857142 0.08857142857142856 0.38476190476190475
1 0.43214285714285716 0.4247619047619048 0.03571428571428571 0.06095238095238095
0 0.43142857142857144 0.5819047619047619 0.10857142857142857 0.3942857142857143
1 0.4614285714285714 0.3761904761904762 0.03428571428571429 0.05523809523809524
0 0.4635714285714286 0.5485714285714286 0.08428571428571428 0.4038095238095238
1 0.5057142857142857 0.3819047619047619 0.02857142857142857 0.047619047619047616
0 0.5092857142857142 0.5361904761904762 0.07285714285714286 0.37523809523809526
1 0.5421428571428571 0.38857142857142857 0.03 0.05333333333333334
0 0.545 0.5190476190476191 0.07 0.3295238095238095
1 0.5678571428571428 0.38571428571428573 0.03 0.05142857142857143
0 0.5657142857142857 0.5476190476190477 0.1 0.38666666666666666
1 0.6178571428571429 0.38666666666666666 0.03 0.05333333333333334
0 0.6235714285714286 0.5380952380952381 0.07857142857142857 0.3638095238095238
1 0.6507142857142857 0.3819047619047619 0.03857142857142857 0.06285714285714286
0 0.6542857142857142 0.56 0.11714285714285715 0.4228571428571429
1 0.725 0.37238095238095237 0.032857142857142856 0.06285714285714286
0 0.7307142857142858 0.54 0.09571428571428571 0.4095238095238095
1 0.7428571428571429 0.43238095238095237 0.037142857142857144 0.05714285714285714
0 0.7464285714285714 0.6047619047619047 0.11 0.42857142857142855
1 0.8107142857142857 0.379047619047619 0.041428571428571426 0.06095238095238095
0 0.8221428571428572 0.5657142857142857 0.11571428571428571 0.4533333333333333
1 0.8285714285714286 0.4247619047619048 0.045714285714285714 0.06857142857142857
0 0.8307142857142857 0.6133333333333333 0.10714285714285714 0.44952380952380955