1 0.1067351598173516 0.3145833333333333 0.07420091324200913 0.0875
0 0.15011415525114155 0.5520833333333334 0.295662100456621 0.5708333333333333
1 0.2734018264840183 0.43645833333333334 0.08789954337899543 0.09791666666666667
0 0.2026255707762557 0.6505208333333333 0.2888127853881279 0.5489583333333333
1 0.5393835616438356 0.3151041666666667 0.06050228310502283 0.08020833333333334
0 0.5353881278538812 0.53125 0.18949771689497716 0.5479166666666667
1 0.7374429223744292 0.31666666666666665 0.0730593607305936 0.06875
0 0.704337899543379 0.5760416666666667 0.19863013698630136 0.6104166666666667
1 0.723744292237443 0.2921875 0.06164383561643835 0.065625
0 0.70662100456621 0.5140625 0.20776255707762556 0.5197916666666667
1 0.771689497716895 0.475 0.04794520547945205 0.04583333333333333
0 0.8710045662100456 0.5338541666666666 0.2579908675799087 0.24479166666666666
1 0.1603881278538813 0.37395833333333334 0.04223744292237443 0.04791666666666667
0 0.18378995433789955 0.46927083333333336 0.1598173515981735 0.24479166666666666
1 0.3144977168949772 0.36666666666666664 0.03767123287671233 0.041666666666666664
0 0.3550228310502283 0.46041666666666664 0.15753424657534246 0.23958333333333334
1 0.4189497716894977 0.3802083333333333 0.0365296803652968 0.04375
0 0.4920091324200913 0.45729166666666665 0.21232876712328766 0.20833333333333334
1 0.8287671232876712 0.32135416666666666 0.045662100456621 0.034375
0 0.8687214611872146 0.37864583333333335 0.13926940639269406 0.328125
1 0.9726027397260274 0.35208333333333336 0.03424657534246575 0.0375
0 0.9463470319634704 0.43333333333333335 0.10730593607305935 0.20833333333333334
1 0.3864155251141553 0.253125 0.028538812785388126 0.03125
0 0.3898401826484018 0.3458333333333333 0.08333333333333333 0.22708333333333333
1 0.4178082191780822 0.2838541666666667 0.0319634703196347 0.034375
0 0.420662100456621 0.35572916666666665 0.05593607305936073 0.196875
1 0.5810502283105022 0.34739583333333335 0.0547945205479452 0.06145833333333333
0 0.5502283105022832 0.5114583333333333 0.2853881278538813 0.40625
1 0.20490867579908675 0.3177083333333333 0.026255707762557076 0.029166666666666667
0 0.2134703196347032 0.39010416666666664 0.08447488584474885 0.184375
1 0.0702054794520548 0.25052083333333336 0.023972602739726026 0.023958333333333335
0 0.06107305936073059 0.3140625 0.07191780821917808 0.159375
1 0.5148401826484018 0.26979166666666665 0.02511415525114155 0.022916666666666665
0 0.5091324200913242 0.3307291666666667 0.07990867579908675 0.15729166666666666
1 0.9412100456621004 0.26197916666666665 0.028538812785388126 0.030208333333333334
0 0.9412100456621004 0.33697916666666666 0.09246575342465753 0.19270833333333334
1 0.8932648401826484 0.353125 0.03767123287671233 0.0375
0 0.8852739726027398 0.41875 0.10616438356164383 0.18125
1 0.2893835616438356 0.26875 0.026255707762557076 0.022916666666666665
0 0.2990867579908676 0.3307291666666667 0.07077625570776255 0.16145833333333334
1 0.014840182648401826 0.3328125 0.02054794520547945 0.023958333333333335
0 0.02910958904109589 0.36354166666666665 0.05821917808219178 0.09583333333333334
1 0.2985159817351598 0.3963541666666667 0.03995433789954338 0.042708333333333334
0 0.2979452054794521 0.478125 0.14840182648401826 0.22291666666666668
1 0.2180365296803653 0.36354166666666665 0.0410958904109589 0.0375
0 0.2191780821917808 0.4296875 0.1232876712328767 0.18229166666666666
1 0.8025114155251142 0.27447916666666666 0.0228310502283105 0.023958333333333335
0 0.8093607305936074 0.35885416666666664 0.0821917808219178 0.209375
1 0.8424657534246576 0.27447916666666666 0.0365296803652968 0.03229166666666667
0 0.83162100456621 0.3609375 0.10159817351598173 0.21770833333333334