1 0.21292162698412698 0.5798611111111112 0.031994047619047616 0.05588624338624339
0 0.1932043650793651 0.748015873015873 0.10813492063492064 0.4074074074074074
1 0.2552083333333333 0.5854828042328042 0.028273809523809524 0.04794973544973545
0 0.24975198412698413 0.732308201058201 0.0744047619047619 0.35548941798941797
1 0.29898313492063494 0.589781746031746 0.031994047619047616 0.05324074074074074
0 0.29303075396825395 0.7491732804232805 0.0954861111111111 0.38326719576719576
1 0.33816964285714285 0.572255291005291 0.02703373015873016 0.044642857142857144
0 0.32998511904761907 0.7170965608465608 0.09647817460317461 0.3541666666666667
1 0.40339781746031744 0.5810185185185185 0.028521825396825396 0.04563492063492063
0 0.4010416666666667 0.7258597883597884 0.08035714285714286 0.34523809523809523
1 0.4350198412698413 0.5537367724867724 0.02628968253968254 0.044642857142857144
0 0.44407242063492064 0.6952711640211641 0.07911706349206349 0.3449074074074074
1 0.4652777777777778 0.5864748677248677 0.021825396825396824 0.04398148148148148
0 0.4626736111111111 0.7270171957671958 0.078125 0.3349867724867725
1 0.5162450396825397 0.5575396825396826 0.025049603174603176 0.041666666666666664
0 0.5138888888888888 0.6939484126984127 0.07341269841269842 0.3230820105820106
1 0.5241815476190477 0.6036706349206349 0.024553571428571428 0.04265873015873016
0 0.5209573412698413 0.7347883597883598 0.07316468253968254 0.3201058201058201
1 0.5675843253968254 0.5740740740740741 0.023561507936507936 0.03835978835978836
0 0.5770089285714286 0.7065145502645502 0.0920138888888889 0.3237433862433862
1 0.5865575396825397 0.5720899470899471 0.020337301587301588 0.04431216931216931
0 0.5788690476190477 0.689484126984127 0.07093253968253968 0.29894179894179895
1 0.6428571428571429 0.5745701058201058 0.019345238095238096 0.03935185185185185
0 0.6418650793650794 0.6916335978835979 0.06646825396825397 0.2787698412698413
1 0.6232638888888888 0.5853174603174603 0.024305555555555556 0.03902116402116402
0 0.6268601190476191 0.7123015873015873 0.07961309523809523 0.30886243386243384
1 0.6934523809523809 0.5648148148148148 0.020337301587301588 0.037037037037037035
0 0.6935763888888888 0.6830357142857143 0.0726686507936508 0.2847222222222222
1 0.6769593253968254 0.5667989417989417 0.024553571428571428 0.041666666666666664
0 0.6812996031746031 0.7084986772486772 0.09375 0.3330026455026455
1 0.753844246031746 0.5704365079365079 0.026041666666666668 0.04034391534391534
0 0.7465277777777778 0.6946097883597884 0.060515873015873016 0.3005952380952381
1 0.7286706349206349 0.564318783068783 0.027777777777777776 0.04332010582010582
0 0.7389632936507936 0.7118055555555556 0.09895833333333333 0.3429232804232804
1 0.793030753968254 0.5415013227513228 0.028521825396825396 0.04332010582010582
0 0.7911706349206349 0.6822089947089947 0.0744047619047619 0.3306878306878307
1 0.8412698412698413 0.5492724867724867 0.027777777777777776 0.04365079365079365
0 0.8518105158730159 0.6884920634920635 0.08258928571428571 0.3306878306878307
1 0.8143601190476191 0.6006944444444444 0.031994047619047616 0.05125661375661376
0 0.8402777777777778 0.7232142857142857 0.09176587301587301 0.30886243386243384