1 0.1518324607329843 0.14052287581699346 0.006544502617801047 0.011111111111111112
0 0.15837696335078533 0.1514705882352941 0.030104712041884817 0.03496732026143791
1 0.20266143106457243 0.1468954248366013 0.006108202443280977 0.009477124183006535
0 0.2049520069808028 0.15833333333333333 0.02988656195462478 0.03627450980392157
1 0.2892670157068063 0.16454248366013072 0.006108202443280977 0.009477124183006535
0 0.28773996509598604 0.17549019607843136 0.02181500872600349 0.03398692810457516
1 0.3229712041884817 0.169281045751634 0.005017452006980803 0.00980392156862745
0 0.3204624781849913 0.18022875816993464 0.01788830715532286 0.03366013071895425
1 0.35143979057591623 0.17794117647058824 0.004363001745200698 0.006862745098039216
0 0.3517670157068063 0.19052287581699345 0.01068935427574171 0.034640522875816995
1 0.36834642233856896 0.18627450980392157 0.005017452006980803 0.00849673202614379
0 0.36856457242582896 0.20147058823529412 0.014179755671902269 0.03954248366013072
1 0.3699825479930192 0.17352941176470588 0.004799301919720768 0.00784313725490196
0 0.3693280977312391 0.1923202614379085 0.012216404886561954 0.04738562091503268
1 0.37652705061082026 0.19607843137254902 0.012652705061082025 0.01895424836601307
0 0.37652705061082026 0.19607843137254902 0.012652705061082025 0.01895424836601307
1 0.4156849912739965 0.19084967320261437 0.0041448516579406635 0.00718954248366013
0 0.41972076788830714 0.19901960784313724 0.017452006980802792 0.026143790849673203
1 0.4619328097731239 0.20784313725490197 0.015052356020942409 0.02091503267973856
0 0.4619328097731239 0.20784313725490197 0.015052356020942409 0.02091503267973856
1 0.4800392670157068 0.19477124183006536 0.0028359511343804536 0.004575163398692811
0 0.47654886561954624 0.20980392156862746 0.014616055846422338 0.03790849673202614
1 0.48669284467713786 0.19395424836601308 0.0030541012216404886 0.006209150326797385
0 0.4863656195462478 0.209640522875817 0.01112565445026178 0.03954248366013072
1 0.5450479930191972 0.22205882352941175 0.015488656195462478 0.016666666666666666
0 0.5450479930191972 0.22205882352941175 0.015488656195462478 0.016666666666666666
1 0.5565008726003491 0.21830065359477124 0.002617801047120419 0.004575163398692811
0 0.5604275741710296 0.22369281045751635 0.014397905759162303 0.018627450980392157
1 0.5751527050610821 0.2207516339869281 0.0032722513089005235 0.006209150326797385
0 0.574716404886562 0.22516339869281046 0.012434554973821989 0.018300653594771243
1 0.6108202443280978 0.22712418300653595 0.002181500872600349 0.00392156862745098
0 0.612892670157068 0.2312091503267974 0.01112565445026178 0.016013071895424835
1 0.6357984293193717 0.22238562091503267 0.002399650959860384 0.004248366013071895
0 0.6353621291448517 0.2312091503267974 0.0063263525305410125 0.023202614379084968
1 0.6597949389179756 0.22892156862745097 0.001963350785340314 0.003594771241830065
0 0.6600130890052356 0.23921568627450981 0.007198952879581152 0.02679738562091503
1 0.168848167539267 0.1934640522875817 0.006544502617801047 0.011111111111111112
0 0.16524869109947643 0.2150326797385621 0.03424956369982548 0.058823529411764705
1 0.18968150087260036 0.19607843137254902 0.007635253054101222 0.011111111111111112
0 0.18946335078534032 0.2150326797385621 0.018106457242582898 0.05359477124183006
1 0.2863219895287958 0.20147058823529412 0.005453752181500873 0.009477124183006535
0 0.28523123909249565 0.2145424836601307 0.018542757417102967 0.03954248366013072
1 0.2861038394415358 0.21143790849673202 0.005017452006980803 0.00784313725490196
0 0.28773996509598604 0.21928104575163399 0.01788830715532286 0.03137254901960784
1 0.300065445026178 0.20408496732026143 0.005017452006980803 0.008823529411764706
0 0.3008289703315881 0.21764705882352942 0.018760907504363003 0.040522875816993466
1 0.3054101221640489 0.21568627450980393 0.017015706806282723 0.040522875816993466
0 0.3054101221640489 0.21568627450980393 0.017015706806282723 0.040522875816993466
1 0.31544502617801046 0.20408496732026143 0.004363001745200698 0.007516339869281046
0 0.31795375218150085 0.21781045751633987 0.013307155322862129 0.03888888888888889
1 0.468586387434555 0.2434640522875817 0.002617801047120419 0.00392156862745098
0 0.4677137870855148 0.2540849673202614 0.012216404886561954 0.02712418300653595
1 0.5902050610820244 0.24444444444444444 0.0028359511343804536 0.00392156862745098
0 0.5934773123909249 0.24934640522875817 0.01287085514834206 0.01699346405228758
1 0.6270724258289704 0.2426470588235294 0.001963350785340314 0.0029411764705882353
0 0.6270724258289704 0.25441176470588234 0.006762652705061082 0.027777777777777776
1 0.6932809773123909 0.24477124183006535 0.002181500872600349 0.00392156862745098
0 0.693608202443281 0.2545751633986928 0.006762652705061082 0.02483660130718954
1 0.7001527050610821 0.2457516339869281 0.001963350785340314 0.0032679738562091504
0 0.7004799301919721 0.251797385620915 0.006980802792321117 0.017320261437908498
1 0.993455497382199 0.25441176470588234 0.010471204188481676 0.021895424836601306
0 0.993455497382199 0.25441176470588234 0.010471204188481676 0.021895424836601306
1 0.04101221640488656 0.31405228758169934 0.008289703315881327 0.013725490196078431
0 0.040794066317626526 0.34705882352941175 0.02225130890052356 0.08627450980392157
1 0.051047120418848166 0.3168300653594771 0.013525305410122163 0.017320261437908498
0 0.053446771378708555 0.36290849673202613 0.029668411867364748 0.11209150326797386
1 0.0844240837696335 0.3040849673202614 0.010034904013961605 0.014705882352941176
0 0.08420593368237347 0.340359477124183 0.024869109947643978 0.0892156862745098
1 0.0911867364746946 0.30130718954248364 0.011343804537521814 0.015032679738562092
0 0.09140488656195463 0.33986928104575165 0.028795811518324606 0.09803921568627451
1 0.13590750436300175 0.3053921568627451 0.006980802792321117 0.014052287581699347
0 0.13743455497382198 0.34509803921568627 0.029668411867364748 0.09803921568627451
1 0.013525305410122163 0.3264705882352941 0.027050610820244327 0.04183006535947712
0 0.03414048865619546 0.44477124183006533 0.06828097731239093 0.2875816993464052
1 0.10885689354275742 0.31748366013071894 0.028795811518324606 0.03300653594771242
0 0.12096422338568935 0.426797385620915 0.07220767888307156 0.25947712418300656
1 0.04919284467713787 0.4284313725490196 0.02988656195462478 0.044444444444444446
0 0.042430191972076786 0.5008169934640523 0.08486038394415357 0.19705882352941176
1 0.07907940663176265 0.4161764705882353 0.031631762652705064 0.04281045751633987
0 0.05050174520069808 0.5109477124183006 0.10100349040139615 0.23562091503267973
1 0.11278359511343805 0.41683006535947714 0.031413612565445025 0.05130718954248366
0 0.06980802792321117 0.5333333333333333 0.13830715532286214 0.2869281045751634
1 0.13350785340314136 0.45016339869281047 0.02574171029668412 0.04738562091503268
0 0.0975130890052356 0.5669934640522876 0.11169284467713787 0.28888888888888886
1 0.14965095986038393 0.4338235294117647 0.03795811518324607 0.06045751633986928
0 0.13536212914485166 0.5790849673202615 0.15292321116928448 0.35947712418300654
1 0.20800610820244328 0.4553921568627451 0.045157068062827224 0.061764705882352944
0 0.17517452006980802 0.6019607843137255 0.15924956369982549 0.36013071895424836
1 0.31097294938917974 0.4643790849673203 0.0412303664921466 0.07450980392156863
0 0.262434554973822 0.6294117647058823 0.1849912739965096 0.4084967320261438
1 0.35089441535776617 0.5003267973856209 0.05039267015706806 0.06928104575163399
0 0.3155541012216405 0.6967320261437908 0.15205061082024432 0.46862745098039216
1 0.42550174520069806 0.4954248366013072 0.04821116928446771 0.08888888888888889
0 0.38219895287958117 0.7238562091503268 0.21204188481675393 0.5522875816993464
1 0.5162521815008726 0.5506535947712419 0.046465968586387435 0.09477124183006536
0 0.48429319371727747 0.7496732026143791 0.21160558464223386 0.5006535947712418
1 0.6362347294938918 0.6246732026143791 0.06915357766143107 0.12516339869281046
0 0.6367801047120419 0.7790849673202614 0.20026178010471204 0.4418300653594771
1 0.8902705061082025 0.6555555555555556 0.09205933682373472 0.134640522875817
0 0.8528577661431065 0.7915032679738562 0.2942844677137871 0.4169934640522876
1 0.1539048865619546 0.3937908496732026 0.025523560209424083 0.041176470588235294
0 0.15608638743455497 0.46748366013071896 0.07526178010471204 0.19509803921568628
1 0.21258726003490402 0.39771241830065357 0.024650959860383945 0.04183006535947712
0 0.21291448516579406 0.4702614379084967 0.08333333333333333 0.19215686274509805
1 0.27486910994764396 0.421078431372549 0.0274869109947644 0.03954248366013072
0 0.256217277486911 0.4977124183006536 0.07351657940663177 0.20588235294117646
1 0.3307155322862129 0.42990196078431375 0.030104712041884817 0.05784313725490196
0 0.3253708551483421 0.5330065359477124 0.10274869109947644 0.269281045751634
1 0.412303664921466 0.45702614379084966 0.030541012216404886 0.05915032679738562
0 0.38590750436300175 0.5509803921568628 0.11649214659685864 0.2522875816993464
1 0.4605148342059337 0.45816993464052286 0.03315881326352531 0.06666666666666667
0 0.4586605584642234 0.6 0.11278359511343805 0.3581699346405229
1 0.5663176265270506 0.4803921568627451 0.03577661431064572 0.06209150326797386
0 0.5415575916230366 0.6228758169934641 0.1106020942408377 0.36405228758169933
1 0.6423429319371727 0.4687908496732026 0.04210296684118674 0.07679738562091504
0 0.631435427574171 0.6704248366013071 0.1206369982547993 0.4918300653594771
1 0.7468368237347295 0.5200980392156863 0.05170157068062827 0.09640522875816994
0 0.7380017452006981 0.7299019607843137 0.15357766143106458 0.5290849673202614
1 0.8965968586387435 0.5338235294117647 0.05366492146596859 0.09705882352941177
0 0.8953970331588132 0.7369281045751634 0.18608202443280977 0.515032679738562
1 0.3866710296684119 0.38872549019607844 0.022469458987783596 0.03888888888888889
0 0.3893979057591623 0.4766339869281046 0.058900523560209424 0.21928104575163399
1 0.4993455497382199 0.4264705882352941 0.02356020942408377 0.042483660130718956
0 0.49225567190226877 0.5112745098039215 0.0743891797556719 0.2284313725490196
1 0.5573734729493892 0.4312091503267974 0.027050610820244327 0.04803921568627451
0 0.5469022687609075 0.5266339869281046 0.08202443280977312 0.2565359477124183
1 0.6090750436300174 0.4395424836601307 0.028359511343804537 0.05555555555555555
0 0.6036212914485166 0.5423202614379085 0.08158813263525305 0.27156862745098037
1 0.7044066317626527 0.4465686274509804 0.03664921465968586 0.061764705882352944
0 0.6900087260034904 0.5544117647058824 0.11518324607329843 0.284640522875817
1 0.8529668411867365 0.4946078431372549 0.04232111692844677 0.07941176470588235
0 0.8164267015706806 0.6142156862745098 0.149869109947644 0.3388888888888889
1 0.9356457242582897 0.49379084967320264 0.04493891797556719 0.0784313725490196
0 0.9291012216404887 0.6446078431372549 0.13830715532286214 0.3964052287581699
1 0.2430191972076789 0.3689542483660131 0.013525305410122163 0.026143790849673203
0 0.24323734729493893 0.41977124183006537 0.04144851657940663 0.13562091503267973
1 0.20157068062827224 0.30915032679738563 0.009162303664921465 0.01699346405228758
0 0.2005890052356021 0.34852941176470587 0.022033158813263527 0.09640522875816994
1 0.2243673647469459 0.30833333333333335 0.00981675392670157 0.014052287581699347
0 0.22404013961605584 0.34705882352941175 0.02050610820244328 0.09411764705882353
1 0.22840314136125656 0.3044117647058823 0.007417102966841187 0.014052287581699347
0 0.23167539267015708 0.34019607843137256 0.01963350785340314 0.0869281045751634
1 0.24781849912739964 0.32483660130718955 0.012216404886561954 0.02091503267973856
0 0.23658376963350786 0.37630718954248366 0.0412303664921466 0.13104575163398693
1 0.26657940663176266 0.31323529411764706 0.010034904013961605 0.013398692810457516
0 0.26897905759162305 0.34934640522875815 0.020942408376963352 0.09084967320261438
1 0.28784904013961604 0.3160130718954248 0.007635253054101222 0.01241830065359477
0 0.2880671902268761 0.34477124183006536 0.017233856893542756 0.07581699346405228
1 0.3087914485165794 0.3104575163398693 0.007635253054101222 0.01241830065359477
0 0.3078097731239092 0.3405228758169935 0.015706806282722512 0.07581699346405228
1 0.3105366492146597 0.30359477124183004 0.00807155322862129 0.01241830065359477
0 0.3143542757417103 0.3370915032679739 0.019197207678883072 0.08398692810457517
1 0.3367146596858639 0.3053921568627451 0.00807155322862129 0.013398692810457516
0 0.33540575916230364 0.34019607843137256 0.021160558464223385 0.0869281045751634
1 0.3507853403141361 0.3112745098039216 0.007853403141361256 0.012745098039215686
0 0.35111256544502617 0.3392156862745098 0.017233856893542756 0.07320261437908497
1 0.37783595113438045 0.30751633986928106 0.010034904013961605 0.01764705882352941
0 0.3782722513089005 0.3486928104575163 0.024869109947643978 0.1065359477124183
1 0.4018324607329843 0.3111111111111111 0.006108202443280977 0.01045751633986928
0 0.4016143106457243 0.3366013071895425 0.016579406631762654 0.06405228758169934
1 0.4226657940663176 0.3062091503267974 0.0063263525305410125 0.011764705882352941
0 0.42070244328097733 0.3341503267973856 0.018979057591623036 0.06895424836601308
1 0.45397033158813266 0.3037581699346405 0.004799301919720768 0.008169934640522876
0 0.4535340314136126 0.3277777777777778 0.011780104712041885 0.05947712418300653
1 0.46956806282722513 0.3084967320261438 0.005017452006980803 0.00980392156862745
0 0.4668411867364747 0.3277777777777778 0.014834205933682374 0.05228758169934641
1 0.48440226876090753 0.3070261437908497 0.005017452006980803 0.010130718954248366
0 0.48320244328097733 0.32679738562091504 0.014397905759162303 0.05163398692810457
1 0.49345549738219896 0.30686274509803924 0.005235602094240838 0.00849673202614379
0 0.49454624781849915 0.3276143790849673 0.012216404886561954 0.05261437908496732
1 0.5025087260034904 0.3037581699346405 0.005017452006980803 0.008823529411764706
0 0.5014179755671903 0.3238562091503268 0.01068935427574171 0.05032679738562092
1 0.5145069808027923 0.3101307189542484 0.005453752181500873 0.00980392156862745
0 0.5109075043630017 0.3277777777777778 0.013525305410122163 0.048366013071895426
1 0.5114528795811518 0.30196078431372547 0.005453752181500873 0.009150326797385621
0 0.5107984293193717 0.32303921568627453 0.012434554973821989 0.05326797385620915
1 0.5219240837696335 0.30424836601307187 0.0037085514834205935 0.00849673202614379
0 0.5211605584642234 0.32401960784313727 0.013525305410122163 0.05
1 0.5331588132635253 0.3040849673202614 0.004363001745200698 0.008823529411764706
0 0.5316317626527051 0.3194444444444444 0.012216404886561954 0.04084967320261438
1 0.5365401396160558 0.30833333333333335 0.0041448516579406635 0.007516339869281046
0 0.5365401396160558 0.3243464052287582 0.012434554973821989 0.04084967320261438
1 0.5417757417102966 0.3050653594771242 0.005017452006980803 0.008823529411764706
0 0.5412303664921466 0.3204248366013072 0.010034904013961605 0.04281045751633987
1 0.550065445026178 0.301797385620915 0.004581151832460733 0.008169934640522876
0 0.5484293193717278 0.3199346405228758 0.010034904013961605 0.047058823529411764
1 0.5539921465968587 0.3050653594771242 0.0037085514834205935 0.007516339869281046
0 0.5524650959860384 0.31781045751633985 0.008507853403141362 0.03562091503267974
1 0.5595549738219895 0.3029411764705882 0.0034904013961605585 0.006535947712418301
0 0.5581369982547993 0.3184640522875817 0.00981675392670157 0.03888888888888889
1 0.5653359511343804 0.3006535947712418 0.004581151832460733 0.00718954248366013
0 0.5635907504363001 0.31633986928104574 0.009380453752181502 0.040522875816993466
1 0.5720986038394416 0.3029411764705882 0.0037085514834205935 0.00718954248366013
0 0.5710078534031413 0.31813725490196076 0.009380453752181502 0.03954248366013072
1 0.5797338568935427 0.301797385620915 0.004581151832460733 0.008169934640522876
0 0.5800610820244329 0.31552287581699345 0.011343804537521814 0.0369281045751634
1 0.6016579406631762 0.3058823529411765 0.0034904013961605585 0.006535947712418301
0 0.6007853403141361 0.31666666666666665 0.006980802792321117 0.030065359477124184
1 0.6041666666666666 0.317156862745098 0.0063263525305410125 0.025816993464052286
0 0.6041666666666666 0.317156862745098 0.0063263525305410125 0.025816993464052286
1 0.6231457242582897 0.3044117647058823 0.0028359511343804536 0.004901960784313725
0 0.6223821989528796 0.3148692810457516 0.008726003490401396 0.028431372549019607
1 0.6367801047120419 0.30212418300653593 0.0034904013961605585 0.005555555555555556
0 0.6361256544502618 0.31290849673202614 0.008726003490401396 0.02908496732026144
1 0.6423429319371727 0.30571895424836604 0.0028359511343804536 0.004901960784313725
0 0.6425610820244329 0.31633986928104574 0.00807155322862129 0.027450980392156862
1 0.6470331588132635 0.30130718954248364 0.0030541012216404886 0.00522875816993464
0 0.6476876090750436 0.3112745098039216 0.007853403141361256 0.026470588235294117
1 0.6552137870855148 0.3127450980392157 0.007198952879581152 0.026143790849673203
0 0.6552137870855148 0.3127450980392157 0.007198952879581152 0.026143790849673203
1 0.6604493891797557 0.30392156862745096 0.0028359511343804536 0.00522875816993464
0 0.6606675392670157 0.31323529411764706 0.007635253054101222 0.02516339869281046
1 0.6735383944153578 0.30016339869281045 0.004581151832460733 0.007516339869281046
0 0.6720113438045375 0.3173202614379085 0.01025305410122164 0.044444444444444446
1 0.6793193717277487 0.30245098039215684 0.002617801047120419 0.005555555555555556
0 0.6785558464223386 0.31241830065359477 0.007635253054101222 0.02483660130718954
1 0.6859729493891797 0.3029411764705882 0.0028359511343804536 0.00392156862745098
0 0.6856457242582897 0.3130718954248366 0.007853403141361256 0.026143790849673203
1 0.6925174520069808 0.3011437908496732 0.0028359511343804536 0.005555555555555556
0 0.6927356020942408 0.3130718954248366 0.00894415357766143 0.030065359477124184
1 0.6987347294938918 0.30310457516339867 0.0030541012216404886 0.004248366013071895
0 0.6980802792321117 0.31209150326797386 0.005671902268760907 0.02287581699346405
1 0.7605802792321117 0.3034313725490196 0.0028359511343804536 0.004248366013071895
0 0.7600349040139616 0.3116013071895425 0.005235602094240838 0.021241830065359478
1 0.7646160558464223 0.3122549019607843 0.006108202443280977 0.020588235294117647
0 0.7646160558464223 0.3122549019607843 0.006108202443280977 0.020588235294117647
1 0.7681064572425829 0.30098039215686273 0.002617801047120419 0.004575163398692811
0 0.7679973821989529 0.30866013071895426 0.0063263525305410125 0.022549019607843137
1 0.8131544502617801 0.30245098039215684 0.002399650959860384 0.004248366013071895
0 0.81260907504363 0.31029411764705883 0.007853403141361256 0.02516339869281046
1 0.8205715532286213 0.3008169934640523 0.001963350785340314 0.0029411764705882353
0 0.8203534031413613 0.31062091503267975 0.007635253054101222 0.026470588235294117
1 0.8696553228621291 0.3006535947712418 0.0028359511343804536 0.00522875816993464
0 0.8690008726003491 0.31258169934640523 0.00894415357766143 0.03104575163398693
1 0.8743455497382199 0.30245098039215684 0.0030541012216404886 0.004248366013071895
0 0.875 0.3122549019607843 0.006108202443280977 0.026470588235294117
1 0.8840532286212914 0.3127450980392157 0.008507853403141362 0.02287581699346405
0 0.8840532286212914 0.3127450980392157 0.008507853403141362 0.02287581699346405
1 0.9331369982547993 0.3 0.002399650959860384 0.00392156862745098
0 0.9330279232111692 0.31143790849673203 0.008726003490401396 0.028104575163398694
1 0.9593150087260035 0.30604575163398695 0.0037085514834205935 0.006209150326797385
0 0.962260034904014 0.31813725490196076 0.012216404886561954 0.03300653594771242
1 0.9701134380453752 0.30915032679738563 0.003926701570680628 0.006535947712418301
0 0.9729493891797557 0.32075163398692813 0.013089005235602094 0.030392156862745098
1 0.9984729493891797 0.30130718954248364 0.0030541012216404886 0.0058823529411764705
0 0.9943280977312391 0.31666666666666665 0.011343804537521814 0.038562091503267976
1 0.9410994764397905 0.44428104575163396 0.04013961605584642 0.06045751633986928
0 0.93739092495637 0.5599673202614379 0.11518324607329843 0.2977124183006536
1 0.9756762652705061 0.36503267973856207 0.017233856893542756 0.03137254901960784
0 0.974912739965096 0.4276143790849673 0.05017452006980803 0.16241830065359478
1 0.837805410122164 0.44983660130718955 0.029450261780104712 0.05457516339869281
0 0.8287521815008726 0.5406862745098039 0.10471204188481675 0.24215686274509804
1 0.8925610820244329 0.3514705882352941 0.03468586387434555 0.05457516339869281
0 0.8464223385689355 0.5 0.13525305410122165 0.3588235294117647
1 0.7446553228621291 0.4223856209150327 0.03424956369982548 0.05588235294117647
0 0.7400741710296684 0.5122549019607843 0.07264397905759162 0.23431372549019608
1 0.8055191972076788 0.3964052287581699 0.021596858638743454 0.03725490196078431
0 0.8066099476439791 0.4638888888888889 0.06697207678883071 0.17614379084967322
1 0.7765052356020943 0.3861111111111111 0.020287958115183247 0.03366013071895425
0 0.774869109947644 0.4406862745098039 0.047556719022687606 0.14607843137254903
1 0.6494328097731239 0.39019607843137255 0.02181500872600349 0.03986928104575163
0 0.650305410122164 0.4606209150326797 0.059336823734729496 0.1866013071895425
1 0.6104930191972077 0.39656862745098037 0.025959860383944152 0.04281045751633987
0 0.6099476439790575 0.4869281045751634 0.07286212914485166 0.22875816993464052
1 0.680955497382199 0.36176470588235293 0.015052356020942409 0.029411764705882353
0 0.6799738219895288 0.4158496732026144 0.04275741710296684 0.14019607843137255
1 0.7021160558464223 0.3803921568627451 0.022033158813263527 0.03725490196078431
0 0.6987347294938918 0.45294117647058824 0.056282722513089 0.18627450980392157
1 0.5919502617801047 0.39330065359477123 0.018979057591623036 0.03496732026143791
0 0.5932591623036649 0.4496732026143791 0.04821116928446771 0.15490196078431373
1 0.6567408376963351 0.3465686274509804 0.00894415357766143 0.016666666666666666
0 0.6542321116928447 0.37254901960784315 0.02443280977312391 0.07516339869281045
1 0.5200698080279232 0.4091503267973856 0.019197207678883072 0.03594771241830065
0 0.5141797556719022 0.4609477124183007 0.05366492146596859 0.14411764705882352
1 0.5699171029668412 0.380718954248366 0.014616055846422338 0.027450980392156862
0 0.5680628272251309 0.4272875816993464 0.039703315881326355 0.12777777777777777
1 0.5309773123909249 0.3727124183006536 0.016579406631762654 0.027777777777777776
0 0.5298865619546248 0.4173202614379085 0.04406631762652705 0.12287581699346405
1 0.5844240837696335 0.307843137254902 0.008289703315881327 0.01699346405228758
0 0.588023560209424 0.34558823529411764 0.021596858638743454 0.0977124183006536
1 0.612892670157068 0.31241830065359477 0.00894415357766143 0.015032679738562092
0 0.6172556719022687 0.34395424836601307 0.018542757417102967 0.08333333333333333
1 0.4662958115183246 0.39248366013071895 0.019415357766143105 0.03529411764705882
0 0.46465968586387435 0.44950980392156864 0.047556719022687606 0.15588235294117647
1 0.4912739965095986 0.382843137254902 0.01832460732984293 0.028431372549019607
0 0.48800174520069806 0.43022875816993467 0.038394415357766144 0.1264705882352941
1 0.5041448516579407 0.3764705882352941 0.012652705061082025 0.026143790849673203
0 0.5029450261780105 0.42026143790849674 0.03381326352530541 0.12091503267973856
1 0.512216404886562 0.3503267973856209 0.013961605584642234 0.02483660130718954
0 0.5101439790575916 0.3892156862745098 0.03512216404886562 0.10784313725490197
1 0.42299301919720766 0.3730392156862745 0.016579406631762654 0.029738562091503266
0 0.42201134380453753 0.4184640522875817 0.03468586387434555 0.12058823529411765
1 0.3968150087260035 0.3642156862745098 0.014834205933682374 0.025816993464052286
0 0.39397905759162305 0.40261437908496733 0.04319371727748691 0.11437908496732026
1 0.3287521815008726 0.373202614379085 0.01614310645724258 0.02875816993464052
0 0.32777050610820246 0.4256535947712418 0.04908376963350786 0.13627450980392156
1 0.30475567190226877 0.35326797385620917 0.013089005235602094 0.022222222222222223
0 0.30530104712041883 0.3934640522875817 0.03424956369982548 0.1065359477124183
1 0.2789048865619546 0.35784313725490197 0.01199825479930192 0.021568627450980392
0 0.27835951134380454 0.3941176470588235 0.030977312390924956 0.09673202614379085