1 0.90875 0.5258333333333334 0.01 0.015
0 0.904375 0.5675 0.03125 0.11166666666666666
1 0.93 0.5733333333333334 0.0125 0.016666666666666666
0 0.93 0.6125 0.0375 0.10166666666666667
1 0.840625 0.5708333333333333 0.01625 0.028333333333333332
0 0.85375 0.6433333333333333 0.0575 0.17666666666666667
1 0.868125 0.5591666666666667 0.01375 0.021666666666666667
0 0.87125 0.6125 0.0425 0.135
1 0.833125 0.5641666666666667 0.01375 0.028333333333333332
0 0.835625 0.6358333333333334 0.04625 0.175
1 0.81875 0.5591666666666667 0.015 0.025
0 0.818125 0.6175 0.04125 0.145
1 0.7925 0.58 0.0125 0.016666666666666666
0 0.7875 0.6266666666666667 0.0325 0.12
1 0.8 0.5525 0.0125 0.021666666666666667
0 0.796875 0.6066666666666667 0.04125 0.13333333333333333
1 0.766875 0.5658333333333333 0.01375 0.021666666666666667
0 0.763125 0.6225 0.03375 0.13833333333333334
1 0.7225 0.5425 0.0175 0.025
0 0.72375 0.6166666666666667 0.0525 0.18666666666666668
1 0.671875 0.565 0.01875 0.03
0 0.668125 0.6333333333333333 0.05375 0.18333333333333332
1 0.604375 0.5541666666666667 0.01625 0.028333333333333332
0 0.6025 0.625 0.08 0.18
1 0.490625 0.6125 0.02125 0.08833333333333333
0 0.490625 0.6125 0.02125 0.08833333333333333