1 0.9440860215053763 0.28186813186813187 0.11182795698924732 0.1901098901098901
0 0.943010752688172 0.5923076923076923 0.11397849462365592 0.8153846153846154
1 0.8670250896057348 0.210989010989011 0.0996415770609319 0.16263736263736264
0 0.8802867383512545 0.560989010989011 0.23082437275985662 0.878021978021978
1 0.6974910394265234 0.2532967032967033 0.11756272401433691 0.19230769230769232
0 0.6802867383512545 0.5769230769230769 0.25949820788530464 0.8461538461538461
1 0.7813620071684588 0.21153846153846154 0.07885304659498207 0.16593406593406593
0 0.7924731182795699 0.5741758241758241 0.13548387096774195 0.8516483516483516
1 0.6021505376344086 0.22417582417582418 0.05878136200716846 0.11648351648351649
0 0.6 0.5631868131868132 0.17634408602150536 0.8186813186813187
1 0.5290322580645161 0.23241758241758242 0.05591397849462366 0.11098901098901098
0 0.53584229390681 0.5445054945054945 0.13548387096774195 0.7351648351648352
1 0.4383512544802867 0.3 0.05949820788530466 0.11428571428571428
0 0.45089605734767024 0.6049450549450549 0.17060931899641577 0.7307692307692307
1 0.32903225806451614 0.25769230769230766 0.08315412186379928 0.17692307692307693
0 0.38853046594982077 0.582967032967033 0.26810035842293906 0.8340659340659341
1 0.25591397849462366 0.22197802197802197 0.06164874551971326 0.11868131868131868
0 0.26415770609318995 0.5494505494505495 0.16559139784946236 0.7736263736263737
1 0.36774193548387096 0.27307692307692305 0.05734767025089606 0.12857142857142856
0 0.3985663082437276 0.5642857142857143 0.1935483870967742 0.6978021978021978
1 0.13799283154121864 0.24505494505494504 0.06236559139784946 0.11428571428571428
0 0.1935483870967742 0.5862637362637363 0.22795698924731184 0.7879120879120879