1 0.12115384615384615 0.38586387434554975 0.023846153846153847 0.04712041884816754
0 0.11692307692307692 0.525130890052356 0.07384615384615385 0.33403141361256544
1 0.14461538461538462 0.4031413612565445 0.02923076923076923 0.048167539267015703
0 0.145 0.5413612565445026 0.07 0.33298429319371725
1 0.18807692307692309 0.4130890052356021 0.026923076923076925 0.049214659685863874
0 0.19 0.5586387434554974 0.06615384615384616 0.3507853403141361
1 0.195 0.34764397905759165 0.022307692307692306 0.033507853403141365
0 0.19576923076923078 0.4732984293193717 0.06538461538461539 0.29109947643979056
1 0.21461538461538462 0.34345549738219894 0.02923076923076923 0.048167539267015703
0 0.21615384615384614 0.4963350785340314 0.07384615384615385 0.36020942408376966
1 0.25153846153846154 0.39842931937172776 0.03076923076923077 0.05130890052356021
0 0.2561538461538462 0.5607329842931937 0.07692307692307693 0.36963350785340315
1 0.2692307692307692 0.4031413612565445 0.02923076923076923 0.050261780104712044
0 0.28884615384615386 0.5554973821989528 0.08384615384615385 0.3612565445026178
1 0.34692307692307695 0.39057591623036647 0.033846153846153845 0.060732984293193716
0 0.3553846153846154 0.5821989528795811 0.10307692307692308 0.4397905759162304
1 0.34807692307692306 0.4198952879581152 0.03461538461538462 0.041884816753926704
0 0.3392307692307692 0.5869109947643979 0.09692307692307692 0.3863874345549738
1 0.3984615384615385 0.3910994764397906 0.03076923076923077 0.05759162303664921
0 0.39692307692307693 0.5523560209424084 0.08307692307692308 0.38219895287958117
1 0.4307692307692308 0.4272251308900524 0.03230769230769231 0.05445026178010471
0 0.4326923076923077 0.5780104712041885 0.06538461538461539 0.36020942408376966
1 0.45384615384615384 0.4638743455497382 0.027692307692307693 0.050261780104712044
0 0.44846153846153847 0.6052356020942409 0.07692307692307693 0.3392670157068063
1 0.515 0.431413612565445 0.03461538461538462 0.06282722513089005
0 0.5176923076923077 0.6036649214659686 0.11384615384615385 0.41361256544502617
1 0.558076923076923 0.4261780104712042 0.02846153846153846 0.05445026178010471
0 0.5611538461538461 0.5774869109947643 0.07461538461538461 0.3717277486910995
1 0.5930769230769231 0.40680628272251307 0.03538461538461538 0.05968586387434555
0 0.6069230769230769 0.5774869109947643 0.08153846153846153 0.40523560209424087
1 0.6792307692307692 0.4329842931937173 0.036923076923076927 0.05340314136125655
0 0.6888461538461539 0.6078534031413613 0.08538461538461538 0.4073298429319372
1 0.645 0.41832460732984295 0.031538461538461536 0.049214659685863874
0 0.6423076923076924 0.5675392670157068 0.06615384615384616 0.3539267015706806
1 0.7203846153846154 0.4293193717277487 0.03 0.05235602094240838
0 0.7215384615384616 0.5701570680628272 0.07076923076923076 0.32146596858638743
1 0.8003846153846154 0.4031413612565445 0.03769230769230769 0.06282722513089005
0 0.8015384615384615 0.5947643979057592 0.12461538461538461 0.4523560209424084
1 0.8338461538461538 0.4329842931937173 0.03230769230769231 0.05549738219895288
0 0.8234615384615385 0.587434554973822 0.11461538461538462 0.37905759162303665
1 0.8934615384615384 0.4198952879581152 0.031538461538461536 0.050261780104712044
0 0.9026923076923077 0.5523560209424084 0.07153846153846154 0.3193717277486911
1 0.9426923076923077 0.38272251308900523 0.03 0.049214659685863874
0 0.9311538461538461 0.5350785340314136 0.09307692307692307 0.36858638743455496
1 0.9953846153846154 0.41256544502617803 0.009230769230769232 0.04607329842931937
0 0.9615384615384616 0.5649214659685864 0.07692307692307693 0.3403141361256545
1 0.8234615384615385 0.34293193717277487 0.031538461538461536 0.049214659685863874
0 0.8215384615384616 0.5162303664921466 0.08307692307692308 0.41047120418848165
1 0.7265384615384616 0.38900523560209427 0.031538461538461536 0.05130890052356021
0 0.7326923076923076 0.5225130890052356 0.07153846153846154 0.3204188481675393
1 0.6557692307692308 0.35235602094240837 0.03 0.04712041884816754
0 0.6526923076923077 0.4774869109947644 0.07153846153846154 0.2973821989528796
1 0.5753846153846154 0.35602094240837695 0.027692307692307693 0.05235602094240838
0 0.5688461538461539 0.4774869109947644 0.06538461538461539 0.2973821989528796
1 0.4880769230769231 0.3717277486910995 0.023846153846153847 0.041884816753926704
0 0.49153846153846154 0.49162303664921464 0.06 0.2879581151832461
1 0.4280769230769231 0.36178010471204186 0.02846153846153846 0.04712041884816754
0 0.4238461538461539 0.4801047120418848 0.05692307692307692 0.2963350785340314
1 0.33884615384615385 0.3565445026178011 0.02846153846153846 0.04502617801047121
0 0.3403846153846154 0.481151832460733 0.054615384615384614 0.30052356020942406
1 0.30038461538461536 0.36544502617801045 0.03 0.04397905759162304
0 0.29846153846153844 0.4837696335078534 0.047692307692307694 0.29109947643979056
1 0.25461538461538463 0.3507853403141361 0.03076923076923077 0.050261780104712044
0 0.2561538461538462 0.4863874345549738 0.05384615384615385 0.3256544502617801