1 0.173828125 0.17274305555555555 0.068359375 0.3211805555555556
0 0.173828125 0.17274305555555555 0.068359375 0.3211805555555556
1 0.169921875 0.3993055555555556 0.064453125 0.3090277777777778
0 0.169921875 0.3993055555555556 0.064453125 0.3090277777777778
1 0.83251953125 0.15364583333333334 0.0654296875 0.2864583333333333
0 0.83251953125 0.15364583333333334 0.0654296875 0.2864583333333333
1 0.83984375 0.3784722222222222 0.064453125 0.2847222222222222
0 0.83984375 0.3784722222222222 0.064453125 0.2847222222222222
1 0.837890625 0.640625 0.078125 0.3368055555555556
0 0.837890625 0.640625 0.078125 0.3368055555555556
1 0.921875 0.7760416666666666 0.021484375 0.041666666666666664
0 0.93798828125 0.875 0.0849609375 0.25
1 0.91064453125 0.7604166666666666 0.0205078125 0.04513888888888889
0 0.90771484375 0.8654513888888888 0.0830078125 0.2690972222222222
1 0.6416015625 0.7586805555555556 0.01953125 0.03819444444444445
0 0.64892578125 0.8689236111111112 0.0576171875 0.2621527777777778
1 0.564453125 0.7586805555555556 0.017578125 0.034722222222222224
0 0.56494140625 0.8541666666666666 0.0634765625 0.2361111111111111
1 0.560546875 0.7326388888888888 0.013671875 0.027777777777777776
0 0.56494140625 0.8029513888888888 0.0458984375 0.1753472222222222
1 0.49951171875 0.7430555555555556 0.0166015625 0.03125
0 0.50634765625 0.8159722222222222 0.0439453125 0.1875
1 0.44482421875 0.7517361111111112 0.0126953125 0.03125
0 0.4482421875 0.8402777777777778 0.046875 0.2152777777777778
1 0.3896484375 0.7352430555555556 0.01953125 0.043402777777777776
0 0.38720703125 0.8541666666666666 0.0927734375 0.2916666666666667
1 0.33056640625 0.7352430555555556 0.0185546875 0.036458333333333336
0 0.330078125 0.8385416666666666 0.0703125 0.25
1 0.166015625 0.6293402777777778 0.06640625 0.3211805555555556
0 0.166015625 0.6293402777777778 0.06640625 0.3211805555555556