1 0.80126953125 0.4147135416666667 0.0537109375 0.08463541666666667
0 0.783203125 0.6536458333333334 0.126953125 0.5729166666666666
1 0.63037109375 0.4244791666666667 0.0419921875 0.06770833333333333
0 0.607421875 0.6373697916666666 0.130859375 0.5325520833333334
1 0.6943359375 0.3372395833333333 0.095703125 0.125
0 0.67138671875 0.603515625 0.2529296875 0.79296875
1 0.4775390625 0.2727864583333333 0.05859375 0.09765625
0 0.47265625 0.5735677083333334 0.193359375 0.7877604166666666
1 0.37939453125 0.26171875 0.0712890625 0.13020833333333334
0 0.353515625 0.595703125 0.2734375 0.80859375
1 0.10693359375 0.3912760416666667 0.0771484375 0.12369791666666667
0 0.08935546875 0.6634114583333334 0.1787109375 0.6731770833333334
1 0.02001953125 0.3899739583333333 0.0400390625 0.048177083333333336
0 0.08203125 0.5970052083333334 0.1640625 0.4752604166666667