1 0.05527638190954774 0.22322775263951736 0.02814070351758794 0.06033182503770739
0 0.05979899497487437 0.38461538461538464 0.09346733668341708 0.4253393665158371
1 0.036683417085427134 0.18929110105580693 0.031155778894472363 0.058823529411764705
0 0.04020100502512563 0.358974358974359 0.08040201005025126 0.4343891402714932
1 0.09949748743718594 0.1885369532428356 0.02814070351758794 0.06033182503770739
0 0.10251256281407035 0.36048265460030166 0.08040201005025126 0.416289592760181
1 0.16532663316582916 0.21266968325791855 0.035175879396984924 0.05731523378582202
0 0.1628140703517588 0.38235294117647056 0.09246231155778895 0.4177978883861237
1 0.21809045226130652 0.17496229260935142 0.036180904522613064 0.06636500754147813
0 0.21608040201005024 0.3521870286576169 0.0964824120603015 0.42684766214177977
1 0.2542713567839196 0.16591251885369532 0.02814070351758794 0.05731523378582202
0 0.2537688442211055 0.33710407239819007 0.06733668341708543 0.4057315233785822
1 0.2989949748743719 0.20512820512820512 0.031155778894472363 0.06033182503770739
0 0.29396984924623115 0.38687782805429866 0.10954773869346733 0.4298642533936652
1 0.36683417085427134 0.21116138763197587 0.03015075376884422 0.06334841628959276
0 0.3773869346733668 0.3755656108597285 0.09547738693467336 0.40120663650075417
1 0.4045226130653266 0.19607843137254902 0.02914572864321608 0.06334841628959276
0 0.4040201005025126 0.3597285067873303 0.08241206030150754 0.4177978883861237
1 0.4402010050251256 0.18627450980392157 0.03015075376884422 0.058823529411764705
0 0.4371859296482412 0.35294117647058826 0.07236180904522613 0.40120663650075417
1 0.41959798994974873 0.13951734539969834 0.031155778894472363 0.05279034690799397
0 0.42311557788944726 0.3235294117647059 0.08040201005025126 0.42684766214177977
1 0.47839195979899496 0.19909502262443438 0.02814070351758794 0.05429864253393665
0 0.4814070351758794 0.361236802413273 0.06633165829145729 0.3936651583710407
1 0.5487437185929648 0.2239819004524887 0.032160804020100506 0.06485671191553545
0 0.542713567839196 0.39441930618401205 0.07236180904522613 0.4177978883861237
1 0.614070351758794 0.16440422322775264 0.036180904522613064 0.0784313725490196
0 0.6185929648241206 0.37481146304675717 0.10552763819095477 0.5052790346907994
1 0.6949748743718593 0.19984917043740574 0.031155778894472363 0.07088989441930618
0 0.678391959798995 0.385369532428356 0.09849246231155778 0.46003016591251883
1 0.7361809045226131 0.22926093514328807 0.035175879396984924 0.0693815987933635
0 0.7381909547738693 0.41478129713423834 0.09346733668341708 0.45852187028657615
1 0.7462311557788944 0.20437405731523378 0.035175879396984924 0.06485671191553545
0 0.75678391959799 0.39215686274509803 0.0964824120603015 0.45248868778280543
1 0.8371859296482412 0.2828054298642534 0.02814070351758794 0.06184012066365008
0 0.8246231155778895 0.42609351432880843 0.07336683417085427 0.36048265460030166
1 0.8371859296482412 0.22171945701357465 0.032160804020100506 0.05429864253393665
0 0.821105527638191 0.3936651583710407 0.08040201005025126 0.4072398190045249
1 0.8879396984924623 0.3024132730015083 0.033165829145728645 0.06485671191553545
0 0.8733668341708543 0.43891402714932126 0.11457286432160804 0.3559577677224736
1 0.9447236180904522 0.33182503770739064 0.032160804020100506 0.06636500754147813
0 0.9407035175879397 0.4698340874811463 0.1185929648241206 0.34841628959276016
1 0.9457286432160804 0.33182503770739064 0.034170854271356785 0.06636500754147813
0 0.9376884422110553 0.4555052790346908 0.10854271356783919 0.3167420814479638
1 0.9763819095477387 0.23378582202111614 0.031155778894472363 0.06033182503770739
0 0.9658291457286432 0.39064856711915535 0.06834170854271357 0.38310708898944196
1 0.9608040201005025 0.18401206636500755 0.036180904522613064 0.06033182503770739
0 0.9537688442211055 0.34615384615384615 0.08442211055276382 0.39064856711915535
1 0.8889447236180904 0.193815987933635 0.031155778894472363 0.058823529411764705
0 0.8819095477386935 0.35444947209653094 0.0814070351758794 0.39215686274509803
1 0.8276381909547739 0.15987933634992457 0.027135678391959798 0.04524886877828054
0 0.8075376884422111 0.33634992458521873 0.08341708542713568 0.41025641025641024
1 0.4728643216080402 0.7262443438914027 0.04321608040201005 0.07088989441930618
0 0.4798994974874372 0.524132730015083 0.47537688442211057 0.5686274509803921
1 0.9160804020100503 0.16063348416289594 0.02512562814070352 0.049773755656108594
0 0.9155778894472362 0.33710407239819007 0.0763819095477387 0.4117647058823529
1 0.8321608040201005 0.1870286576168929 0.03015075376884422 0.05429864253393665
0 0.8301507537688442 0.3559577677224736 0.07236180904522613 0.40120663650075417
1 0.5256281407035176 0.1794871794871795 0.032160804020100506 0.05429864253393665
0 0.5477386934673367 0.34841628959276016 0.08442211055276382 0.39819004524886875