1 0.3868065967016492 0.5 0.05847076461769116 0.09
0 0.345952023988006 0.7235 0.24062968515742128 0.553
1 0.4928785607196402 0.5375 0.06971514242878561 0.113
0 0.47863568215892055 0.7375 0.2166416791604198 0.525
1 0.6525487256371814 0.44 0.07571214392803598 0.122
0 0.6619190404797601 0.6865 0.23088455772113944 0.627
1 0.5341079460269865 0.5235 0.05922038980509745 0.101
0 0.5153673163418291 0.737 0.15817091454272864 0.526
1 0.8298350824587706 0.485 0.08545727136431784 0.138
0 0.8500749625187406 0.703 0.22338830584707647 0.594
1 0.9906296851574213 0.5015 0.018740629685157422 0.147
0 0.9613943028485757 0.7085 0.07721139430284858 0.583
1 0.8234632683658171 0.4465 0.04272863568215892 0.059
0 0.8114692653673163 0.6445 0.1386806596701649 0.501
1 0.8913043478260869 0.467 0.0704647676161919 0.108
0 0.9126686656671664 0.704 0.17466266866566715 0.592
1 0.7035232383808095 0.4605 0.02923538230884558 0.047
0 0.7001499250374813 0.589 0.08395802098950525 0.312
1 0.7522488755622189 0.4525 0.011244377811094454 0.015
0 0.7492503748125937 0.493 0.03373313343328336 0.11
1 0.48875562218890556 0.438 0.01199400299850075 0.022
0 0.4868815592203898 0.48 0.04122938530734633 0.11
1 0.5236131934032984 0.439 0.015742128935532233 0.022
0 0.5228635682158921 0.477 0.03523238380809595 0.106
1 0.0937031484257871 0.4625 0.026986506746626688 0.039
0 0.10007496251874062 0.569 0.07721139430284858 0.28
1 0.01424287856071964 0.4605 0.026986506746626688 0.045
0 0.03823088455772114 0.5765 0.07646176911544228 0.303
1 0.055097451274362816 0.453 0.005247376311844078 0.008
0 0.05622188905547226 0.4725 0.013493253373313344 0.051
1 0.15217391304347827 0.448 0.008995502248875561 0.012
0 0.14842578710644677 0.484 0.0239880059970015 0.088
1 0.16154422788605696 0.453 0.008245877061469266 0.012
0 0.16229385307346328 0.486 0.018740629685157422 0.08
1 0.18928035982008995 0.4535 0.006746626686656672 0.011
0 0.1904047976011994 0.482 0.020989505247376312 0.072
1 0.17203898050974512 0.4535 0.005247376311844078 0.007
0 0.174287856071964 0.476 0.015742128935532233 0.054
1 0.1424287856071964 0.449 0.005997001499250375 0.008
0 0.14280359820089955 0.473 0.015742128935532233 0.062
1 0.2582458770614693 0.452 0.006746626686656672 0.01
0 0.25487256371814093 0.4805 0.01649175412293853 0.069
1 0.2856071964017991 0.4535 0.0074962518740629685 0.011
0 0.2871064467766117 0.4805 0.014992503748125937 0.067
1 0.2653673163418291 0.4445 0.005997001499250375 0.009
0 0.26874062968515744 0.4745 0.024737631184407798 0.073
1 0.3294602698650675 0.451 0.005247376311844078 0.008
0 0.3294602698650675 0.4715 0.012743628185907047 0.049
1 0.3403298350824588 0.4545 0.004497751124437781 0.007
0 0.3403298350824588 0.4685 0.010494752623688156 0.037
1 0.3523238380809595 0.4575 0.0029985007496251873 0.005
0 0.3530734632683658 0.471 0.010494752623688156 0.036
1 0.4572713643178411 0.4465 0.004497751124437781 0.007
0 0.45652173913043476 0.462 0.013493253373313344 0.042
1 0.43478260869565216 0.4515 0.0029985007496251873 0.005
0 0.4351574212893553 0.463 0.008245877061469266 0.032
1 0.4452773613193403 0.442 0.0029985007496251873 0.004
0 0.4452773613193403 0.4535 0.0074962518740629685 0.029
1 0.20052473763118442 0.4525 0.005247376311844078 0.009
0 0.20164917541229385 0.4695 0.013493253373313344 0.049
1 0.4359070464767616 0.4395 0.005247376311844078 0.017
0 0.4359070464767616 0.4395 0.005247376311844078 0.017
1 0.3980509745127436 0.4525 0.005997001499250375 0.023
0 0.3980509745127436 0.4525 0.005997001499250375 0.023
1 0.42091454272863565 0.4505 0.0037481259370314842 0.005
0 0.4194152923538231 0.4655 0.009745127436281859 0.039
1 0.4280359820089955 0.4515 0.004497751124437781 0.005
0 0.42766116941529236 0.466 0.009745127436281859 0.036