1 0.09302325581395349 0.446029776674938 0.09302325581395349 0.1600496277915633
0 0.1186046511627907 0.6780397022332506 0.21488372093023256 0.6439205955334988
1 0.23767441860465116 0.45905707196029777 0.07348837209302325 0.141439205955335
0 0.23674418604651162 0.6885856079404467 0.2055813953488372 0.6228287841191067
1 0.326046511627907 0.44168734491315137 0.06604651162790698 0.12903225806451613
0 0.30093023255813955 0.6823821339950372 0.13116279069767442 0.6352357320099256
1 0.38883720930232557 0.4162531017369727 0.06883720930232558 0.12034739454094293
0 0.3869767441860465 0.673697270471464 0.14511627906976743 0.652605459057072
1 0.4832558139534884 0.4336228287841191 0.06604651162790698 0.11042183622828784
0 0.47767441860465115 0.68424317617866 0.14976744186046512 0.6315136476426799
1 0.5781395348837209 0.38213399503722084 0.0586046511627907 0.10918114143920596
0 0.5906976744186047 0.6495037220843672 0.15813953488372093 0.7009925558312655
1 0.7027906976744186 0.37965260545905705 0.07348837209302325 0.12903225806451613
0 0.672093023255814 0.652605459057072 0.1702325581395349 0.6947890818858561
1 0.7665116279069767 0.40198511166253104 0.07627906976744186 0.13647642679900746
0 0.7702325581395348 0.6594292803970223 0.18046511627906978 0.6811414392059554
1 0.901860465116279 0.45781637717121587 0.08651162790697674 0.1513647642679901
0 0.9004651162790698 0.6830024813895782 0.1972093023255814 0.6339950372208437