1 0.031508264462809916 0.78125 0.027892561983471075 0.029320987654320986
0 0.04132231404958678 0.8717206790123457 0.08264462809917356 0.2195216049382716
1 0.1278409090909091 0.7760416666666666 0.021177685950413222 0.015817901234567902
0 0.12370867768595041 0.8377700617283951 0.05630165289256198 0.14390432098765432
1 0.18104338842975207 0.763695987654321 0.02324380165289256 0.021219135802469136
0 0.1683884297520661 0.8439429012345679 0.0878099173553719 0.1909722222222222
1 0.27711776859504134 0.7687114197530864 0.04390495867768595 0.03665123456790124
0 0.27453512396694213 0.8738425925925926 0.1131198347107438 0.2523148148148148
1 0.2636880165289256 0.7746913580246914 0.04183884297520661 0.03780864197530864
0 0.2190082644628099 0.8721064814814815 0.15082644628099173 0.23881172839506173
1 0.32463842975206614 0.7712191358024691 0.042871900826446284 0.038580246913580245
0 0.33290289256198347 0.8755787037037037 0.10485537190082644 0.2488425925925926
1 0.30294421487603307 0.7582947530864198 0.033574380165289255 0.03510802469135803
0 0.3068181818181818 0.8665123456790124 0.11260330578512397 0.25617283950617287
1 0.4077995867768595 0.7685185185185185 0.035640495867768594 0.033950617283950615
0 0.41296487603305787 0.8740354938271605 0.11002066115702479 0.251929012345679
1 0.48295454545454547 0.7779706790123457 0.01962809917355372 0.01427469135802469
0 0.4852789256198347 0.8312114197530864 0.05010330578512397 0.1261574074074074
1 0.5599173553719008 0.8036265432098766 0.03409090909090909 0.034722222222222224
0 0.550103305785124 0.8908179012345679 0.11466942148760331 0.2183641975308642
1 0.5405475206611571 0.7872299382716049 0.03254132231404959 0.02507716049382716
0 0.5428719008264463 0.8705632716049383 0.08677685950413223 0.19637345679012347
1 0.6221590909090909 0.7652391975308642 0.028409090909090908 0.027391975308641976
0 0.6185433884297521 0.8572530864197531 0.0893595041322314 0.2183641975308642
1 0.6394628099173554 0.7934027777777778 0.03202479338842975 0.03742283950617284
0 0.6345557851239669 0.8869598765432098 0.09349173553719008 0.22608024691358025
1 0.7107438016528925 0.7916666666666666 0.0371900826446281 0.034722222222222224
0 0.7172004132231405 0.8846450617283951 0.09452479338842976 0.23070987654320987
1 0.7864152892561983 0.7783564814814815 0.033574380165289255 0.03433641975308642
0 0.7962293388429752 0.8773148148148148 0.11105371900826447 0.24537037037037038
1 0.8620867768595041 0.7800925925925926 0.026859504132231406 0.018518518518518517
0 0.8641528925619835 0.8719135802469136 0.09194214876033058 0.20910493827160495
1 0.9400826446280992 0.8092206790123457 0.030991735537190084 0.02816358024691358
0 0.9289772727272727 0.8919753086419753 0.14204545454545456 0.20679012345679013
1 0.9659090909090909 0.8038194444444444 0.010330578512396695 0.008101851851851851
0 0.9674586776859504 0.8366126543209876 0.04132231404958678 0.07523148148148148