1 0.06624732334047109 0.3832263242375602 0.06022483940042826 0.10834670947030497
0 0.07842612419700214 0.6617174959871589 0.15685224839400427 0.6765650080256822
1 0.1632762312633833 0.41412520064205455 0.05460385438972163 0.08908507223113965
0 0.1777301927194861 0.6825842696629213 0.13276231263383298 0.6348314606741573
1 0.2767665952890792 0.2995585874799358 0.05513918629550321 0.10473515248796147
0 0.28225374732334046 0.6101524879614767 0.15390792291220556 0.7371589085072231
1 0.3993576017130621 0.33868378812199035 0.05085653104925054 0.10032102728731943
0 0.4073875802997859 0.6221910112359551 0.15524625267665954 0.6761637239165329
1 0.5224839400428265 0.34570626003210275 0.04336188436830835 0.08065810593900481
0 0.5350642398286938 0.6133627608346709 0.13597430406852248 0.6336276083467095
1 0.6085385438972163 0.33908507223113965 0.04630620985010707 0.08908507223113965
0 0.6241970021413277 0.59169341894061 0.12740899357601712 0.6023274478330658
1 0.7077087794432548 0.35814606741573035 0.044967880085653104 0.09028892455858747
0 0.7189507494646681 0.6167736757624398 0.14025695931477516 0.6139646869983949
1 0.75 0.2825040128410915 0.046573875802997856 0.08667736757624397
0 0.7244379014989293 0.5525682182985554 0.16300856531049251 0.6340288924558587
1 0.8395342612419701 0.35934991974317815 0.054336188436830836 0.09189406099518459
0 0.8458244111349036 0.622792937399679 0.14989293361884368 0.6276083467094703
1 0.9174250535331906 0.31380417335473515 0.05380085653104925 0.08667736757624397
0 0.9229122055674518 0.581661316211878 0.15417558886509636 0.6320224719101124
1 0.19218415417558887 0.05417335473515249 0.045503211991434686 0.08105939004815409
0 0.20275695931477516 0.2991573033707865 0.1319593147751606 0.5854735152487961
1 0.31035867237687365 0.0981139646869984 0.039346895074946465 0.07825040128410915
0 0.3130353319057816 0.33025682182985555 0.11001070663811563 0.5834670947030498
1 0.4014989293361884 0.08065810593900481 0.0417558886509636 0.07945425361155699
0 0.4053800856531049 0.31380417335473515 0.10786937901498929 0.5561797752808989
1 0.4874197002141328 0.11015248796147672 0.034261241970021415 0.07423756019261638
0 0.49063169164882225 0.30076243980738365 0.0974304068522484 0.4763242375601926
1 0.5932815845824411 0.10513643659711075 0.038276231263383295 0.08105939004815409
0 0.5970289079229122 0.3001605136436597 0.11750535331905781 0.47752808988764045