1 0.299 0.3989751098096633 0.006 0.004392386530014641
0 0.2985 0.4132503660322108 0.019 0.03733528550512445
1 0.2755 0.3993411420204978 0.007 0.005124450951683748
0 0.273 0.4132503660322108 0.024 0.03587115666178624
1 0.3195 0.4128843338213763 0.007 0.005856515373352855
0 0.3215 0.4264275256222548 0.019 0.03587115666178624
1 0.3425 0.4396046852122987 0.007 0.006588579795021962
0 0.3415 0.4582723279648609 0.027 0.04538799414348463
1 0.342 0.45571010248901905 0.01 0.006588579795021962
0 0.3405 0.4787701317715959 0.029 0.055636896046852125
1 0.295 0.45168374816983897 0.01 0.007320644216691069
0 0.294 0.4725475841874085 0.022 0.05197657393850659
1 0.3105 0.4538799414348463 0.009 0.008784773060029283
0 0.3115 0.4718155197657394 0.029 0.04904831625183016
1 0.315 0.46010248901903367 0.008 0.006588579795021962
0 0.3115 0.48316251830161056 0.029 0.05417276720351391
1 0.275 0.46010248901903367 0.012 0.008052708638360176
0 0.277 0.47767203513909223 0.024 0.046120058565153735
1 0.2565 0.45900439238653 0.009 0.008784773060029283
0 0.2575 0.4780380673499268 0.029 0.04978038067349927
1 0.2685 0.48792093704245976 0.011 0.008052708638360176
0 0.265 0.5128111273792094 0.032 0.06076134699853587
1 0.2345 0.5010980966325037 0.011 0.008052708638360176
0 0.2355 0.527086383601757 0.029 0.06149341142020498
1 0.2505 0.5208638360175696 0.013 0.010980966325036604
0 0.247 0.5483162518301611 0.042 0.07320644216691069
1 0.266 0.5556368960468521 0.026 0.048316251830161056
0 0.266 0.5556368960468521 0.026 0.048316251830161056
1 0.3055 0.5073206442166911 0.015 0.01171303074670571
0 0.3075 0.5380673499267935 0.039 0.07613469985358712
1 0.323 0.4978038067349927 0.008 0.005856515373352855
0 0.3235 0.523792093704246 0.029 0.06222547584187409
1 0.3315 0.5076866764275256 0.011 0.00951683748169839
0 0.3335 0.5329428989751098 0.031 0.06588579795021962
1 0.285 0.49487554904831627 0.012 0.010248901903367497
0 0.288 0.5043923865300146 0.024 0.055636896046852125
1 0.308 0.4396046852122987 0.01 0.006588579795021962
0 0.306 0.45900439238653 0.026 0.04685212298682284
1 0.387 0.5025622254758418 0.012 0.00951683748169839
0 0.38 0.5333089311859444 0.034 0.0739385065885798
1 0.1365 0.5505124450951684 0.017 0.013177159590043924
0 0.1325 0.5904099560761347 0.051 0.09736456808199122
1 0.1375 0.5600292825768668 0.019 0.014641288433382138
0 0.138 0.5995607613469985 0.05 0.09663250366032211
1 0.088 0.6562957540263543 0.024 0.018301610541727673
0 0.086 0.7108345534407028 0.08 0.13323572474377746
1 0.306 0.7840409956076134 0.036 0.029282576866764276
0 0.2945 0.8678623718887262 0.103 0.20717423133235724
1 0.6855 0.6885065885797951 0.023 0.019765739385065886
0 0.673 0.7130307467057101 0.1 0.07320644216691069
1 0.6845 0.5435578330893118 0.013 0.010980966325036604
0 0.683 0.5768667642752562 0.046 0.08052708638360176
1 0.704 0.5193997071742313 0.016 0.012445095168374817
0 0.6995 0.5519765739385066 0.033 0.08345534407027819
1 0.4635 0.5248901903367497 0.015 0.013177159590043924
0 0.458 0.5556368960468521 0.036 0.07759882869692533
1 0.4985 0.5259882869692533 0.013 0.010980966325036604
0 0.4955 0.558199121522694 0.045 0.07833089311859444
1 0.5245 0.5256222547584187 0.011 0.01171303074670571
0 0.5315 0.5585651537335286 0.043 0.08052708638360176
1 0.307 0.3898243045387994 0.004 0.0036603221083455345
0 0.306 0.4019033674963397 0.02 0.032210834553440704
1 0.285 0.40007320644216693 0.006 0.005124450951683748
0 0.284 0.4128843338213763 0.014 0.032210834553440704
1 0.268 0.4216691068814056 0.006 0.005856515373352855
0 0.266 0.4315519765739385 0.018 0.0314787701317716
1 0.312 0.4242313323572474 0.008 0.005124450951683748
0 0.309 0.4359443631039531 0.02 0.034407027818448024
1 0.286 0.4981698389458272 0.014 0.008052708638360176
0 0.288 0.5252562225475842 0.034 0.06222547584187409
1 0.4305 0.5036603221083455 0.011 0.008784773060029283
0 0.42 0.5318448023426061 0.036 0.0739385065885798
1 0.282 0.42093704245973645 0.006 0.005856515373352855
0 0.2835 0.4330161054172767 0.019 0.03294289897510981