1 0.53046875 0.4155701754385965 0.0671875 0.08552631578947369
0 0.5984375 0.6425438596491229 0.265625 0.5701754385964912
1 0.64375 0.3793859649122807 0.04375 0.06578947368421052
0 0.6640625 0.5427631578947368 0.153125 0.4100877192982456
1 0.6859375 0.35964912280701755 0.034375 0.06140350877192982
0 0.6953125 0.48026315789473684 0.121875 0.3201754385964912
1 0.7015625 0.28399122807017546 0.025 0.03728070175438596
0 0.696875 0.3980263157894737 0.071875 0.26096491228070173
1 0.75078125 0.23355263157894737 0.0328125 0.05043859649122807
0 0.746875 0.3892543859649123 0.08125 0.36622807017543857
1 0.7609375 0.24780701754385964 0.01875 0.02631578947368421
0 0.7703125 0.3793859649122807 0.065625 0.31140350877192985
1 0.81796875 0.22478070175438597 0.0328125 0.05043859649122807
0 0.81484375 0.38377192982456143 0.0921875 0.37719298245614036