1 0.7746666666666666 0.40429447852760736 0.08533333333333333 0.09447852760736196
0 0.8186666666666667 0.5865030674846625 0.25866666666666666 0.46134969325153374
1 0.84 0.22085889570552147 0.064 0.07607361963190185
0 0.8046666666666666 0.450920245398773 0.3 0.5484662576687117
1 0.728 0.2233128834355828 0.06933333333333333 0.0785276073619632
0 0.666 0.4466257668711656 0.25733333333333336 0.5349693251533743
1 0.6246666666666667 0.4190184049079755 0.07333333333333333 0.08711656441717791
0 0.6193333333333333 0.59079754601227 0.16933333333333334 0.44539877300613495
1 0.6006666666666667 0.21595092024539878 0.07066666666666667 0.0785276073619632
0 0.5233333333333333 0.4429447852760736 0.284 0.5447852760736196
1 0.5033333333333333 0.4288343558282209 0.08133333333333333 0.09693251533742331
0 0.4886666666666667 0.6122699386503068 0.18533333333333332 0.48098159509202454
1 0.3566666666666667 0.4098159509202454 0.08666666666666667 0.10306748466257669
0 0.30933333333333335 0.6214723926380368 0.23733333333333334 0.5386503067484663
1 0.14466666666666667 0.2049079754601227 0.092 0.09079754601226994
0 0.134 0.47791411042944787 0.25466666666666665 0.6441717791411042
1 0.32666666666666666 0.2134969325153374 0.072 0.08588957055214724
0 0.31066666666666665 0.45950920245398774 0.14933333333333335 0.592638036809816
1 0.4666666666666667 0.19754601226993865 0.06933333333333333 0.0785276073619632
0 0.4493333333333333 0.449079754601227 0.15466666666666667 0.5815950920245399