1 0.8246153846153846 0.12330198537095088 0.07846153846153846 0.13375130616509928
0 0.8742307692307693 0.5109717868338558 0.23153846153846153 0.9174503657262278
1 0.6965384615384616 0.19070010449320793 0.06846153846153846 0.11598746081504702
0 0.6884615384615385 0.5386624869383491 0.30615384615384617 0.857889237199582
1 0.495 0.4148380355276907 0.05923076923076923 0.0877742946708464
0 0.5096153846153846 0.6431556948798328 0.18076923076923077 0.5611285266457681
1 0.3680769230769231 0.21212121212121213 0.06384615384615384 0.11285266457680251
0 0.3123076923076923 0.5543364681295716 0.2923076923076923 0.8181818181818182
1 0.21884615384615386 0.15987460815047022 0.07153846153846154 0.12957157784743992
0 0.2692307692307692 0.5308254963427377 0.29846153846153844 0.877742946708464
1 0.07307692307692308 0.3766980146290491 0.07230769230769231 0.09299895506792058
0 0.10807692307692307 0.6494252873563219 0.21615384615384614 0.6468129571577848