1 0.00853018372703412 0.7794432548179872 0.014435695538057743 0.02569593147751606
0 0.021653543307086614 0.828693790149893 0.04330708661417323 0.13704496788008566
1 0.07152230971128609 0.7526766595289079 0.02230971128608924 0.04068522483940043
0 0.07283464566929133 0.8522483940042827 0.06167979002624672 0.24839400428265523
1 0.10039370078740158 0.7269807280513919 0.011811023622047244 0.019271948608137045
0 0.09908136482939632 0.7869379014989293 0.03805774278215223 0.14775160599571735
1 0.1062992125984252 0.778372591006424 0.013123359580052493 0.019271948608137045
0 0.1036745406824147 0.8244111349036403 0.047244094488188976 0.14132762312633834
1 0.15748031496062992 0.7773019271948608 0.02099737532808399 0.034261241970021415
0 0.1594488188976378 0.8265524625267666 0.05380577427821522 0.14132762312633834
1 0.16929133858267717 0.728051391862955 0.013123359580052493 0.021413276231263382
0 0.16404199475065617 0.7965738758029979 0.04199475065616798 0.17558886509635974
1 0.229002624671916 0.7762312633832976 0.01968503937007874 0.032119914346895075
0 0.23228346456692914 0.8618843683083511 0.06036745406824147 0.22483940042826553
1 0.5301837270341208 0.7580299785867237 0.010498687664041995 0.017130620985010708
0 0.5288713910761155 0.7997858672376874 0.026246719160104987 0.11349036402569593
1 0.5465879265091863 0.7922912205567452 0.014435695538057743 0.029978586723768737
0 0.531496062992126 0.8372591006423983 0.06036745406824147 0.13276231263383298
1 0.5643044619422573 0.7901498929336188 0.013123359580052493 0.029978586723768737
0 0.5656167979002624 0.8361884368308351 0.03674540682414698 0.13062098501070663
1 0.59251968503937 0.7890792291220556 0.014435695538057743 0.023554603854389723
0 0.5898950131233596 0.8372591006423983 0.04068241469816273 0.1284796573875803
1 0.6266404199475065 0.7901498929336188 0.014435695538057743 0.029978586723768737
0 0.6220472440944882 0.8372591006423983 0.03412073490813648 0.1284796573875803
1 0.610236220472441 0.7483940042826552 0.010498687664041995 0.019271948608137045
0 0.6115485564304461 0.8008565310492506 0.023622047244094488 0.13276231263383298
1 0.634514435695538 0.7334047109207709 0.011811023622047244 0.019271948608137045
0 0.6325459317585301 0.7837259100642399 0.026246719160104987 0.12419700214132762
1 0.6568241469816273 0.7237687366167024 0.003937007874015748 0.008565310492505354
0 0.6568241469816273 0.7451820128479657 0.01706036745406824 0.055674518201284794
1 0.6515748031496063 0.7869379014989293 0.014435695538057743 0.027837259100642397
0 0.6568241469816273 0.8372591006423983 0.04068241469816273 0.13704496788008566
1 0.6758530183727034 0.7644539614561028 0.010498687664041995 0.017130620985010708
0 0.6712598425196851 0.8094218415417559 0.024934383202099737 0.11991434689507495
1 0.6797900262467191 0.8008565310492506 0.015748031496062992 0.02569593147751606
0 0.681758530183727 0.8436830835117773 0.03805774278215223 0.11991434689507495
1 0.708005249343832 0.7355460385438972 0.01968503937007874 0.027837259100642397
0 0.702755905511811 0.8201284796573876 0.05905511811023622 0.22269807280513917
1 0.7355643044619422 0.7997858672376874 0.014435695538057743 0.027837259100642397
0 0.734251968503937 0.8447537473233405 0.03280839895013123 0.12633832976445397
1 0.7637795275590551 0.7987152034261242 0.013123359580052493 0.021413276231263382
0 0.7591863517060368 0.8436830835117773 0.03280839895013123 0.12419700214132762
1 0.7841207349081365 0.7698072805139187 0.011811023622047244 0.019271948608137045
0 0.7841207349081365 0.8297644539614561 0.03543307086614173 0.14775160599571735
1 0.8090551181102362 0.791220556745182 0.014435695538057743 0.023554603854389723
0 0.8070866141732284 0.8426124197002142 0.03674540682414698 0.13062098501070663
1 0.8287401574803149 0.80406852248394 0.009186351706036745 0.014989293361884369
0 0.8313648293963255 0.8490364025695931 0.030183727034120734 0.11777301927194861
1 0.8385826771653543 0.7612419700214133 0.015748031496062992 0.027837259100642397
0 0.8438320209973753 0.8319057815845824 0.03412073490813648 0.1777301927194861
1 0.8523622047244095 0.7376873661670236 0.011811023622047244 0.019271948608137045
0 0.8510498687664042 0.7826552462526767 0.02230971128608924 0.10920770877944326
1 0.8733595800524935 0.7355460385438972 0.014435695538057743 0.023554603854389723
0 0.8766404199475065 0.8190578158458244 0.05511811023622047 0.20342612419700215
1 0.8989501312335958 0.7441113490364025 0.013123359580052493 0.023554603854389723
0 0.9028871391076115 0.7933618843683083 0.026246719160104987 0.13062098501070663
1 0.9140419947506562 0.7419700214132763 0.011811023622047244 0.023554603854389723
0 0.9140419947506562 0.8008565310492506 0.03543307086614173 0.15417558886509636
1 0.9225721784776902 0.7366167023554604 0.013123359580052493 0.02569593147751606
0 0.9225721784776902 0.7987152034261242 0.03674540682414698 0.15845824411134904
1 0.9238845144356955 0.8008565310492506 0.010498687664041995 0.021413276231263382
0 0.9383202099737533 0.8426124197002142 0.06561679790026247 0.12633832976445397
1 0.958005249343832 0.7259100642398287 0.01837270341207349 0.034261241970021415
0 0.9540682414698163 0.8126338329764454 0.03937007874015748 0.22055674518201285
1 0.9507874015748031 0.7526766595289079 0.01706036745406824 0.027837259100642397
0 0.9586614173228346 0.841541755888651 0.051181102362204724 0.2012847965738758
1 0.9671916010498688 0.7259100642398287 0.015748031496062992 0.029978586723768737
0 0.9730971128608924 0.8126338329764454 0.03805774278215223 0.21199143468950749
1 0.9901574803149606 0.7430406852248393 0.009186351706036745 0.017130620985010708
0 0.984251968503937 0.7955032119914347 0.026246719160104987 0.15203426124197003
1 0.9960629921259843 0.7323340471092077 0.007874015748031496 0.02569593147751606
0 0.9940944881889764 0.7955032119914347 0.011811023622047244 0.16059957173447537