1 0.993 0.5419790104947526 0.014 0.046476761619190406
0 0.9875 0.6701649175412294 0.025 0.3058470764617691
1 0.9395 0.5877061469265368 0.021 0.03298350824587706
0 0.9425 0.6911544227886057 0.091 0.30884557721139433
1 0.8885 0.5794602698650675 0.027 0.043478260869565216
0 0.8845 0.6956521739130435 0.053 0.2818590704647676
1 0.827 0.5472263868065967 0.054 0.09295352323838081
0 0.8225 0.7458770614692654 0.155 0.5082458770614693
1 0.7235 0.5667166416791605 0.023 0.041979010494752625
0 0.7135 0.6686656671664168 0.043 0.25487256371814093
1 0.69 0.5794602698650675 0.022 0.031484257871064465
0 0.6745 0.6739130434782609 0.061 0.2353823088455772
1 0.652 0.5509745127436282 0.024 0.04047976011994003
0 0.647 0.6596701649175413 0.04 0.26686656671664166
1 0.624 0.5659670164917541 0.028 0.043478260869565216
0 0.61 0.6739130434782609 0.066 0.27136431784107945
1 0.5615 0.5637181409295352 0.023 0.038980509745127435
0 0.5505 0.691904047976012 0.067 0.30134932533733133
1 0.497 0.525487256371814 0.032 0.05547226386806597
0 0.5135 0.6836581709145427 0.093 0.3748125937031484
1 0.466 0.5652173913043478 0.024 0.035982008995502246
0 0.4605 0.6799100449775113 0.051 0.2653673163418291
1 0.44 0.553223388305847 0.024 0.035982008995502246
0 0.442 0.6634182908545727 0.042 0.2563718140929535
1 0.4045 0.5547226386806596 0.025 0.038980509745127435
0 0.404 0.6746626686656672 0.086 0.2908545727136432
1 0.362 0.5749625187406296 0.022 0.043478260869565216
0 0.343 0.6896551724137931 0.062 0.27886056971514245
1 0.336 0.5824587706146926 0.022 0.037481259370314844
0 0.343 0.6836581709145427 0.052 0.24887556221889057
1 0.298 0.5817091454272864 0.022 0.035982008995502246
0 0.298 0.6904047976011994 0.046 0.2623688155922039
1 0.2365 0.5922038980509745 0.025 0.03298350824587706
0 0.23 0.6904047976011994 0.04 0.2353823088455772