1 0.012690355329949238 0.9566003616636528 0.019289340101522844 0.0325497287522604
0 0.02233502538071066 0.9629294755877035 0.04467005076142132 0.07414104882459313
1 0.062436548223350256 0.9430379746835443 0.015228426395939087 0.034358047016274866
0 0.066497461928934 0.961121157323689 0.03553299492385787 0.07775768535262206
1 0.19035532994923857 0.674502712477396 0.013197969543147208 0.02531645569620253
0 0.18680203045685279 0.7396021699819169 0.030456852791878174 0.16636528028933092
1 0.2116751269035533 0.6790235081374322 0.01116751269035533 0.019891500904159132
0 0.21573604060913706 0.7432188065099458 0.03350253807106599 0.15913200723327306
1 0.2766497461928934 0.6428571428571429 0.01116751269035533 0.023508137432188065
0 0.27106598984771574 0.7070524412296564 0.03451776649746193 0.15913200723327306
1 0.30253807106598984 0.64376130198915 0.014213197969543147 0.02531645569620253
0 0.30253807106598984 0.713381555153707 0.04263959390862944 0.1717902350813743
1 0.33756345177664976 0.6419529837251357 0.01116751269035533 0.0216998191681736
0 0.34060913705583756 0.7025316455696202 0.03350253807106599 0.15370705244122965
1 0.36700507614213196 0.6274864376130199 0.013197969543147208 0.0216998191681736
0 0.36548223350253806 0.6962025316455697 0.030456852791878174 0.16636528028933092
1 0.36700507614213196 0.7603978300180831 0.017258883248730966 0.027124773960216998
0 0.36852791878172586 0.8688969258589512 0.050761421319796954 0.2585895117540687
1 0.4304568527918782 0.7703435804701627 0.014213197969543147 0.028933092224231464
0 0.4279187817258883 0.8679927667269439 0.04568527918781726 0.2423146473779385
1 0.45380710659898477 0.7911392405063291 0.016243654822335026 0.034358047016274866
0 0.45685279187817257 0.8860759493670886 0.05888324873096447 0.22784810126582278
1 0.4939086294416244 0.7938517179023508 0.015228426395939087 0.03616636528028933
0 0.49796954314720815 0.8860759493670886 0.03959390862944162 0.22784810126582278
1 0.5040609137055837 0.7432188065099458 0.013197969543147208 0.028933092224231464
0 0.5010152284263959 0.8164556962025317 0.04365482233502538 0.18264014466546113
1 0.5131979695431472 0.6943942133815552 0.013197969543147208 0.028933092224231464
0 0.5152284263959391 0.7631103074141049 0.03553299492385787 0.1735985533453888
1 0.47766497461928936 0.6998191681735986 0.01116751269035533 0.028933092224231464
0 0.47868020304568526 0.77124773960217 0.03553299492385787 0.17540687160940324
1 0.5253807106598984 0.635623869801085 0.01116751269035533 0.023508137432188065
0 0.5294416243654823 0.6989150090415913 0.03147208121827411 0.15732368896925858
1 0.5436548223350254 0.5985533453887885 0.01116751269035533 0.02531645569620253
0 0.5421319796954315 0.6528028933092225 0.03248730964467005 0.1410488245931284
1 0.5573604060913706 0.5723327305605787 0.01015228426395939 0.019891500904159132
0 0.5604060913705584 0.635623869801085 0.030456852791878174 0.15009041591320071
1 0.5903553299492386 0.5940325497287523 0.009137055837563452 0.019891500904159132
0 0.5903553299492386 0.6410488245931284 0.025380710659898477 0.13200723327305605
1 0.6294416243654822 0.593128390596745 0.01015228426395939 0.014466546112115732
0 0.6269035532994924 0.6455696202531646 0.029441624365482234 0.13381555153707053
1 0.6395939086294417 0.5687160940325497 0.01015228426395939 0.019891500904159132
0 0.6390862944162436 0.6274864376130199 0.029441624365482234 0.14466546112115733
1 0.6609137055837564 0.5488245931283906 0.01015228426395939 0.019891500904159132
0 0.6639593908629442 0.5985533453887885 0.026395939086294416 0.1301989150090416
1 0.6756345177664974 0.5714285714285714 0.009137055837563452 0.0216998191681736
0 0.6705583756345178 0.620253164556962 0.027411167512690356 0.1301989150090416
1 0.6878172588832487 0.5551537070524413 0.01116751269035533 0.0216998191681736
0 0.6868020304568528 0.6112115732368897 0.025380710659898477 0.14828209764918626
1 0.7477157360406091 0.569620253164557 0.01116751269035533 0.0216998191681736
0 0.7456852791878172 0.6211573236889693 0.029441624365482234 0.13200723327305605
1 0.4436548223350254 0.6157323688969258 0.01015228426395939 0.023508137432188065
0 0.44568527918781725 0.6817359855334539 0.03451776649746193 0.1735985533453888
1 0.4304568527918782 0.6383363471971067 0.012182741116751269 0.0216998191681736
0 0.4299492385786802 0.7215189873417721 0.027411167512690356 0.20253164556962025
1 0.42690355329949237 0.659132007233273 0.009137055837563452 0.019891500904159132
0 0.4299492385786802 0.720614828209765 0.03756345177664975 0.15009041591320071
1 0.4116751269035533 0.6790235081374322 0.009137055837563452 0.0162748643761302
0 0.4147208121827411 0.7305605786618445 0.03147208121827411 0.16636528028933092