1 0.7906666666666666 0.4900662251655629 0.13333333333333333 0.26490066225165565
0 0.858 0.673289183222958 0.284 0.6534216335540839
1 0.6613333333333333 0.5 0.096 0.20088300220750552
0 0.784 0.6942604856512141 0.432 0.6114790286975718
1 0.7266666666666667 0.3432671081677704 0.10666666666666667 0.17880794701986755
0 0.8286666666666667 0.6214128035320088 0.324 0.7571743929359823
1 0.7166666666666667 0.19757174392935983 0.076 0.1390728476821192
0 0.82 0.45474613686534215 0.32266666666666666 0.7064017660044151
1 0.602 0.33995584988962474 0.076 0.15011037527593818
0 0.7133333333333334 0.608167770419426 0.30933333333333335 0.7306843267108167
1 0.5426666666666666 0.369757174392936 0.07733333333333334 0.13024282560706402
0 0.6606666666666666 0.6103752759381899 0.31866666666666665 0.6247240618101545