1 0.0375 0.2798708288482239 0.04027777777777778 0.08180839612486544
0 0.065625 0.48116254036598494 0.13125 0.503767491926803
1 0.10034722222222223 0.21259418729817006 0.01875 0.03552206673842842
0 0.09826388888888889 0.302475780409042 0.07430555555555556 0.2238966630785791
1 0.14791666666666667 0.19429494079655543 0.016666666666666666 0.031216361679224973
0 0.159375 0.2664155005382131 0.05347222222222222 0.18191603875134554
1 0.1423611111111111 0.3127018299246502 0.016666666666666666 0.02906350914962325
0 0.16215277777777778 0.35468245425188377 0.07430555555555556 0.12809472551130247
1 0.20590277777777777 0.17115177610333693 0.014583333333333334 0.03229278794402583
0 0.203125 0.2373519913885899 0.03680555555555556 0.18191603875134554
1 0.2222222222222222 0.17115177610333693 0.020833333333333332 0.038751345532831
0 0.22395833333333334 0.2448869752421959 0.04513888888888889 0.1883745963401507
1 0.27291666666666664 0.13078579117330463 0.0125 0.022604951560818085
0 0.27361111111111114 0.19429494079655543 0.041666666666666664 0.16254036598493002
1 0.3072916666666667 0.13078579117330463 0.013194444444444444 0.022604951560818085
0 0.3072916666666667 0.19590958019375673 0.04236111111111111 0.155005382131324
1 0.3371527777777778 0.151237890204521 0.014583333333333334 0.02691065662002153
0 0.334375 0.22066738428417654 0.04375 0.1743810548977395
1 0.34375 0.17330462863293863 0.011111111111111112 0.021528525296017224
0 0.3454861111111111 0.24434876210979548 0.03125 0.17653390742734124
1 0.15659722222222222 0.1318622174381055 0.011805555555555555 0.024757804090419805
0 0.1545138888888889 0.18568353067814855 0.05347222222222222 0.15608180839612487
1 0.45729166666666665 0.24381054897739504 0.034027777777777775 0.05705059203444564
0 0.4395833333333333 0.41819160387513454 0.1638888888888889 0.4596340150699677
1 0.6128472222222222 0.25941872981700753 0.03263888888888889 0.0581270182992465
0 0.6170138888888889 0.4041980624327234 0.07569444444444444 0.3713670613562971
1 0.6416666666666667 0.232508073196986 0.043055555555555555 0.06458557588805167
0 0.6454861111111111 0.4268030139935414 0.09513888888888888 0.4940796555435953
1 0.6586805555555556 0.20559741657696448 0.035416666666666666 0.07104413347685684
0 0.6993055555555555 0.3805166846071044 0.14444444444444443 0.4402583423035522
1 0.7701388888888889 0.22497308934337998 0.034722222222222224 0.05597416576964478
0 0.7618055555555555 0.43379978471474706 0.12638888888888888 0.4908503767491927
1 0.8027777777777778 0.21582346609257266 0.03194444444444444 0.06566200215285253
0 0.7736111111111111 0.4160387513455328 0.09861111111111111 0.48331539289558667
1 0.8135416666666667 0.21582346609257266 0.02847222222222222 0.04413347685683531
0 0.803125 0.3907427341227126 0.08541666666666667 0.4241119483315393
1 0.85 0.18083961248654468 0.04027777777777778 0.07104413347685684
0 0.8659722222222223 0.3627556512378902 0.08333333333333333 0.4413347685683531
1 0.9225694444444444 0.19214208826695373 0.03819444444444445 0.05705059203444564
0 0.925 0.39881593110871905 0.09861111111111111 0.48116254036598494
1 0.8520833333333333 0.21205597416576966 0.034722222222222224 0.07534983853606028
0 0.8625 0.41442411194833156 0.14305555555555555 0.4908503767491927
1 0.9826388888888888 0.20452099031216361 0.034722222222222224 0.07319698600645856
0 0.9659722222222222 0.38966630785791173 0.06805555555555555 0.465016146393972
1 0.2361111111111111 0.2319698600645856 0.019444444444444445 0.03336921420882669
0 0.23194444444444445 0.3589881593110872 0.07083333333333333 0.28955866523143164