1 0.10086206896551723 0.6551724137931034 0.015517241379310345 0.04597701149425287
0 0.10086206896551723 0.6551724137931034 0.015517241379310345 0.04597701149425287
1 0.23017241379310344 0.3586206896551724 0.0603448275862069 0.08275862068965517
0 0.2206896551724138 0.6195402298850575 0.18620689655172415 0.632183908045977
1 0.38275862068965516 0.4 0.05172413793103448 0.08275862068965517
0 0.3905172413793103 0.6517241379310345 0.16724137931034483 0.6045977011494252
1 0.5301724137931034 0.37701149425287356 0.05 0.0735632183908046
0 0.5224137931034483 0.6275862068965518 0.13448275862068965 0.6114942528735632
1 0.6681034482758621 0.38045977011494253 0.05344827586206897 0.08505747126436781
0 0.6474137931034483 0.6298850574712643 0.1706896551724138 0.6068965517241379
1 0.7448275862068966 0.367816091954023 0.05172413793103448 0.07816091954022988
0 0.75 0.6149425287356322 0.13448275862068965 0.5816091954022988
1 0.8017241379310345 0.3816091954022989 0.05517241379310345 0.08735632183908046
0 0.8137931034482758 0.6402298850574712 0.1482758620689655 0.6137931034482759
1 0.95 0.6655172413793103 0.013793103448275862 0.04827586206896552
0 0.95 0.6655172413793103 0.013793103448275862 0.04827586206896552
1 0.9672413793103448 0.6459770114942529 0.006896551724137931 0.009195402298850575
0 0.9672413793103448 0.6632183908045977 0.017241379310344827 0.05747126436781609
1 0.9827586206896551 0.664367816091954 0.020689655172413793 0.05517241379310345
0 0.9827586206896551 0.664367816091954 0.020689655172413793 0.05517241379310345