1 0.15975 0.3541666666666667 0.049 0.08433333333333333
0 0.159875 0.5783333333333334 0.15475 0.56
1 0.2845 0.30833333333333335 0.045 0.08466666666666667
0 0.28275 0.5435 0.1435 0.5576666666666666
1 0.3905 0.3486666666666667 0.0415 0.078
0 0.38425 0.5595 0.1175 0.5103333333333333
1 0.468625 0.29633333333333334 0.04675 0.08466666666666667
0 0.468375 0.5238333333333334 0.13525 0.5403333333333333
1 0.566 0.32283333333333336 0.0435 0.06966666666666667
0 0.56825 0.546 0.116 0.5226666666666666
1 0.61425 0.2866666666666667 0.0485 0.08066666666666666
0 0.623375 0.5375 0.13875 0.589
1 0.700375 0.31983333333333336 0.04675 0.08033333333333334
0 0.714875 0.5555 0.12025 0.561