1 0.9207317073170732 0.40981432360742703 0.036585365853658534 0.03713527851458886
0 0.8924611973392461 0.5106100795755968 0.10421286031042129 0.3660477453580902
1 0.7477827050997783 0.35809018567639256 0.05432372505543237 0.06631299734748011
0 0.7245011086474501 0.6107427055702918 0.1917960088691796 0.5795755968169761
1 0.48059866962305986 0.42639257294429705 0.03215077605321508 0.046419098143236075
0 0.48004434589800443 0.5570291777188329 0.08869179600886919 0.3156498673740053
1 0.529379157427938 0.4423076923076923 0.025498891352549888 0.03580901856763926
0 0.5266075388026608 0.5576923076923077 0.09977827050997783 0.27718832891246686
1 0.3220620842572062 0.4363395225464191 0.025498891352549888 0.026525198938992044
0 0.3237250554323725 0.5450928381962865 0.08869179600886919 0.246684350132626
1 0.22727272727272727 0.42639257294429705 0.028824833702882482 0.04376657824933687
0 0.22339246119733924 0.5623342175066313 0.0942350332594235 0.32891246684350134
1 0.041019955654102 0.4383289124668435 0.03991130820399113 0.04376657824933687
0 0.04711751662971175 0.5696286472148541 0.0942350332594235 0.31432360742705573
1 0.06485587583148558 0.4336870026525199 0.02993348115299335 0.03713527851458886
0 0.06319290465631928 0.5543766578249337 0.09534368070953436 0.2838196286472148