1 0.03375 0.6578947368421053 0.015 0.02631578947368421
0 0.023125 0.7077067669172933 0.04625 0.13345864661654136
1 0.06 0.6231203007518797 0.0125 0.020676691729323307
0 0.06 0.6569548872180451 0.035 0.09210526315789473
1 0.09875 0.625 0.0125 0.016917293233082706
0 0.104375 0.6522556390977443 0.04125 0.08270676691729323
1 0.085 0.6127819548872181 0.01 0.015037593984962405
0 0.083125 0.6466165413533834 0.02375 0.09022556390977443
1 0.075625 0.6522556390977443 0.02125 0.08270676691729323
0 0.075625 0.6522556390977443 0.02125 0.08270676691729323
1 0.1275 0.6193609022556391 0.01 0.016917293233082706
0 0.1275 0.6522556390977443 0.025 0.09022556390977443
1 0.15375 0.6287593984962406 0.01 0.016917293233082706
0 0.1525 0.6531954887218046 0.025 0.07330827067669173
1 0.17 0.6560150375939849 0.0225 0.04887218045112782
0 0.17 0.6560150375939849 0.0225 0.04887218045112782
1 0.014375 0.700187969924812 0.02375 0.043233082706766915
0 0.02625 0.7546992481203008 0.0525 0.16729323308270677
1 0.04125 0.7490601503759399 0.0475 0.06203007518796992
0 0.060625 0.8233082706766918 0.12125 0.23684210526315788
1 0.069375 0.7302631578947368 0.02125 0.039473684210526314
0 0.068125 0.756578947368421 0.04625 0.11090225563909774
1 0.056875 0.7415413533834586 0.03875 0.11466165413533834
0 0.056875 0.7415413533834586 0.03875 0.11466165413533834
1 0.04125 0.7518796992481203 0.045 0.06015037593984962
0 0.090625 0.8176691729323309 0.18125 0.19924812030075187
1 0.1075 0.7584586466165414 0.0375 0.05075187969924812
0 0.1175 0.8336466165413534 0.0925 0.20864661654135339
1 0.071875 0.8120300751879699 0.05125 0.06015037593984962
0 0.0825 0.8806390977443609 0.1175 0.20864661654135339
1 0.05 0.8768796992481203 0.0675 0.09586466165413533
0 0.095625 0.9125939849624061 0.19125 0.17481203007518797
1 0.123125 0.7180451127819549 0.02875 0.045112781954887216
0 0.120625 0.7904135338345865 0.07125 0.19360902255639098
1 0.136875 0.7255639097744361 0.04125 0.07518796992481203
0 0.136875 0.7255639097744361 0.04125 0.07518796992481203
1 0.13625 0.674812030075188 0.0175 0.02631578947368421
0 0.1375 0.700187969924812 0.04 0.08458646616541353
1 0.146875 0.6691729323308271 0.01625 0.03007518796992481
0 0.143125 0.6823308270676691 0.03625 0.07518796992481203
1 0.16875 0.7030075187969925 0.025 0.03759398496240601
0 0.16875 0.7293233082706767 0.0525 0.09774436090225563
1 0.1825 0.7377819548872181 0.0225 0.03571428571428571
0 0.179375 0.7960526315789473 0.06375 0.17105263157894737
1 0.205 0.8740601503759399 0.0475 0.09022556390977443
0 0.200625 0.9125939849624061 0.15875 0.17481203007518797
1 0.248125 0.7481203007518797 0.03375 0.04887218045112782
0 0.264375 0.7969924812030075 0.08625 0.15413533834586465
1 0.239375 0.731203007518797 0.02375 0.045112781954887216
0 0.2375 0.793233082706767 0.0575 0.17669172932330826
1 0.296875 0.7152255639097744 0.02625 0.046992481203007516
0 0.298125 0.7819548872180451 0.06625 0.18796992481203006
1 0.26875 0.7039473684210527 0.0225 0.03571428571428571
0 0.273125 0.731203007518797 0.04375 0.09398496240601503
1 0.25125 0.6945488721804511 0.015 0.02443609022556391
0 0.25625 0.7255639097744361 0.045 0.11654135338345864
1 0.269375 0.7048872180451128 0.02125 0.03759398496240601
0 0.2725 0.724624060150376 0.045 0.09586466165413533
1 0.2225 0.6860902255639098 0.0225 0.03383458646616541
0 0.214375 0.7359022556390977 0.05875 0.13721804511278196
1 0.2125 0.6776315789473685 0.0175 0.02819548872180451
0 0.203125 0.6964285714285714 0.04125 0.07330827067669173
1 0.196875 0.6898496240601504 0.04125 0.06766917293233082
0 0.196875 0.6898496240601504 0.04125 0.06766917293233082
1 0.294375 0.6156015037593985 0.00875 0.016917293233082706
0 0.285625 0.6456766917293233 0.02875 0.08834586466165413
1 0.335 0.6099624060150376 0.01 0.016917293233082706
0 0.3275 0.6362781954887218 0.03 0.07706766917293233
1 0.36875 0.6137218045112782 0.01 0.013157894736842105
0 0.368125 0.6325187969924813 0.02375 0.05827067669172932
1 0.316875 0.7058270676691729 0.02125 0.03195488721804511
0 0.31875 0.7462406015037594 0.0525 0.11654135338345864
1 0.34375 0.7396616541353384 0.0275 0.043233082706766915
0 0.34375 0.7951127819548872 0.0775 0.15789473684210525
1 0.318125 0.8731203007518797 0.04875 0.09586466165413533
0 0.32625 0.9097744360902256 0.14 0.18045112781954886
1 0.46 0.8374060150375939 0.045 0.07706766917293233
0 0.443125 0.8966165413533834 0.13875 0.20676691729323307
1 0.414375 0.7622180451127819 0.03625 0.06203007518796992
0 0.416875 0.818609022556391 0.09125 0.18233082706766918
1 0.405625 0.7509398496240601 0.02375 0.046992481203007516
0 0.41 0.7969924812030075 0.075 0.16541353383458646
1 0.44375 0.6043233082706767 0.0075 0.013157894736842105
0 0.445 0.6203007518796992 0.015 0.05263157894736842
1 0.45375 0.606203007518797 0.0075 0.013157894736842105
0 0.45625 0.6221804511278195 0.0175 0.04887218045112782
1 0.47125 0.6071428571428571 0.01 0.015037593984962405
0 0.475 0.6240601503759399 0.025 0.05639097744360902
1 0.58625 0.606203007518797 0.01 0.016917293233082706
0 0.58625 0.625 0.0325 0.06203007518796992
1 0.64125 0.6071428571428571 0.0125 0.018796992481203006
0 0.643125 0.6353383458646616 0.02625 0.07894736842105263
1 0.40125 0.724624060150376 0.0475 0.039473684210526314
0 0.40125 0.724624060150376 0.0475 0.039473684210526314
1 0.40375 0.6625939849624061 0.015 0.020676691729323307
0 0.399375 0.7152255639097744 0.05375 0.13345864661654136
1 0.440625 0.6578947368421053 0.01125 0.018796992481203006
0 0.434375 0.681390977443609 0.03125 0.06954887218045112
1 0.460625 0.6541353383458647 0.01375 0.022556390977443608
0 0.460625 0.6738721804511278 0.04125 0.06954887218045112
1 0.46875 0.6766917293233082 0.015 0.02631578947368421
0 0.46375 0.7302631578947368 0.0575 0.14097744360902256
1 0.488125 0.6541353383458647 0.01125 0.018796992481203006
0 0.495625 0.6729323308270677 0.02625 0.07142857142857142
1 0.51125 0.6757518796992481 0.02 0.02819548872180451
0 0.506875 0.7368421052631579 0.05125 0.15789473684210525
1 0.35875 0.724624060150376 0.0225 0.039473684210526314
0 0.358125 0.7734962406015038 0.06125 0.14849624060150377
1 0.560625 0.6654135338345865 0.01125 0.022556390977443608
0 0.546875 0.6907894736842105 0.03875 0.08458646616541353
1 0.5375 0.7236842105263158 0.0225 0.041353383458646614
0 0.53375 0.7359022556390977 0.0475 0.08082706766917293
1 0.576875 0.6757518796992481 0.01625 0.02443609022556391
0 0.57875 0.6954887218045113 0.045 0.07142857142857142
1 0.574375 0.6992481203007519 0.02125 0.03759398496240601
0 0.57625 0.7189849624060151 0.0475 0.08458646616541353
1 0.525 0.7453007518796992 0.0325 0.05451127819548872
0 0.516875 0.8270676691729323 0.11125 0.23684210526315788
1 0.599375 0.706766917293233 0.02625 0.041353383458646614
0 0.584375 0.7810150375939849 0.07625 0.18984962406015038
1 0.620625 0.6795112781954887 0.02125 0.03195488721804511
0 0.623125 0.7058270676691729 0.04625 0.10714285714285714
1 0.66125 0.7048872180451128 0.02 0.03007518796992481
0 0.661875 0.7377819548872181 0.05375 0.09962406015037593
1 0.655625 0.6851503759398496 0.01875 0.02443609022556391
0 0.655 0.7105263157894737 0.04 0.08270676691729323
1 0.6875 0.6983082706766918 0.02 0.03195488721804511
0 0.6875 0.7274436090225563 0.04 0.10150375939849623
1 0.725 0.6719924812030075 0.035 0.08458646616541353
0 0.725 0.6719924812030075 0.035 0.08458646616541353
1 0.76125 0.6456766917293233 0.015 0.020676691729323307
0 0.756875 0.6719924812030075 0.04375 0.08082706766917293
1 0.7775 0.6588345864661654 0.015 0.03195488721804511
0 0.779375 0.6729323308270677 0.03375 0.06766917293233082
1 0.79375 0.6597744360902256 0.015 0.03007518796992481
0 0.79375 0.6738721804511278 0.0225 0.06578947368421052
1 0.814375 0.6672932330827067 0.02375 0.041353383458646614
0 0.81375 0.7020676691729323 0.0525 0.12218045112781954
1 0.761875 0.693609022556391 0.02125 0.03007518796992481
0 0.7725 0.7359022556390977 0.0575 0.12218045112781954
1 0.718125 0.7095864661654135 0.02375 0.043233082706766915
0 0.719375 0.7885338345864662 0.08125 0.20864661654135339
1 0.725 0.6879699248120301 0.02 0.03383458646616541
0 0.726875 0.7265037593984962 0.06125 0.11842105263157894
1 0.881875 0.6137218045112782 0.04125 0.07330827067669173
0 0.880625 0.7857142857142857 0.10125 0.42857142857142855
1 0.924375 0.7189849624060151 0.02625 0.039473684210526314
0 0.930625 0.7988721804511278 0.05625 0.19924812030075187
1 0.963125 0.7227443609022557 0.02875 0.05827067669172932
0 0.961875 0.7603383458646616 0.06125 0.17105263157894737
1 0.828125 0.7236842105263158 0.01875 0.03383458646616541
0 0.8325 0.7546992481203008 0.045 0.09962406015037593
1 0.8625 0.8421052631578947 0.0575 0.08270676691729323
0 0.883125 0.8947368421052632 0.11625 0.21052631578947367
1 0.795625 0.8571428571428571 0.06125 0.10150375939849623
0 0.81375 0.8966165413533834 0.1275 0.20676691729323307
1 0.730625 0.9229323308270677 0.07375 0.12406015037593984
0 0.735 0.9276315789473685 0.1325 0.14473684210526316
1 0.660625 0.818609022556391 0.03875 0.06578947368421052
0 0.665625 0.8919172932330827 0.11875 0.2161654135338346
1 0.546875 0.831766917293233 0.04375 0.07706766917293233
0 0.5525 0.8909774436090225 0.1125 0.21804511278195488
1 0.755 0.6663533834586466 0.02 0.03195488721804511
0 0.75875 0.6860902255639098 0.04 0.08646616541353383
1 0.110625 0.6644736842105263 0.01625 0.02443609022556391
0 0.110625 0.7020676691729323 0.03875 0.11090225563909774
1 0.08875 0.6719924812030075 0.0125 0.020676691729323307
0 0.089375 0.693609022556391 0.03375 0.07518796992481203
1 0.165 0.6663533834586466 0.0225 0.05075187969924812
0 0.165 0.6663533834586466 0.0225 0.05075187969924812