1 0.0796875 0.4261744966442953 0.01875 0.03803131991051454
0 0.053125 0.5190156599552572 0.08125 0.2371364653243848
1 0.11640625 0.39149888143176736 0.0328125 0.0447427293064877
0 0.10859375 0.5771812080536913 0.0671875 0.42953020134228187
1 0.165625 0.38031319910514544 0.046875 0.08053691275167785
0 0.1546875 0.616331096196868 0.1125 0.5659955257270693
1 0.20546875 0.43288590604026844 0.0296875 0.06040268456375839
0 0.2046875 0.5536912751677853 0.065625 0.319910514541387
1 0.24609375 0.42058165548098436 0.0453125 0.058165548098434
0 0.24140625 0.616331096196868 0.1046875 0.47651006711409394
1 0.2921875 0.4250559284116331 0.028125 0.049217002237136466
0 0.2890625 0.5626398210290827 0.08125 0.3422818791946309
1 0.35546875 0.38814317673378074 0.0328125 0.06040268456375839
0 0.340625 0.5771812080536913 0.08125 0.44742729306487694
1 0.378125 0.39932885906040266 0.04375 0.06487695749440715
0 0.35546875 0.5939597315436241 0.1203125 0.49440715883668906
1 0.4015625 0.4451901565995526 0.053125 0.06711409395973154
0 0.39140625 0.668903803131991 0.1078125 0.5279642058165548
1 0.45859375 0.41498881431767337 0.0390625 0.06487695749440715
0 0.446875 0.5995525727069351 0.109375 0.44742729306487694
1 0.52265625 0.4261744966442953 0.0421875 0.06935123042505593
0 0.50234375 0.6319910514541387 0.1296875 0.4854586129753915
1 0.6015625 0.42953020134228187 0.03125 0.049217002237136466
0 0.58671875 0.6051454138702461 0.0859375 0.4272930648769575
1 0.65 0.36017897091722595 0.04375 0.058165548098434
0 0.653125 0.6029082774049217 0.171875 0.5838926174496645
1 0.721875 0.4172259507829978 0.04375 0.06040268456375839
0 0.7265625 0.6096196868008948 0.075 0.4541387024608501
1 0.77265625 0.41498881431767337 0.0390625 0.06487695749440715
0 0.78046875 0.5894854586129754 0.0765625 0.4317673378076063
1 0.80390625 0.4172259507829978 0.0578125 0.08277404921700224
0 0.78515625 0.668903803131991 0.1484375 0.5995525727069351
1 0.846875 0.4250559284116331 0.03125 0.053691275167785234
0 0.87109375 0.5659955257270693 0.0859375 0.348993288590604
1 0.9625 0.4317673378076063 0.015625 0.02237136465324385
0 0.9625 0.49328859060402686 0.05 0.15436241610738255