1 0.21846153846153846 0.6016166281755196 0.14923076923076922 0.28868360277136257
0 0.2573076923076923 0.7263279445727483 0.3823076923076923 0.5473441108545035
1 0.835 0.25981524249422633 0.1776923076923077 0.34872979214780603
0 0.8142307692307692 0.5311778290993071 0.37153846153846154 0.9376443418013857
1 0.7003846153846154 0.29157043879907624 0.1576923076923077 0.28983833718244806
0 0.7773076923076923 0.5536951501154734 0.4453846153846154 0.8926096997690531
1 0.5657692307692308 0.37528868360277134 0.13307692307692306 0.2586605080831409
0 0.6 0.6148960739030023 0.2815384615384615 0.7702078521939953
1 0.43538461538461537 0.3625866050808314 0.13846153846153847 0.2840646651270208
0 0.40384615384615385 0.5842956120092379 0.3507692307692308 0.8314087759815243
1 0.23461538461538461 0.22632794457274827 0.1646153846153846 0.3163972286374134
0 0.19115384615384615 0.5254041570438799 0.3823076923076923 0.9491916859122402