1 0.22916666666666666 0.47875 0.03 0.06
0 0.20291666666666666 0.62375 0.09083333333333334 0.3575
1 0.2816666666666667 0.435625 0.03333333333333333 0.06375
0 0.27666666666666667 0.598125 0.10333333333333333 0.39875
1 0.37958333333333333 0.424375 0.0325 0.05125
0 0.3754166666666667 0.59375 0.1125 0.395
1 0.475 0.44125 0.03 0.0575
0 0.4708333333333333 0.6 0.09666666666666666 0.3775
1 0.45208333333333334 0.569375 0.030833333333333334 0.05875
0 0.45208333333333334 0.671875 0.15416666666666667 0.27125
1 0.5716666666666667 0.466875 0.02666666666666667 0.04875
0 0.57625 0.615625 0.09583333333333334 0.35375
1 0.5833333333333334 0.55125 0.028333333333333332 0.06
0 0.60375 0.66 0.1175 0.3
1 0.6625 0.456875 0.025 0.05625
0 0.6666666666666666 0.605 0.095 0.37
1 0.7554166666666666 0.44375 0.030833333333333334 0.0575
0 0.7641666666666667 0.59875 0.09833333333333333 0.38
1 0.8133333333333334 0.480625 0.03166666666666667 0.05375
0 0.8316666666666667 0.621875 0.10666666666666667 0.34625