1 0.013125 0.37429643527204504 0.02625 0.058161350844277676
0 0.03875 0.5093808630393997 0.0775 0.3433395872420263
1 0.041875 0.3592870544090056 0.02875 0.054409005628517824
0 0.049375 0.49624765478424016 0.06875 0.33583489681050654
1 0.060625 0.35553470919324576 0.02375 0.04690431519699812
0 0.064375 0.48592870544090055 0.06125 0.32645403377110693
1 0.10125 0.4071294559099437 0.045 0.075046904315197
0 0.10875 0.6341463414634146 0.11 0.5328330206378987
1 0.1625 0.4099437148217636 0.045 0.08818011257035648
0 0.159375 0.6519699812382739 0.13875 0.5797373358348968
1 0.253125 0.35647279549718575 0.04125 0.0675422138836773
0 0.256875 0.5647279549718575 0.13125 0.4915572232645403
1 0.30375 0.4099437148217636 0.0475 0.10318949343339587
0 0.296875 0.6688555347091932 0.15875 0.6322701688555347
1 0.37 0.34615384615384615 0.045 0.08067542213883677
0 0.374375 0.5928705440900562 0.13375 0.5853658536585366
1 0.399375 0.32833020637898686 0.02875 0.06378986866791744
0 0.405 0.5103189493433395 0.095 0.43902439024390244
1 0.48625 0.3424015009380863 0.035 0.07692307692307693
0 0.476875 0.5347091932457786 0.10375 0.46904315196998125
1 0.573125 0.4202626641651032 0.04125 0.0825515947467167
0 0.593125 0.651031894934334 0.14875 0.6941838649155723