1 0.11329787234042553 0.15532286212914484 0.047872340425531915 0.11169284467713787
0 0.10851063829787234 0.4694589877835951 0.15531914893617021 0.7713787085514834
1 0.27287234042553193 0.12827225130890052 0.05425531914893617 0.12041884816753927
0 0.2611702127659574 0.462478184991274 0.15638297872340426 0.8097731239092496
1 0.38351063829787235 0.11780104712041885 0.05 0.10296684118673648
0 0.38138297872340426 0.4712041884816754 0.15 0.8307155322862129
1 0.5202127659574468 0.15270506108202445 0.05106382978723404 0.1273996509598604
0 0.5148936170212766 0.47643979057591623 0.18085106382978725 0.7958115183246073
1 0.6563829787234042 0.08027923211169284 0.059574468085106386 0.1256544502617801
0 0.6707446808510639 0.44851657940663175 0.18829787234042553 0.8726003490401396
1 0.8047872340425531 0.08726003490401396 0.06489361702127659 0.11867364746945899
0 0.8457446808510638 0.4537521815008726 0.23829787234042554 0.8726003490401396
1 0.6957446808510638 0.4476439790575916 0.06170212765957447 0.13089005235602094
0 0.7223404255319149 0.6815008726003491 0.19148936170212766 0.6160558464223386
1 0.55 0.4223385689354276 0.06382978723404255 0.13961605584642234
0 0.55 0.6404886561954625 0.18085106382978725 0.6282722513089005
1 0.42872340425531913 0.3647469458987784 0.06808510638297872 0.15008726003490402
0 0.40797872340425534 0.6396160558464223 0.3159574468085106 0.7172774869109948
1 0.25053191489361704 0.36649214659685864 0.06702127659574468 0.13961605584642234
0 0.17925531914893617 0.6256544502617801 0.2734042553191489 0.675392670157068