1 0.017857142857142856 0.24857142857142858 0.024285714285714285 0.02857142857142857
0 0.025714285714285714 0.3221428571428571 0.05142857142857143 0.18142857142857144
1 0.02642857142857143 0.24785714285714286 0.015714285714285715 0.024285714285714285
0 0.02642857142857143 0.31 0.041428571428571426 0.15428571428571428
1 0.11642857142857142 0.2571428571428571 0.06142857142857143 0.08
0 0.10571428571428572 0.485 0.18857142857142858 0.5442857142857143
1 0.1742857142857143 0.265 0.02857142857142857 0.032857142857142856
0 0.195 0.35285714285714287 0.11285714285714285 0.21428571428571427
1 0.29428571428571426 0.2814285714285714 0.05714285714285714 0.07714285714285714
0 0.30142857142857143 0.4878571428571429 0.14857142857142858 0.4928571428571429
1 0.37285714285714283 0.24857142857142858 0.04285714285714286 0.05714285714285714
0 0.3657142857142857 0.38857142857142857 0.11428571428571428 0.3514285714285714
1 0.3942857142857143 0.25214285714285717 0.04285714285714286 0.06142857142857143
0 0.4135714285714286 0.42214285714285715 0.1357142857142857 0.41
1 0.43642857142857144 0.20142857142857143 0.03857142857142857 0.05142857142857143
0 0.44357142857142856 0.3392857142857143 0.09571428571428571 0.3414285714285714
1 0.4757142857142857 0.225 0.03142857142857143 0.03571428571428571
0 0.4692857142857143 0.33714285714285713 0.07 0.2714285714285714
1 0.5128571428571429 0.22714285714285715 0.04285714285714286 0.06
0 0.5178571428571429 0.37214285714285716 0.10428571428571429 0.36142857142857143
1 0.42857142857142855 0.255 0.05714285714285714 0.07571428571428572
0 0.43357142857142855 0.46285714285714286 0.15 0.5057142857142857
1 0.5678571428571428 0.25357142857142856 0.05857142857142857 0.07
0 0.5871428571428572 0.4307142857142857 0.18857142857142858 0.4328571428571429
1 0.5864285714285714 0.21642857142857144 0.04428571428571428 0.05285714285714286
0 0.5928571428571429 0.35428571428571426 0.1 0.34
1 0.6078571428571429 0.2357142857142857 0.024285714285714285 0.03142857142857143
0 0.6092857142857143 0.3557142857142857 0.055714285714285716 0.3
1 0.6528571428571428 0.24071428571428571 0.037142857142857144 0.047142857142857146
0 0.6478571428571429 0.3792857142857143 0.08142857142857143 0.3385714285714286
1 0.6814285714285714 0.23357142857142857 0.03428571428571429 0.047142857142857146
0 0.685 0.345 0.08428571428571428 0.2814285714285714
1 0.7207142857142858 0.25214285714285717 0.041428571428571426 0.05
0 0.725 0.385 0.10714285714285714 0.3271428571428571
1 0.8 0.22428571428571428 0.04285714285714286 0.05142857142857143
0 0.7878571428571428 0.35928571428571426 0.09857142857142857 0.33
1 0.8835714285714286 0.26285714285714284 0.047142857142857146 0.05714285714285714
0 0.8714285714285714 0.4164285714285714 0.13428571428571429 0.3871428571428571
1 0.8785714285714286 0.19428571428571428 0.05142857142857143 0.06571428571428571
0 0.8771428571428571 0.36142857142857143 0.15142857142857144 0.4142857142857143