1 0.2724609375 0.8784773060029283 0.00390625 0.005856515373352855
0 0.27197265625 0.8938506588579795 0.0087890625 0.04538799414348463
1 0.2783203125 0.8945827232796486 0.01171875 0.04978038067349927
0 0.2783203125 0.8945827232796486 0.01171875 0.04978038067349927
1 0.2880859375 0.8748169838945827 0.005859375 0.010248901903367497
0 0.2890625 0.8938506588579795 0.013671875 0.05417276720351391
1 0.30517578125 0.8953147877013177 0.0107421875 0.05417276720351391
0 0.30517578125 0.8953147877013177 0.0107421875 0.05417276720351391
1 0.31201171875 0.8777452415812591 0.0048828125 0.007320644216691069
0 0.3115234375 0.8967789165446559 0.01171875 0.05124450951683748
1 0.36474609375 0.8784773060029283 0.0068359375 0.008784773060029283
0 0.3642578125 0.9011713030746705 0.017578125 0.060029282576866766
1 0.3818359375 0.8806734992679356 0.005859375 0.007320644216691069
0 0.38134765625 0.9004392386530015 0.0146484375 0.04978038067349927
1 0.38671875 0.8806734992679356 0.00390625 0.007320644216691069
0 0.38720703125 0.8982430453879942 0.0146484375 0.048316251830161056
1 0.611328125 0.8843338213762811 0.005859375 0.008784773060029283
0 0.61083984375 0.9048316251830161 0.0126953125 0.05856515373352855
1 0.64453125 0.8748169838945827 0.005859375 0.010248901903367497
0 0.64599609375 0.9011713030746705 0.0205078125 0.06881405563689605
1 0.65283203125 0.8806734992679356 0.0068359375 0.010248901903367497
0 0.65234375 0.9026354319180088 0.017578125 0.060029282576866766
1 0.68603515625 0.8938506588579795 0.0107421875 0.05124450951683748
0 0.68603515625 0.8938506588579795 0.0107421875 0.05124450951683748
1 0.6923828125 0.87701317715959 0.005859375 0.008784773060029283
0 0.69091796875 0.8967789165446559 0.0146484375 0.05417276720351391
1 0.712890625 0.8733528550512445 0.005859375 0.010248901903367497
0 0.7109375 0.8982430453879942 0.01953125 0.0629575402635432
1 0.76220703125 0.8711566617862372 0.0068359375 0.01171303074670571
0 0.76416015625 0.8967789165446559 0.0166015625 0.06588579795021962
1 0.77294921875 0.8755490483162518 0.0068359375 0.01171303074670571
0 0.7724609375 0.9004392386530015 0.021484375 0.06734992679355783
1 0.8203125 0.8733528550512445 0.00390625 0.007320644216691069
0 0.8203125 0.8872620790629575 0.01171875 0.040995607613469986