1 0.9077834179357022 0.34081041968162085 0.023688663282571912 0.03907380607814761
0 0.8980541455160744 0.46599131693198265 0.09052453468697123 0.30390738060781475
1 0.7855329949238579 0.2597684515195369 0.05499153976311337 0.11143270622286541
0 0.7927241962774958 0.5875542691751086 0.12013536379018612 0.7785817655571635
1 0.6235194585448393 0.4363241678726483 0.05245346869712352 0.09985528219971057
0 0.6357868020304569 0.6490593342981187 0.1260575296108291 0.5745296671490593
1 0.7000846023688664 0.2590448625180897 0.04991539763113367 0.10709117221418235
0 0.6958544839255499 0.565123010130246 0.1311336717428088 0.7337192474674384
1 0.5947546531302876 0.21490593342981187 0.049069373942470386 0.1085383502170767
0 0.5939086294416244 0.516642547033285 0.12690355329949238 0.7264833574529667
1 0.5109983079526227 0.46164978292329956 0.04568527918781726 0.09840810419681621
0 0.538917089678511 0.662807525325615 0.14720812182741116 0.5209840810419681
1 0.4509306260575296 0.43270622286541244 0.05245346869712352 0.10998552821997105
0 0.4509306260575296 0.6526772793053546 0.12859560067681894 0.5586107091172214
1 0.3659052453468697 0.4363241678726483 0.051607445008460234 0.1085383502170767
0 0.338409475465313 0.6620839363241678 0.13028764805414553 0.5803183791606368
1 0.20558375634517767 0.22575976845151954 0.049069373942470386 0.10709117221418235
0 0.1785109983079526 0.5434153400868307 0.16074450084602368 0.7916063675832128
1 0.2825719120135364 0.22793053545586106 0.049069373942470386 0.10274963820549927
0 0.2880710659898477 0.5441389290882779 0.12774957698815567 0.7525325615050651
1 0.3955160744500846 0.22937771345875543 0.046531302876480544 0.09406657018813314
0 0.43908629441624364 0.5369030390738061 0.2131979695431472 0.7149059334298119
1 0.49619289340101524 0.2460202604920405 0.04483925549915398 0.09840810419681621
0 0.4953468697123519 0.5303907380607815 0.10913705583756345 0.6845151953690304