1 0.817 0.9085457271364318 0.032 0.053973013493253376
0 0.814 0.9385307346326837 0.078 0.12293853073463268
1 0.799 0.7563718140929535 0.016 0.025487256371814093
0 0.779 0.8245877061469266 0.068 0.17691154422788605
1 0.653 0.6244377811094453 0.014 0.022488755622188907
0 0.6545 0.6851574212893553 0.035 0.15292353823088456
1 0.613 0.6199400299850075 0.014 0.022488755622188907
0 0.6115 0.6739130434782609 0.037 0.13943028485757122
1 0.5745 0.6191904047976012 0.015 0.020989505247376312
0 0.5715 0.6806596701649176 0.039 0.15292353823088456
1 0.544 0.6229385307346327 0.016 0.025487256371814093
0 0.539 0.6866566716641679 0.036 0.15892053973013492
1 0.5115 0.5509745127436282 0.013 0.019490254872563718
0 0.5095 0.6086956521739131 0.033 0.13793103448275862
1 0.46 0.5659670164917541 0.012 0.019490254872563718
0 0.4575 0.6191904047976012 0.033 0.13793103448275862
1 0.494 0.48650674662668664 0.01 0.01649175412293853
0 0.495 0.5247376311844077 0.034 0.11094452773613193
1 0.45 0.5044977511244377 0.008 0.013493253373313344
0 0.451 0.5472263868065967 0.03 0.10494752623688156
1 0.3575 0.7578710644677661 0.019 0.034482758620689655
0 0.3655 0.8418290854572713 0.061 0.20839580209895053
1 0.3395 0.5217391304347826 0.013 0.020989505247376312
0 0.3375 0.5704647676161919 0.027 0.12143928035982009
1 0.3775 0.5877061469265368 0.007 0.008995502248875561
0 0.371 0.6281859070464768 0.024 0.10794602698650675
1 0.4005 0.5659670164917541 0.011 0.019490254872563718
0 0.3995 0.6101949025487257 0.027 0.11394302848575712
1 0.4095 0.5232383808095952 0.009 0.014992503748125937
0 0.4105 0.5719640179910045 0.027 0.1184407796101949
1 0.43 0.43778110944527737 0.008 0.01199400299850075
0 0.4295 0.4707646176911544 0.019 0.08695652173913043
1 0.4465 0.44227886056971516 0.007 0.01199400299850075
0 0.446 0.4707646176911544 0.016 0.07496251874062969
1 0.4595 0.431784107946027 0.007 0.01199400299850075
0 0.462 0.46101949025487254 0.02 0.07646176911544228
1 0.478 0.42128935532233885 0.006 0.01199400299850075
0 0.476 0.452023988005997 0.016 0.07946026986506746
1 0.4845 0.4287856071964018 0.007 0.01199400299850075
0 0.482 0.4572713643178411 0.018 0.07496251874062969
1 0.5025 0.45652173913043476 0.007 0.013493253373313344
0 0.503 0.48125937031484256 0.02 0.07196401799100449
1 0.502 0.4302848575712144 0.008 0.01199400299850075
0 0.502 0.4572713643178411 0.02 0.07196401799100449
1 0.4375 0.4122938530734633 0.007 0.008995502248875561
0 0.435 0.43853073463268366 0.014 0.06446776611694154
1 0.4475 0.3823088455772114 0.007 0.008995502248875561
0 0.446 0.4077961019490255 0.016 0.06596701649175413
1 0.486 0.41454272863568215 0.006 0.010494752623688156
0 0.4855 0.4362818590704648 0.015 0.05997001499250375
1 0.46 0.32458770614692656 0.004 0.0074962518740629685
0 0.462 0.3403298350824588 0.016 0.044977511244377814
1 0.4485 0.3620689655172414 0.005 0.0074962518740629685
0 0.45 0.3875562218890555 0.016 0.06446776611694154
1 0.4385 0.3950524737631184 0.013 0.05847076461769116
0 0.4385 0.3950524737631184 0.013 0.05847076461769116
1 0.4265 0.36881559220389803 0.007 0.01199400299850075
0 0.4255 0.39205397301349326 0.015 0.06446776611694154
1 0.4285 0.3905547226386807 0.007 0.010494752623688156
0 0.4285 0.41004497751124436 0.015 0.06146926536731634
1 0.413 0.44302848575712145 0.008 0.010494752623688156
0 0.4105 0.4752623688155922 0.021 0.07796101949025487