1 0.7426470588235294 0.3601694915254237 0.04072398190045249 0.07796610169491526
0 0.7765837104072398 0.527542372881356 0.13800904977375567 0.4161016949152542
1 0.6753393665158371 0.35550847457627116 0.033936651583710405 0.05677966101694915
0 0.6948529411764706 0.5228813559322034 0.12160633484162896 0.4152542372881356
1 0.5941742081447964 0.3580508474576271 0.03789592760180995 0.07372881355932204
0 0.5947398190045249 0.5288135593220339 0.09898190045248868 0.42033898305084744
1 0.5053733031674208 0.3444915254237288 0.03789592760180995 0.06864406779661017
0 0.5121606334841629 0.5148305084745762 0.12047511312217195 0.41779661016949154
1 0.4380656108597285 0.49322033898305084 0.03902714932126697 0.07966101694915254
0 0.4473981900452489 0.6025423728813559 0.09954751131221719 0.30677966101694915
1 0.37104072398190047 0.4576271186440678 0.03733031674208145 0.07966101694915254
0 0.37528280542986425 0.5949152542372881 0.12160633484162896 0.3559322033898305
1 0.4199660633484163 0.3788135593220339 0.03789592760180995 0.06779661016949153
0 0.42081447963800905 0.5279661016949152 0.09389140271493213 0.37796610169491524
1 0.3433257918552036 0.36610169491525424 0.033936651583710405 0.07288135593220339
0 0.3438914027149321 0.5279661016949152 0.08936651583710407 0.4152542372881356
1 0.27319004524886875 0.4004237288135593 0.03506787330316742 0.06525423728813559
0 0.2675339366515837 0.5516949152542373 0.08936651583710407 0.3847457627118644