1 0.236328125 0.9136163982430454 0.017578125 0.02635431918008785
0 0.2314453125 0.9487554904831625 0.04296875 0.10248901903367497
1 0.27587890625 0.9084919472913616 0.0224609375 0.036603221083455345
0 0.27197265625 0.9436310395314788 0.0673828125 0.11273792093704246
1 0.38916015625 0.7357247437774525 0.0107421875 0.021961932650073207
0 0.390625 0.7891654465592972 0.03515625 0.13469985358711567
1 0.419921875 0.7503660322108345 0.015625 0.024890190336749635
0 0.4228515625 0.8162518301610542 0.03515625 0.1595900439238653
1 0.4697265625 0.7481698389458272 0.009765625 0.014641288433382138
0 0.47265625 0.8030746705710102 0.033203125 0.14202049780380674
1 0.58642578125 0.7401171303074671 0.0107421875 0.01903367496339678
0 0.59033203125 0.7994143484626647 0.0400390625 0.14641288433382138
1 0.431640625 0.7247437774524158 0.01171875 0.020497803806734993
0 0.43505859375 0.7840409956076134 0.0341796875 0.14494875549048317
1 0.49951171875 0.6749633967789166 0.0087890625 0.014641288433382138
0 0.49755859375 0.7240117130307467 0.0283203125 0.11566617862371889
1 0.5126953125 0.677891654465593 0.009765625 0.014641288433382138
0 0.51416015625 0.7225475841874085 0.0244140625 0.10980966325036604
1 0.5400390625 0.6691068814055637 0.009765625 0.014641288433382138
0 0.53564453125 0.7101024890190337 0.0283203125 0.1054172767203514
1 0.43505859375 0.6852122986822841 0.0087890625 0.014641288433382138
0 0.43359375 0.7269399707174231 0.025390625 0.10102489019033675
1 0.4443359375 0.66398243045388 0.0078125 0.013177159590043924
0 0.4453125 0.7108345534407028 0.025390625 0.11566617862371889
1 0.453125 0.6603221083455344 0.009765625 0.017569546120058566
0 0.4541015625 0.7064421669106882 0.021484375 0.11566617862371889
1 0.46533203125 0.6669106881405563 0.0087890625 0.016105417276720352
0 0.46630859375 0.705710102489019 0.0205078125 0.10248901903367497
1 0.4765625 0.6771595900439239 0.01171875 0.016105417276720352
0 0.47412109375 0.7159590043923866 0.0263671875 0.10248901903367497
1 0.5556640625 0.6464128843338214 0.005859375 0.010248901903367497
0 0.55615234375 0.6734992679355783 0.0185546875 0.07613469985358712
1 0.5390625 0.6427525622254758 0.0078125 0.01171303074670571
0 0.541015625 0.6822840409956076 0.0234375 0.09663250366032211
1 0.515625 0.6332357247437774 0.0078125 0.016105417276720352
0 0.51513671875 0.678623718887262 0.0263671875 0.10980966325036604
1 0.52978515625 0.6310395314787701 0.0068359375 0.01171303074670571
0 0.529296875 0.6581259150805271 0.01953125 0.0746705710102489
1 0.52978515625 0.5878477306002928 0.0068359375 0.010248901903367497
0 0.529296875 0.6142020497803806 0.01953125 0.06881405563689605
1 0.46435546875 0.6046852122986823 0.0068359375 0.01171303074670571
0 0.46484375 0.6310395314787701 0.017578125 0.07027818448023426
1 0.484375 0.6054172767203514 0.005859375 0.010248901903367497
0 0.48388671875 0.6310395314787701 0.0146484375 0.06734992679355783
1 0.494140625 0.6076134699853587 0.0078125 0.01171303074670571
0 0.49853515625 0.6390922401171303 0.0205078125 0.08052708638360176
1 0.50830078125 0.5893118594436311 0.0068359375 0.010248901903367497
0 0.5068359375 0.6178623718887262 0.01953125 0.07320644216691069
1 0.51611328125 0.5805270863836017 0.0068359375 0.010248901903367497
0 0.51611328125 0.6105417276720352 0.0166015625 0.07613469985358712
1 0.4697265625 0.5461200585651538 0.005859375 0.008784773060029283
0 0.46923828125 0.5629575402635432 0.0146484375 0.05417276720351391
1 0.494140625 0.5446559297218155 0.0078125 0.01171303074670571
0 0.49169921875 0.5695461200585652 0.0185546875 0.06442166910688141
1 0.5078125 0.5439238653001464 0.00390625 0.007320644216691069
0 0.5068359375 0.5666178623718887 0.013671875 0.05856515373352855
1 0.5146484375 0.5666178623718887 0.013671875 0.05856515373352855
0 0.5146484375 0.5666178623718887 0.013671875 0.05856515373352855
1 0.490234375 0.5058565153733529 0.00390625 0.007320644216691069
0 0.49072265625 0.5248901903367497 0.0126953125 0.048316251830161056