1 0.06211869107043816 0.30875 0.019966722129783693 0.030833333333333334
0 0.057681641708264 0.38125 0.07321131447587355 0.18083333333333335
1 0.3103161397670549 0.29833333333333334 0.018302828618968387 0.028333333333333332
0 0.31142540210759845 0.36916666666666664 0.06045479755962285 0.17666666666666667
1 0.21769273433166944 0.47875 0.040488075429839156 0.0575
0 0.23460898502495842 0.6608333333333334 0.18635607321131448 0.43333333333333335
1 0.6333887964503605 0.24 0.024403771491957847 0.03666666666666667
0 0.6028840820854132 0.36583333333333334 0.12756516916250693 0.31
1 0.7318358291735996 0.46458333333333335 0.032723239046034386 0.06416666666666666
0 0.7315585135884637 0.6154166666666666 0.09650582362728785 0.3675
1 0.723516361619523 0.24875 0.01608430393788131 0.0275
0 0.730726566833056 0.33 0.07376594564614532 0.19333333333333333
1 0.8316694398225181 0.27208333333333334 0.021630615640599003 0.030833333333333334
0 0.8111480865224625 0.36625 0.07376594564614532 0.2275
1 0.9703272323904604 0.35208333333333336 0.032723239046034386 0.034166666666666665
0 0.9631170271769274 0.45 0.07376594564614532 0.23833333333333334
1 0.45562950637825844 0.09 0.012756516916250694 0.028333333333333332
0 0.45562950637825844 0.16666666666666666 0.03826955074875208 0.185
1 0.005268996117581808 0.20916666666666667 0.010537992235163616 0.021666666666666667
0 0.014143094841930116 0.2629166666666667 0.028286189683860232 0.1325
1 0.03216860787576262 0.20625 0.013311148086522463 0.0225
0 0.04076539101497504 0.26166666666666666 0.032723239046034386 0.13833333333333334
1 0.08985024958402663 0.17291666666666666 0.00887409872434831 0.0125
0 0.09234608985024959 0.20333333333333334 0.019412090959511925 0.07833333333333334
1 0.09484193011647254 0.18916666666666668 0.009983361064891847 0.016666666666666666
0 0.09317803660565724 0.23791666666666667 0.027731558513588463 0.1175
1 0.13588463671658346 0.18166666666666667 0.009983361064891847 0.016666666666666666
0 0.13671658347199112 0.23291666666666666 0.029395452024403773 0.1225
1 0.14143094841930118 0.21291666666666667 0.011092623405435386 0.019166666666666665
0 0.14586799778147533 0.25875 0.03438713255684969 0.11583333333333333
1 0.12146422628951747 0.21041666666666667 0.013311148086522463 0.0225
0 0.12784248474764282 0.27958333333333335 0.04936217415418746 0.16583333333333333
1 0.10870770937326678 0.2575 0.014420410427066 0.02
0 0.11092623405435385 0.31125 0.04326123128119801 0.13416666666666666
1 0.13283416528008873 0.27791666666666665 0.013865779256794232 0.025833333333333333
0 0.13921242373821408 0.32 0.04326123128119801 0.11666666666666667
1 0.16999445368829727 0.26666666666666666 0.011647254575707155 0.021666666666666667
0 0.17498613422074322 0.31333333333333335 0.04270660011092623 0.12666666666666668
1 0.1985579589572934 0.26458333333333334 0.013311148086522463 0.020833333333333332
0 0.2002218524681087 0.31333333333333335 0.03771491957848031 0.125
1 0.23155851358846366 0.2704166666666667 0.012756516916250694 0.024166666666666666
0 0.23294509151414308 0.3129166666666667 0.03549639489739324 0.12083333333333333
1 0.25540765391014975 0.25916666666666666 0.010537992235163616 0.02
0 0.2601220188574598 0.30583333333333335 0.03105934553521908 0.12333333333333334
1 0.23183582917359954 0.20583333333333334 0.013311148086522463 0.023333333333333334
0 0.2365501941209096 0.2633333333333333 0.043815862451469775 0.14333333333333334
1 0.18746533555185801 0.20041666666666666 0.013311148086522463 0.0225
0 0.19190238491403216 0.26125 0.04215196894065446 0.14916666666666667
1 0.16971713810316139 0.20666666666666667 0.011092623405435386 0.016666666666666666
0 0.17221297836938437 0.2525 0.026067665002773157 0.115
1 0.16528008874098724 0.18375 0.009983361064891847 0.0175
0 0.16112035496394897 0.22541666666666665 0.026067665002773157 0.10416666666666667
1 0.21575152523571825 0.15166666666666667 0.005546311702717693 0.01
0 0.21769273433166944 0.18 0.014975041597337771 0.07
1 0.3067110371602884 0.19916666666666666 0.012201885745978924 0.02
0 0.3122573488630061 0.25583333333333336 0.03438713255684969 0.145
1 0.3574597892401553 0.19375 0.012756516916250694 0.0225
0 0.3591236827509706 0.25333333333333335 0.03050471436494731 0.145
1 0.3266777592900721 0.15208333333333332 0.005546311702717693 0.010833333333333334
0 0.33083749306711036 0.1775 0.020521353300055462 0.065
1 0.39378813089295617 0.1625 0.004437049362174155 0.008333333333333333
0 0.3932334997226844 0.17916666666666667 0.01774819744869662 0.04666666666666667
1 0.41430948419301167 0.15041666666666667 0.0066555740432612314 0.010833333333333334
0 0.4154187465335552 0.18458333333333332 0.025513033832501388 0.0825
1 0.4040488075429839 0.1375 0.004991680532445923 0.008333333333333333
0 0.40293954520244035 0.15583333333333332 0.008319467554076539 0.04833333333333333
1 0.4209650582362729 0.1375 0.004437049362174155 0.006666666666666667
0 0.420687742651137 0.15708333333333332 0.010537992235163616 0.049166666666666664
1 0.4764281752634498 0.17125 0.005546311702717693 0.010833333333333334
0 0.47753743760399336 0.19416666666666665 0.013311148086522463 0.065
1 0.4769828064337216 0.14916666666666667 0.005546311702717693 0.01
0 0.4772601220188575 0.17416666666666666 0.013865779256794232 0.06333333333333334
1 0.49389905712701054 0.1375 0.003882418191902385 0.006666666666666667
0 0.4944536882972823 0.15916666666666668 0.010537992235163616 0.05333333333333334
1 0.49944536882972823 0.13333333333333333 0.003882418191902385 0.006666666666666667
0 0.5013865779256794 0.155 0.011092623405435386 0.05333333333333334
1 0.5085967831392124 0.16083333333333333 0.005546311702717693 0.011666666666666667
0 0.5166389351081531 0.18625 0.02273987798114254 0.06416666666666666
1 0.5629506378258459 0.16416666666666666 0.005546311702717693 0.01
0 0.5629506378258459 0.18083333333333335 0.012201885745978924 0.045
1 0.5990016638935108 0.1325 0.004437049362174155 0.006666666666666667
0 0.5990016638935108 0.15 0.009983361064891847 0.045
1 0.6039933444259568 0.14416666666666667 0.004437049362174155 0.006666666666666667
0 0.6039933444259568 0.15541666666666668 0.009983361064891847 0.030833333333333334
1 0.6109262340543539 0.14375 0.003882418191902385 0.0075
0 0.6109262340543539 0.15458333333333332 0.009428729894620078 0.0325
1 0.6189683860232945 0.14541666666666667 0.004437049362174155 0.005833333333333334
0 0.6192457016084304 0.15666666666666668 0.009428729894620078 0.03
1 0.6347753743760399 0.14541666666666667 0.004991680532445923 0.009166666666666667
0 0.6342207432057682 0.17 0.012756516916250694 0.065
1 0.6508596783139212 0.14458333333333334 0.004991680532445923 0.009166666666666667
0 0.6491957848031059 0.16958333333333334 0.012756516916250694 0.06416666666666666
1 0.6636161952301719 0.15041666666666667 0.004991680532445923 0.009166666666666667
0 0.6627842484747642 0.17333333333333334 0.012201885745978924 0.058333333333333334
1 0.6835829173599556 0.13916666666666666 0.003882418191902385 0.006666666666666667
0 0.6852468108707709 0.16125 0.013865779256794232 0.05583333333333333
1 0.7573488630061009 0.13958333333333334 0.004991680532445923 0.009166666666666667
0 0.7565169162506933 0.16708333333333333 0.02107598447032723 0.06583333333333333
1 0.7958957293399889 0.14458333333333334 0.005546311702717693 0.009166666666666667
0 0.7933998890737659 0.16916666666666666 0.013865779256794232 0.06166666666666667
1 0.8017193566278424 0.16875 0.007210205213533 0.010833333333333334
0 0.7972823072656683 0.18375 0.019412090959511925 0.049166666666666664
1 0.8078202995008319 0.16791666666666666 0.004991680532445923 0.009166666666666667
0 0.8031059345535219 0.18541666666666667 0.019966722129783693 0.050833333333333335
1 0.8155851358846368 0.16833333333333333 0.006100942872989462 0.01
0 0.8094841930116472 0.18791666666666668 0.018302828618968387 0.0525
1 0.822240709927898 0.17166666666666666 0.007210205213533 0.01
0 0.8161397670549085 0.19125 0.020521353300055462 0.0525
1 0.8302828618968386 0.15333333333333332 0.0066555740432612314 0.011666666666666667
0 0.8258458125346645 0.18458333333333332 0.01774819744869662 0.0775
1 0.8369384359400999 0.14916666666666667 0.0066555740432612314 0.01
0 0.8347199112590128 0.18375 0.019966722129783693 0.0825
1 0.5113699389905713 0.19916666666666666 0.0066555740432612314 0.01
0 0.5113699389905713 0.22916666666666666 0.02329450915141431 0.07333333333333333
1 0.5330005546311702 0.19833333333333333 0.00887409872434831 0.013333333333333334
0 0.5327232390460344 0.22625 0.02273987798114254 0.0725
1 0.5574043261231281 0.1825 0.009983361064891847 0.016666666666666666
0 0.5546311702717692 0.22833333333333333 0.028840820854132 0.11333333333333333
1 0.5701608430393789 0.17666666666666667 0.00887409872434831 0.018333333333333333
0 0.56738768718802 0.22791666666666666 0.028840820854132 0.12416666666666666
1 0.5940099833610649 0.17083333333333334 0.011092623405435386 0.018333333333333333
0 0.5906821963394343 0.2225 0.03105934553521908 0.12666666666666668
1 0.6092623405435386 0.20041666666666666 0.008319467554076539 0.015833333333333335
0 0.6073211314475874 0.22666666666666666 0.01774819744869662 0.07166666666666667
1 0.6295063782584581 0.17208333333333334 0.005546311702717693 0.010833333333333334
0 0.6361619523017193 0.19041666666666668 0.019966722129783693 0.050833333333333335
1 0.6328341652800887 0.17583333333333334 0.00776483638380477 0.015
0 0.6339434276206323 0.22625 0.027731558513588463 0.12083333333333333
1 0.6605657237936772 0.195 0.009983361064891847 0.015
0 0.658624514697726 0.22916666666666666 0.027176927343316695 0.08666666666666667
1 0.6735995562950637 0.18 0.010537992235163616 0.016666666666666666
0 0.6716583471991125 0.22416666666666665 0.026622296173044926 0.10666666666666667
1 0.6999445368829729 0.20125 0.00776483638380477 0.014166666666666666
0 0.6966167498613423 0.22958333333333333 0.02329450915141431 0.07583333333333334
1 0.7160288408208542 0.19791666666666666 0.009983361064891847 0.014166666666666666
0 0.7085413200221853 0.2275 0.04270660011092623 0.07833333333333334
1 0.7312811980033278 0.19333333333333333 0.010537992235163616 0.016666666666666666
0 0.726012201885746 0.25583333333333336 0.04326123128119801 0.145
1 0.7853577371048253 0.19125 0.009983361064891847 0.0175
0 0.7800887409872435 0.22416666666666665 0.03050471436494731 0.08666666666666667
1 0.7759290072102052 0.195 0.009983361064891847 0.02
0 0.7778702163061564 0.25458333333333333 0.036051026067665005 0.14083333333333334
1 0.8344425956738769 0.20541666666666666 0.011647254575707155 0.020833333333333332
0 0.8311148086522463 0.25833333333333336 0.03161397670549085 0.13333333333333333
1 0.8033832501386577 0.20291666666666666 0.009428729894620078 0.014166666666666666
0 0.8014420410427066 0.23166666666666666 0.024403771491957847 0.075
1 0.8200221852468109 0.19833333333333333 0.009428729894620078 0.015
0 0.8139212423738215 0.22958333333333333 0.028286189683860232 0.07916666666666666
1 0.8563505268996118 0.20166666666666666 0.009983361064891847 0.013333333333333334
0 0.8474764281752635 0.23041666666666666 0.03216860787576262 0.07416666666666667
1 0.8899057127010538 0.2075 0.011647254575707155 0.021666666666666667
0 0.8838047698280643 0.26625 0.03494176372712146 0.1425
1 0.9281752634498058 0.20583333333333334 0.012756516916250694 0.02
0 0.9212423738214087 0.27416666666666667 0.04326123128119801 0.16166666666666665
1 0.915696062118691 0.17583333333333334 0.00776483638380477 0.013333333333333334
0 0.9059900166389351 0.21125 0.03050471436494731 0.08916666666666667
1 0.6569606211869107 0.25625 0.010537992235163616 0.020833333333333332
0 0.6550194120909595 0.30541666666666667 0.036605657237936774 0.12583333333333332
1 0.7157515252357183 0.25375 0.011647254575707155 0.024166666666666666
0 0.7143649473100389 0.30375 0.036605657237936774 0.1325
1 0.742928452579035 0.25916666666666666 0.011647254575707155 0.021666666666666667
0 0.7457016084303938 0.305 0.03161397670549085 0.12
1 0.7689961175818081 0.25625 0.011647254575707155 0.0225
0 0.7709373266777593 0.30541666666666667 0.03216860787576262 0.12583333333333332
1 0.7975596228508042 0.24958333333333332 0.013311148086522463 0.025833333333333333
0 0.7995008319467554 0.3025 0.040488075429839156 0.135
1 0.8236272878535774 0.2554166666666667 0.011092623405435386 0.020833333333333332
0 0.8347199112590128 0.3045833333333333 0.048807542983915694 0.12416666666666666
1 0.853300055463117 0.2579166666666667 0.012756516916250694 0.0225
0 0.8577371048252912 0.30875 0.04492512479201331 0.12916666666666668
1 0.8843594009983361 0.25458333333333333 0.013865779256794232 0.024166666666666666
0 0.891846921797005 0.30666666666666664 0.04769828064337216 0.13166666666666665
1 0.9453688297282308 0.27375 0.012756516916250694 0.0225
0 0.9370493621741541 0.31375 0.03826955074875208 0.1075
1 0.9839156960621187 0.2504166666666667 0.01552967276760954 0.024166666666666666
0 0.9769828064337216 0.30416666666666664 0.04603438713255685 0.135
1 0.40765391014975044 0.22791666666666666 0.024403771491957847 0.0375
0 0.41320022185246813 0.33875 0.06877426511369938 0.4041666666666667
1 0.985579589572934 0.20166666666666666 0.009983361064891847 0.013333333333333334
0 0.9778147531891292 0.22875 0.041042706600110924 0.07083333333333333
1 0.028840820854132 0.27416666666666667 0.012201885745978924 0.023333333333333334
0 0.03410981697171381 0.32416666666666666 0.04714364947310039 0.13166666666666665