1 0.47900390625 0.45963172804532576 0.0751953125 0.14022662889518414
0 0.4873046875 0.6898016997167139 0.271484375 0.6203966005665722
1 0.5478515625 0.5184135977337111 0.072265625 0.11898016997167139
0 0.5859375 0.726628895184136 0.22265625 0.546742209631728
1 0.2978515625 0.5495750708215298 0.060546875 0.10198300283286119
0 0.29638671875 0.7443342776203966 0.1494140625 0.5113314447592068
1 0.14453125 0.5226628895184136 0.060546875 0.11048158640226628
0 0.14453125 0.7322946175637394 0.197265625 0.5354107648725213
1 0.07763671875 0.5106232294617564 0.0263671875 0.03541076487252125
0 0.07666015625 0.6317280453257791 0.0751953125 0.28328611898017
1 0.22412109375 0.495042492917847 0.0322265625 0.049575070821529746
0 0.21435546875 0.6515580736543909 0.0849609375 0.36827195467422097
1 0.37451171875 0.5127478753541076 0.0361328125 0.06232294617563739
0 0.37646484375 0.7188385269121813 0.1025390625 0.4830028328611898
1 0.24267578125 0.5212464589235127 0.0400390625 0.06515580736543909
0 0.2412109375 0.7223796033994334 0.109375 0.4702549575070821
1 0.6708984375 0.476628895184136 0.03515625 0.05240793201133145
0 0.66943359375 0.6706798866855525 0.1142578125 0.4348441926345609
1 0.88525390625 0.5375354107648725 0.0322265625 0.05524079320113314
0 0.87939453125 0.6883852691218131 0.1259765625 0.3881019830028329
1 0.9892578125 0.5063739376770539 0.021484375 0.05524079320113314
0 0.9765625 0.6749291784702549 0.046875 0.4121813031161473
1 0.84814453125 0.5120396600566572 0.0380859375 0.05240793201133145
0 0.84716796875 0.636685552407932 0.0869140625 0.3101983002832861
1 0.7578125 0.4773371104815864 0.013671875 0.019830028328611898
0 0.75634765625 0.5403682719546742 0.0439453125 0.15155807365439095
1 0.646484375 0.4801699716713881 0.017578125 0.028328611898016998
0 0.6416015625 0.5403682719546742 0.0390625 0.16855524079320114
1 0.69775390625 0.4681303116147309 0.0146484375 0.024079320113314446
0 0.70166015625 0.5432011331444759 0.0498046875 0.18271954674220964
1 0.01025390625 0.5070821529745042 0.0205078125 0.0339943342776204
0 0.02734375 0.6288951841359773 0.0546875 0.2804532577903683
1 0.8466796875 0.5127478753541076 0.02734375 0.042492917847025496
0 0.8408203125 0.5984419263456091 0.0703125 0.21671388101983002
1 0.90673828125 0.4631728045325779 0.0166015625 0.025495750708215296
0 0.908203125 0.5424929178470255 0.052734375 0.18696883852691218
1 0.576171875 0.5070821529745042 0.029296875 0.056657223796033995
0 0.58349609375 0.6820113314447592 0.0869140625 0.4178470254957507
1 0.517578125 0.523371104815864 0.033203125 0.05524079320113314
0 0.5107421875 0.6898016997167139 0.078125 0.3937677053824363