1 0.08689320388349514 0.798582995951417 0.0048543689320388345 0.010121457489878543
0 0.08495145631067962 0.8218623481781376 0.01650485436893204 0.06072874493927125
1 0.055825242718446605 0.8663967611336032 0.0048543689320388345 0.012145748987854251
0 0.06844660194174758 0.8674089068825911 0.03203883495145631 0.022267206477732792
1 0.08883495145631068 0.8431174089068826 0.006796116504854369 0.01417004048582996
0 0.08300970873786408 0.8572874493927125 0.020388349514563107 0.0465587044534413
1 0.09368932038834951 0.8593117408906883 0.018446601941747572 0.0465587044534413
0 0.09368932038834951 0.8593117408906883 0.018446601941747572 0.0465587044534413
1 0.09854368932038834 0.8785425101214575 0.008737864077669903 0.016194331983805668
0 0.09854368932038834 0.895748987854251 0.024271844660194174 0.05465587044534413
1 0.20970873786407768 0.861336032388664 0.005825242718446602 0.01417004048582996
0 0.19902912621359223 0.868421052631579 0.02912621359223301 0.05263157894736842
1 0.2412621359223301 0.8623481781376519 0.037864077669902914 0.02834008097165992
0 0.2412621359223301 0.8623481781376519 0.037864077669902914 0.02834008097165992
1 0.21796116504854368 0.8309716599190283 0.035922330097087375 0.030364372469635626
0 0.21796116504854368 0.8309716599190283 0.035922330097087375 0.030364372469635626
1 0.24854368932038834 0.8785425101214575 0.005825242718446602 0.012145748987854251
0 0.24271844660194175 0.8927125506072875 0.02524271844660194 0.048582995951417005
1 0.2645631067961165 0.8755060728744939 0.006796116504854369 0.01417004048582996
0 0.262621359223301 0.8906882591093117 0.037864077669902914 0.05668016194331984
1 0.32184466019417474 0.8208502024291497 0.0048543689320388345 0.010121457489878543
0 0.3155339805825243 0.832995951417004 0.021359223300970873 0.04251012145748988
1 0.33980582524271846 0.7904858299595142 0.005825242718446602 0.01417004048582996
0 0.3354368932038835 0.8117408906882592 0.02621359223300971 0.06477732793522267
1 0.3320388349514563 0.7742914979757085 0.007766990291262136 0.038461538461538464
0 0.3320388349514563 0.7742914979757085 0.007766990291262136 0.038461538461538464
1 0.34514563106796114 0.8421052631578947 0.0048543689320388345 0.012145748987854251
0 0.3412621359223301 0.8532388663967612 0.02815533980582524 0.0465587044534413
1 0.38737864077669903 0.7530364372469636 0.003883495145631068 0.008097165991902834
0 0.3864077669902913 0.7773279352226721 0.009708737864077669 0.06477732793522267
1 0.3990291262135922 0.7732793522267206 0.003883495145631068 0.008097165991902834
0 0.39223300970873787 0.7864372469635628 0.02330097087378641 0.04251012145748988
1 0.44563106796116503 0.7793522267206477 0.003883495145631068 0.008097165991902834
0 0.4432038834951456 0.7864372469635628 0.014563106796116505 0.030364372469635626
1 0.47233009708737866 0.7661943319838057 0.002912621359223301 0.006072874493927126
0 0.46747572815533983 0.7722672064777328 0.020388349514563107 0.02631578947368421
1 0.46990291262135925 0.8046558704453441 0.017475728155339806 0.04251012145748988
0 0.46990291262135925 0.8046558704453441 0.017475728155339806 0.04251012145748988
1 0.5072815533980582 0.7753036437246964 0.002912621359223301 0.008097165991902834
0 0.5116504854368932 0.7864372469635628 0.017475728155339806 0.03441295546558704
1 0.5407766990291262 0.7672064777327935 0.003883495145631068 0.008097165991902834
0 0.5393203883495146 0.7742914979757085 0.01262135922330097 0.02631578947368421
1 0.95 0.6953441295546559 0.002912621359223301 0.006072874493927126
0 0.9495145631067962 0.7145748987854251 0.011650485436893204 0.05668016194331984
1 0.9305825242718446 0.6983805668016194 0.008737864077669903 0.04048582995951417
0 0.9305825242718446 0.6983805668016194 0.008737864077669903 0.04048582995951417
1 0.9189320388349514 0.7034412955465587 0.0048543689320388345 0.010121457489878543
0 0.9179611650485436 0.7307692307692307 0.01262135922330097 0.06882591093117409
1 0.34271844660194173 0.8360323886639676 0.015533980582524271 0.044534412955465584
0 0.34271844660194173 0.8360323886639676 0.015533980582524271 0.044534412955465584