1 0.857421875 0.4171401515151515 0.03870738636363636 0.06723484848484848
0 0.8675426136363636 0.615530303030303 0.109375 0.48579545454545453
1 0.7697088068181818 0.41051136363636365 0.041548295454545456 0.07007575757575757
0 0.7700639204545454 0.6062973484848485 0.12109375 0.4834280303030303
1 0.6821732954545454 0.42211174242424243 0.036931818181818184 0.05823863636363636
0 0.6860795454545454 0.6143465909090909 0.09019886363636363 0.46259469696969696
1 0.7096946022727273 0.3984375 0.03941761363636364 0.06297348484848485
0 0.6977982954545454 0.578125 0.10227272727272728 0.45359848484848486
1 0.6200284090909091 0.421875 0.036931818181818184 0.06534090909090909
0 0.6187855113636364 0.6084280303030303 0.07776988636363637 0.45454545454545453
1 0.6447088068181818 0.3934659090909091 0.036576704545454544 0.05965909090909091
0 0.6424005681818182 0.571969696969697 0.08735795454545454 0.42329545454545453
1 0.5648082386363636 0.42732007575757575 0.037286931818181816 0.06676136363636363
0 0.5443892045454546 0.609375 0.11292613636363637 0.4327651515151515
1 0.4952059659090909 0.4043560606060606 0.030894886363636364 0.06060606060606061
0 0.5067471590909091 0.5617897727272727 0.08451704545454546 0.37736742424242425
1 0.5381747159090909 0.42211174242424243 0.030894886363636364 0.06013257575757576
0 0.5415482954545454 0.5987215909090909 0.09161931818181818 0.4199810606060606
1 0.44975142045454547 0.3977272727272727 0.03444602272727273 0.06534090909090909
0 0.4504616477272727 0.5653409090909091 0.09907670454545454 0.4147727272727273
1 0.4170809659090909 0.4732481060606061 0.03444602272727273 0.059185606060606064
0 0.4186789772727273 0.6254734848484849 0.08735795454545454 0.3731060606060606
1 0.38636363636363635 0.4325284090909091 0.033380681818181816 0.06202651515151515
0 0.38618607954545453 0.5961174242424242 0.08345170454545454 0.4053030303030303
1 0.18536931818181818 0.3854166666666667 0.03409090909090909 0.058712121212121215
0 0.1727627840909091 0.5643939393939394 0.09907670454545454 0.42613636363636365
1 0.24236505681818182 0.41950757575757575 0.03231534090909091 0.05965909090909091
0 0.22531960227272727 0.5823863636363636 0.09552556818181818 0.4005681818181818
1 0.28870738636363635 0.421875 0.03551136363636364 0.0634469696969697
0 0.28480113636363635 0.5918560606060606 0.13352272727272727 0.4081439393939394
1 0.32457386363636365 0.4240056818181818 0.030539772727272728 0.057291666666666664
0 0.3270596590909091 0.5809659090909091 0.09019886363636363 0.3778409090909091
1 0.3419744318181818 0.40198863636363635 0.02911931818181818 0.05303030303030303
0 0.337890625 0.5591856060606061 0.09481534090909091 0.3778409090909091
1 0.373046875 0.4112215909090909 0.030894886363636364 0.05539772727272727
0 0.384765625 0.5710227272727273 0.07848011363636363 0.3797348484848485