1 0.5305164319248826 0.6114583333333333 0.014084507042253521 0.027083333333333334
0 0.5322769953051644 0.690625 0.04342723004694836 0.18958333333333333
1 0.5563380281690141 0.6291666666666667 0.011737089201877934 0.025
0 0.5592723004694836 0.6864583333333333 0.02699530516431925 0.14791666666666667
1 0.4583333333333333 0.6322916666666667 0.01056338028169014 0.01875
0 0.4583333333333333 0.684375 0.03169014084507042 0.13541666666666666
1 0.43661971830985913 0.6364583333333333 0.009389671361502348 0.01875
0 0.4354460093896714 0.6864583333333333 0.03051643192488263 0.13958333333333334
1 0.4113849765258216 0.6375 0.008215962441314555 0.016666666666666666
0 0.414906103286385 0.6833333333333333 0.03169014084507042 0.13333333333333333
1 0.39730046948356806 0.6458333333333334 0.008215962441314555 0.016666666666666666
0 0.3931924882629108 0.690625 0.03051643192488263 0.13958333333333334
1 0.9906103286384976 0.5010416666666667 0.018779342723004695 0.035416666666666666
0 0.9847417840375586 0.6208333333333333 0.03051643192488263 0.275
1 0.9213615023474179 0.47604166666666664 0.035211267605633804 0.04375
0 0.9454225352112676 0.628125 0.10915492957746478 0.35625
1 0.8485915492957746 0.5072916666666667 0.025821596244131457 0.06041666666666667
0 0.8597417840375586 0.6489583333333333 0.0880281690140845 0.36041666666666666
1 0.7582159624413145 0.55625 0.01643192488262911 0.029166666666666667
0 0.7576291079812206 0.6583333333333333 0.05516431924882629 0.2375
1 0.7118544600938967 0.565625 0.015258215962441314 0.027083333333333334
0 0.7059859154929577 0.6645833333333333 0.057511737089201875 0.23333333333333334
1 0.6748826291079812 0.5364583333333334 0.023474178403755867 0.04791666666666667
0 0.6977699530516432 0.6625 0.08333333333333333 0.30833333333333335
1 0.6367370892018779 0.6072916666666667 0.017605633802816902 0.03125
0 0.6566901408450704 0.7052083333333333 0.062206572769953054 0.27291666666666664
1 0.6220657276995305 0.59375 0.011737089201877934 0.020833333333333332
0 0.6261737089201878 0.6666666666666666 0.045774647887323945 0.18333333333333332
1 0.020539906103286387 0.6979166666666666 0.01056338028169014 0.020833333333333332
0 0.018779342723004695 0.7458333333333333 0.03755868544600939 0.1375
1 0.051643192488262914 0.6479166666666667 0.018779342723004695 0.025
0 0.04342723004694836 0.7260416666666667 0.0539906103286385 0.18958333333333333
1 0.07394366197183098 0.6708333333333333 0.011737089201877934 0.025
0 0.07042253521126761 0.728125 0.035211267605633804 0.15625
1 0.09741784037558686 0.6895833333333333 0.007042253521126761 0.0125
0 0.09330985915492958 0.73125 0.03169014084507042 0.11666666666666667
1 0.2793427230046948 0.634375 0.014084507042253521 0.027083333333333334
0 0.2764084507042254 0.7010416666666667 0.03403755868544601 0.17291666666666666
1 0.24119718309859156 0.6875 0.015258215962441314 0.029166666666666667
0 0.23767605633802816 0.753125 0.05046948356807512 0.18958333333333333
1 0.2681924882629108 0.5770833333333333 0.01995305164319249 0.041666666666666664
0 0.2535211267605634 0.70625 0.07746478873239436 0.30833333333333335
1 0.761150234741784 0.384375 0.03873239436619718 0.06875
0 0.8028169014084507 0.659375 0.13145539906103287 0.6645833333333333
1 0.9906103286384976 0.20416666666666666 0.018779342723004695 0.10416666666666667
0 0.9688967136150235 0.5729166666666666 0.062206572769953054 0.8541666666666666
1 0.16607981220657278 0.5083333333333333 0.029342723004694836 0.058333333333333334
0 0.159037558685446 0.7177083333333333 0.1396713615023474 0.48541666666666666
1 0.3374413145539906 0.5041666666666667 0.022300469483568074 0.041666666666666664
0 0.3345070422535211 0.684375 0.0892018779342723 0.41041666666666665
1 0.18955399061032863 0.5739583333333333 0.017605633802816902 0.03958333333333333
0 0.18838028169014084 0.696875 0.05046948356807512 0.30625