1 0.26272727272727275 0.33414239482200647 0.04363636363636364 0.0889967637540453
0 0.2809090909090909 0.6407766990291263 0.18181818181818182 0.7152103559870551
1 0.33454545454545453 0.29854368932038833 0.045454545454545456 0.09870550161812297
0 0.31681818181818183 0.6237864077669902 0.22272727272727272 0.7524271844660194
1 0.41954545454545455 0.28640776699029125 0.04818181818181818 0.10679611650485436
0 0.39954545454545454 0.61084142394822 0.1809090909090909 0.7653721682847896
1 0.5127272727272727 0.33980582524271846 0.04181818181818182 0.0970873786407767
0 0.5095454545454545 0.6432038834951457 0.19545454545454546 0.7135922330097088
1 0.59 0.3414239482200647 0.04181818181818182 0.09385113268608414
0 0.5836363636363636 0.6464401294498382 0.17272727272727273 0.7071197411003236
1 0.6913636363636364 0.26618122977346276 0.04454545454545455 0.11165048543689321
0 0.7181818181818181 0.5962783171521036 0.17636363636363636 0.8074433656957929
1 0.2409090909090909 0.5 0.05272727272727273 0.11326860841423948
0 0.25272727272727274 0.7176375404530745 0.25636363636363635 0.5647249190938511
1 0.3322727272727273 0.5024271844660194 0.05 0.10841423948220065
0 0.32 0.7216828478964401 0.15818181818181817 0.5566343042071198
1 0.41818181818181815 0.5453074433656958 0.04909090909090909 0.10679611650485436
0 0.39954545454545454 0.7419093851132686 0.23363636363636364 0.5161812297734628
1 0.49818181818181817 0.5186084142394822 0.05090909090909091 0.10194174757281553
0 0.48454545454545456 0.7305825242718447 0.22181818181818183 0.5388349514563107