1 0.01 0.4922222222222222 0.0075 0.015555555555555555
0 0.01 0.5155555555555555 0.02 0.07111111111111111
1 0.025 0.49333333333333335 0.0075 0.013333333333333334
0 0.02 0.5188888888888888 0.025 0.06888888888888889
1 0.135625 0.5388888888888889 0.00625 0.011111111111111112
0 0.1325 0.57 0.02 0.07777777777777778
1 0.15125 0.5444444444444444 0.0175 0.06666666666666667
0 0.15125 0.5444444444444444 0.0175 0.06666666666666667
1 0.144375 0.4988888888888889 0.00625 0.011111111111111112
0 0.144375 0.5288888888888889 0.02375 0.07555555555555556
1 0.038125 0.5277777777777778 0.02625 0.06
0 0.038125 0.5277777777777778 0.02625 0.06
1 0.048125 0.5233333333333333 0.01625 0.07333333333333333
0 0.048125 0.5233333333333333 0.01625 0.07333333333333333