1 0.44156378600823043 0.4697530864197531 0.09135802469135802 0.11481481481481481
0 0.4551440329218107 0.6981481481481482 0.3950617283950617 0.5864197530864198
1 0.5493827160493827 0.5191358024691358 0.07489711934156379 0.11234567901234568
0 0.6255144032921811 0.671604938271605 0.36707818930041153 0.42962962962962964
1 0.09876543209876543 0.06666666666666667 0.0345679012345679 0.06419753086419754
0 0.08765432098765433 0.2802469135802469 0.1654320987654321 0.5061728395061729
1 0.15967078189300413 0.22037037037037038 0.02962962962962963 0.06296296296296296
0 0.16049382716049382 0.34074074074074073 0.10534979423868313 0.32592592592592595
1 0.3691358024691358 0.19444444444444445 0.03539094650205761 0.05308641975308642
0 0.37613168724279833 0.3376543209876543 0.10864197530864197 0.3469135802469136
1 0.5160493827160494 0.1617283950617284 0.05761316872427984 0.10123456790123457
0 0.5234567901234568 0.4419753086419753 0.16790123456790124 0.671604938271605
1 0.502880658436214 0.07592592592592592 0.03621399176954732 0.050617283950617285
0 0.49465020576131685 0.2660493827160494 0.08395061728395062 0.4382716049382716
1 0.6172839506172839 0.09876543209876543 0.031275720164609055 0.05185185185185185
0 0.6102880658436214 0.27839506172839507 0.0831275720164609 0.4283950617283951
1 0.7189300411522633 0.09814814814814815 0.02880658436213992 0.06049382716049383
0 0.7078189300411523 0.2777777777777778 0.08724279835390947 0.4345679012345679
1 0.7913580246913581 0.13333333333333333 0.030452674897119343 0.05925925925925926
0 0.7917695473251029 0.2975308641975309 0.0823045267489712 0.4
1 0.8658436213991769 0.14753086419753086 0.031275720164609055 0.05555555555555555
0 0.8592592592592593 0.3055555555555556 0.07407407407407407 0.3790123456790123
1 0.9563786008230453 0.13703703703703704 0.027983539094650206 0.05185185185185185
0 0.939917695473251 0.304320987654321 0.08065843621399177 0.39382716049382716