1 0.1332807570977918 0.6024033437826541 0.00473186119873817 0.003134796238244514
0 0.1332807570977918 0.6102403343782654 0.014195583596214511 0.022988505747126436
1 0.1553627760252366 0.6055381400208987 0.017350157728706624 0.019853709508881923
0 0.1553627760252366 0.6055381400208987 0.017350157728706624 0.019853709508881923
1 0.18217665615141956 0.6091954022988506 0.011041009463722398 0.01671891327063741
0 0.18217665615141956 0.6091954022988506 0.011041009463722398 0.01671891327063741
1 0.18848580441640378 0.6128526645768025 0.014195583596214511 0.0219435736677116
0 0.18848580441640378 0.6128526645768025 0.014195583596214511 0.0219435736677116
1 0.20268138801261829 0.6044932079414838 0.00473186119873817 0.003134796238244514
0 0.20110410094637224 0.6123301985370951 0.014195583596214511 0.02089864158829676
1 0.23107255520504733 0.6029258098223615 0.011041009463722398 0.018808777429467086
0 0.23107255520504733 0.6029258098223615 0.011041009463722398 0.018808777429467086
1 0.30047318611987384 0.6018808777429467 0.014195583596214511 0.022988505747126436
0 0.30047318611987384 0.6018808777429467 0.014195583596214511 0.022988505747126436
1 0.3138801261829653 0.6024033437826541 0.012618296529968454 0.024033437826541274
0 0.3138801261829653 0.6024033437826541 0.012618296529968454 0.024033437826541274
1 0.32413249211356465 0.6024033437826541 0.014195583596214511 0.0219435736677116
0 0.32413249211356465 0.6024033437826541 0.014195583596214511 0.0219435736677116
1 0.3501577287066246 0.6008359456635318 0.012618296529968454 0.022988505747126436
0 0.3501577287066246 0.6008359456635318 0.012618296529968454 0.022988505747126436
1 0.10173501577287067 0.6431556948798328 0.014195583596214511 0.024033437826541274
0 0.10173501577287067 0.6431556948798328 0.014195583596214511 0.024033437826541274
1 0.08123028391167192 0.6384535005224661 0.007886435331230283 0.0041797283176593526
0 0.07886435331230283 0.6452455590386625 0.022082018927444796 0.024033437826541274
1 0.05362776025236593 0.6494252873563219 0.012618296529968454 0.009404388714733543
0 0.04416403785488959 0.6781609195402298 0.031545741324921134 0.06687565308254964
1 0.051261829652996846 0.6567398119122257 0.014195583596214511 0.009404388714733543
0 0.04652996845425868 0.6886102403343782 0.04258675078864353 0.07314524555903866
1 0.08911671924290221 0.6541274817136886 0.011041009463722398 0.006269592476489028
0 0.08438485804416404 0.6713688610240335 0.02050473186119874 0.042842215256008356
1 0.12933753943217666 0.6598746081504702 0.01892744479495268 0.011494252873563218
0 0.11750788643533124 0.6938349007314525 0.055205047318611984 0.08150470219435736
1 0.23422712933753942 0.658307210031348 0.011041009463722398 0.008359456635318705
0 0.23817034700315456 0.6797283176593522 0.025236593059936908 0.05329153605015674
1 0.26025236593059936 0.6499477533960293 0.012618296529968454 0.008359456635318705
0 0.2586750788643533 0.6734587251828631 0.028391167192429023 0.05747126436781609
1 0.23738170347003154 0.6556948798328108 0.02050473186119874 0.024033437826541274
0 0.23738170347003154 0.6556948798328108 0.02050473186119874 0.024033437826541274
1 0.2870662460567823 0.667189132706374 0.03785488958990536 0.024033437826541274
0 0.27365930599369087 0.7460815047021944 0.11514195583596215 0.19435736677115986
1 0.3698738170347003 0.6280041797283177 0.02050473186119874 0.01671891327063741
0 0.3698738170347003 0.6280041797283177 0.02050473186119874 0.01671891327063741
1 0.3951104100946372 0.6243469174503657 0.00473186119873817 0.003134796238244514
0 0.39353312302839116 0.6306165099268548 0.014195583596214511 0.019853709508881923
1 0.38170347003154576 0.6300940438871473 0.012618296529968454 0.022988505747126436
0 0.38170347003154576 0.6300940438871473 0.012618296529968454 0.022988505747126436
1 0.3919558359621451 0.5971786833855799 0.007886435331230283 0.00522466039707419
0 0.3872239747634069 0.6044932079414838 0.017350157728706624 0.024033437826541274
1 0.39589905362776023 0.6112852664576802 0.01892744479495268 0.014629049111807733
0 0.39589905362776023 0.6112852664576802 0.01892744479495268 0.014629049111807733
1 0.40930599369085174 0.6008359456635318 0.011041009463722398 0.022988505747126436
0 0.40930599369085174 0.6008359456635318 0.011041009463722398 0.022988505747126436
1 0.4187697160883281 0.6013584117032393 0.011041009463722398 0.0219435736677116
0 0.4187697160883281 0.6013584117032393 0.011041009463722398 0.0219435736677116
1 0.4518927444794953 0.6003134796238244 0.014195583596214511 0.019853709508881923
0 0.4518927444794953 0.6003134796238244 0.014195583596214511 0.019853709508881923
1 0.4526813880126183 0.6086729362591432 0.015772870662460567 0.01567398119122257
0 0.4526813880126183 0.6086729362591432 0.015772870662460567 0.01567398119122257
1 0.49369085173501576 0.6018808777429467 0.012618296529968454 0.02089864158829676
0 0.49369085173501576 0.6018808777429467 0.012618296529968454 0.02089864158829676
1 0.5 0.5956112852664577 0.006309148264984227 0.0041797283176593526
0 0.500788643533123 0.6024033437826541 0.014195583596214511 0.019853709508881923
1 0.5220820189274448 0.6018808777429467 0.012618296529968454 0.02089864158829676
0 0.5220820189274448 0.6018808777429467 0.012618296529968454 0.02089864158829676
1 0.5347003154574133 0.5992685475444096 0.012618296529968454 0.024033437826541274
0 0.5347003154574133 0.5992685475444096 0.012618296529968454 0.024033437826541274
1 0.5465299684542587 0.6013584117032393 0.014195583596214511 0.0219435736677116
0 0.5465299684542587 0.6013584117032393 0.014195583596214511 0.0219435736677116
1 0.6608832807570978 0.6212121212121212 0.015772870662460567 0.02612330198537095
0 0.6608832807570978 0.6212121212121212 0.015772870662460567 0.02612330198537095
1 0.6774447949526814 0.6144200626959248 0.007886435331230283 0.0041797283176593526
0 0.6766561514195584 0.6217345872518286 0.015772870662460567 0.022988505747126436
1 0.6782334384858044 0.6024033437826541 0.012618296529968454 0.0219435736677116
0 0.6782334384858044 0.6024033437826541 0.012618296529968454 0.0219435736677116
1 0.692429022082019 0.5945663531870429 0.006309148264984227 0.0041797283176593526
0 0.6900630914826499 0.6008359456635318 0.014195583596214511 0.027168234064785787
1 0.6995268138801262 0.6013584117032393 0.011041009463722398 0.024033437826541274
0 0.6995268138801262 0.6013584117032393 0.011041009463722398 0.024033437826541274
1 0.7097791798107256 0.6018808777429467 0.012618296529968454 0.025078369905956112
0 0.7097791798107256 0.6018808777429467 0.012618296529968454 0.025078369905956112
1 0.7184542586750788 0.6018808777429467 0.014195583596214511 0.025078369905956112
0 0.7184542586750788 0.6018808777429467 0.014195583596214511 0.025078369905956112
1 0.8706624605678234 0.61337513061651 0.006309148264984227 0.0041797283176593526
0 0.8706624605678234 0.6238244514106583 0.01892744479495268 0.027168234064785787
1 0.8509463722397477 0.6118077324973876 0.007886435331230283 0.00522466039707419
0 0.8509463722397477 0.6233019853709509 0.014195583596214511 0.02821316614420063
1 0.887223974763407 0.609717868338558 0.011041009463722398 0.024033437826541274
0 0.887223974763407 0.609717868338558 0.011041009463722398 0.024033437826541274
1 0.8761829652996845 0.6091954022988506 0.014195583596214511 0.022988505747126436
0 0.8761829652996845 0.6091954022988506 0.014195583596214511 0.022988505747126436
1 0.8470031545741324 0.6118077324973876 0.012618296529968454 0.019853709508881923
0 0.8470031545741324 0.6118077324973876 0.012618296529968454 0.019853709508881923
1 0.8793375394321766 0.6525600835945663 0.014195583596214511 0.009404388714733543
0 0.8785488958990536 0.6797283176593522 0.031545741324921134 0.07210031347962383
1 0.8572555205047319 0.6509926854754441 0.017350157728706624 0.014629049111807733
0 0.8596214511041009 0.6828631138975967 0.04100946372239748 0.08045977011494253
1 0.9921135646687698 0.648380355276907 0.015772870662460567 0.024033437826541274
0 0.9755520504731862 0.7173458725182863 0.04889589905362776 0.16405433646812956
1 0.9093059936908517 0.6499477533960293 0.02996845425867508 0.022988505747126436
0 0.9156151419558359 0.7225705329153606 0.061514195583596214 0.1703239289446186
1 0.8990536277602523 0.6551724137931034 0.022082018927444796 0.018808777429467086
0 0.9156151419558359 0.719435736677116 0.07728706624605679 0.15151515151515152
1 0.8201892744479495 0.6363636363636364 0.028391167192429023 0.018808777429467086
0 0.8201892744479495 0.7157784743991641 0.07255520504731862 0.17972831765935215
1 0.7318611987381703 0.6274817136886103 0.05362776025236593 0.038662486938349006
0 0.7405362776025236 0.7810867293625914 0.20031545741324921 0.3605015673981191
1 0.33280757097791797 0.6442006269592476 0.050473186119873815 0.03657262277951933
0 0.3272870662460568 0.7847439916405433 0.19085173501577288 0.3218390804597701
1 0.4479495268138801 0.632183908045977 0.0473186119873817 0.03134796238244514
0 0.43690851735015773 0.7664576802507836 0.15457413249211358 0.30407523510971785
1 0.5630914826498423 0.6248693834900731 0.05362776025236593 0.03970741901776385
0 0.5425867507886435 0.790491118077325 0.24921135646687698 0.3709508881922675
1 0.6293375394321766 0.6677115987460815 0.04100946372239748 0.029258098223615466
0 0.6096214511041009 0.7852664576802508 0.12145110410094637 0.2769070010449321
1 0.6317034700315457 0.599791013584117 0.011041009463722398 0.02089864158829676
0 0.6317034700315457 0.599791013584117 0.011041009463722398 0.02089864158829676
1 0.6269716088328076 0.603448275862069 0.011041009463722398 0.0219435736677116
0 0.6269716088328076 0.603448275862069 0.011041009463722398 0.0219435736677116
1 0.6466876971608833 0.6044932079414838 0.00946372239747634 0.0219435736677116
0 0.6466876971608833 0.6044932079414838 0.00946372239747634 0.0219435736677116
1 0.6545741324921136 0.6039707419017764 0.012618296529968454 0.022988505747126436
0 0.6545741324921136 0.6039707419017764 0.012618296529968454 0.022988505747126436
1 0.6608832807570978 0.6039707419017764 0.00946372239747634 0.02089864158829676
0 0.6608832807570978 0.6039707419017764 0.00946372239747634 0.02089864158829676
1 0.557570977917981 0.6024033437826541 0.007886435331230283 0.011494252873563218
0 0.557570977917981 0.6024033437826541 0.007886435331230283 0.011494252873563218
1 0.47712933753943215 0.6206896551724138 0.011041009463722398 0.02089864158829676
0 0.47712933753943215 0.6206896551724138 0.011041009463722398 0.02089864158829676
1 0.46529968454258674 0.6191222570532915 0.00946372239747634 0.019853709508881923
0 0.46529968454258674 0.6191222570532915 0.00946372239747634 0.019853709508881923
1 0.1971608832807571 0.6974921630094044 0.028391167192429023 0.08254963427377221
0 0.1971608832807571 0.6974921630094044 0.028391167192429023 0.08254963427377221
1 0.17034700315457413 0.6572622779519331 0.012618296529968454 0.008359456635318705
0 0.1640378548895899 0.6828631138975967 0.028391167192429023 0.06165099268547544