1 0.24798711755233493 0.4901234567901235 0.07729468599033816 0.14320987654320988
0 0.2673107890499195 0.7055555555555556 0.23027375201288244 0.5888888888888889
1 0.07648953301127215 0.7253086419753086 0.12238325281803543 0.17901234567901234
0 0.12238325281803543 0.812962962962963 0.24476650563607086 0.37407407407407406
1 0.5157004830917874 0.5314814814814814 0.07326892109500806 0.1469135802469136
0 0.4251207729468599 0.7253086419753086 0.357487922705314 0.5493827160493827
1 0.7274557165861514 0.5067901234567901 0.08776167471819646 0.13950617283950617
0 0.7363123993558777 0.7135802469135802 0.2471819645732689 0.5728395061728395
1 0.8256843800322061 0.4888888888888889 0.061996779388083734 0.11604938271604938
0 0.823268921095008 0.7141975308641976 0.1537842190016103 0.571604938271605
1 0.9351851851851852 0.458641975308642 0.06843800322061191 0.11728395061728394
0 0.9223027375201288 0.6950617283950618 0.15539452495974235 0.6098765432098765
1 0.6888083735909822 0.43209876543209874 0.06360708534621579 0.11358024691358025
0 0.6477455716586151 0.682716049382716 0.2584541062801932 0.6345679012345679
1 0.644122383252818 0.4734567901234568 0.04508856682769726 0.08518518518518518
0 0.605877616747182 0.7123456790123457 0.14895330112721417 0.5728395061728395
1 0.15619967793880837 0.4882716049382716 0.06763285024154589 0.13209876543209875
0 0.16545893719806765 0.7055555555555556 0.14895330112721417 0.5888888888888889
1 0.07568438003220612 0.4617283950617284 0.06602254428341385 0.11851851851851852
0 0.08373590982286634 0.6975308641975309 0.15780998389694043 0.6049382716049383
1 0.8900966183574879 0.44506172839506175 0.050724637681159424 0.08024691358024691
0 0.8800322061191627 0.6506172839506172 0.1111111111111111 0.5012345679012346
1 0.10869565217391304 0.44382716049382714 0.02254428341384863 0.04567901234567901
0 0.10507246376811594 0.5388888888888889 0.050724637681159424 0.24320987654320989
1 0.2109500805152979 0.4487654320987654 0.0499194847020934 0.08765432098765433
0 0.21256038647342995 0.6648148148148149 0.09339774557165861 0.5419753086419753
1 0.35426731078904994 0.4679012345679012 0.040257648953301126 0.07901234567901234
0 0.358695652173913 0.7129629629629629 0.11191626409017713 0.5691358024691358
1 0.29790660225442833 0.4617283950617284 0.02576489533011272 0.04691358024691358
0 0.30152979066022545 0.5802469135802469 0.05555555555555555 0.3012345679012346
1 0.32286634460547503 0.4462962962962963 0.030595813204508857 0.05555555555555555
0 0.322061191626409 0.5858024691358025 0.06924315619967794 0.3395061728395062
1 0.40499194847020936 0.42962962962962964 0.030595813204508857 0.056790123456790124
0 0.4057971014492754 0.5524691358024691 0.06763285024154589 0.3148148148148148
1 0.49033816425120774 0.4364197530864197 0.033816425120772944 0.06049382716049383
0 0.49074074074074076 0.5802469135802469 0.07004830917874397 0.35802469135802467
1 0.8063607085346216 0.4339506172839506 0.0249597423510467 0.04567901234567901
0 0.8031400966183575 0.5376543209876543 0.06360708534621579 0.2654320987654321
1 0.964573268921095 0.43765432098765433 0.027375201288244767 0.04567901234567901
0 0.961755233494364 0.5469135802469136 0.05233494363929147 0.27901234567901234
1 0.644927536231884 0.47098765432098766 0.04669887278582931 0.08024691358024691
0 0.6103059581320451 0.7129629629629629 0.1497584541062802 0.5740740740740741
1 0.9867149758454107 0.47962962962962963 0.026570048309178744 0.08518518518518518
0 0.9722222222222222 0.6895061728395062 0.05555555555555555 0.5320987654320988
1 0.5628019323671497 0.412962962962963 0.04830917874396135 0.08518518518518518
0 0.5684380032206119 0.6537037037037037 0.12077294685990338 0.5864197530864198