1 0.06574478408539544 0.3872010342598578 0.042212518195050945 0.0698125404007757
0 0.059194565744784086 0.5898513251454428 0.11838913148956817 0.4854557207498384
1 0.14192139737991266 0.3707175177763413 0.039301310043668124 0.06658047834518423
0 0.1472586123241145 0.574983839689722 0.09946627850557982 0.48804137039431156
1 0.17903930131004367 0.35649644473173886 0.006792819019893256 0.009696186166774402
0 0.18000970402717129 0.38235294117647056 0.016496846191169336 0.06528765352294764
1 0.20475497331392528 0.354557207498384 0.0077632217370208634 0.009696186166774402
0 0.20548277535177098 0.3836457659987072 0.018922852983988356 0.07563025210084033
1 0.24090247452692867 0.3474466709760827 0.061620572537603106 0.08726567550096961
0 0.21761280931586607 0.5963154492566257 0.1334303736050461 0.590174531351002
1 0.2802037845705968 0.34421460892049127 0.06453178068898593 0.0989010989010989
0 0.25206210577389615 0.6376858435681965 0.1596312469674915 0.6923076923076923
1 0.32168850072780203 0.33096315449256625 0.044638524987869965 0.07498383968972204
0 0.3161086851043183 0.570458952811894 0.1111111111111111 0.5630252100840336
1 0.39810771470160117 0.345830639948287 0.04997573993207181 0.08532643826761474
0 0.3723920426977195 0.6005171299288946 0.1470160116448326 0.6037491919844861
1 0.4885977680737506 0.40271493212669685 0.06404657933042213 0.09049773755656108
0 0.4670063076176613 0.654169360051713 0.11305191654536632 0.6050420168067226
1 0.48447355652595825 0.3539107950872657 0.048034934497816595 0.07821590174531351
0 0.4745269286754003 0.581447963800905 0.1222707423580786 0.5410471881060116
1 0.5254730713245997 0.4266321913380737 0.05240174672489083 0.0788623141564318
0 0.5094614264919942 0.6451195862960569 0.11062590975254731 0.5313510019392372
1 0.5499757399320718 0.3555268261150614 0.043182920912178555 0.060762766645119586
0 0.5601649684619117 0.5575307045895281 0.12954876273653565 0.48028442146089206
1 0.5788452207666182 0.36942469295410474 0.045608927704997575 0.07563025210084033
0 0.5703541969917516 0.6060116354234001 0.11208151382823872 0.5539754363283775
1 0.6751576904415333 0.38235294117647056 0.025715672003881612 0.0394311570782159
0 0.6809801067442989 0.5943762120232708 0.10819990295972828 0.486748545572075
1 0.6911693352741388 0.33775048480930836 0.06453178068898593 0.10536522301228184
0 0.7316836487142164 0.6270200387847447 0.24745269286754004 0.7110536522301228