1 0.1474609375 0.2335285505124451 0.03515625 0.048316251830161056
0 0.1953125 0.2913616398243045 0.146484375 0.1698389458272328
1 0.5 0.13469985358711567 0.025390625 0.04978038067349927
0 0.51025390625 0.25109809663250365 0.0927734375 0.2913616398243045
1 0.1171875 0.25036603221083453 0.03515625 0.06149341142020498
0 0.134765625 0.3506588579795022 0.1484375 0.29428989751098095
1 0.02197265625 0.2642752562225476 0.0380859375 0.05710102489019034
0 0.0986328125 0.3806734992679356 0.197265625 0.2957540263543192
1 0.01953125 0.29502196193265007 0.0390625 0.06588579795021962
0 0.11474609375 0.41142020497803805 0.2294921875 0.3191800878477306
1 0.03759765625 0.5117130307467057 0.0751953125 0.11566617862371889
0 0.12646484375 0.6881405563689604 0.2529296875 0.4743777452415813
1 0.150390625 0.5292825768667643 0.072265625 0.13616398243045388
0 0.17333984375 0.7232796486090776 0.2587890625 0.5358711566617862
1 0.68701171875 0.6259150805270863 0.0869140625 0.1390922401171303
0 0.67041015625 0.7730600292825769 0.2041015625 0.4538799414348463
1 0.8896484375 0.623718887262079 0.0703125 0.11420204978038068
0 0.87451171875 0.781112737920937 0.2509765625 0.4377745241581259
1 0.98388671875 0.43045387994143486 0.0322265625 0.11127379209370425
0 0.904296875 0.5717423133235725 0.19140625 0.4055636896046852
1 0.93115234375 0.33601756954612005 0.0537109375 0.09224011713030747
0 0.826171875 0.4882869692532943 0.314453125 0.43191800878477304
1 0.7724609375 0.38799414348462663 0.04296875 0.06149341142020498
0 0.7412109375 0.465592972181552 0.13671875 0.2225475841874085
1 0.85107421875 0.2613469985358712 0.0419921875 0.05417276720351391
0 0.80615234375 0.36383601756954614 0.1376953125 0.2708638360175695
1 0.92236328125 0.3374816983894583 0.0419921875 0.06588579795021962
0 0.86376953125 0.4633967789165447 0.2021484375 0.3206442166910688