1 0.02375 0.5225 0.0475 0.07833333333333334
0 0.04 0.7125 0.08 0.465
1 0.05625 0.5633333333333334 0.0525 0.08666666666666667
0 0.051875 0.7408333333333333 0.08625 0.44166666666666665
1 0.099375 0.5275 0.04875 0.08166666666666667
0 0.0775 0.7391666666666666 0.1425 0.5216666666666666
1 0.19125 0.5533333333333333 0.0575 0.1
0 0.170625 0.7508333333333334 0.19625 0.49833333333333335
1 0.268125 0.6008333333333333 0.05625 0.08166666666666667
0 0.23 0.7783333333333333 0.22 0.44333333333333336
1 0.35 0.525 0.0425 0.07666666666666666
0 0.346875 0.7383333333333333 0.12625 0.5166666666666667
1 0.441875 0.5258333333333334 0.05125 0.085
0 0.436875 0.74 0.11625 0.52
1 0.5225 0.57 0.0475 0.08
0 0.5275 0.7616666666666667 0.095 0.4766666666666667
1 0.61375 0.5833333333333334 0.0525 0.08666666666666667
0 0.615625 0.7683333333333333 0.10625 0.4633333333333333
1 0.698125 0.6108333333333333 0.04625 0.085
0 0.710625 0.7816666666666666 0.13125 0.43666666666666665
1 0.790625 0.5491666666666667 0.05625 0.09833333333333333
0 0.79 0.7483333333333333 0.125 0.5033333333333333
1 0.86625 0.47833333333333333 0.0575 0.08
0 0.891875 0.7166666666666667 0.13125 0.5666666666666667
1 0.9625 0.5625 0.07 0.115
0 0.926875 0.7508333333333334 0.14625 0.49833333333333335
1 0.921875 0.4041666666666667 0.05125 0.07833333333333334
0 0.9225 0.6041666666666666 0.1425 0.4816666666666667
1 0.8375 0.41833333333333333 0.0425 0.06333333333333334
0 0.835625 0.5608333333333333 0.09125 0.355
1 0.83625 0.38666666666666666 0.035 0.05333333333333334
0 0.844375 0.535 0.07125 0.35
1 0.8025 0.4058333333333333 0.04 0.06833333333333333
0 0.785625 0.5741666666666667 0.08375 0.415
1 0.78125 0.385 0.0325 0.06
0 0.783125 0.535 0.06875 0.37
1 0.703125 0.4816666666666667 0.04625 0.07666666666666666
0 0.7025 0.64 0.11 0.4033333333333333
1 0.8 0.46416666666666667 0.045 0.06833333333333333
0 0.808125 0.64 0.09125 0.4033333333333333
1 0.599375 0.4791666666666667 0.04625 0.07166666666666667
0 0.604375 0.6258333333333334 0.10375 0.375
1 0.5075 0.4675 0.045 0.075
0 0.504375 0.6491666666666667 0.09875 0.445
1 0.429375 0.43666666666666665 0.04375 0.06666666666666667
0 0.42 0.6091666666666666 0.095 0.41833333333333333
1 0.395625 0.4575 0.05125 0.075
0 0.395 0.6233333333333333 0.1125 0.4266666666666667
1 0.319375 0.4475 0.05125 0.06833333333333333
0 0.311875 0.6158333333333333 0.09625 0.4116666666666667
1 0.235625 0.415 0.05125 0.07666666666666666
0 0.23875 0.605 0.115 0.45666666666666667
1 0.43125 0.37666666666666665 0.0375 0.06
0 0.4375 0.555 0.1025 0.42
1 0.379375 0.3775 0.02875 0.051666666666666666
0 0.384375 0.5658333333333333 0.08625 0.44166666666666665
1 0.494375 0.365 0.03875 0.06333333333333334
0 0.499375 0.5825 0.08125 0.5083333333333333
1 0.529375 0.41583333333333333 0.03375 0.058333333333333334
0 0.526875 0.5975 0.06875 0.42833333333333334
1 0.560625 0.3975 0.02875 0.051666666666666666
0 0.5625 0.535 0.055 0.33
1 0.58875 0.3958333333333333 0.0425 0.058333333333333334
0 0.5925 0.5616666666666666 0.1025 0.4033333333333333
1 0.59375 0.36583333333333334 0.0375 0.055
0 0.591875 0.5558333333333333 0.08125 0.4483333333333333
1 0.62875 0.4066666666666667 0.035 0.056666666666666664
0 0.62875 0.5816666666666667 0.08 0.42
1 0.656875 0.37666666666666665 0.03875 0.06
0 0.655625 0.5766666666666667 0.08625 0.4766666666666667
1 0.6775 0.4266666666666667 0.0375 0.06
0 0.670625 0.5925 0.08125 0.3983333333333333
1 0.7175 0.37916666666666665 0.0325 0.058333333333333334
0 0.7325 0.5866666666666667 0.1175 0.4766666666666667
1 0.379375 0.37833333333333335 0.02875 0.05
0 0.378125 0.5475 0.07875 0.40166666666666667
1 0.341875 0.4091666666666667 0.03625 0.058333333333333334
0 0.3525 0.5591666666666667 0.0675 0.36833333333333335
1 0.295625 0.43166666666666664 0.03625 0.06333333333333334
0 0.29375 0.5658333333333333 0.075 0.345
1 0.2525 0.3983333333333333 0.04 0.06333333333333334
0 0.25125 0.5658333333333333 0.065 0.4083333333333333
1 0.380625 0.4275 0.04875 0.06833333333333333
0 0.3825 0.575 0.0775 0.38