1 0.19977272727272727 0.47648261758691207 0.06318181818181819 0.08725289706884799
0 0.14431818181818182 0.7058623040218133 0.1740909090909091 0.5541922290388548
1 0.4656818181818182 0.5408997955010225 0.045909090909090906 0.07157464212678936
0 0.4490909090909091 0.6888207225630538 0.27454545454545454 0.3783231083844581
1 0.5045454545454545 0.41411042944785276 0.03 0.05385139740967962
0 0.5065909090909091 0.5715746421267893 0.10681818181818181 0.3769597818677573
1 0.7963636363636364 0.4280845262440354 0.03 0.051806407634628494
0 0.7925 0.5787321063394683 0.09681818181818182 0.35991820040899797
1 0.9984090909090909 0.4280845262440354 0.003181818181818182 0.05589638718473074
0 0.96 0.6213360599863668 0.08 0.4996591683708248
1 0.0125 0.37866394001363324 0.025 0.05657805044308112
0 0.04068181818181818 0.5177232447171097 0.08136363636363636 0.34151329243353784
1 0.25636363636363635 0.467280163599182 0.02 0.04158145875937287
0 0.25522727272727275 0.5385139740967961 0.053181818181818184 0.19768234492160872
1 0.31681818181818183 0.48261758691206547 0.02 0.04226312201772325
0 0.31613636363636366 0.5497614178595773 0.07772727272727273 0.18064076346284935
1 0.37886363636363635 0.49352419904567146 0.019545454545454546 0.038173142467621
0 0.3809090909090909 0.5555555555555556 0.056363636363636366 0.169052488070893
1 0.41818181818181815 0.4734151329243354 0.02 0.03885480572597137
0 0.4163636363636364 0.5466939331970007 0.06181818181818182 0.20177232447171098
1 0.5184090909090909 0.4665985003408316 0.018636363636363635 0.02931152010906612
0 0.5193181818181818 0.5576005453306067 0.056818181818181816 0.18813905930470348
1 0.5663636363636364 0.47989093387866394 0.02181818181818182 0.0408997955010225
0 0.5661363636363637 0.5548738922972052 0.0659090909090909 0.20040899795501022
1 0.6104545454545455 0.5006816632583504 0.02090909090909091 0.03749147920927062
0 0.6161363636363636 0.5674846625766872 0.057727272727272724 0.18064076346284935
1 0.6693181818181818 0.46387184730743014 0.021363636363636362 0.04158145875937287
0 0.6629545454545455 0.5524880708929789 0.08136363636363636 0.2229038854805726
1 0.7247727272727272 0.4720518064076346 0.021363636363636362 0.04703476482617587
0 0.7347727272727272 0.5531697341513292 0.07772727272727273 0.23244717109747784
1 0.8368181818181818 0.4758009543285617 0.023636363636363636 0.044989775051124746
0 0.8375 0.565439672801636 0.08863636363636364 0.2256305385139741
1 0.8513636363636363 0.36230402181322424 0.019090909090909092 0.03067484662576687
0 0.8465909090909091 0.4318336741649625 0.06409090909090909 0.18336741649625085
1 0.8934090909090909 0.35957736877982277 0.018636363636363635 0.032038173142467624
0 0.8904545454545455 0.4325153374233129 0.06818181818181818 0.18200408997955012
1 0.9140909090909091 0.33060668029993184 0.019090909090909092 0.03953646898432175
0 0.9140909090909091 0.3940013633265167 0.05090909090909091 0.19359236537150648
1 0.9713636363636363 0.3323108384458078 0.02 0.033401499659168374
0 0.9684090909090909 0.4014996591683708 0.05409090909090909 0.17859577368779822
1 0.9611363636363637 0.1929107021131561 0.018636363636363635 0.029993183367416496
0 0.9593181818181818 0.2549420586230402 0.05045454545454545 0.15950920245398773
1 0.9984090909090909 0.11860940695296524 0.003181818181818182 0.023176550783912748
0 0.990909090909091 0.1768916155419223 0.01818181818181818 0.1520109066121336
1 0.8588636363636364 0.12304021813224267 0.015 0.033401499659168374
0 0.8563636363636363 0.17586912065439672 0.05181818181818182 0.141785957736878
1 0.8184090909090909 0.15030674846625766 0.01681818181818182 0.023858214042263123
0 0.8138636363636363 0.18575323790047715 0.030454545454545453 0.09747784594410361
1 0.7765909090909091 0.1301976823449216 0.013181818181818182 0.027266530334014997
0 0.7781818181818182 0.18302658486707565 0.04 0.13701431492842536