1 0.07666666666666666 0.46110210696920584 0.028888888888888888 0.024311183144246355
0 0.07666666666666666 0.49270664505672607 0.11333333333333333 0.09724473257698542
1 0.08555555555555555 0.4019448946515397 0.024444444444444446 0.019448946515397084
0 0.08777777777777777 0.4481361426256078 0.08222222222222222 0.11507293354943274
1 0.18 0.4222042139384117 0.02666666666666667 0.024311183144246355
0 0.1622222222222222 0.4619124797406807 0.09777777777777778 0.11345218800648298
1 0.1622222222222222 0.3703403565640194 0.022222222222222223 0.02106969205834684
0 0.16444444444444445 0.4213938411669368 0.06222222222222222 0.12965964343598055
1 0.17555555555555555 0.38087520259319285 0.017777777777777778 0.012965964343598054
0 0.1688888888888889 0.40761750405186387 0.05333333333333334 0.07293354943273905
1 0.3522222222222222 0.46677471636953 0.024444444444444446 0.02593192868719611
0 0.3622222222222222 0.5056726094003241 0.09333333333333334 0.10696920583468396
1 0.3977777777777778 0.41491085899513774 0.022222222222222223 0.022690437601296597
0 0.3977777777777778 0.4692058346839546 0.07111111111111111 0.14100486223662884
1 0.45111111111111113 0.39951377633711505 0.02666666666666667 0.024311183144246355
0 0.44666666666666666 0.4627228525121556 0.06222222222222222 0.15721231766612642
1 0.5177777777777778 0.3857374392220421 0.02666666666666667 0.022690437601296597
0 0.52 0.45623987034035657 0.08888888888888889 0.1766612641815235
1 0.5944444444444444 0.3841166936790924 0.024444444444444446 0.022690437601296597
0 0.5977777777777777 0.45623987034035657 0.07111111111111111 0.17017828200972449
1 0.5988888888888889 0.4740680713128039 0.024444444444444446 0.02106969205834684
0 0.6 0.5 0.10666666666666667 0.08914100486223663
1 0.7277777777777777 0.44246353322528365 0.04666666666666667 0.03565640194489465
0 0.74 0.5623987034035657 0.17333333333333334 0.2820097244732577
1 0.9822222222222222 0.5956239870340356 0.035555555555555556 0.03079416531604538
0 0.9611111111111111 0.6353322528363047 0.07777777777777778 0.13290113452188007
1 0.31666666666666665 0.5348460291734197 0.06 0.04538087520259319
0 0.34444444444444444 0.6645056726094003 0.3333333333333333 0.4376012965964344
1 0.9733333333333334 0.47487844408427876 0.02666666666666667 0.022690437601296597
0 0.9688888888888889 0.5072933549432739 0.06222222222222222 0.0940032414910859
1 0.03333333333333333 0.47974068071312803 0.06666666666666667 0.08103727714748785
0 0.03333333333333333 0.47974068071312803 0.06666666666666667 0.08103727714748785
1 0.3522222222222222 0.4181523500810373 0.024444444444444446 0.022690437601296597
0 0.3488888888888889 0.47974068071312803 0.08 0.13614262560777957
1 0.8166666666666667 0.40761750405186387 0.015555555555555555 0.014586709886547812
0 0.8122222222222222 0.46434359805510533 0.051111111111111114 0.13776337115072934