1 0.9921875 0.3045923149015933 0.015625 0.028116213683223992
0 0.986875 0.35941893158388005 0.02625 0.1415182755388941
1 0.9965625 0.16213683223992503 0.006875 0.013120899718837863
0 0.9928125 0.20103092783505155 0.014375 0.09840674789128398
1 0.9853125 0.24461105904404873 0.016875 0.028116213683223992
0 0.9821875 0.31208997188378634 0.035625 0.17619493908153702
1 0.978125 0.24882849109653232 0.01375 0.02530459231490159
0 0.9784375 0.2994376757263355 0.031875 0.1415182755388941
1 0.9696875 0.2539831302717901 0.010625 0.022492970946579195
0 0.966875 0.2985004686035614 0.02875 0.12277413308341144
1 0.9553125 0.2970946579194002 0.015625 0.031865042174320526
0 0.9565625 0.3598875351452671 0.043125 0.15932521087160262
1 0.9478125 0.26288659793814434 0.011875 0.02155576382380506
0 0.9478125 0.3106841611996251 0.033125 0.1302717900656045
1 0.915625 0.29990627928772257 0.015 0.026241799437675725
0 0.91625 0.35332708528584816 0.035 0.15182755388940955
1 0.8884375 0.3125585754451734 0.016875 0.03280224929709466
0 0.881875 0.3650421743205248 0.04375 0.14339268978444236
1 0.875625 0.2685098406747891 0.015 0.029053420805998126
0 0.87375 0.3416119962511715 0.04625 0.18088097469540768
1 0.9171875 0.2624179943767573 0.013125 0.022492970946579195
0 0.9196875 0.323805060918463 0.039375 0.15651358950328023
1 0.9471875 0.2624179943767573 0.013125 0.02436738519212746
0 0.948125 0.32146204311152765 0.035 0.15182755388940955
1 0.8503125 0.20852858481724462 0.008125 0.015932521087160263
0 0.851875 0.23008434864104968 0.0325 0.06466729147141519
1 0.8725 0.23945641986879102 0.0125 0.02155576382380506
0 0.8740625 0.29381443298969073 0.034375 0.13964386129334583
1 0.8528125 0.2661668228678538 0.011875 0.02436738519212746
0 0.8534375 0.31630740393626994 0.038125 0.14339268978444236
1 0.8375 0.27647610121836924 0.01375 0.02999062792877226
0 0.840625 0.34723523898781633 0.04125 0.17525773195876287
1 0.7115625 0.1541705716963449 0.008125 0.015932521087160263
0 0.7115625 0.19868791002811623 0.033125 0.10684161199625117
1 0.5175 0.13214620431115276 0.01 0.01874414245548266
0 0.5175 0.18041237113402062 0.035 0.1246485473289597
1 0.4390625 0.12136832239925023 0.009375 0.015932521087160263
0 0.440625 0.16026241799437677 0.03 0.1105904404873477
1 0.4115625 0.1176194939081537 0.010625 0.01780693533270853
0 0.410625 0.15651358950328023 0.0275 0.10684161199625117
1 0.3034375 0.12839737582005623 0.009375 0.016869728209934397
0 0.305 0.1626054358013121 0.0575 0.09465791940018745
1 0.0334375 0.246485473289597 0.021875 0.03748828491096532
0 0.0315625 0.31537019681349576 0.063125 0.1790065604498594
1 0.0759375 0.2511715089034677 0.020625 0.02999062792877226
0 0.071875 0.31724461105904406 0.05 0.16776007497656983
1 0.1321875 0.25257731958762886 0.018125 0.03280224929709466
0 0.125 0.32286785379568883 0.04625 0.17713214620431114
1 0.0965625 0.22305529522024367 0.018125 0.031865042174320526
0 0.0975 0.29990627928772257 0.04125 0.19119025304592316
1 0.07375 0.23570759137769448 0.015 0.029053420805998126
0 0.0703125 0.2994376757263355 0.058125 0.1583880037488285
1 0.0121875 0.19072164948453607 0.016875 0.02530459231490159
0 0.0225 0.25023430178069356 0.045 0.15745079662605435
1 0.055 0.18978444236176195 0.015 0.02530459231490159
0 0.055625 0.24414245548266167 0.0425 0.1415182755388941
1 0.11 0.22492970946579194 0.01375 0.02436738519212746
0 0.1078125 0.2797563261480787 0.031875 0.14339268978444236
1 0.13875 0.22211808809746955 0.0125 0.02436738519212746
0 0.140625 0.2685098406747891 0.02875 0.1246485473289597
1 0.1246875 0.18697282099343954 0.015625 0.02717900656044986
0 0.1253125 0.2282099343955014 0.036875 0.11527647610121837
1 0.1671875 0.14479850046860357 0.009375 0.01780693533270853
0 0.1628125 0.17197750702905343 0.028125 0.08716026241799438
1 0.1403125 0.15932521087160262 0.011875 0.020618556701030927
0 0.141875 0.18978444236176195 0.02625 0.08528584817244611
1 0.116875 0.16307403936269915 0.01375 0.022492970946579195
0 0.1146875 0.1991565135895033 0.030625 0.10402999062792877
1 0.0728125 0.19775070290534208 0.014375 0.020618556701030927
0 0.071875 0.2296157450796626 0.03375 0.09559512652296158
1 0.0275 0.14058106841611998 0.015 0.022492970946579195
0 0.0271875 0.1991565135895033 0.054375 0.1471415182755389
1 0.0096875 0.1471415182755389 0.010625 0.01874414245548266
0 0.014375 0.18791002811621368 0.02875 0.1021555763823805
1 0.0121875 0.12371134020618557 0.010625 0.01874414245548266
0 0.015625 0.17291471415182755 0.03125 0.12277413308341144
1 0.08 0.1635426429240862 0.0125 0.019681349578256794
0 0.07625 0.21227741330834116 0.0325 0.12277413308341144
1 0.0925 0.16026241799437677 0.0125 0.01874414245548266
0 0.0928125 0.19821930646672914 0.026875 0.10590440487347703
1 0.089375 0.13636363636363635 0.00875 0.01780693533270853
0 0.091875 0.17525773195876287 0.02875 0.09934395501405811
1 0.074375 0.1429240862230553 0.01375 0.02155576382380506
0 0.0678125 0.18134957825679476 0.030625 0.1021555763823805
1 0.0503125 0.1387066541705717 0.011875 0.020618556701030927
0 0.0496875 0.169165885660731 0.028125 0.09090909090909091
1 0.05875 0.12792877225866917 0.01125 0.01780693533270853
0 0.0625 0.15557638238050608 0.02625 0.08059981255857544
1 0.05 0.1134020618556701 0.01125 0.01874414245548266
0 0.041875 0.15229615745079664 0.03125 0.10028116213683223
1 0.0746875 0.10168697282099344 0.011875 0.01780693533270853
0 0.079375 0.13776944704779756 0.03125 0.09372071227741331
1 0.1365625 0.09559512652296158 0.008125 0.016869728209934397
0 0.1340625 0.13823805060918462 0.033125 0.10590440487347703
1 0.23875 0.09981255857544517 0.0775 0.12652296157450796
0 0.180625 0.507029053420806 0.25125 0.9784442361761949
1 0.385 0.1344892221180881 0.06625 0.1358950328022493
0 0.3340625 0.4948453608247423 0.169375 0.8847235238987816
1 0.464375 0.1148078725398313 0.065 0.12277413308341144
0 0.46625 0.48922211808809746 0.175 0.9034676663542643
1 0.5778125 0.07638238050609185 0.064375 0.12277413308341144
0 0.5734375 0.4676663542642924 0.146875 0.9184629803186504
1 0.671875 0.15932521087160262 0.06625 0.12558575445173384
0 0.6709375 0.49765698219306465 0.200625 0.8397375820056232
1 0.7509375 0.13355201499531397 0.066875 0.1190253045923149
0 0.788125 0.5032802249297095 0.2725 0.9053420805998126
1 0.9134375 0.2549203373945642 0.011875 0.022492970946579195
0 0.911875 0.32755388940955954 0.0375 0.17150890346766634