1 0.188125 0.5187617260787992 0.01125 0.054409005628517824
0 0.188125 0.5187617260787992 0.01125 0.054409005628517824
1 0.194375 0.5215759849906192 0.01125 0.0675422138836773
0 0.194375 0.5215759849906192 0.01125 0.0675422138836773
1 0.205625 0.5037523452157598 0.00625 0.013133208255159476
0 0.205 0.5318949343339587 0.015 0.07692307692307693
1 0.22625 0.5028142589118199 0.01 0.01876172607879925
0 0.22375 0.5459662288930581 0.0225 0.10881801125703565
1 0.239375 0.5 0.00625 0.009380863039399626
0 0.2375 0.5206378986866792 0.015 0.06191369606003752
1 0.259375 0.5103189493433395 0.01625 0.02626641651031895
0 0.2575 0.5938086303939962 0.0475 0.20075046904315197
1 0.288125 0.5 0.01375 0.028142589118198873
0 0.28875 0.575984990619137 0.045 0.18761726078799248
1 0.301875 0.5206378986866792 0.01875 0.06941838649155722
0 0.301875 0.5206378986866792 0.01875 0.06941838649155722
1 0.445 0.5 0.015 0.024390243902439025
0 0.44375 0.574108818011257 0.05 0.1801125703564728
1 0.3875 0.49530956848030017 0.02 0.0375234521575985
0 0.394375 0.5844277673545967 0.05625 0.2270168855534709
1 0.34 0.49437148217636023 0.02 0.03189493433395872
0 0.338125 0.6585365853658537 0.06375 0.3677298311444653
1 0.33125 0.5206378986866792 0.0325 0.058161350844277676
0 0.321875 0.6857410881801126 0.13875 0.41088180112570355
1 0.423125 0.6097560975609756 0.03125 0.0525328330206379
0 0.411875 0.725140712945591 0.09125 0.2945590994371482
1 0.24375 0.6444652908067542 0.025 0.043151969981238276
0 0.240625 0.7429643527204502 0.07875 0.2551594746716698
1 0.5025 0.5966228893058161 0.08 0.35647279549718575
0 0.5025 0.5966228893058161 0.08 0.35647279549718575
1 0.05625 0.5863039399624765 0.1125 0.44840525328330205
0 0.05625 0.5863039399624765 0.1125 0.44840525328330205
1 0.67375 0.6210131332082551 0.125 0.525328330206379
0 0.67375 0.6210131332082551 0.125 0.525328330206379
1 0.736875 0.5065666041275797 0.03625 0.06378986866791744
0 0.74 0.726078799249531 0.1325 0.5140712945590994