1 0.079345703125 0.7294921875 0.07275390625 0.111328125
0 0.112548828125 0.8326822916666666 0.22509765625 0.3346354166666667
1 0.0205078125 0.6871744791666666 0.0390625 0.068359375
0 0.037353515625 0.8258463541666666 0.07470703125 0.3483072916666667
1 0.111572265625 0.6458333333333334 0.02197265625 0.029947916666666668
0 0.11474609375 0.716796875 0.037109375 0.18489583333333334
1 0.150634765625 0.6943359375 0.03173828125 0.06315104166666667
0 0.151123046875 0.8304036458333334 0.08740234375 0.3391927083333333
1 0.1962890625 0.6634114583333334 0.025390625 0.044270833333333336
0 0.208740234375 0.7633463541666666 0.06591796875 0.24674479166666666
1 0.261474609375 0.7063802083333334 0.03173828125 0.05859375
0 0.26904296875 0.8372395833333334 0.06640625 0.3255208333333333
1 0.260986328125 0.6259765625 0.01806640625 0.024088541666666668
0 0.2607421875 0.6920572916666666 0.029296875 0.16015625
1 0.318115234375 0.623046875 0.02490234375 0.040364583333333336
0 0.33251953125 0.7532552083333334 0.072265625 0.3072916666666667
1 0.3583984375 0.6455078125 0.02734375 0.035807291666666664
0 0.36767578125 0.7571614583333334 0.06640625 0.2630208333333333
1 0.383544921875 0.6393229166666666 0.01611328125 0.022135416666666668
0 0.387451171875 0.7249348958333334 0.03857421875 0.205078125
1 0.41650390625 0.6487630208333334 0.0263671875 0.038411458333333336
0 0.408447265625 0.7740885416666666 0.07177734375 0.2903645833333333
1 0.451904296875 0.6484375 0.02294921875 0.037760416666666664
0 0.460693359375 0.7516276041666666 0.05419921875 0.24544270833333334
1 0.459228515625 0.6614583333333334 0.02685546875 0.037760416666666664
0 0.46875 0.779296875 0.076171875 0.2838541666666667
1 0.525634765625 0.6669921875 0.02001953125 0.035807291666666664
0 0.523681640625 0.7718098958333334 0.07568359375 0.255859375
1 0.52880859375 0.6331380208333334 0.0234375 0.031901041666666664
0 0.527587890625 0.7467447916666666 0.05419921875 0.2578125
1 0.58935546875 0.6487630208333334 0.0244140625 0.039713541666666664
0 0.58447265625 0.765625 0.0615234375 0.2760416666666667
1 0.600830078125 0.6702473958333334 0.03173828125 0.052734375
0 0.60107421875 0.8216145833333334 0.0751953125 0.3567708333333333
1 0.6513671875 0.6546223958333334 0.03125 0.055338541666666664
0 0.660400390625 0.8108723958333334 0.08447265625 0.3782552083333333
1 0.624755859375 0.61328125 0.01416015625 0.024739583333333332
0 0.620849609375 0.6813151041666666 0.03857421875 0.17252604166666666
1 0.751708984375 0.6555989583333334 0.02978515625 0.052083333333333336
0 0.7314453125 0.7955729166666666 0.08203125 0.3333333333333333
1 0.803466796875 0.6790364583333334 0.04443359375 0.0625
0 0.801513671875 0.8193359375 0.14794921875 0.361328125
1 0.788330078125 0.6536458333333334 0.02978515625 0.045572916666666664
0 0.7900390625 0.763671875 0.0576171875 0.2721354166666667
1 0.854248046875 0.630859375 0.03173828125 0.04296875
0 0.85302734375 0.7799479166666666 0.0791015625 0.34765625