1 0.044583333333333336 0.6653543307086615 0.08916666666666667 0.10236220472440945
0 0.13791666666666666 0.8056102362204725 0.2758333333333333 0.3887795275590551
1 0.05125 0.24606299212598426 0.08416666666666667 0.10236220472440945
0 0.08958333333333333 0.484251968503937 0.17916666666666667 0.5846456692913385
1 0.19875 0.16978346456692914 0.0875 0.10925196850393701
0 0.19166666666666668 0.44734251968503935 0.16666666666666666 0.6702755905511811
1 0.3308333333333333 0.38336614173228345 0.08166666666666667 0.125
0 0.3625 0.5875984251968503 0.18833333333333332 0.5610236220472441
1 0.05416666666666667 0.16830708661417323 0.07666666666666666 0.08858267716535433
0 0.075 0.3887795275590551 0.125 0.5374015748031497
1 0.315 0.19635826771653545 0.07333333333333333 0.08956692913385826
0 0.32 0.42765748031496065 0.18 0.5698818897637795
1 0.42125 0.2559055118110236 0.0575 0.08070866141732283
0 0.44333333333333336 0.4512795275590551 0.17333333333333334 0.48720472440944884
1 0.47208333333333335 0.19734251968503938 0.05416666666666667 0.08562992125984252
0 0.46541666666666665 0.4035433070866142 0.0925 0.5039370078740157
1 0.535 0.1904527559055118 0.05 0.0718503937007874
0 0.54875 0.3838582677165354 0.11083333333333334 0.4704724409448819
1 0.62875 0.23031496062992127 0.03916666666666667 0.05708661417322835
0 0.63 0.39173228346456695 0.08666666666666667 0.38976377952755903
1 0.7583333333333333 0.1466535433070866 0.07166666666666667 0.11811023622047244
0 0.8133333333333334 0.49458661417322836 0.36833333333333335 0.9891732283464567
0 0.9725 0.4286417322834646 0.055 0.4655511811023622
1 0.8858333333333334 0.23375984251968504 0.03 0.05610236220472441
0 0.8879166666666667 0.3316929133858268 0.12083333333333333 0.421259842519685
1 0.9025 0.22391732283464566 0.025 0.040354330708661415
0 0.9104166666666667 0.3410433070866142 0.0675 0.2824803149606299
1 0.9341666666666667 0.22244094488188976 0.02666666666666667 0.04133858267716536
0 0.9245833333333333 0.33415354330708663 0.0475 0.26673228346456695
1 0.9716666666666667 0.22244094488188976 0.028333333333333332 0.02952755905511811
0 0.96625 0.3233267716535433 0.049166666666666664 0.23523622047244094