1 0.8566666666666667 0.2859259259259259 0.04833333333333333 0.09777777777777778
0 0.8816666666666667 0.5644444444444444 0.12666666666666668 0.6637037037037037
1 0.8029166666666666 0.33925925925925926 0.08083333333333333 0.19555555555555557
0 0.8154166666666667 0.6148148148148148 0.17083333333333334 0.7703703703703704
1 0.7329166666666667 0.33037037037037037 0.0775 0.20148148148148148
0 0.7495833333333334 0.6133333333333333 0.19416666666666665 0.7733333333333333
1 0.5754166666666667 0.1385185185185185 0.08583333333333333 0.19111111111111112
0 0.56 0.5081481481481481 0.2633333333333333 0.9837037037037037
1 0.47583333333333333 0.16518518518518518 0.07333333333333333 0.17925925925925926
0 0.49583333333333335 0.4948148148148148 0.15833333333333333 0.8651851851851852
1 0.38125 0.14148148148148149 0.0875 0.2088888888888889
0 0.3525 0.5059259259259259 0.2 0.9881481481481481
1 0.32208333333333333 0.13333333333333333 0.0775 0.16296296296296298
0 0.3304166666666667 0.29777777777777775 0.1775 0.4888888888888889
1 0.19666666666666666 0.17333333333333334 0.11166666666666666 0.2607407407407407
0 0.20416666666666666 0.5192592592592593 0.35 0.9614814814814815
1 0.02875 0.20962962962962964 0.04083333333333333 0.07555555555555556
0 0.0525 0.48 0.105 0.6488888888888888