1 0.9346153846153846 0.43333333333333335 0.043076923076923075 0.06871794871794872
0 0.9392307692307692 0.6297435897435898 0.12153846153846154 0.49230769230769234
1 0.9788461538461538 0.40205128205128204 0.03 0.05128205128205128
0 0.963076923076923 0.5661538461538461 0.07384615384615385 0.38358974358974357
1 0.6161538461538462 0.4148717948717949 0.06615384615384616 0.1117948717948718
0 0.6315384615384615 0.6748717948717948 0.2169230769230769 0.6502564102564102
1 0.21461538461538462 0.4328205128205128 0.046153846153846156 0.06564102564102564
0 0.21807692307692308 0.6779487179487179 0.20384615384615384 0.6071794871794872
1 0.4676923076923077 0.4076923076923077 0.04923076923076923 0.08102564102564103
0 0.4623076923076923 0.6794871794871795 0.16 0.6410256410256411
1 0.37346153846153846 0.4441025641025641 0.04384615384615385 0.0758974358974359
0 0.37615384615384617 0.6538461538461539 0.12461538461538461 0.5117948717948718
1 0.7626923076923077 0.4148717948717949 0.04692307692307692 0.06666666666666667
0 0.7634615384615384 0.6297435897435898 0.16538461538461538 0.5128205128205128
1 0.8834615384615384 0.38153846153846155 0.03923076923076923 0.05333333333333334
0 0.8876923076923077 0.5774358974358974 0.12 0.4574358974358974
1 0.8423076923076923 0.3902564102564103 0.03230769230769231 0.048205128205128206
0 0.8515384615384616 0.5743589743589743 0.12153846153846154 0.4307692307692308
1 0.7126923076923077 0.4158974358974359 0.026923076923076925 0.04205128205128205
0 0.7115384615384616 0.5738461538461539 0.10461538461538461 0.3723076923076923
1 0.26615384615384613 0.4169230769230769 0.012307692307692308 0.017435897435897435
0 0.265 0.46512820512820513 0.036153846153846154 0.12
1 0.31576923076923075 0.42717948717948717 0.019230769230769232 0.033846153846153845
0 0.3153846153846154 0.5482051282051282 0.08307692307692308 0.29025641025641025
1 0.5292307692307693 0.4153846153846154 0.027692307692307693 0.057435897435897436
0 0.5315384615384615 0.5717948717948718 0.10615384615384615 0.39282051282051283
1 0.5042307692307693 0.4564102564102564 0.03 0.057435897435897436
0 0.49346153846153845 0.615897435897436 0.10846153846153846 0.41333333333333333
1 0.43653846153846154 0.4 0.031538461538461536 0.057435897435897436
0 0.4473076923076923 0.6466666666666666 0.11615384615384615 0.561025641025641