1 0.18385416666666668 0.6481865284974093 0.020833333333333332 0.046632124352331605
0 0.18645833333333334 0.7181347150259068 0.10625 0.21139896373056996
1 0.4044270833333333 0.6170984455958549 0.0078125 0.017616580310880828
0 0.4005208333333333 0.6284974093264248 0.029166666666666667 0.054922279792746116
1 0.41875 0.6533678756476684 0.015625 0.04248704663212435
0 0.40260416666666665 0.6896373056994819 0.09270833333333334 0.1316062176165803
1 0.5609375 0.6808290155440414 0.023958333333333335 0.0538860103626943
0 0.53671875 0.7507772020725388 0.12135416666666667 0.20207253886010362
1 0.6052083333333333 0.6689119170984456 0.020833333333333332 0.05284974093264249
0 0.5533854166666666 0.7243523316062176 0.14322916666666666 0.1699481865284974
1 0.58359375 0.6487046632124353 0.013020833333333334 0.03730569948186528
0 0.5838541666666667 0.7025906735751295 0.04375 0.15544041450777202
1 0.6528645833333333 0.6352331606217616 0.0140625 0.029015544041450778
0 0.6463541666666667 0.6616580310880829 0.05 0.14818652849740932
1 0.6372395833333333 0.6134715025906736 0.011979166666666667 0.024870466321243522
0 0.6213541666666667 0.6305699481865285 0.05 0.10880829015544041
1 0.74296875 0.6243523316062176 0.0109375 0.027979274611398965
0 0.7315104166666667 0.6507772020725389 0.050520833333333334 0.12020725388601036
1 0.9026041666666667 0.6321243523316062 0.015625 0.039378238341968914
0 0.8989583333333333 0.6518134715025907 0.06875 0.16580310880829016
1 0.80703125 0.6378238341968911 0.015104166666666667 0.03626943005181347
0 0.8080729166666667 0.6875647668393783 0.06822916666666666 0.13989637305699482
1 0.7635416666666667 0.644559585492228 0.016666666666666666 0.03316062176165803
0 0.7625 0.6844559585492228 0.06145833333333333 0.11917098445595854
1 0.86484375 0.6362694300518135 0.0109375 0.029015544041450778
0 0.85703125 0.672538860103627 0.0484375 0.10984455958549223
1 0.8059895833333334 0.6067357512953367 0.009895833333333333 0.019689119170984457
0 0.81015625 0.627979274611399 0.0296875 0.06839378238341969
1 0.7434895833333334 0.6238341968911917 0.0109375 0.024870466321243522
0 0.7416666666666667 0.6621761658031088 0.08854166666666667 0.11606217616580311