1 0.19692307692307692 0.36486486486486486 0.04 0.06652806652806653
0 0.22384615384615383 0.4734927234927235 0.17076923076923076 0.29417879417879417
1 0.19 0.27234927234927236 0.027692307692307693 0.04573804573804574
0 0.18653846153846154 0.408004158004158 0.09153846153846154 0.3212058212058212
1 0.4419230769230769 0.3591476091476091 0.05307692307692308 0.07796257796257797
0 0.5315384615384615 0.5317047817047817 0.3076923076923077 0.4293139293139293
1 0.5238461538461539 0.3705821205821206 0.038461538461538464 0.0550935550935551
0 0.5396153846153846 0.49376299376299376 0.2053846153846154 0.3180873180873181
1 0.57 0.3284823284823285 0.033846153846153845 0.05405405405405406
0 0.5815384615384616 0.4412681912681913 0.14 0.3004158004158004
1 0.3296153846153846 0.3310810810810811 0.022307692307692306 0.032224532224532226
0 0.33576923076923076 0.4194386694386694 0.06076923076923077 0.2151767151767152
1 0.2857692307692308 0.40332640332640335 0.019230769230769232 0.029106029106029108
0 0.27192307692307693 0.44490644490644493 0.06384615384615384 0.11642411642411643
1 0.6507692307692308 0.3196465696465696 0.021538461538461538 0.030145530145530147
0 0.6557692307692308 0.4267151767151767 0.08692307692307692 0.2525987525987526
1 0.7484615384615385 0.4215176715176715 0.023076923076923078 0.032224532224532226
0 0.7365384615384616 0.47453222453222454 0.06846153846153846 0.1444906444906445
1 0.6957692307692308 0.38565488565488565 0.016153846153846154 0.02702702702702703
0 0.7023076923076923 0.4412681912681913 0.038461538461538464 0.14241164241164242
1 0.8065384615384615 0.4007276507276507 0.013076923076923076 0.02390852390852391
0 0.8038461538461539 0.4527027027027027 0.05076923076923077 0.13617463617463618
1 0.8723076923076923 0.3996881496881497 0.021538461538461538 0.030145530145530147
0 0.8876923076923077 0.45478170478170477 0.06615384615384616 0.14656964656964658
1 0.9869230769230769 0.3976091476091476 0.021538461538461538 0.04054054054054054
0 0.9796153846153847 0.4579002079002079 0.040769230769230766 0.16735966735966737
1 0.9680769230769231 0.4111226611226611 0.02076923076923077 0.034303534303534305
0 0.9411538461538461 0.45686070686070684 0.08384615384615385 0.14033264033264034
1 0.8842307692307693 0.39293139293139295 0.013076923076923076 0.02702702702702703
0 0.8823076923076923 0.44854469854469853 0.047692307692307694 0.14033264033264034
1 0.7288461538461538 0.37525987525987525 0.014615384615384615 0.02079002079002079
0 0.7292307692307692 0.4319126819126819 0.03230769230769231 0.14033264033264034
1 0.7480769230769231 0.39397089397089397 0.019230769230769232 0.02702702702702703
0 0.7519230769230769 0.44594594594594594 0.045384615384615384 0.13513513513513514
1 0.6130769230769231 0.36174636174636177 0.016923076923076923 0.02494802494802495
0 0.6123076923076923 0.4215176715176715 0.047692307692307694 0.14864864864864866
1 0.4803846153846154 0.3705821205821206 0.022307692307692306 0.028066528066528068
0 0.47807692307692307 0.4397089397089397 0.05923076923076923 0.17671517671517672
1 0.6853846153846154 0.3908523908523909 0.013846153846153847 0.02286902286902287
0 0.688076923076923 0.44438669438669437 0.031538461538461536 0.13825363825363826
1 0.06461538461538462 0.40540540540540543 0.016923076923076923 0.02494802494802495
0 0.055384615384615386 0.46205821205821207 0.04461538461538461 0.14656964656964658