1 0.9474260679079957 0.43097705403404885 0.014238773274917854 0.009252405625462621
0 0.9375684556407448 0.4544781643227239 0.0416210295728368 0.05699481865284974
1 0.9917853231106243 0.43726868985936346 0.012048192771084338 0.008512213175425611
0 0.981106243154436 0.4591043671354552 0.03778751369112815 0.058105107327905255
1 0.4312705366922234 0.3786084381939304 0.007119386637458927 0.0051813471502590676
0 0.4268893756845564 0.3945225758697261 0.02135815991237678 0.03923019985196151
1 0.4457831325301205 0.37916358253145815 0.007667031763417305 0.0055514433752775726
0 0.4424972617743702 0.3965581051073279 0.019715224534501644 0.03293856402664693
1 0.2973713033953998 0.38471502590673573 0.03285870755750274 0.02997779422649889
0 0.29545454545454547 0.44652109548482605 0.0914567360350493 0.15433012583271652
1 0.34036144578313254 0.3626943005181347 0.01588170865279299 0.011843079200592153
0 0.332420591456736 0.40044411547002223 0.05805038335158817 0.09104367135455219
1 0.2836801752464403 0.3493708364174685 0.013143483023001095 0.009622501850481125
0 0.2738225629791895 0.3715766099185788 0.038335158817086525 0.05551443375277572
1 0.291894852135816 0.3639896373056995 0.012048192771084338 0.007772020725388601
0 0.276013143483023 0.37490747594374535 0.04600219058050383 0.03774981495188749
1 0.2059145673603505 0.36028867505551443 0.018619934282584884 0.015173945225758698
0 0.18099671412924426 0.4058105107327905 0.08488499452354874 0.10917838638045892
1 0.11171960569550932 0.34529977794226496 0.012048192771084338 0.011102886750555145
0 0.10377875136911281 0.37416728349370837 0.04107338444687842 0.07031828275351591
1 0.08296823658269441 0.34437453737971874 0.011500547645125958 0.007772020725388601
0 0.07721796276013143 0.3667653589933383 0.027382256297918947 0.05477424130273871
1 0.008762322015334063 0.33179126572908957 0.009857612267250822 0.007772020725388601
0 0.01615553121577218 0.35677276091783866 0.03231106243154436 0.05921539600296077